0 -1
0.015779037739196 -0.999501589126174
0.031558075478392 -0.998006853331493
0.0473371132175879 -0.995517282601106
0.0631161509567839 -0.992035358593258
0.0788951886959799 -0.987564552165524
0.0946742264351759 -0.98210931991498
0.110453264174372 -0.975675099735774
0.126232301913568 -0.968268305398507
0.142011339652764 -0.959896320156857
0.15779037739196 -0.950567489387783
0.173569415131156 -0.940291112272676
0.189348452870352 -0.929077432527731
0.205127490609548 -0.916937628192789
0.220906528348744 -0.903883800488824
0.23668556608794 -0.88992896175518
0.252464603827136 -0.875087022478594
0.268243641566332 -0.859372777426912
0.284022679305528 -0.842801890901351
0.299801717044724 -0.825390881121976
0.31558075478392 -0.807157103761985
0.331359792523116 -0.788118734647192
0.347138830262312 -0.768294751637971
0.362917868001508 -0.747704915711709
0.378696905740704 -0.726369751264639
0.3944759434799 -0.704310525652672
0.410254981219095 -0.681549227991634
0.426034018958291 -0.658108547238038
0.441813056697487 -0.634011849572239
0.457592094436683 -0.609283155106517
0.473371132175879 -0.583947113941306
0.489150169915075 -0.55802898159344
0.504929207654271 -0.531554593820901
0.520708245393467 -0.504550340869178
0.536487283132663 -0.47704314116489
0.552266320871859 -0.44906041448292
0.568045358611055 -0.420630054613785
0.583824396350251 -0.391780401558493
0.599603434089447 -0.362540213278624
0.615382471828643 -0.332938637029761
0.631161509567839 -0.303005180306873
0.646940547307035 -0.272769681430603
0.662719585046231 -0.242262279803783
0.678498622785427 -0.211513385867819
0.694277660524623 -0.180553650788902
0.710056698263819 -0.149413935904261
0.725835736003015 -0.118125281958908
0.741614773742211 -0.0867188781635509
0.757393811481407 -0.0552260311045082
0.773172849220603 -0.0236781335366243
0.788951886959799 0.00789336690971331
0.804730924698995 0.0394569990762527
0.820509962438191 0.070981299648016
0.836289000177387 0.102434844516613
0.852068037916583 0.133786280104479
0.867847075655779 0.165004354618799
0.883626113394975 0.196057949203978
0.899405151134171 0.22691610896159
0.915184188873367 0.257548073806897
0.930963226612563 0.287923309131166
0.946742264351759 0.318011536239238
0.962521302090955 0.347782762531982
0.978300339830151 0.377207311403576
0.994079377569347 0.406255851823789
1.00985841530854 0.434899427575793
1.02563745304774 0.463109486120348
1.04141649078693 0.490857907057593
1.05719552852613 0.518117030158078
1.07297456626533 0.54485968293507
1.08875360400452 0.571059207730695
1.10453264174372 0.596689488288856
1.12031167948291 0.621724975788495
1.13609071722211 0.646140714311209
1.15186975496131 0.669912365717855
1.1676487927005 0.693016233909332
1.1834278304397 0.715429288447371
1.19920686817889 0.737129187511779
1.21498590591809 0.758094300171245
1.23076494365729 0.77830372794553
1.24654398139648 0.797737325637519
1.26232301913568 0.816375721414399
1.27810205687487 0.834200336117918
1.29388109461407 0.851193401784495
1.30966013235327 0.867337979356715
1.32543917009246 0.882617975568547
1.34121820783166 0.897018158987464
1.35699724557085 0.910524175197462
1.37277628331005 0.923122561107861
1.38855532104925 0.934800758373598
1.40433435878844 0.945547125913667
1.42011339652764 0.955350951515195
1.43589243426683 0.964202462511612
1.45167147200603 0.972092835524257
1.46745050974523 0.979014205257714
1.48322954748442 0.98495967234011
1.49900858522362 0.989923310200557
1.51478762296281 0.993900170976888
1.53056666070201 0.996886290447793
1.54634569844121 0.998878691984444
1.5621247361804 0.999875389517657
1.5779037739196 0.999875389517657
1.59368281165879 0.998878691984444
1.60946184939799 0.996886290447793
1.62524088713719 0.993900170976888
1.64101992487638 0.989923310200557
1.65679896261558 0.984959672340111
1.67257800035477 0.979014205257715
1.68835703809397 0.972092835524257
1.70413607583317 0.964202462511612
1.71991511357236 0.955350951515195
1.73569415131156 0.945547125913667
1.75147318905075 0.934800758373598
1.76725222678995 0.923122561107861
1.78303126452915 0.910524175197462
1.79881030226834 0.897018158987464
1.81458934000754 0.882617975568547
1.83036837774673 0.867337979356715
1.84614741548593 0.851193401784495
1.86192645322513 0.834200336117918
1.87770549096432 0.816375721414399
1.89348452870352 0.79773732563752
1.90926356644271 0.77830372794553
1.92504260418191 0.758094300171246
1.94082164192111 0.737129187511779
1.9566006796603 0.715429288447371
1.9723797173995 0.693016233909332
1.98815875513869 0.669912365717855
2.00393779287789 0.64614071431121
2.01971683061709 0.621724975788495
2.03549586835628 0.596689488288856
2.05127490609548 0.571059207730695
2.06705394383467 0.54485968293507
2.08283298157387 0.518117030158079
2.09861201931307 0.490857907057594
2.11439105705226 0.463109486120348
2.13017009479146 0.434899427575792
2.14594913253065 0.406255851823789
2.16172817026985 0.377207311403576
2.17750720800905 0.347782762531982
2.19328624574824 0.318011536239239
2.20906528348744 0.287923309131166
2.22484432122663 0.257548073806896
2.24062335896583 0.22691610896159
2.25640239670503 0.196057949203978
2.27218143444422 0.165004354618801
2.28796047218342 0.133786280104479
2.30373950992261 0.102434844516613
2.31951854766181 0.0709812996480153
2.33529758540101 0.0394569990762527
2.3510766231402 0.00789336690971378
2.3668556608794 -0.0236781335366239
2.38263469861859 -0.0552260311045075
2.39841373635779 -0.0867188781635514
2.41419277409699 -0.118125281958908
2.42997181183618 -0.14941393590426
2.44575084957538 -0.180553650788902
2.46152988731457 -0.211513385867819
2.47730892505377 -0.242262279803783
2.49308796279296 -0.272769681430603
2.50886700053216 -0.303005180306873
2.52464603827136 -0.332938637029761
2.54042507601055 -0.362540213278624
2.55620411374975 -0.391780401558494
2.57198315148894 -0.420630054613784
2.58776218922814 -0.44906041448292
2.60354122696734 -0.47704314116489
2.61932026470653 -0.504550340869177
2.63509930244573 -0.531554593820901
2.65087834018492 -0.55802898159344
2.66665737792412 -0.583947113941306
2.68243641566332 -0.609283155106517
2.69821545340251 -0.634011849572238
2.71399449114171 -0.658108547238037
2.7297735288809 -0.681549227991634
2.7455525666201 -0.704310525652672
2.7613316043593 -0.726369751264639
2.77711064209849 -0.747704915711709
2.79288967983769 -0.76829475163797
2.80866871757688 -0.788118734647192
2.82444775531608 -0.807157103761986
2.84022679305528 -0.825390881121976
2.85600583079447 -0.842801890901351
2.87178486853367 -0.859372777426912
2.88756390627286 -0.875087022478593
2.90334294401206 -0.88992896175518
2.91912198175126 -0.903883800488824
2.93490101949045 -0.916937628192789
2.95068005722965 -0.92907743252773
2.96645909496884 -0.940291112272675
2.98223813270804 -0.950567489387783
2.99801717044724 -0.959896320156857
3.01379620818643 -0.968268305398507
3.02957524592563 -0.975675099735774
3.04535428366482 -0.98210931991498
3.06113332140402 -0.987564552165524
3.07691235914322 -0.992035358593258
3.09269139688241 -0.995517282601106
3.10847043462161 -0.998006853331493
3.1242494723608 -0.999501589126174
3.1400285101 -1
3.14809411573668 -0.999501589126174
3.15615972137337 -0.998006853331493
3.16422532701005 -0.995517282601106
3.17229093264673 -0.992035358593258
3.18035653828342 -0.987564552165524
3.1884221439201 -0.982109319914981
3.19648774955678 -0.975675099735774
3.20455335519347 -0.968268305398507
3.21261896083015 -0.959896320156857
3.22068456646683 -0.950567489387783
3.22875017210352 -0.940291112272676
3.2368157777402 -0.92907743252773
3.24488138337688 -0.916937628192789
3.25294698901357 -0.903883800488823
3.26101259465025 -0.88992896175518
3.26907820028693 -0.875087022478593
3.27714380592362 -0.859372777426912
3.2852094115603 -0.842801890901351
3.29327501719699 -0.825390881121976
3.30134062283367 -0.807157103761985
3.30940622847035 -0.788118734647192
3.31747183410704 -0.768294751637971
3.32553743974372 -0.747704915711709
3.3336030453804 -0.726369751264639
3.34166865101709 -0.704310525652672
3.34973425665377 -0.681549227991633
3.35779986229045 -0.658108547238038
3.36586546792714 -0.634011849572239
3.37393107356382 -0.609283155106516
3.3819966792005 -0.583947113941306
3.39006228483719 -0.55802898159344
3.39812789047387 -0.531554593820901
3.40619349611055 -0.504550340869178
3.41425910174724 -0.477043141164889
3.42232470738392 -0.449060414482921
3.4303903130206 -0.420630054613784
3.43845591865729 -0.391780401558493
3.44652152429397 -0.362540213278625
3.45458712993065 -0.332938637029761
3.46265273556734 -0.303005180306873
3.47071834120402 -0.272769681430603
3.4787839468407 -0.242262279803783
3.48684955247739 -0.21151338586782
3.49491515811407 -0.180553650788902
3.50298076375075 -0.149413935904261
3.51104636938744 -0.118125281958908
3.51911197502412 -0.0867188781635509
3.5271775806608 -0.055226031104509
3.53524318629749 -0.0236781335366239
3.54330879193417 0.00789336690971264
3.55137439757085 0.0394569990762531
3.55944000320754 0.0709812996480156
3.56750560884422 0.102434844516612
3.5755712144809 0.133786280104479
3.58363682011759 0.165004354618799
3.59170242575427 0.196057949203978
3.59976803139095 0.22691610896159
3.60783363702764 0.257548073806897
3.61589924266432 0.287923309131166
3.62396484830101 0.318011536239239
3.63203045393769 0.347782762531983
3.64009605957437 0.377207311403576
3.64816166521106 0.40625585182379
3.65622727084774 0.434899427575793
3.66429287648442 0.463109486120348
3.67235848212111 0.490857907057594
3.68042408775779 0.518117030158077
3.68848969339447 0.544859682935069
3.69655529903116 0.571059207730695
3.70462090466784 0.596689488288857
3.71268651030452 0.621724975788495
3.72075211594121 0.646140714311209
3.72881772157789 0.669912365717856
3.73688332721457 0.693016233909332
3.74494893285126 0.715429288447372
3.75301453848794 0.737129187511779
3.76108014412462 0.758094300171245
3.76914574976131 0.77830372794553
3.77721135539799 0.797737325637519
3.78527696103467 0.8163757214144
3.79334256667136 0.834200336117917
3.80140817230804 0.851193401784494
3.80947377794472 0.867337979356715
3.81753938358141 0.882617975568547
3.82560498921809 0.897018158987464
3.83367059485477 0.910524175197462
3.84173620049146 0.923122561107861
3.84980180612814 0.934800758373598
3.85786741176482 0.945547125913667
3.86593301740151 0.955350951515195
3.87399862303819 0.964202462511612
3.88206422867487 0.972092835524257
3.89012983431156 0.979014205257715
3.89819543994824 0.98495967234011
3.90626104558492 0.989923310200557
3.91432665122161 0.993900170976888
3.92239225685829 0.996886290447793
3.93045786249498 0.998878691984444
3.93852346813166 0.999875389517657
3.94658907376834 0.999875389517657
3.95465467940503 0.998878691984444
3.96272028504171 0.996886290447793
3.97078589067839 0.993900170976888
3.97885149631508 0.989923310200557
3.98691710195176 0.98495967234011
3.99498270758844 0.979014205257715
4.00304831322513 0.972092835524257
4.01111391886181 0.964202462511611
4.01917952449849 0.955350951515194
4.02724513013518 0.945547125913667
4.03531073577186 0.934800758373598
4.04337634140854 0.923122561107861
4.05144194704523 0.910524175197463
4.05950755268191 0.897018158987463
4.06757315831859 0.882617975568547
4.07563876395528 0.867337979356715
4.08370436959196 0.851193401784495
4.09176997522864 0.834200336117917
4.09983558086533 0.816375721414398
4.10790118650201 0.797737325637519
4.11596679213869 0.77830372794553
4.12403239777538 0.758094300171246
4.13209800341206 0.737129187511778
4.14016360904874 0.715429288447371
4.14822921468543 0.693016233909332
4.15629482032211 0.669912365717855
4.16436042595879 0.646140714311211
4.17242603159548 0.621724975788494
4.18049163723216 0.596689488288855
4.18855724286884 0.571059207730695
4.19662284850553 0.544859682935071
4.20468845414221 0.518117030158079
4.2127540597789 0.490857907057592
4.22081966541558 0.463109486120347
4.22888527105226 0.434899427575793
4.23695087668894 0.40625585182379
4.24501648232563 0.377207311403577
4.25308208796231 0.347782762531981
4.261147693599 0.318011536239238
4.26921329923568 0.287923309131167
4.27727890487236 0.257548073806897
4.28534451050905 0.226916108961591
4.29341011614573 0.196057949203976
4.30147572178241 0.165004354618799
4.3095413274191 0.133786280104479
4.31760693305578 0.102434844516614
4.32567253869246 0.070981299648018
4.33373814432915 0.0394569990762518
4.34180374996583 0.00789336690971289
4.34986935560251 -0.0236781335366239
4.3579349612392 -0.0552260311045075
4.36600056687588 -0.0867188781635487
4.37406617251256 -0.118125281958909
4.38213177814925 -0.149413935904261
4.39019738378593 -0.180553650788902
4.39826298942261 -0.211513385867818
4.4063285950593 -0.242262279803781
4.41439420069598 -0.272769681430604
4.42245980633266 -0.303005180306872
4.43052541196935 -0.33293863702976
4.43859101760603 -0.362540213278623
4.44665662324271 -0.391780401558491
4.4547222288794 -0.420630054613785
4.46278783451608 -0.44906041448292
4.47085344015276 -0.477043141164889
4.47891904578945 -0.504550340869176
4.48698465142613 -0.5315545938209
4.49505025706281 -0.55802898159344
4.5031158626995 -0.583947113941306
4.51118146833618 -0.609283155106516
4.51924707397286 -0.634011849572238
4.52731267960955 -0.658108547238036
4.53537828524623 -0.681549227991634
4.54344389088291 -0.704310525652672
4.5515094965196 -0.726369751264639
4.55957510215628 -0.747704915711708
4.56764070779296 -0.768294751637969
4.57570631342965 -0.788118734647193
4.58377191906633 -0.807157103761985
4.59183752470302 -0.825390881121976
4.5999031303397 -0.84280189090135
4.60796873597638 -0.859372777426912
4.61603434161307 -0.875087022478594
4.62409994724975 -0.88992896175518
4.63216555288643 -0.903883800488823
4.64023115852312 -0.916937628192788
4.6482967641598 -0.929077432527731
4.65636236979648 -0.940291112272676
4.66442797543317 -0.950567489387783
4.67249358106985 -0.959896320156857
4.68055918670653 -0.968268305398508
4.68862479234322 -0.975675099735773
4.6966903979799 -0.98210931991498
4.70475600361658 -0.987564552165524
4.71282160925327 -0.992035358593258
4.72088721488995 -0.995517282601106
4.72895282052663 -0.998006853331493
4.73701842616332 -0.999501589126174
4.7450840318 -1
4.75297572377437 -0.999501589126174
4.76086741574874 -0.998006853331493
4.76875910772312 -0.995517282601106
4.77665079969749 -0.992035358593258
4.78454249167186 -0.987564552165524
4.79243418364623 -0.98210931991498
4.8003258756206 -0.975675099735773
4.80821756759498 -0.968268305398507
4.81610925956935 -0.959896320156857
4.82400095154372 -0.950567489387782
4.83189264351809 -0.940291112272675
4.83978433549246 -0.92907743252773
4.84767602746683 -0.916937628192789
4.85556771944121 -0.903883800488824
4.86345941141558 -0.889928961755181
4.87135110338995 -0.875087022478594
4.87924279536432 -0.859372777426913
4.88713448733869 -0.842801890901351
4.89502617931307 -0.825390881121977
4.90291787128744 -0.807157103761986
4.91080956326181 -0.788118734647193
4.91870125523618 -0.768294751637971
4.92659294721055 -0.747704915711709
4.93448463918492 -0.72636975126464
4.9423763311593 -0.704310525652672
4.95026802313367 -0.681549227991634
4.95815971510804 -0.658108547238037
4.96605140708241 -0.634011849572238
4.97394309905678 -0.609283155106516
4.98183479103116 -0.583947113941306
4.98972648300553 -0.558028981593439
4.9976181749799 -0.531554593820901
5.00550986695427 -0.504550340869176
5.01340155892864 -0.477043141164888
5.02129325090302 -0.449060414482919
5.02918494287739 -0.420630054613783
5.03707663485176 -0.391780401558492
5.04496832682613 -0.362540213278623
5.0528600188005 -0.332938637029763
5.06075171077487 -0.303005180306874
5.06864340274925 -0.272769681430604
5.07653509472362 -0.242262279803784
5.08442678669799 -0.21151338586782
5.09231847867236 -0.180553650788903
5.10021017064673 -0.149413935904262
5.10810186262111 -0.118125281958909
5.11599355459548 -0.0867188781635514
5.12388524656985 -0.0552260311045086
5.13177693854422 -0.0236781335366243
5.13966863051859 0.00789336690971309
5.14756032249297 0.0394569990762527
5.15545201446734 0.070981299648016
5.16334370644171 0.102434844516614
5.17123539841608 0.13378628010448
5.17912709039045 0.1650043546188
5.18701878236482 0.196057949203979
5.1949104743392 0.226916108961591
5.20280216631357 0.257548073806898
5.21069385828794 0.287923309131168
5.21858555026231 0.31801153623924
5.22647724223668 0.347782762531984
5.23436893421106 0.377207311403574
5.24226062618543 0.406255851823787
5.2501523181598 0.434899427575791
5.25804401013417 0.463109486120347
5.26593570210854 0.490857907057592
5.27382739408291 0.518117030158076
5.28171908605729 0.544859682935069
5.28961077803166 0.571059207730694
5.29750247000603 0.596689488288855
5.3053941619804 0.621724975788495
5.31328585395477 0.64614071431121
5.32117754592915 0.669912365717855
5.32906923790352 0.693016233909332
5.33696092987789 0.715429288447371
5.34485262185226 0.737129187511779
5.35274431382663 0.758094300171246
5.36063600580101 0.77830372794553
5.36852769777538 0.79773732563752
5.37641938974975 0.8163757214144
5.38431108172412 0.834200336117918
5.39220277369849 0.851193401784495
5.40009446567286 0.867337979356715
5.40798615764724 0.882617975568547
5.41587784962161 0.897018158987464
5.42376954159598 0.910524175197463
5.43166123357035 0.923122561107861
5.43955292554472 0.934800758373599
5.4474446175191 0.945547125913667
5.45533630949347 0.955350951515194
5.46322800146784 0.964202462511611
5.47111969344221 0.972092835524257
5.47901138541658 0.979014205257714
5.48690307739095 0.98495967234011
5.49479476936533 0.989923310200557
5.5026864613397 0.993900170976888
5.51057815331407 0.996886290447793
5.51846984528844 0.998878691984444
5.52636153726281 0.999875389517657
5.53425322923719 0.999875389517657
5.54214492121156 0.998878691984444
5.55003661318593 0.996886290447793
5.5579283051603 0.993900170976888
5.56581999713467 0.989923310200557
5.57371168910905 0.98495967234011
5.58160338108342 0.979014205257714
5.58949507305779 0.972092835524257
5.59738676503216 0.964202462511611
5.60527845700653 0.955350951515194
5.61317014898091 0.945547125913667
5.62106184095528 0.934800758373599
5.62895353292965 0.923122561107862
5.63684522490402 0.910524175197463
5.64473691687839 0.897018158987464
5.65262860885276 0.882617975568547
5.66052030082714 0.867337979356716
5.66841199280151 0.851193401784495
5.67630368477588 0.834200336117918
5.68419537675025 0.8163757214144
5.69208706872462 0.79773732563752
5.699978760699 0.77830372794553
5.70787045267337 0.758094300171246
5.71576214464774 0.737129187511779
5.72365383662211 0.715429288447371
5.73154552859648 0.693016233909332
5.73943722057085 0.669912365717855
5.74732891254523 0.646140714311209
5.7552206045196 0.621724975788495
5.76311229649397 0.596689488288856
5.77100398846834 0.571059207730694
5.77889568044271 0.54485968293507
5.78678737241709 0.518117030158076
5.79467906439146 0.490857907057593
5.80257075636583 0.463109486120347
5.8104624483402 0.434899427575792
5.81835414031457 0.406255851823787
5.82624583228895 0.377207311403575
5.83413752426332 0.347782762531981
5.84202921623769 0.318011536239236
5.84992090821206 0.287923309131168
5.85781260018643 0.257548073806898
5.8657042921608 0.226916108961591
5.87359598413518 0.196057949203979
5.88148767610955 0.1650043546188
5.88937936808392 0.13378628010448
5.89727106005829 0.102434844516614
5.90516275203266 0.0709812996480162
5.91305444400704 0.0394569990762527
5.92094613598141 0.00789336690971378
5.92883782795578 -0.0236781335366239
5.93672951993015 -0.0552260311045084
5.94462121190452 -0.0867188781635514
5.95251290387889 -0.118125281958908
5.96040459585327 -0.149413935904261
5.96829628782764 -0.180553650788903
5.97618797980201 -0.21151338586782
5.98407967177638 -0.242262279803784
5.99197136375075 -0.272769681430604
5.99986305572513 -0.303005180306871
6.0077547476995 -0.332938637029759
6.01564643967387 -0.362540213278622
6.02353813164824 -0.391780401558491
6.03142982362261 -0.420630054613783
6.03932151559698 -0.449060414482918
6.04721320757136 -0.477043141164888
6.05510489954573 -0.504550340869176
6.0629965915201 -0.531554593820901
6.07088828349447 -0.558028981593439
6.07877997546884 -0.583947113941305
6.08667166744322 -0.609283155106516
6.09456335941759 -0.634011849572238
6.10245505139196 -0.658108547238037
6.11034674336633 -0.681549227991633
6.1182384353407 -0.704310525652672
6.12613012731508 -0.726369751264639
6.13402181928945 -0.747704915711709
6.14191351126382 -0.768294751637971
6.14980520323819 -0.788118734647193
6.15769689521256 -0.807157103761986
6.16558858718694 -0.825390881121976
6.17348027916131 -0.842801890901351
6.18137197113568 -0.859372777426912
6.18926366311005 -0.875087022478594
6.19715535508442 -0.889928961755181
6.20504704705879 -0.903883800488824
6.21293873903317 -0.916937628192789
6.22083043100754 -0.929077432527731
6.22872212298191 -0.940291112272676
6.23661381495628 -0.950567489387782
6.24450550693065 -0.959896320156857
6.25239719890503 -0.968268305398508
6.2602888908794 -0.975675099735773
6.26818058285377 -0.98210931991498
6.27607227482814 -0.987564552165524
6.28396396680251 -0.992035358593258
6.29185565877688 -0.995517282601106
6.29974735075126 -0.998006853331493
6.30763904272563 -0.999501589126174
6.3155307347 -1
6.33529138171608 -0.999501589126174
6.35505202873216 -0.998006853331493
6.37481267574824 -0.995517282601106
6.39457332276432 -0.992035358593258
6.4143339697804 -0.987564552165524
6.43409461679648 -0.982109319914981
6.45385526381256 -0.975675099735774
6.47361591082864 -0.968268305398507
6.49337655784472 -0.959896320156857
6.5131372048608 -0.950567489387783
6.53289785187688 -0.940291112272675
6.55265849889297 -0.92907743252773
6.57241914590905 -0.916937628192789
6.59217979292513 -0.903883800488823
6.61194043994121 -0.889928961755181
6.63170108695729 -0.875087022478594
6.65146173397337 -0.859372777426912
6.67122238098945 -0.842801890901351
6.69098302800553 -0.825390881121976
6.71074367502161 -0.807157103761985
6.73050432203769 -0.788118734647192
6.75026496905377 -0.768294751637971
6.77002561606985 -0.747704915711709
6.78978626308593 -0.726369751264639
6.80954691010201 -0.704310525652672
6.82930755711809 -0.681549227991634
6.84906820413417 -0.658108547238038
6.86882885115025 -0.634011849572239
6.88858949816633 -0.609283155106517
6.90835014518241 -0.583947113941306
6.92811079219849 -0.55802898159344
6.94787143921457 -0.531554593820901
6.96763208623065 -0.504550340869177
6.98739273324673 -0.477043141164889
7.00715338026281 -0.449060414482921
7.02691402727889 -0.420630054613785
7.04667467429497 -0.391780401558494
7.06643532131106 -0.362540213278625
7.08619596832714 -0.332938637029761
7.10595661534322 -0.303005180306873
7.1257172623593 -0.272769681430603
7.14547790937538 -0.242262279803783
7.16523855639146 -0.211513385867819
7.18499920340754 -0.180553650788903
7.20475985042362 -0.14941393590426
7.2245204974397 -0.118125281958908
7.24428114445578 -0.0867188781635512
7.26404179147186 -0.0552260311045084
7.28380243848794 -0.0236781335366243
7.30356308550402 0.00789336690971331
7.3233237325201 0.0394569990762529
7.34308437953618 0.0709812996480162
7.36284502655226 0.102434844516614
7.38260567356834 0.13378628010448
7.40236632058442 0.165004354618798
7.4221269676005 0.196057949203979
7.44188761461658 0.22691610896159
7.46164826163266 0.257548073806896
7.48140890864874 0.287923309131166
7.50116955566482 0.318011536239238
7.5209302026809 0.347782762531983
7.54069084969699 0.377207311403576
7.56045149671307 0.406255851823789
7.58021214372915 0.434899427575792
7.59997279074523 0.463109486120348
7.61973343776131 0.490857907057593
7.63949408477739 0.518117030158077
7.65925473179347 0.54485968293507
7.67901537880955 0.571059207730695
7.69877602582563 0.596689488288856
7.71853667284171 0.621724975788495
7.73829731985779 0.64614071431121
7.75805796687387 0.669912365717854
7.77781861388995 0.693016233909332
7.79757926090603 0.715429288447371
7.81733990792211 0.737129187511779
7.83710055493819 0.758094300171245
7.85686120195427 0.77830372794553
7.87662184897035 0.797737325637519
7.89638249598643 0.816375721414399
7.91614314300251 0.834200336117917
7.93590379001859 0.851193401784495
7.95566443703467 0.867337979356715
7.97542508405075 0.882617975568546
7.99518573106683 0.897018158987464
8.01494637808291 0.910524175197462
8.034707025099 0.923122561107861
8.05446767211508 0.934800758373598
8.07422831913116 0.945547125913667
8.09398896614724 0.955350951515195
8.11374961316332 0.964202462511612
8.1335102601794 0.972092835524257
8.15327090719548 0.979014205257714
8.17303155421156 0.984959672340111
8.19279220122764 0.989923310200557
8.21255284824372 0.993900170976888
8.2323134952598 0.996886290447793
8.25207414227588 0.998878691984444
8.27183478929196 0.999875389517657
8.29159543630804 0.999875389517657
8.31135608332412 0.998878691984444
8.3311167303402 0.996886290447793
8.35087737735628 0.993900170976888
8.37063802437236 0.989923310200557
8.39039867138844 0.98495967234011
8.41015931840452 0.979014205257715
8.4299199654206 0.972092835524257
8.44968061243668 0.964202462511612
8.46944125945276 0.955350951515194
8.48920190646884 0.945547125913667
8.50896255348492 0.934800758373599
8.52872320050101 0.923122561107861
8.54848384751709 0.910524175197463
8.56824449453317 0.897018158987463
8.58800514154925 0.882617975568547
8.60776578856533 0.867337979356714
8.62752643558141 0.851193401784495
8.64728708259749 0.834200336117917
8.66704772961357 0.816375721414399
8.68680837662965 0.797737325637519
8.70656902364573 0.77830372794553
8.72632967066181 0.758094300171246
8.74609031767789 0.737129187511779
8.76585096469397 0.715429288447372
8.78561161171005 0.693016233909331
8.80537225872613 0.669912365717856
8.82513290574221 0.646140714311209
8.84489355275829 0.621724975788495
8.86465419977437 0.596689488288857
8.88441484679045 0.571059207730695
8.90417549380653 0.544859682935069
8.92393614082261 0.518117030158078
8.94369678783869 0.490857907057595
8.96345743485477 0.463109486120347
8.98321808187085 0.434899427575794
9.00297872888694 0.406255851823788
9.02273937590302 0.377207311403576
9.0425000229191 0.347782762531982
9.06226066993518 0.318011536239239
9.08202131695126 0.287923309131167
9.10178196396734 0.257548073806897
9.12154261098342 0.226916108961591
9.1413032579995 0.196057949203977
9.16106390501558 0.165004354618801
9.18082455203166 0.133786280104478
9.20058519904774 0.102434844516614
9.22034584606382 0.0709812996480145
9.2401064930799 0.0394569990762536
9.25986714009598 0.007893366909712
9.27962778711206 -0.0236781335366247
9.29938843412814 -0.0552260311045066
9.31914908114422 -0.0867188781635514
9.3389097281603 -0.118125281958907
9.35867037517638 -0.149413935904261
9.37843102219246 -0.180553650788901
9.39819166920854 -0.21151338586782
9.41795231622462 -0.242262279803782
9.4377129632407 -0.272769681430601
9.45747361025678 -0.303005180306873
9.47723425727287 -0.332938637029762
9.49699490428894 -0.362540213278625
9.51675555130502 -0.391780401558492
9.53651619832111 -0.420630054613784
9.55627684533719 -0.449060414482921
9.57603749235327 -0.47704314116489
9.59579813936935 -0.504550340869177
9.61555878638543 -0.531554593820902
9.63531943340151 -0.55802898159344
9.65508008041759 -0.583947113941304
9.67484072743367 -0.609283155106517
9.69460137444975 -0.63401184957224
9.71436202146583 -0.658108547238037
9.73412266848191 -0.681549227991633
9.75388331549799 -0.704310525652672
9.77364396251407 -0.726369751264639
9.79340460953015 -0.747704915711707
9.81316525654623 -0.768294751637971
9.83292590356231 -0.788118734647193
9.85268655057839 -0.807157103761985
9.87244719759447 -0.825390881121975
9.89220784461055 -0.842801890901351
9.91196849162663 -0.859372777426913
9.93172913864271 -0.875087022478594
9.95148978565879 -0.88992896175518
9.97125043267487 -0.903883800488824
9.99101107969095 -0.916937628192789
10.010771726707 -0.929077432527731
10.0305323737231 -0.940291112272675
10.0502930207392 -0.950567489387783
10.0700536677553 -0.959896320156857
10.0898143147714 -0.968268305398507
10.1095749617874 -0.975675099735774
10.1293356088035 -0.98210931991498
10.1490962558196 -0.987564552165524
10.1688569028357 -0.992035358593258
10.1886175498518 -0.995517282601106
10.2083781968678 -0.998006853331493
10.2281388438839 -0.999501589126174
10.2478994909 -1
10.2662797677146 -0.999501589126174
10.2846600445291 -0.998006853331493
10.3030403213437 -0.995517282601106
10.3214205981583 -0.992035358593258
10.3398008749729 -0.987564552165524
10.3581811517874 -0.98210931991498
10.376561428602 -0.975675099735774
10.3949417054166 -0.968268305398507
10.4133219822312 -0.959896320156857
10.4317022590457 -0.950567489387783
10.4500825358603 -0.940291112272675
10.4684628126749 -0.929077432527731
10.4868430894894 -0.916937628192789
10.505223366304 -0.903883800488823
10.5236036431186 -0.889928961755181
10.5419839199332 -0.875087022478593
10.5603641967477 -0.859372777426913
10.5787444735623 -0.842801890901351
10.5971247503769 -0.825390881121976
10.6155050271915 -0.807157103761986
10.633885304006 -0.788118734647192
10.6522655808206 -0.76829475163797
10.6706458576352 -0.747704915711709
10.6890261344497 -0.726369751264639
10.7074064112643 -0.704310525652673
10.7257866880789 -0.681549227991634
10.7441669648935 -0.658108547238037
10.762547241708 -0.634011849572239
10.7809275185226 -0.609283155106516
10.7993077953372 -0.583947113941307
10.8176880721518 -0.55802898159344
10.8360683489663 -0.531554593820901
10.8544486257809 -0.504550340869178
10.8728289025955 -0.477043141164889
10.89120917941 -0.449060414482922
10.9095894562246 -0.420630054613784
10.9279697330392 -0.391780401558492
10.9463500098538 -0.362540213278625
10.9647302866683 -0.332938637029761
10.9831105634829 -0.303005180306874
11.0014908402975 -0.272769681430603
11.0198711171121 -0.242262279803783
11.0382513939266 -0.21151338586782
11.0566316707412 -0.180553650788902
11.0750119475558 -0.14941393590426
11.0933922243704 -0.118125281958908
11.1117725011849 -0.0867188781635503
11.1301527779995 -0.0552260311045095
11.1485330548141 -0.0236781335366241
11.1669133316286 0.0078933669097142
11.1852936084432 0.039456999076252
11.2036738852578 0.0709812996480162
11.2220541620724 0.102434844516612
11.2404344388869 0.133786280104479
11.2588147157015 0.1650043546188
11.2771949925161 0.196057949203977
11.2955752693307 0.22691610896159
11.3139555461452 0.257548073806898
11.3323358229598 0.287923309131166
11.3507160997744 0.318011536239239
11.3690963765889 0.347782762531981
11.3874766534035 0.377207311403576
11.4058569302181 0.40625585182379
11.4242372070327 0.434899427575792
11.4426174838472 0.463109486120348
11.4609977606618 0.490857907057592
11.4793780374764 0.518117030158077
11.497758314291 0.544859682935071
11.5161385911055 0.571059207730694
11.5345188679201 0.596689488288856
11.5528991447347 0.621724975788496
11.5712794215492 0.64614071431121
11.5896596983638 0.669912365717856
11.6080399751784 0.693016233909331
11.626420251993 0.715429288447371
11.6448005288075 0.73712918751178
11.6631808056221 0.758094300171245
11.6815610824367 0.77830372794553
11.6999413592513 0.797737325637519
11.7183216360658 0.816375721414399
11.7367019128804 0.834200336117918
11.755082189695 0.851193401784494
11.7734624665095 0.867337979356715
11.7918427433241 0.882617975568548
11.8102230201387 0.897018158987463
11.8286032969533 0.910524175197463
11.8469835737678 0.92312256110786
11.8653638505824 0.934800758373598
11.883744127397 0.945547125913667
11.9021244042116 0.955350951515195
11.9205046810261 0.964202462511612
11.9388849578407 0.972092835524257
11.9572652346553 0.979014205257714
11.9756455114698 0.984959672340111
11.9940257882844 0.989923310200557
12.012406065099 0.993900170976888
12.0307863419136 0.996886290447793
12.0491666187281 0.998878691984444
12.0675468955427 0.999875389517657
12.0859271723573 0.999875389517657
12.1043074491719 0.998878691984444
12.1226877259864 0.996886290447793
12.141068002801 0.993900170976888
12.1594482796156 0.989923310200557
12.1778285564301 0.984959672340111
12.1962088332447 0.979014205257715
12.2145891100593 0.972092835524257
12.2329693868739 0.964202462511612
12.2513496636884 0.955350951515195
12.269729940503 0.945547125913667
12.2881102173176 0.934800758373598
12.3064904941322 0.92312256110786
12.3248707709467 0.910524175197463
12.3432510477613 0.897018158987463
12.3616313245759 0.882617975568548
12.3800116013905 0.867337979356715
12.398391878205 0.851193401784494
12.4167721550196 0.834200336117918
12.4351524318342 0.816375721414399
12.4535327086487 0.797737325637519
12.4719129854633 0.77830372794553
12.4902932622779 0.758094300171245
12.5086735390925 0.737129187511778
12.527053815907 0.715429288447371
12.5454340927216 0.693016233909333
12.5638143695362 0.669912365717856
12.5821946463508 0.646140714311209
12.6005749231653 0.621724975788497
12.6189551999799 0.596689488288856
12.6373354767945 0.571059207730694
12.655715753609 0.544859682935072
12.6740960304236 0.518117030158078
12.6924763072382 0.490857907057592
12.7108565840528 0.463109486120348
12.7292368608673 0.434899427575792
12.7476171376819 0.406255851823787
12.7659974144965 0.377207311403576
12.7843776913111 0.347782762531984
12.8027579681256 0.31801153623924
12.8211382449402 0.287923309131166
12.8395185217548 0.257548073806898
12.8578987985693 0.22691610896159
12.8762790753839 0.196057949203977
12.8946593521985 0.1650043546188
12.9130396290131 0.133786280104478
12.9314199058276 0.102434844516615
12.9498001826422 0.0709812996480171
12.9681804594568 0.0394569990762518
12.9865607362714 0.00789336690971467
13.0049410130859 -0.0236781335366239
13.0233212899005 -0.0552260311045093
13.0417015667151 -0.0867188781635505
13.0600818435296 -0.118125281958909
13.0784621203442 -0.14941393590426
13.0968423971588 -0.180553650788901
13.1152226739734 -0.21151338586782
13.1336029507879 -0.242262279803782
13.1519832276025 -0.272769681430603
13.1703635044171 -0.303005180306874
13.1887437812317 -0.332938637029761
13.2071240580462 -0.362540213278622
13.2255043348608 -0.391780401558492
13.2438846116754 -0.420630054613784
13.2622648884899 -0.449060414482919
13.2806451653045 -0.477043141164889
13.2990254421191 -0.504550340869178
13.3174057189337 -0.5315545938209
13.3357859957482 -0.55802898159344
13.3541662725628 -0.583947113941307
13.3725465493774 -0.609283155106516
13.390926826192 -0.634011849572238
13.4093071030065 -0.658108547238039
13.4276873798211 -0.681549227991633
13.4460676566357 -0.704310525652672
13.4644479334503 -0.726369751264638
13.4828282102648 -0.747704915711709
13.5012084870794 -0.768294751637969
13.519588763894 -0.788118734647192
13.5379690407085 -0.807157103761986
13.5563493175231 -0.825390881121976
13.5747295943377 -0.84280189090135
13.5931098711523 -0.859372777426912
13.6114901479668 -0.875087022478593
13.6298704247814 -0.889928961755181
13.648250701596 -0.903883800488823
13.6666309784106 -0.916937628192789
13.6850112552251 -0.929077432527731
13.7033915320397 -0.940291112272675
13.7217718088543 -0.950567489387783
13.7401520856688 -0.959896320156857
13.7585323624834 -0.968268305398507
13.776912639298 -0.975675099735774
13.7952929161126 -0.98210931991498
13.8136731929271 -0.987564552165524
13.8320534697417 -0.992035358593258
13.8504337465563 -0.995517282601106
13.8688140233709 -0.998006853331493
13.8871943001854 -0.999501589126174
13.905574577 -1
13.9235804591588 -0.999501589126174
13.9415863413176 -0.998006853331493
13.9595922234764 -0.995517282601106
13.9775981056352 -0.992035358593258
13.995603987794 -0.987564552165524
14.0136098699528 -0.982109319914981
14.0316157521116 -0.975675099735774
14.0496216342704 -0.968268305398507
14.0676275164291 -0.959896320156857
14.0856333985879 -0.950567489387783
14.1036392807467 -0.940291112272675
14.1216451629055 -0.929077432527731
14.1396510450643 -0.916937628192789
14.1576569272231 -0.903883800488823
14.1756628093819 -0.88992896175518
14.1936686915407 -0.875087022478594
14.2116745736995 -0.859372777426912
14.2296804558583 -0.84280189090135
14.2476863380171 -0.825390881121977
14.2656922201759 -0.807157103761985
14.2836981023347 -0.788118734647192
14.3017039844935 -0.76829475163797
14.3197098666523 -0.747704915711709
14.3377157488111 -0.726369751264639
14.3557216309698 -0.704310525652671
14.3737275131286 -0.681549227991635
14.3917333952874 -0.658108547238038
14.4097392774462 -0.634011849572238
14.427745159605 -0.609283155106518
14.4457510417638 -0.583947113941307
14.4637569239226 -0.55802898159344
14.4817628060814 -0.531554593820903
14.4997686882402 -0.504550340869178
14.517774570399 -0.477043141164889
14.5357804525578 -0.449060414482919
14.5537863347166 -0.420630054613785
14.5717922168754 -0.391780401558493
14.5897980990342 -0.362540213278624
14.607803981193 -0.332938637029763
14.6258098633518 -0.303005180306873
14.6438157455106 -0.272769681430603
14.6618216276693 -0.242262279803782
14.6798275098281 -0.21151338586782
14.6978333919869 -0.180553650788902
14.7158392741457 -0.14941393590426
14.7338451563045 -0.118125281958909
14.7518510384633 -0.0867188781635509
14.7698569206221 -0.0552260311045075
14.7878628027809 -0.0236781335366257
14.8058686849397 0.00789336690971287
14.8238745670985 0.0394569990762531
14.8418804492573 0.0709812996480171
14.8598863314161 0.102434844516612
14.8778922135749 0.133786280104479
14.8958980957337 0.1650043546188
14.9139039778925 0.196057949203977
14.9319098600513 0.22691610896159
14.9499157422101 0.257548073806897
14.9679216243688 0.287923309131168
14.9859275065276 0.318011536239238
15.0039333886864 0.347782762531983
15.0219392708452 0.377207311403577
15.039945153004 0.406255851823788
15.0579510351628 0.434899427575793
15.0759569173216 0.463109486120348
15.0939627994804 0.490857907057592
15.1119686816392 0.518117030158077
15.129974563798 0.544859682935071
15.1479804459568 0.571059207730696
15.1659863281156 0.596689488288855
15.1839922102744 0.621724975788495
15.2019980924332 0.646140714311211
15.220003974592 0.669912365717854
15.2380098567508 0.693016233909331
15.2560157389095 0.715429288447372
15.2740216210683 0.73712918751178
15.2920275032271 0.758094300171245
15.3100333853859 0.77830372794553
15.3280392675447 0.79773732563752
15.3460451497035 0.816375721414399
15.3640510318623 0.834200336117918
15.3820569140211 0.851193401784495
15.4000627961799 0.867337979356714
15.4180686783387 0.882617975568546
15.4360745604975 0.897018158987464
15.4540804426563 0.910524175197462
15.4720863248151 0.92312256110786
15.4900922069739 0.934800758373598
15.5080980891327 0.945547125913668
15.5261039712915 0.955350951515194
15.5441098534503 0.964202462511612
15.562115735609 0.972092835524257
15.5801216177678 0.979014205257714
15.5981274999266 0.98495967234011
15.6161333820854 0.989923310200557
15.6341392642442 0.993900170976888
15.652145146403 0.996886290447793
15.6701510285618 0.998878691984444
15.6881569107206 0.999875389517657
15.7061627928794 0.999875389517657
15.7241686750382 0.998878691984444
15.742174557197 0.996886290447793
15.7601804393558 0.993900170976888
15.7781863215146 0.989923310200557
15.7961922036734 0.98495967234011
15.8141980858322 0.979014205257714
15.832203967991 0.972092835524257
15.8502098501497 0.964202462511612
15.8682157323085 0.955350951515194
15.8862216144673 0.945547125913668
15.9042274966261 0.934800758373598
15.9222333787849 0.923122561107861
15.9402392609437 0.910524175197462
15.9582451431025 0.897018158987464
15.9762510252613 0.882617975568547
15.9942569074201 0.867337979356714
16.0122627895789 0.851193401784495
16.0302686717377 0.834200336117919
16.0482745538965 0.816375721414399
16.0662804360553 0.79773732563752
16.0842863182141 0.778303727945532
16.1022922003729 0.758094300171245
16.1202980825317 0.73712918751178
16.1383039646905 0.71542928844737
16.1563098468492 0.693016233909332
16.174315729008 0.669912365717857
16.1923216111668 0.646140714311208
16.2103274933256 0.621724975788496
16.2283333754844 0.596689488288858
16.2463392576432 0.571059207730694
16.264345139802 0.544859682935071
16.2823510219608 0.51811703015808
16.3003569041196 0.490857907057593
16.3183627862784 0.463109486120349
16.3363686684372 0.43489942757579
16.354374550596 0.406255851823788
16.3723804327548 0.377207311403577
16.3903863149136 0.34778276253198
16.4083921970724 0.318011536239238
16.4263980792312 0.287923309131168
16.44440396139 0.257548073806895
16.4624098435487 0.22691610896159
16.4804157257075 0.19605794920398
16.4984216078663 0.165004354618797
16.5164274900251 0.133786280104479
16.5344333721839 0.102434844516616
16.5524392543427 0.0709812996480145
16.5704451365015 0.0394569990762536
16.5884510186603 0.00789336690971555
16.6064569008191 -0.0236781335366256
16.6244627829779 -0.0552260311045075
16.6424686651367 -0.0867188781635478
16.6604745472955 -0.118125281958909
16.6784804294543 -0.14941393590426
16.6964863116131 -0.180553650788899
16.7144921937719 -0.21151338586782
16.7324980759307 -0.242262279803781
16.7505039580894 -0.272769681430599
16.7685098402482 -0.303005180306873
16.786515722407 -0.332938637029759
16.8045216045658 -0.362540213278626
16.8225274867246 -0.391780401558494
16.8405333688834 -0.420630054613782
16.8585392510422 -0.449060414482921
16.876545133201 -0.47704314116489
16.8945510153598 -0.504550340869181
16.9125568975186 -0.531554593820903
16.9305627796774 -0.558028981593439
16.9485686618362 -0.583947113941309
16.966574543995 -0.609283155106517
16.9845804261538 -0.634011849572238
17.0025863083126 -0.65810854723804
17.0205921904714 -0.681549227991635
17.0385980726302 -0.704310525652671
17.0566039547889 -0.726369751264641
17.0746098369477 -0.747704915711709
17.0926157191065 -0.768294751637969
17.1106216012653 -0.788118734647194
17.1286274834241 -0.807157103761986
17.1466333655829 -0.825390881121975
17.1646392477417 -0.842801890901351
17.1826451299005 -0.859372777426912
17.2006510120593 -0.875087022478592
17.2186568942181 -0.889928961755181
17.2366627763769 -0.903883800488823
17.2546686585357 -0.916937628192787
17.2726745406945 -0.929077432527731
17.2906804228533 -0.940291112272675
17.3086863050121 -0.950567489387782
17.3266921871709 -0.959896320156857
17.3446980693296 -0.968268305398507
17.3627039514884 -0.975675099735773
17.3807098336472 -0.98210931991498
17.398715715806 -0.987564552165524
17.4167215979648 -0.992035358593257
17.4347274801236 -0.995517282601106
17.4527333622824 -0.998006853331493
17.4707392444412 -0.999501589126174
17.4887451266 -1
17.4946921490714 -0.999501589126174
17.5006391715427 -0.998006853331493
17.5065861940141 -0.995517282601105
17.5125332164854 -0.992035358593257
17.5184802389568 -0.987564552165525
17.5244272614281 -0.982109319914982
17.5303742838995 -0.975675099735775
17.5363213063709 -0.968268305398508
17.5422683288422 -0.959896320156857
17.5482153513136 -0.950567489387783
17.5541623737849 -0.940291112272674
17.5601093962563 -0.929077432527729
17.5660564187276 -0.916937628192786
17.572003441199 -0.90388380048882
17.5779504636704 -0.889928961755184
17.5838974861417 -0.875087022478596
17.5898445086131 -0.859372777426914
17.5957915310844 -0.842801890901352
17.6017385535558 -0.825390881121976
17.6076855760271 -0.807157103761984
17.6136325984985 -0.78811873464719
17.6195796209699 -0.768294751637967
17.6255266434412 -0.747704915711704
17.6314736659126 -0.726369751264645
17.6374206883839 -0.704310525652677
17.6433677108553 -0.681549227991637
17.6493147333266 -0.65810854723804
17.655261755798 -0.634011849572239
17.6612087782693 -0.609283155106516
17.6671558007407 -0.583947113941304
17.6731028232121 -0.558028981593436
17.6790498456834 -0.531554593820895
17.6849968681548 -0.50455034086917
17.6909438906261 -0.477043141164897
17.6968909130975 -0.449060414482925
17.7028379355688 -0.420630054613788
17.7087849580402 -0.391780401558495
17.7147319805116 -0.362540213278624
17.7206790029829 -0.332938637029759
17.7266260254543 -0.303005180306869
17.7325730479256 -0.272769681430597
17.738520070397 -0.242262279803775
17.7444670928683 -0.211513385867828
17.7504141153397 -0.180553650788909
17.7563611378111 -0.149413935904266
17.7623081602824 -0.118125281958911
17.7682551827538 -0.0867188781635516
17.7742022052251 -0.0552260311045071
17.7801492276965 -0.0236781335366208
17.7860962501678 0.00789336690971842
17.7920432726392 0.0394569990762598
17.7979902951106 0.0709812996480251
17.8039373175819 0.102434844516606
17.8098843400533 0.133786280104474
17.8158313625246 0.165004354618795
17.821778384996 0.196057949203976
17.8277254074673 0.22691610896159
17.8336724299387 0.257548073806899
17.8396194524101 0.287923309131171
17.8455664748814 0.318011536239244
17.8515134973528 0.34778276253199
17.8574605198241 0.377207311403568
17.8634075422955 0.406255851823783
17.8693545647668 0.434899427575789
17.8753015872382 0.463109486120345
17.8812486097095 0.490857907057593
17.8871956321809 0.518117030158078
17.8931426546523 0.544859682935073
17.8990896771236 0.571059207730699
17.905036699595 0.596689488288862
17.9109837220663 0.621724975788502
17.9169307445377 0.646140714311204
17.922877767009 0.669912365717851
17.9288247894804 0.693016233909329
17.9347718119518 0.71542928844737
17.9407188344231 0.737129187511779
17.9466658568945 0.758094300171247
17.9526128793658 0.778303727945533
17.9585599018372 0.797737325637523
17.9645069243085 0.816375721414404
17.9704539467799 0.834200336117913
17.9764009692513 0.851193401784491
17.9823479917226 0.867337979356713
17.988295014194 0.882617975568546
17.9942420366653 0.897018158987463
18.0001890591367 0.910524175197463
18.006136081608 0.923122561107862
18.0120831040794 0.9348007583736
18.0180301265508 0.945547125913669
18.0239771490221 0.955350951515192
18.0299241714935 0.96420246251161
18.0358711939648 0.972092835524256
18.0418182164362 0.979014205257714
18.0477652389075 0.98495967234011
18.0537122613789 0.989923310200557
18.0596592838503 0.993900170976888
18.0656063063216 0.996886290447794
18.071553328793 0.998878691984444
18.0775003512643 0.999875389517657
18.0834473737357 0.999875389517657
18.089394396207 0.998878691984444
18.0953414186784 0.996886290447794
18.1012884411497 0.993900170976888
18.1072354636211 0.989923310200557
18.1131824860925 0.98495967234011
18.1191295085638 0.979014205257714
18.1250765310352 0.972092835524256
18.1310235535065 0.96420246251161
18.1369705759779 0.955350951515192
18.1429175984492 0.94554712591367
18.1488646209206 0.9348007583736
18.154811643392 0.923122561107862
18.1607586658633 0.910524175197463
18.1667056883347 0.897018158987463
18.172652710806 0.882617975568546
18.1785997332774 0.867337979356713
18.1845467557487 0.851193401784491
18.1904937782201 0.834200336117913
18.1964408006915 0.816375721414404
18.2023878231628 0.797737325637523
18.2083348456342 0.778303727945533
18.2142818681055 0.758094300171247
18.2202288905769 0.73712918751178
18.2261759130482 0.71542928844737
18.2321229355196 0.693016233909329
18.238069957991 0.669912365717851
18.2440169804623 0.646140714311204
18.2499640029337 0.621724975788503
18.255911025405 0.596689488288862
18.2618580478764 0.571059207730699
18.2678050703477 0.544859682935073
18.2737520928191 0.518117030158079
18.2796991152905 0.490857907057593
18.2856461377618 0.463109486120346
18.2915931602332 0.434899427575789
18.2975401827045 0.406255851823783
18.3034872051759 0.377207311403568
18.3094342276472 0.34778276253199
18.3153812501186 0.318011536239245
18.3213282725899 0.287923309131171
18.3272752950613 0.257548073806899
18.3332223175327 0.22691610896159
18.339169340004 0.196057949203976
18.3451163624754 0.165004354618795
18.3510633849467 0.133786280104474
18.3570104074181 0.102434844516606
18.3629574298894 0.0709812996480251
18.3689044523608 0.0394569990762598
18.3748514748322 0.00789336690971822
18.3807984973035 -0.0236781335366203
18.3867455197749 -0.0552260311045066
18.3926925422462 -0.0867188781635514
18.3986395647176 -0.11812528195891
18.4045865871889 -0.149413935904266
18.4105336096603 -0.180553650788909
18.4164806321317 -0.211513385867827
18.422427654603 -0.242262279803775
18.4283746770744 -0.272769681430597
18.4343216995457 -0.303005180306868
18.4402687220171 -0.332938637029759
18.4462157444884 -0.362540213278624
18.4521627669598 -0.391780401558495
18.4581097894312 -0.420630054613788
18.4640568119025 -0.449060414482925
18.4700038343739 -0.477043141164896
18.4759508568452 -0.50455034086917
18.4818978793166 -0.531554593820895
18.4878449017879 -0.558028981593436
18.4937919242593 -0.583947113941304
18.4997389467307 -0.609283155106515
18.505685969202 -0.634011849572239
18.5116329916734 -0.65810854723804
18.5175800141447 -0.681549227991637
18.5235270366161 -0.704310525652677
18.5294740590874 -0.726369751264632
18.5354210815588 -0.747704915711703
18.5413681040301 -0.768294751637967
18.5473151265015 -0.78811873464719
18.5532621489729 -0.807157103761984
18.5592091714442 -0.825390881121976
18.5651561939156 -0.842801890901351
18.5711032163869 -0.859372777426914
18.5770502388583 -0.875087022478596
18.5829972613296 -0.889928961755184
18.588944283801 -0.903883800488828
18.5948913062724 -0.916937628192786
18.6008383287437 -0.929077432527729
18.6067853512151 -0.940291112272674
18.6127323736864 -0.950567489387782
18.6186793961578 -0.959896320156857
18.6246264186291 -0.968268305398508
18.6305734411005 -0.975675099735775
18.6365204635719 -0.982109319914982
18.6424674860432 -0.987564552165525
18.6484145085146 -0.992035358593257
18.6543615309859 -0.995517282601105
18.6603085534573 -0.998006853331493
18.6662555759286 -0.999501589126174
18.6722025984 -1
18.6797561019377 -0.999501589126174
18.6873096054754 -0.998006853331494
18.6948631090131 -0.995517282601106
18.7024166125508 -0.992035358593258
18.7099701160884 -0.987564552165523
18.7175236196261 -0.982109319914981
18.7250771231638 -0.975675099735774
18.7326306267015 -0.968268305398506
18.7401841302392 -0.959896320156859
18.7477376337769 -0.950567489387783
18.7552911373146 -0.940291112272675
18.7628446408523 -0.929077432527728
18.7703981443899 -0.91693762819279
18.7779516479276 -0.903883800488823
18.7855051514653 -0.889928961755178
18.793058655003 -0.875087022478597
18.8006121585407 -0.859372777426913
18.8081656620784 -0.842801890901349
18.8157191656161 -0.825390881121973
18.8232726691538 -0.807157103761988
18.8308261726915 -0.788118734647192
18.8383796762291 -0.768294751637968
18.8459331797668 -0.747704915711713
18.8534866833045 -0.726369751264641
18.8610401868422 -0.70431052565267
18.8685936903799 -0.681549227991629
18.8761471939176 -0.658108547238041
18.8837006974553 -0.634011849572239
18.891254200993 -0.609283155106513
18.8988077045307 -0.583947113941311
18.9063612080683 -0.558028981593442
18.913914711606 -0.531554593820899
18.9214682151437 -0.504550340869172
18.9290217186814 -0.477043141164893
18.9365752222191 -0.44906041448292
18.9441287257568 -0.42063005461378
18.9516822292945 -0.391780401558499
18.9592357328322 -0.362540213278626
18.9667892363698 -0.332938637029759
18.9743427399075 -0.303005180306866
18.9818962434452 -0.272769681430607
18.9894497469829 -0.242262279803783
18.9970032505206 -0.211513385867815
19.0045567540583 -0.180553650788908
19.012110257596 -0.149413935904263
19.0196637611337 -0.118125281958906
19.0272172646714 -0.0867188781635439
19.034770768209 -0.0552260311045119
19.0423242717467 -0.0236781335366237
19.0498777752844 0.0078933669097182
19.0574312788221 0.0394569990762469
19.0649847823598 0.0709812996480142
19.0725382858975 0.102434844516616
19.0800917894352 0.133786280104486
19.0876452929729 0.165004354618796
19.0951987965106 0.196057949203978
19.1027523000482 0.226916108961595
19.1103058035859 0.257548073806891
19.1178593071236 0.287923309131165
19.1254128106613 0.318011536239241
19.132966314199 0.347782762531989
19.1405198177367 0.377207311403573
19.1480733212744 0.40625585182379
19.1556268248121 0.434899427575797
19.1631803283497 0.463109486120343
19.1707338318874 0.490857907057592
19.1782873354251 0.51811703015808
19.1858408389628 0.544859682935076
19.1933943425005 0.571059207730692
19.2009478460382 0.596689488288857
19.2085013495759 0.621724975788499
19.2160548531136 0.646140714311205
19.2236083566513 0.669912365717854
19.2311618601889 0.693016233909334
19.2387153637266 0.715429288447376
19.2462688672643 0.737129187511777
19.253822370802 0.758094300171246
19.2613758743397 0.778303727945533
19.2689293778774 0.797737325637516
19.2764828814151 0.816375721414398
19.2840363849528 0.834200336117919
19.2915898884904 0.851193401784491
19.2991433920281 0.867337979356713
19.3066968955658 0.882617975568547
19.3142503991035 0.897018158987466
19.3218039026412 0.91052417519746
19.3293574061789 0.92312256110786
19.3369109097166 0.934800758373599
19.3444644132543 0.945547125913669
19.352017916792 0.955350951515194
19.3595714203296 0.964202462511612
19.3671249238673 0.972092835524258
19.374678427405 0.979014205257713
19.3822319309427 0.98495967234011
19.3897854344804 0.989923310200558
19.3973389380181 0.993900170976887
19.4048924415558 0.996886290447793
19.4124459450935 0.998878691984444
19.4199994486312 0.999875389517657
19.4275529521688 0.999875389517657
19.4351064557065 0.998878691984444
19.4426599592442 0.996886290447793
19.4502134627819 0.993900170976889
19.4577669663196 0.989923310200558
19.4653204698573 0.98495967234011
19.472873973395 0.979014205257714
19.4804274769327 0.972092835524258
19.4879809804704 0.964202462511612
19.495534484008 0.955350951515194
19.5030879875457 0.94554712591367
19.5106414910834 0.9348007583736
19.5181949946211 0.92312256110786
19.5257484981588 0.91052417519746
19.5333020016965 0.897018158987466
19.5408555052342 0.882617975568547
19.5484090087719 0.867337979356713
19.5559625123095 0.851193401784491
19.5635160158472 0.834200336117919
19.5710695193849 0.816375721414399
19.5786230229226 0.797737325637516
19.5861765264603 0.778303727945533
19.593730029998 0.758094300171246
19.6012835335357 0.737129187511777
19.6088370370734 0.715429288447376
19.6163905406111 0.693016233909334
19.6239440441487 0.669912365717854
19.6314975476864 0.646140714311205
19.6390510512241 0.621724975788499
19.6466045547618 0.596689488288856
19.6541580582995 0.571059207730692
19.6617115618372 0.544859682935076
19.6692650653749 0.51811703015808
19.6768185689126 0.490857907057592
19.6843720724503 0.463109486120343
19.6919255759879 0.434899427575797
19.6994790795256 0.40625585182379
19.7070325830633 0.377207311403573
19.714586086601 0.347782762531989
19.7221395901387 0.31801153623924
19.7296930936764 0.287923309131165
19.7372465972141 0.257548073806891
19.7448001007518 0.226916108961595
19.7523536042894 0.196057949203979
19.7599071078271 0.165004354618796
19.7674606113648 0.133786280104471
19.7750141149025 0.102434844516616
19.7825676184402 0.0709812996480145
19.7901211219779 0.0394569990762474
19.7976746255156 0.00789336690971822
19.8052281290533 -0.023678133536623
19.812781632591 -0.055226031104511
19.8203351361286 -0.0867188781635443
19.8278886396663 -0.118125281958905
19.835442143204 -0.149413935904262
19.8429956467417 -0.180553650788907
19.8505491502794 -0.211513385867814
19.8581026538171 -0.242262279803782
19.8656561573548 -0.272769681430607
19.8732096608925 -0.303005180306866
19.8807631644301 -0.332938637029759
19.8883166679678 -0.362540213278626
19.8958701715055 -0.391780401558499
19.9034236750432 -0.42063005461378
19.9109771785809 -0.44906041448292
19.9185306821186 -0.477043141164893
19.9260841856563 -0.504550340869172
19.933637689194 -0.531554593820899
19.9411911927317 -0.558028981593442
19.9487446962693 -0.583947113941312
19.956298199807 -0.609283155106513
19.9638517033447 -0.634011849572238
19.9714052068824 -0.658108547238041
19.9789587104201 -0.681549227991629
19.9865122139578 -0.70431052565267
19.9940657174955 -0.726369751264641
20.0016192210332 -0.747704915711713
20.0091727245709 -0.768294751637968
20.0167262281085 -0.788118734647192
20.0242797316462 -0.807157103761988
20.0318332351839 -0.825390881121972
20.0393867387216 -0.842801890901349
20.0469402422593 -0.859372777426913
20.054493745797 -0.875087022478597
20.0620472493347 -0.889928961755178
20.0696007528724 -0.903883800488823
20.0771542564101 -0.91693762819279
20.0847077599477 -0.929077432527728
20.0922612634854 -0.940291112272675
20.0998147670231 -0.950567489387783
20.1073682705608 -0.959896320156859
20.1149217740985 -0.968268305398506
20.1224752776362 -0.975675099735773
20.1300287811739 -0.982109319914981
20.1375822847116 -0.987564552165523
20.1451357882492 -0.992035358593258
20.1526892917869 -0.995517282601106
20.1602427953246 -0.998006853331494
20.1677962988623 -0.999501589126174
20.1753498024 -1
20.1944395483573 -0.999501589126174
20.2135292943146 -0.998006853331493
20.2326190402719 -0.995517282601106
20.2517087862291 -0.992035358593258
20.2707985321864 -0.987564552165523
20.2898882781437 -0.982109319914981
20.308978024101 -0.975675099735773
20.3280677700583 -0.968268305398508
20.3471575160156 -0.959896320156857
20.3662472619729 -0.950567489387784
20.3853370079302 -0.940291112272675
20.4044267538874 -0.929077432527732
20.4235164998447 -0.916937628192789
20.442606245802 -0.903883800488822
20.4616959917593 -0.88992896175518
20.4807857377166 -0.875087022478593
20.4998754836739 -0.859372777426912
20.5189652296312 -0.84280189090135
20.5380549755884 -0.825390881121977
20.5571447215457 -0.807157103761984
20.576234467503 -0.788118734647193
20.5953242134603 -0.76829475163797
20.6144139594176 -0.74770491571171
20.6335037053749 -0.726369751264639
20.6525934513322 -0.704310525652674
20.6716831972894 -0.681549227991634
20.6907729432467 -0.658108547238036
20.709862689204 -0.634011849572239
20.7289524351613 -0.609283155106515
20.7480421811186 -0.583947113941307
20.7671319270759 -0.558028981593439
20.7862216730332 -0.531554593820903
20.8053114189905 -0.504550340869176
20.8244011649477 -0.477043141164891
20.843490910905 -0.449060414482919
20.8625806568623 -0.420630054613786
20.8816704028196 -0.391780401558493
20.9007601487769 -0.362540213278627
20.9198498947342 -0.332938637029761
20.9389396406915 -0.30300518030687
20.9580293866487 -0.272769681430603
20.977119132606 -0.242262279803781
20.9962088785633 -0.21151338586782
21.0152986245206 -0.1805536507889
21.0343883704779 -0.149413935904262
21.0534781164352 -0.118125281958907
21.0725678623925 -0.0867188781635525
21.0916576083497 -0.0552260311045071
21.110747354307 -0.0236781335366261
21.1298371002643 0.00789336690971398
21.1489268462216 0.03945699907625
21.1680165921789 0.070981299648016
21.1871063381362 0.102434844516616
21.2061960840935 0.133786280104479
21.2252858300508 0.165004354618802
21.244375576008 0.196057949203977
21.2634653219653 0.226916108961592
21.2825550679226 0.257548073806896
21.3016448138799 0.287923309131168
21.3207345598372 0.318011536239237
21.3398243057945 0.347782762531983
21.3589140517518 0.377207311403574
21.378003797709 0.40625585182379
21.3970935436663 0.434899427575791
21.4161832896236 0.463109486120348
21.4352730355809 0.490857907057596
21.4543627815382 0.518117030158077
21.4734525274955 0.544859682935072
21.4925422734528 0.571059207730694
21.5116320194101 0.596689488288858
21.5307217653673 0.621724975788494
21.5498115113246 0.646140714311211
21.5689012572819 0.669912365717854
21.5879910032392 0.693016233909332
21.6070807491965 0.71542928844737
21.6261704951538 0.737129187511779
21.6452602411111 0.758094300171244
21.6643499870683 0.77830372794553
21.6834397330256 0.797737325637521
21.7025294789829 0.816375721414399
21.7216192249402 0.834200336117919
21.7407089708975 0.851193401784494
21.7597987168548 0.867337979356716
21.7788884628121 0.882617975568546
21.7979782087693 0.897018158987464
21.8170679547266 0.910524175197461
21.8361577006839 0.923122561107861
21.8552474466412 0.934800758373598
21.8743371925985 0.945547125913667
21.8934269385558 0.955350951515194
21.9125166845131 0.964202462511612
21.9316064304703 0.972092835524256
21.9506961764276 0.979014205257714
21.9697859223849 0.984959672340111
21.9888756683422 0.989923310200557
22.0079654142995 0.993900170976888
22.0270551602568 0.996886290447793
22.0461449062141 0.998878691984444
22.0652346521714 0.999875389517657
22.0843243981286 0.999875389517657
22.1034141440859 0.998878691984444
22.1225038900432 0.996886290447793
22.1415936360005 0.993900170976888
22.1606833819578 0.989923310200557
22.1797731279151 0.98495967234011
22.1988628738724 0.979014205257715
22.2179526198296 0.972092835524258
22.2370423657869 0.964202462511612
22.2561321117442 0.955350951515194
22.2752218577015 0.945547125913668
22.2943116036588 0.934800758373598
22.3134013496161 0.923122561107861
22.3324910955734 0.910524175197462
22.3515808415307 0.897018158987464
22.3706705874879 0.882617975568546
22.3897603334452 0.867337979356716
22.4088500794025 0.851193401784494
22.4279398253598 0.834200336117916
22.4470295713171 0.816375721414399
22.4661193172744 0.797737325637521
22.4852090632317 0.77830372794553
22.5042988091889 0.758094300171244
22.5233885551462 0.73712918751178
22.5424783011035 0.71542928844737
22.5615680470608 0.693016233909333
22.5806577930181 0.669912365717854
22.5997475389754 0.646140714311211
22.6188372849327 0.621724975788495
22.6379270308899 0.596689488288858
22.6570167768472 0.571059207730694
22.6761065228045 0.544859682935073
22.6951962687618 0.518117030158077
22.7142860147191 0.490857907057597
22.7333757606764 0.463109486120348
22.7524655066337 0.434899427575792
22.771555252591 0.40625585182379
22.7906449985482 0.377207311403574
22.8097347445055 0.347782762531984
22.8288244904628 0.318011536239237
22.8479142364201 0.287923309131168
22.8670039823774 0.257548073806896
22.8860937283347 0.226916108961593
22.905183474292 0.196057949203978
22.9242732202492 0.165004354618802
22.9433629662065 0.133786280104479
22.9624527121638 0.102434844516617
22.9815424581211 0.0709812996480162
23.0006322040784 0.0394569990762509
23.0197219500357 0.00789336690971378
23.038811695993 -0.0236781335366265
23.0579014419502 -0.0552260311045066
23.0769911879075 -0.0867188781635523
23.0960809338648 -0.118125281958906
23.1151706798221 -0.149413935904262
23.1342604257794 -0.180553650788899
23.1533501717367 -0.211513385867819
23.172439917694 -0.242262279803786
23.1915296636513 -0.272769681430603
23.2106194096085 -0.30300518030687
23.2297091555658 -0.33293863702976
23.2487989015231 -0.362540213278626
23.2678886474804 -0.391780401558493
23.2869783934377 -0.420630054613786
23.306068139395 -0.449060414482919
23.3251578853523 -0.47704314116489
23.3442476313095 -0.504550340869176
23.3633373772668 -0.531554593820903
23.3824271232241 -0.558028981593438
23.4015168691814 -0.583947113941307
23.4206066151387 -0.609283155106515
23.439696361096 -0.634011849572239
23.4587861070533 -0.658108547238035
23.4778758530106 -0.681549227991633
23.4969655989678 -0.704310525652674
23.5160553449251 -0.726369751264639
23.5351450908824 -0.74770491571171
23.5542348368397 -0.76829475163797
23.573324582797 -0.788118734647193
23.5924143287543 -0.807157103761985
23.6115040747116 -0.825390881121977
23.6305938206688 -0.842801890901349
23.6496835666261 -0.859372777426912
23.6687733125834 -0.875087022478592
23.6878630585407 -0.889928961755181
23.706952804498 -0.903883800488822
23.7260425504553 -0.916937628192789
23.7451322964126 -0.929077432527731
23.7642220423698 -0.940291112272675
23.7833117883271 -0.950567489387784
23.8024015342844 -0.959896320156857
23.8214912802417 -0.968268305398508
23.840581026199 -0.975675099735773
23.8596707721563 -0.982109319914981
23.8787605181136 -0.987564552165523
23.8978502640709 -0.992035358593258
23.9169400100281 -0.995517282601106
23.9360297559854 -0.998006853331493
23.9551195019427 -0.999501589126174
23.9742092479 -1
23.9894142265538 -0.999501589126174
24.0046192052075 -0.998006853331493
24.0198241838613 -0.995517282601106
24.0350291625151 -0.992035358593258
24.0502341411688 -0.987564552165524
24.0654391198226 -0.98210931991498
24.0806440984764 -0.975675099735774
24.0958490771302 -0.968268305398507
24.1110540557839 -0.959896320156858
24.1262590344377 -0.950567489387783
24.1414640130915 -0.940291112272675
24.1566689917452 -0.929077432527731
24.171873970399 -0.916937628192788
24.1870789490528 -0.903883800488822
24.2022839277065 -0.889928961755181
24.2174889063603 -0.875087022478593
24.2326938850141 -0.859372777426913
24.2478988636678 -0.84280189090135
24.2631038423216 -0.825390881121974
24.2783088209754 -0.807157103761986
24.2935137996291 -0.788118734647191
24.3087187782829 -0.768294751637972
24.3239237569367 -0.747704915711709
24.3391287355905 -0.726369751264637
24.3543337142442 -0.704310525652673
24.369538692898 -0.681549227991633
24.3847436715518 -0.65810854723804
24.3999486502055 -0.634011849572239
24.4151536288593 -0.609283155106515
24.4303586075131 -0.583947113941308
24.4455635861668 -0.558028981593439
24.4607685648206 -0.531554593820904
24.4759735434744 -0.504550340869178
24.4911785221281 -0.477043141164887
24.5063835007819 -0.449060414482922
24.5215884794357 -0.420630054613784
24.5367934580894 -0.39178040155849
24.5519984367432 -0.362540213278625
24.567203415397 -0.332938637029759
24.5824083940508 -0.303005180306875
24.5976133727045 -0.272769681430603
24.6128183513583 -0.24226227980378
24.6280233300121 -0.21151338586782
24.6432283086658 -0.1805536507889
24.6584332873196 -0.149413935904264
24.6736382659734 -0.118125281958908
24.6888432446271 -0.0867188781635476
24.7040482232809 -0.0552260311045097
24.7192532019347 -0.0236781335366223
24.7344581805884 0.0078933669097102
24.7496631592422 0.0394569990762525
24.764868137896 0.0709812996480187
24.7800731165497 0.102434844516612
24.7952780952035 0.13378628010448
24.8104830738573 0.165004354618796
24.8256880525111 0.196057949203978
24.8408930311648 0.226916108961592
24.8560980098186 0.257548073806895
24.8713029884724 0.287923309131167
24.8865079671261 0.318011536239235
24.9017129457799 0.347782762531982
24.9169179244337 0.377207311403578
24.9321229030874 0.406255851823787
24.9473278817412 0.434899427575794
24.962532860395 0.463109486120345
24.9777378390487 0.490857907057593
24.9929428177025 0.518117030158079
25.0081477963563 0.544859682935068
25.02335277501 0.571059207730695
25.0385577536638 0.596689488288858
25.0537627323176 0.621724975788494
25.0689677109714 0.646140714311211
25.0841726896251 0.669912365717853
25.0993776682789 0.693016233909332
25.1145826469327 0.715429288447373
25.1297876255864 0.737129187511778
25.1449926042402 0.758094300171246
25.160197582894 0.778303727945528
25.1754025615477 0.797737325637519
25.1906075402015 0.816375721414401
25.2058125188553 0.834200336117916
25.221017497509 0.851193401784495
25.2362224761628 0.867337979356716
25.2514274548166 0.882617975568546
25.2666324334704 0.897018158987465
25.2818374121241 0.910524175197461
25.2970423907779 0.923122561107861
25.3122473694317 0.9348007583736
25.3274523480854 0.945547125913667
25.3426573267392 0.955350951515195
25.357862305393 0.964202462511611
25.3730672840467 0.972092835524257
25.3882722627005 0.979014205257715
25.4034772413543 0.98495967234011
25.418682220008 0.989923310200557
25.4338871986618 0.993900170976887
25.4490921773156 0.996886290447793
25.4642971559693 0.998878691984444
25.4795021346231 0.999875389517657
25.4947071132769 0.999875389517657
25.5099120919307 0.998878691984444
25.5251170705844 0.996886290447793
25.5403220492382 0.993900170976888
25.555527027892 0.989923310200557
25.5707320065457 0.98495967234011
25.5859369851995 0.979014205257715
25.6011419638533 0.972092835524257
25.616346942507 0.964202462511611
25.6315519211608 0.955350951515195
25.6467568998146 0.945547125913667
25.6619618784683 0.9348007583736
25.6771668571221 0.923122561107861
25.6923718357759 0.910524175197461
25.7075768144296 0.897018158987464
25.7227817930834 0.882617975568547
25.7379867717372 0.867337979356717
25.753191750391 0.851193401784495
25.7683967290447 0.834200336117917
25.7836017076985 0.816375721414401
25.7988066863523 0.79773732563752
25.814011665006 0.778303727945528
25.8292166436598 0.758094300171246
25.8444216223136 0.737129187511778
25.8596266009673 0.715429288447374
25.8748315796211 0.693016233909332
25.8900365582749 0.669912365717854
25.9052415369286 0.646140714311211
25.9204465155824 0.621724975788494
25.9356514942362 0.596689488288859
25.9508564728899 0.571059207730695
25.9660614515437 0.544859682935069
25.9812664301975 0.518117030158079
25.9964714088513 0.490857907057593
26.011676387505 0.463109486120344
26.0268813661588 0.434899427575794
26.0420863448126 0.406255851823787
26.0572913234663 0.377207311403579
26.0724963021201 0.347782762531982
26.0877012807739 0.318011536239235
26.1029062594276 0.287923309131167
26.1181112380814 0.257548073806895
26.1333162167352 0.226916108961593
26.1485211953889 0.196057949203978
26.1637261740427 0.165004354618796
26.1789311526965 0.13378628010448
26.1941361313503 0.102434844516611
26.209341110004 0.0709812996480189
26.2245460886578 0.0394569990762527
26.2397510673116 0.00789336690971022
26.2549560459653 -0.0236781335366221
26.2701610246191 -0.0552260311045093
26.2853660032729 -0.0867188781635478
26.3005709819266 -0.118125281958907
26.3157759605804 -0.149413935904263
26.3309809392342 -0.1805536507889
26.3461859178879 -0.211513385867819
26.3613908965417 -0.242262279803779
26.3765958751955 -0.272769681430602
26.3918008538492 -0.303005180306875
26.407005832503 -0.332938637029759
26.4222108111568 -0.362540213278625
26.4374157898106 -0.39178040155849
26.4526207684643 -0.420630054613784
26.4678257471181 -0.449060414482922
26.4830307257719 -0.477043141164887
26.4982357044256 -0.504550340869178
26.5134406830794 -0.531554593820898
26.5286456617332 -0.558028981593439
26.5438506403869 -0.583947113941307
26.5590556190407 -0.609283155106515
26.5742605976945 -0.634011849572239
26.5894655763482 -0.658108547238039
26.604670555002 -0.681549227991633
26.6198755336558 -0.704310525652673
26.6350805123095 -0.726369751264642
26.6502854909633 -0.747704915711709
26.6654904696171 -0.768294751637972
26.6806954482709 -0.788118734647191
26.6959004269246 -0.807157103761986
26.7111054055784 -0.825390881121974
26.7263103842322 -0.84280189090135
26.7415153628859 -0.859372777426913
26.7567203415397 -0.875087022478593
26.7719253201935 -0.889928961755181
26.7871302988472 -0.903883800488825
26.802335277501 -0.916937628192788
26.8175402561548 -0.929077432527731
26.8327452348085 -0.940291112272675
26.8479502134623 -0.950567489387783
26.8631551921161 -0.959896320156858
26.8783601707698 -0.968268305398507
26.8935651494236 -0.975675099735774
26.9087701280774 -0.98210931991498
26.9239751067312 -0.987564552165524
26.9391800853849 -0.992035358593258
26.9543850640387 -0.995517282601106
26.9695900426925 -0.998006853331493
26.9847950213462 -0.999501589126174
27 -1
