0 -1
0.00685391470150754 -0.999501589126174
0.0137078294030151 -0.998006853331493
0.0205617441045226 -0.995517282601106
0.0274156588060302 -0.992035358593258
0.0342695735075377 -0.987564552165524
0.0411234882090452 -0.98210931991498
0.0479774029105528 -0.975675099735774
0.0548313176120603 -0.968268305398507
0.0616852323135678 -0.959896320156857
0.0685391470150754 -0.950567489387783
0.0753930617165829 -0.940291112272676
0.0822469764180905 -0.929077432527731
0.089100891119598 -0.916937628192789
0.0959548058211055 -0.903883800488824
0.102808720522613 -0.88992896175518
0.109662635224121 -0.875087022478594
0.116516549925628 -0.859372777426912
0.123370464627136 -0.842801890901351
0.130224379328643 -0.825390881121976
0.137078294030151 -0.807157103761985
0.143932208731658 -0.788118734647192
0.150786123433166 -0.768294751637971
0.157640038134673 -0.747704915711709
0.164493952836181 -0.726369751264639
0.171347867537688 -0.704310525652672
0.178201782239196 -0.681549227991634
0.185055696940704 -0.658108547238038
0.191909611642211 -0.634011849572239
0.198763526343719 -0.609283155106517
0.205617441045226 -0.583947113941306
0.212471355746734 -0.55802898159344
0.219325270448241 -0.531554593820901
0.226179185149749 -0.504550340869177
0.233033099851256 -0.47704314116489
0.239887014552764 -0.44906041448292
0.246740929254271 -0.420630054613784
0.253594843955779 -0.391780401558493
0.260448758657286 -0.362540213278625
0.267302673358794 -0.332938637029761
0.274156588060302 -0.303005180306873
0.281010502761809 -0.272769681430603
0.287864417463317 -0.242262279803783
0.294718332164824 -0.211513385867819
0.301572246866332 -0.180553650788902
0.308426161567839 -0.149413935904261
0.315280076269347 -0.118125281958908
0.322133990970854 -0.0867188781635509
0.328987905672362 -0.0552260311045084
0.335841820373869 -0.0236781335366239
0.342695735075377 0.00789336690971353
0.349549649776884 0.0394569990762527
0.356403564478392 0.070981299648016
0.3632574791799 0.102434844516614
0.370111393881407 0.133786280104479
0.376965308582915 0.165004354618799
0.383819223284422 0.196057949203978
0.39067313798593 0.22691610896159
0.397527052687437 0.257548073806896
0.404380967388945 0.287923309131166
0.411234882090452 0.318011536239238
0.41808879679196 0.347782762531982
0.424942711493467 0.377207311403576
0.431796626194975 0.406255851823789
0.438650540896482 0.434899427575793
0.44550445559799 0.463109486120348
0.452358370299497 0.490857907057594
0.459212285001005 0.518117030158078
0.466066199702513 0.54485968293507
0.47292011440402 0.571059207730695
0.479774029105528 0.596689488288856
0.486627943807035 0.621724975788495
0.493481858508543 0.64614071431121
0.50033577321005 0.669912365717855
0.507189687911558 0.693016233909332
0.514043602613065 0.715429288447371
0.520897517314573 0.737129187511779
0.52775143201608 0.758094300171245
0.534605346717588 0.77830372794553
0.541459261419096 0.797737325637519
0.548313176120603 0.816375721414399
0.555167090822111 0.834200336117917
0.562021005523618 0.851193401784495
0.568874920225126 0.867337979356715
0.575728834926633 0.882617975568547
0.582582749628141 0.897018158987463
0.589436664329648 0.910524175197462
0.596290579031156 0.923122561107861
0.603144493732663 0.934800758373598
0.609998408434171 0.945547125913667
0.616852323135678 0.955350951515195
0.623706237837186 0.964202462511612
0.630560152538693 0.972092835524257
0.637414067240201 0.979014205257714
0.644267981941709 0.98495967234011
0.651121896643216 0.989923310200557
0.657975811344724 0.993900170976888
0.664829726046231 0.996886290447793
0.671683640747739 0.998878691984444
0.678537555449246 0.999875389517657
0.685391470150754 0.999875389517657
0.692245384852261 0.998878691984444
0.699099299553769 0.996886290447793
0.705953214255276 0.993900170976888
0.712807128956784 0.989923310200557
0.719661043658291 0.984959672340111
0.726514958359799 0.979014205257714
0.733368873061306 0.972092835524257
0.740222787762814 0.964202462511612
0.747076702464322 0.955350951515195
0.753930617165829 0.945547125913667
0.760784531867337 0.934800758373598
0.767638446568844 0.923122561107861
0.774492361270352 0.910524175197462
0.781346275971859 0.897018158987464
0.788200190673367 0.882617975568547
0.795054105374874 0.867337979356715
0.801908020076382 0.851193401784495
0.808761934777889 0.834200336117918
0.815615849479397 0.816375721414399
0.822469764180905 0.79773732563752
0.829323678882412 0.77830372794553
0.83617759358392 0.758094300171246
0.843031508285427 0.737129187511779
0.849885422986935 0.715429288447371
0.856739337688442 0.693016233909332
0.86359325238995 0.669912365717855
0.870447167091457 0.646140714311209
0.877301081792965 0.621724975788495
0.884154996494472 0.596689488288856
0.89100891119598 0.571059207730695
0.897862825897487 0.544859682935071
0.904716740598995 0.518117030158078
0.911570655300503 0.490857907057594
0.91842457000201 0.463109486120348
0.925278484703518 0.434899427575793
0.932132399405025 0.406255851823789
0.938986314106533 0.377207311403576
0.94584022880804 0.347782762531982
0.952694143509548 0.318011536239239
0.959548058211055 0.287923309131167
0.966401972912563 0.257548073806896
0.97325588761407 0.22691610896159
0.980109802315578 0.196057949203978
0.986963717017086 0.1650043546188
0.993817631718593 0.133786280104479
1.0006715464201 0.102434844516613
1.00752546112161 0.0709812996480162
1.01437937582312 0.0394569990762527
1.02123329052462 0.00789336690971378
1.02808720522613 -0.0236781335366239
1.03494111992764 -0.0552260311045093
1.04179503462915 -0.0867188781635505
1.04864894933065 -0.118125281958908
1.05550286403216 -0.14941393590426
1.06235677873367 -0.180553650788903
1.06921069343518 -0.211513385867819
1.07606460813668 -0.242262279803784
1.08291852283819 -0.272769681430603
1.0897724375397 -0.303005180306873
1.09662635224121 -0.332938637029761
1.10348026694271 -0.362540213278624
1.11033418164422 -0.391780401558493
1.11718809634573 -0.420630054613784
1.12404201104724 -0.44906041448292
1.13089592574874 -0.477043141164889
1.13774984045025 -0.504550340869177
1.14460375515176 -0.531554593820901
1.15145766985327 -0.55802898159344
1.15831158455477 -0.583947113941305
1.16516549925628 -0.609283155106516
1.17201941395779 -0.634011849572238
1.1788733286593 -0.658108547238037
1.1857272433608 -0.681549227991634
1.19258115806231 -0.704310525652672
1.19943507276382 -0.726369751264639
1.20628898746533 -0.747704915711709
1.21314290216683 -0.768294751637971
1.21999681686834 -0.788118734647192
1.22685073156985 -0.807157103761985
1.23370464627136 -0.825390881121976
1.24055856097286 -0.842801890901351
1.24741247567437 -0.859372777426911
1.25426639037588 -0.875087022478594
1.26112030507739 -0.88992896175518
1.26797421977889 -0.903883800488824
1.2748281344804 -0.916937628192788
1.28168204918191 -0.92907743252773
1.28853596388342 -0.940291112272675
1.29538987858492 -0.950567489387782
1.30224379328643 -0.959896320156857
1.30909770798794 -0.968268305398507
1.31595162268945 -0.975675099735773
1.32280553739095 -0.98210931991498
1.32965945209246 -0.987564552165524
1.33651336679397 -0.992035358593258
1.34336728149548 -0.995517282601106
1.35022119619698 -0.998006853331493
1.35707511089849 -0.999501589126174
1.3639290256 -1
1.36909817890302 -0.999501589126174
1.37426733220603 -0.998006853331493
1.37943648550905 -0.995517282601106
1.38460563881206 -0.992035358593258
1.38977479211508 -0.987564552165524
1.39494394541809 -0.98210931991498
1.40011309872111 -0.975675099735773
1.40528225202412 -0.968268305398507
1.41045140532714 -0.959896320156857
1.41562055863015 -0.950567489387783
1.42078971193317 -0.940291112272676
1.42595886523618 -0.92907743252773
1.4311280185392 -0.916937628192789
1.43629717184221 -0.903883800488824
1.44146632514523 -0.88992896175518
1.44663547844824 -0.875087022478593
1.45180463175126 -0.859372777426912
1.45697378505427 -0.842801890901351
1.46214293835729 -0.825390881121976
1.4673120916603 -0.807157103761985
1.47248124496332 -0.788118734647192
1.47765039826633 -0.768294751637971
1.48281955156935 -0.747704915711709
1.48798870487236 -0.726369751264639
1.49315785817538 -0.704310525652672
1.49832701147839 -0.681549227991634
1.50349616478141 -0.658108547238037
1.50866531808442 -0.634011849572239
1.51383447138744 -0.609283155106517
1.51900362469045 -0.583947113941306
1.52417277799347 -0.558028981593441
1.52934193129648 -0.531554593820902
1.5345110845995 -0.504550340869177
1.53968023790251 -0.47704314116489
1.54484939120553 -0.44906041448292
1.55001854450854 -0.420630054613784
1.55518769781156 -0.391780401558494
1.56035685111457 -0.362540213278625
1.56552600441759 -0.332938637029761
1.5706951577206 -0.303005180306873
1.57586431102362 -0.272769681430603
1.58103346432663 -0.242262279803783
1.58620261762965 -0.21151338586782
1.59137177093266 -0.180553650788902
1.59654092423568 -0.14941393590426
1.60171007753869 -0.118125281958908
1.60687923084171 -0.0867188781635507
1.61204838414472 -0.0552260311045077
1.61721753744774 -0.0236781335366243
1.62238669075075 0.00789336690971331
1.62755584405377 0.0394569990762534
1.63272499735678 0.0709812996480156
1.6378941506598 0.102434844516613
1.64306330396281 0.13378628010448
1.64823245726583 0.165004354618799
1.65340161056884 0.196057949203978
1.65857076387186 0.226916108961589
1.66373991717487 0.257548073806896
1.66890907047789 0.287923309131167
1.6740782237809 0.318011536239239
1.67924737708392 0.347782762531982
1.68441653038693 0.377207311403576
1.68958568368995 0.406255851823788
1.69475483699296 0.434899427575793
1.69992399029598 0.463109486120348
1.705093143599 0.490857907057594
1.71026229690201 0.518117030158077
1.71543145020503 0.54485968293507
1.72060060350804 0.571059207730694
1.72576975681106 0.596689488288856
1.73093891011407 0.621724975788495
1.73610806341709 0.64614071431121
1.7412772167201 0.669912365717855
1.74644637002312 0.693016233909331
1.75161552332613 0.715429288447371
1.75678467662915 0.737129187511779
1.76195382993216 0.758094300171246
1.76712298323518 0.778303727945529
1.77229213653819 0.797737325637519
1.77746128984121 0.816375721414399
1.78263044314422 0.834200336117917
1.78779959644724 0.851193401784495
1.79296874975025 0.867337979356715
1.79813790305327 0.882617975568547
1.80330705635628 0.897018158987464
1.8084762096593 0.910524175197463
1.81364536296231 0.923122561107861
1.81881451626533 0.934800758373598
1.82398366956834 0.945547125913667
1.82915282287136 0.955350951515195
1.83432197617437 0.964202462511612
1.83949112947739 0.972092835524257
1.8446602827804 0.979014205257714
1.84982943608342 0.984959672340111
1.85499858938643 0.989923310200557
1.86016774268945 0.993900170976888
1.86533689599246 0.996886290447793
1.87050604929548 0.998878691984444
1.87567520259849 0.999875389517657
1.88084435590151 0.999875389517657
1.88601350920452 0.998878691984444
1.89118266250754 0.996886290447793
1.89635181581055 0.993900170976888
1.90152096911357 0.989923310200557
1.90669012241658 0.984959672340111
1.9118592757196 0.979014205257715
1.91702842902261 0.972092835524257
1.92219758232563 0.964202462511612
1.92736673562864 0.955350951515195
1.93253588893166 0.945547125913667
1.93770504223467 0.934800758373598
1.94287419553769 0.923122561107861
1.9480433488407 0.910524175197462
1.95321250214372 0.897018158987464
1.95838165544673 0.882617975568547
1.96355080874975 0.867337979356715
1.96871996205276 0.851193401784495
1.97388911535578 0.834200336117917
1.97905826865879 0.816375721414399
1.98422742196181 0.79773732563752
1.98939657526482 0.77830372794553
1.99456572856784 0.758094300171246
1.99973488187085 0.737129187511779
2.00490403517387 0.715429288447371
2.01007318847688 0.693016233909333
2.0152423417799 0.669912365717856
2.02041149508291 0.64614071431121
2.02558064838593 0.621724975788496
2.03074980168894 0.596689488288856
2.03591895499196 0.571059207730694
2.04108810829498 0.54485968293507
2.04625726159799 0.518117030158076
2.051426414901 0.490857907057595
2.05659556820402 0.463109486120348
2.06176472150704 0.434899427575793
2.06693387481005 0.406255851823789
2.07210302811307 0.377207311403575
2.07727218141608 0.347782762531983
2.0824413347191 0.318011536239239
2.08761048802211 0.287923309131167
2.09277964132513 0.257548073806896
2.09794879462814 0.22691610896159
2.10311794793116 0.196057949203977
2.10828710123417 0.165004354618798
2.11345625453719 0.133786280104479
2.1186254078402 0.102434844516613
2.12379456114322 0.0709812996480162
2.12896371444623 0.0394569990762554
2.13413286774925 0.00789336690971467
2.13930202105226 -0.023678133536623
2.14447117435528 -0.0552260311045075
2.14964032765829 -0.0867188781635505
2.15480948096131 -0.118125281958908
2.15997863426432 -0.149413935904261
2.16514778756734 -0.180553650788903
2.17031694087035 -0.211513385867818
2.17548609417337 -0.242262279803783
2.18065524747638 -0.272769681430603
2.1858244007794 -0.303005180306873
2.19099355408241 -0.332938637029761
2.19616270738543 -0.362540213278623
2.20133186068844 -0.391780401558492
2.20650101399146 -0.420630054613784
2.21167016729447 -0.44906041448292
2.21683932059749 -0.47704314116489
2.2220084739005 -0.504550340869178
2.22717762720352 -0.531554593820902
2.23234678050653 -0.558028981593442
2.23751593380955 -0.583947113941306
2.24268508711256 -0.609283155106517
2.24785424041558 -0.634011849572239
2.25302339371859 -0.658108547238039
2.25819254702161 -0.681549227991633
2.26336170032462 -0.704310525652671
2.26853085362764 -0.726369751264639
2.27370000693065 -0.747704915711709
2.27886916023367 -0.768294751637971
2.28403831353668 -0.788118734647193
2.2892074668397 -0.807157103761985
2.29437662014271 -0.825390881121976
2.29954577344573 -0.84280189090135
2.30471492674874 -0.859372777426912
2.30988408005176 -0.875087022478594
2.31505323335477 -0.88992896175518
2.32022238665779 -0.903883800488823
2.3253915399608 -0.916937628192788
2.33056069326382 -0.92907743252773
2.33572984656683 -0.940291112272676
2.34089899986985 -0.950567489387783
2.34606815317286 -0.959896320156857
2.35123730647588 -0.968268305398507
2.35640645977889 -0.975675099735774
2.36157561308191 -0.98210931991498
2.36674476638492 -0.987564552165524
2.37191391968794 -0.992035358593258
2.37708307299095 -0.995517282601106
2.38225222629397 -0.998006853331493
2.38742137959698 -0.999501589126174
2.3925905329 -1
2.40889724588693 -0.999501589126174
2.42520395887387 -0.998006853331493
2.4415106718608 -0.995517282601106
2.45781738484774 -0.992035358593258
2.47412409783467 -0.987564552165524
2.49043081082161 -0.98210931991498
2.50673752380854 -0.975675099735774
2.52304423679548 -0.968268305398507
2.53935094978241 -0.959896320156857
2.55565766276935 -0.950567489387783
2.57196437575628 -0.940291112272676
2.58827108874322 -0.92907743252773
2.60457780173015 -0.916937628192789
2.62088451471709 -0.903883800488824
2.63719122770402 -0.88992896175518
2.65349794069095 -0.875087022478594
2.66980465367789 -0.859372777426912
2.68611136666482 -0.84280189090135
2.70241807965176 -0.825390881121976
2.71872479263869 -0.807157103761985
2.73503150562563 -0.788118734647193
2.75133821861256 -0.768294751637971
2.7676449315995 -0.747704915711709
2.78395164458643 -0.726369751264639
2.80025835757337 -0.704310525652672
2.8165650705603 -0.681549227991634
2.83287178354724 -0.658108547238038
2.84917849653417 -0.634011849572239
2.86548520952111 -0.609283155106517
2.88179192250804 -0.583947113941306
2.89809863549497 -0.55802898159344
2.91440534848191 -0.531554593820901
2.93071206146884 -0.504550340869178
2.94701877445578 -0.47704314116489
2.96332548744271 -0.44906041448292
2.97963220042965 -0.420630054613784
2.99593891341658 -0.391780401558493
3.01224562640352 -0.362540213278624
3.02855233939045 -0.332938637029761
3.04485905237739 -0.303005180306873
3.06116576536432 -0.272769681430603
3.07747247835126 -0.242262279803783
3.09377919133819 -0.211513385867818
3.11008590432513 -0.180553650788902
3.12639261731206 -0.149413935904261
3.14269933029899 -0.118125281958908
3.15900604328593 -0.0867188781635516
3.17531275627286 -0.0552260311045082
3.1916194692598 -0.0236781335366234
3.20792618224673 0.00789336690971353
3.22423289523367 0.0394569990762529
3.2405396082206 0.0709812996480156
3.25684632120754 0.102434844516613
3.27315303419447 0.133786280104479
3.28945974718141 0.165004354618799
3.30576646016834 0.196057949203978
3.32207317315528 0.22691610896159
3.33837988614221 0.257548073806896
3.35468659912915 0.287923309131166
3.37099331211608 0.318011536239239
3.38730002510301 0.347782762531982
3.40360673808995 0.377207311403576
3.41991345107688 0.406255851823789
3.43622016406382 0.434899427575793
3.45252687705075 0.463109486120348
3.46883359003769 0.490857907057593
3.48514030302462 0.518117030158078
3.50144701601156 0.54485968293507
3.51775372899849 0.571059207730695
3.53406044198543 0.596689488288856
3.55036715497236 0.621724975788495
3.5666738679593 0.64614071431121
3.58298058094623 0.669912365717855
3.59928729393317 0.693016233909332
3.6155940069201 0.715429288447372
3.63190071990704 0.737129187511779
3.64820743289397 0.758094300171245
3.6645141458809 0.77830372794553
3.68082085886784 0.797737325637519
3.69712757185477 0.816375721414399
3.71343428484171 0.834200336117918
3.72974099782864 0.851193401784495
3.74604771081558 0.867337979356715
3.76235442380251 0.882617975568547
3.77866113678945 0.897018158987463
3.79496784977638 0.910524175197462
3.81127456276332 0.923122561107861
3.82758127575025 0.934800758373598
3.84388798873719 0.945547125913667
3.86019470172412 0.955350951515195
3.87650141471106 0.964202462511612
3.89280812769799 0.972092835524257
3.90911484068492 0.979014205257715
3.92542155367186 0.98495967234011
3.94172826665879 0.989923310200557
3.95803497964573 0.993900170976888
3.97434169263266 0.996886290447793
3.9906484056196 0.998878691984444
4.00695511860653 0.999875389517657
4.02326183159347 0.999875389517657
4.0395685445804 0.998878691984444
4.05587525756734 0.996886290447793
4.07218197055427 0.993900170976888
4.08848868354121 0.989923310200557
4.10479539652814 0.984959672340111
4.12110210951507 0.979014205257715
4.13740882250201 0.972092835524257
4.15371553548894 0.964202462511612
4.17002224847588 0.955350951515195
4.18632896146281 0.945547125913667
4.20263567444975 0.934800758373599
4.21894238743668 0.92312256110786
4.23524910042362 0.910524175197462
4.25155581341055 0.897018158987463
4.26786252639749 0.882617975568547
4.28416923938442 0.867337979356715
4.30047595237136 0.851193401784495
4.31678266535829 0.834200336117918
4.33308937834523 0.816375721414399
4.34939609133216 0.797737325637519
4.3657028043191 0.77830372794553
4.38200951730603 0.758094300171246
4.39831623029296 0.737129187511779
4.4146229432799 0.715429288447371
4.43092965626683 0.693016233909332
4.44723636925377 0.669912365717855
4.4635430822407 0.646140714311211
4.47984979522764 0.621724975788495
4.49615650821457 0.596689488288856
4.51246322120151 0.571059207730695
4.52876993418844 0.54485968293507
4.54507664717538 0.518117030158079
4.56138336016231 0.490857907057593
4.57769007314925 0.463109486120348
4.59399678613618 0.434899427575793
4.61030349912312 0.40625585182379
4.62661021211005 0.377207311403577
4.64291692509699 0.347782762531982
4.65922363808392 0.31801153623924
4.67553035107085 0.287923309131167
4.69183706405779 0.257548073806896
4.70814377704472 0.22691610896159
4.72445049003166 0.196057949203978
4.74075720301859 0.1650043546188
4.75706391600553 0.133786280104479
4.77337062899246 0.102434844516613
4.7896773419794 0.0709812996480162
4.80598405496633 0.0394569990762527
4.82229076795327 0.00789336690971378
4.8385974809402 -0.0236781335366247
4.85490419392714 -0.0552260311045075
4.87121090691407 -0.0867188781635514
4.887517619901 -0.118125281958906
4.90382433288794 -0.14941393590426
4.92013104587487 -0.180553650788901
4.93643775886181 -0.211513385867818
4.95274447184874 -0.242262279803784
4.96905118483568 -0.272769681430602
4.98535789782261 -0.303005180306872
5.00166461080955 -0.332938637029761
5.01797132379648 -0.362540213278625
5.03427803678342 -0.391780401558495
5.05058474977035 -0.420630054613784
5.06689146275729 -0.449060414482921
5.08319817574422 -0.477043141164889
5.09950488873116 -0.504550340869177
5.11581160171809 -0.531554593820901
5.13211831470502 -0.55802898159344
5.14842502769196 -0.583947113941307
5.16473174067889 -0.609283155106516
5.18103845366583 -0.634011849572239
5.19734516665276 -0.658108547238037
5.2136518796397 -0.681549227991634
5.22995859262663 -0.704310525652673
5.24626530561357 -0.726369751264639
5.2625720186005 -0.747704915711709
5.27887873158744 -0.76829475163797
5.29518544457437 -0.788118734647193
5.31149215756131 -0.807157103761986
5.32779887054824 -0.825390881121976
5.34410558353518 -0.842801890901351
5.36041229652211 -0.859372777426911
5.37671900950905 -0.875087022478594
5.39302572249598 -0.88992896175518
5.40933243548291 -0.903883800488823
5.42563914846985 -0.916937628192789
5.44194586145678 -0.92907743252773
5.45825257444372 -0.940291112272675
5.47455928743065 -0.950567489387782
5.49086600041759 -0.959896320156857
5.50717271340452 -0.968268305398507
5.52347942639146 -0.975675099735774
5.53978613937839 -0.98210931991498
5.55609285236533 -0.987564552165524
5.57239956535226 -0.992035358593258
5.5887062783392 -0.995517282601106
5.60501299132613 -0.998006853331493
5.62131970431306 -0.999501589126174
5.6376264173 -1
5.65689152752613 -0.999501589126174
5.67615663775226 -0.998006853331493
5.69542174797839 -0.995517282601106
5.71468685820452 -0.992035358593258
5.73395196843065 -0.987564552165524
5.75321707865678 -0.982109319914981
5.77248218888291 -0.975675099735773
5.79174729910905 -0.968268305398507
5.81101240933518 -0.959896320156857
5.83027751956131 -0.950567489387783
5.84954262978744 -0.940291112272676
5.86880774001357 -0.92907743252773
5.8880728502397 -0.916937628192789
5.90733796046583 -0.903883800488824
5.92660307069196 -0.88992896175518
5.94586818091809 -0.875087022478594
5.96513329114422 -0.859372777426912
5.98439840137035 -0.842801890901351
6.00366351159648 -0.825390881121976
6.02292862182261 -0.807157103761985
6.04219373204874 -0.788118734647193
6.06145884227487 -0.76829475163797
6.08072395250101 -0.747704915711709
6.09998906272714 -0.72636975126464
6.11925417295327 -0.704310525652672
6.1385192831794 -0.681549227991634
6.15778439340553 -0.658108547238037
6.17704950363166 -0.634011849572239
6.19631461385779 -0.609283155106517
6.21557972408392 -0.583947113941306
6.23484483431005 -0.55802898159344
6.25410994453618 -0.531554593820902
6.27337505476231 -0.504550340869177
6.29264016498844 -0.47704314116489
6.31190527521457 -0.449060414482921
6.3311703854407 -0.420630054613784
6.35043549566683 -0.391780401558494
6.36970060589297 -0.362540213278624
6.3889657161191 -0.332938637029761
6.40823082634523 -0.303005180306872
6.42749593657136 -0.272769681430603
6.44676104679749 -0.242262279803784
6.46602615702362 -0.211513385867819
6.48529126724975 -0.180553650788902
6.50455637747588 -0.149413935904262
6.52382148770201 -0.118125281958908
6.54308659792814 -0.0867188781635509
6.56235170815427 -0.0552260311045075
6.5816168183804 -0.0236781335366241
6.60088192860653 0.00789336690971264
6.62014703883266 0.0394569990762531
6.63941214905879 0.0709812996480156
6.65867725928493 0.102434844516614
6.67794236951106 0.133786280104479
6.69720747973719 0.165004354618799
6.71647258996332 0.196057949203978
6.73573770018945 0.22691610896159
6.75500281041558 0.257548073806896
6.77426792064171 0.287923309131167
6.79353303086784 0.318011536239238
6.81279814109397 0.347782762531983
6.8320632513201 0.377207311403576
6.85132836154623 0.40625585182379
6.87059347177236 0.434899427575793
6.88985858199849 0.463109486120347
6.90912369222462 0.490857907057594
6.92838880245075 0.518117030158077
6.94765391267688 0.54485968293507
6.96691902290302 0.571059207730695
6.98618413312915 0.596689488288856
7.00544924335528 0.621724975788495
7.02471435358141 0.64614071431121
7.04397946380754 0.669912365717856
7.06324457403367 0.693016233909332
7.0825096842598 0.715429288447371
7.10177479448593 0.737129187511779
7.12103990471206 0.758094300171246
7.14030501493819 0.77830372794553
7.15957012516432 0.79773732563752
7.17883523539045 0.816375721414399
7.19810034561658 0.834200336117917
7.21736545584271 0.851193401784495
7.23663056606884 0.867337979356715
7.25589567629497 0.882617975568546
7.27516078652111 0.897018158987464
7.29442589674724 0.910524175197462
7.31369100697337 0.92312256110786
7.3329561171995 0.934800758373598
7.35222122742563 0.945547125913667
7.37148633765176 0.955350951515195
7.39075144787789 0.964202462511612
7.41001655810402 0.972092835524257
7.42928166833015 0.979014205257714
7.44854677855628 0.98495967234011
7.46781188878241 0.989923310200557
7.48707699900854 0.993900170976888
7.50634210923467 0.996886290447793
7.5256072194608 0.998878691984444
7.54487232968693 0.999875389517657
7.56413743991306 0.999875389517657
7.5834025501392 0.998878691984444
7.60266766036533 0.996886290447793
7.62193277059146 0.993900170976888
7.64119788081759 0.989923310200557
7.66046299104372 0.984959672340111
7.67972810126985 0.979014205257715
7.69899321149598 0.972092835524257
7.71825832172211 0.964202462511612
7.73752343194824 0.955350951515195
7.75678854217437 0.945547125913667
7.7760536524005 0.934800758373598
7.79531876262663 0.92312256110786
7.81458387285276 0.910524175197463
7.83384898307889 0.897018158987464
7.85311409330503 0.882617975568547
7.87237920353116 0.867337979356715
7.89164431375729 0.851193401784495
7.91090942398342 0.834200336117917
7.93017453420955 0.816375721414399
7.94943964443568 0.79773732563752
7.96870475466181 0.77830372794553
7.98796986488794 0.758094300171245
8.00723497511407 0.73712918751178
8.0265000853402 0.715429288447371
8.04576519556633 0.693016233909331
8.06503030579246 0.669912365717856
8.08429541601859 0.64614071431121
8.10356052624472 0.621724975788495
8.12282563647085 0.596689488288857
8.14209074669698 0.571059207730696
8.16135585692312 0.54485968293507
8.18062096714925 0.518117030158079
8.19988607737538 0.490857907057595
8.21915118760151 0.463109486120348
8.23841629782764 0.434899427575795
8.25768140805377 0.40625585182379
8.2769465182799 0.377207311403576
8.29621162850603 0.347782762531984
8.31547673873216 0.31801153623924
8.33474184895829 0.287923309131167
8.35400695918442 0.257548073806896
8.37327206941055 0.226916108961591
8.39253717963668 0.196057949203978
8.41180228986281 0.165004354618799
8.43106740008895 0.133786280104478
8.45033251031508 0.102434844516615
8.46959762054121 0.0709812996480162
8.48886273076734 0.0394569990762518
8.50812784099347 0.00789336690971467
8.5273929512196 -0.0236781335366239
8.54665806144573 -0.0552260311045084
8.56592317167186 -0.0867188781635496
8.58518828189799 -0.118125281958907
8.60445339212412 -0.149413935904261
8.62371850235025 -0.1805536507889
8.64298361257638 -0.211513385867818
8.66224872280251 -0.242262279803784
8.68151383302864 -0.272769681430601
8.70077894325477 -0.303005180306872
8.7200440534809 -0.332938637029761
8.73930916370704 -0.362540213278626
8.75857427393317 -0.391780401558492
8.7778393841593 -0.420630054613784
8.79710449438543 -0.449060414482921
8.81636960461156 -0.477043141164888
8.83563471483769 -0.504550340869177
8.85489982506382 -0.531554593820902
8.87416493528995 -0.558028981593441
8.89343004551608 -0.583947113941306
8.91269515574221 -0.609283155106517
8.93196026596834 -0.63401184957224
8.95122537619447 -0.658108547238037
8.9704904864206 -0.681549227991634
8.98975559664673 -0.704310525652673
9.00902070687286 -0.726369751264639
9.028285817099 -0.747704915711709
9.04755092732513 -0.768294751637971
9.06681603755126 -0.788118734647191
9.08608114777739 -0.807157103761985
9.10534625800352 -0.825390881121976
9.12461136822965 -0.842801890901351
9.14387647845578 -0.859372777426911
9.16314158868191 -0.875087022478594
9.18240669890804 -0.889928961755181
9.20167180913417 -0.903883800488823
9.2209369193603 -0.916937628192789
9.24020202958643 -0.929077432527731
9.25946713981256 -0.940291112272676
9.27873225003869 -0.950567489387783
9.29799736026482 -0.959896320156857
9.31726247049096 -0.968268305398508
9.33652758071709 -0.975675099735773
9.35579269094322 -0.98210931991498
9.37505780116935 -0.987564552165524
9.39432291139548 -0.992035358593258
9.41358802162161 -0.995517282601106
9.43285313184774 -0.998006853331493
9.45211824207387 -0.999501589126174
9.4713833523 -1
9.49068877303769 -0.999501589126174
9.50999419377538 -0.998006853331493
9.52929961451307 -0.995517282601106
9.54860503525075 -0.992035358593258
9.56791045598844 -0.987564552165524
9.58721587672613 -0.982109319914981
9.60652129746382 -0.975675099735773
9.62582671820151 -0.968268305398508
9.6451321389392 -0.959896320156857
9.66443755967688 -0.950567489387783
9.68374298041457 -0.940291112272675
9.70304840115226 -0.929077432527731
9.72235382188995 -0.916937628192789
9.74165924262764 -0.903883800488823
9.76096466336533 -0.88992896175518
9.78027008410302 -0.875087022478593
9.7995755048407 -0.859372777426912
9.81888092557839 -0.84280189090135
9.83818634631608 -0.825390881121977
9.85749176705377 -0.807157103761985
9.87679718779146 -0.788118734647193
9.89610260852915 -0.76829475163797
9.91540802926683 -0.74770491571171
9.93471345000452 -0.726369751264639
9.95401887074221 -0.704310525652673
9.9733242914799 -0.681549227991634
9.99262971221759 -0.658108547238037
10.0119351329553 -0.634011849572239
10.031240553693 -0.609283155106516
10.0505459744307 -0.583947113941307
10.0698513951683 -0.558028981593439
10.089156815906 -0.531554593820902
10.1084622366437 -0.504550340869177
10.1277676573814 -0.47704314116489
10.1470730781191 -0.44906041448292
10.1663784988568 -0.420630054613785
10.1856839195945 -0.391780401558493
10.2049893403322 -0.362540213278626
10.2242947610698 -0.332938637029761
10.2436001818075 -0.303005180306871
10.2629056025452 -0.272769681430603
10.2822110232829 -0.242262279803782
10.3015164440206 -0.21151338586782
10.3208218647583 -0.180553650788901
10.340127285496 -0.149413935904262
10.3594327062337 -0.118125281958907
10.3787381269714 -0.0867188781635516
10.398043547709 -0.0552260311045077
10.4173489684467 -0.023678133536625
10.4366543891844 0.00789336690971353
10.4559598099221 0.0394569990762516
10.4752652306598 0.070981299648016
10.4945706513975 0.102434844516615
10.5138760721352 0.133786280104479
10.5331814928729 0.1650043546188
10.5524869136106 0.196057949203978
10.5717923343482 0.226916108961591
10.5910977550859 0.257548073806896
10.6104031758236 0.287923309131167
10.6297085965613 0.318011536239238
10.649014017299 0.347782762531983
10.6683194380367 0.377207311403575
10.6876248587744 0.406255851823789
10.7069302795121 0.434899427575792
10.7262357002497 0.463109486120348
10.7455411209874 0.490857907057592
10.7648465417251 0.518117030158078
10.7841519624628 0.544859682935072
10.8034573832005 0.571059207730694
10.8227628039382 0.596689488288857
10.8420682246759 0.621724975788495
10.8613736454136 0.64614071431121
10.8806790661513 0.669912365717855
10.8999844868889 0.693016233909332
10.9192899076266 0.715429288447371
10.9385953283643 0.737129187511779
10.957900749102 0.758094300171245
10.9772061698397 0.77830372794553
10.9965115905774 0.797737325637519
11.0158170113151 0.816375721414399
11.0351224320528 0.834200336117918
11.0544278527905 0.851193401784494
11.0737332735281 0.867337979356715
11.0930386942658 0.882617975568546
11.1123441150035 0.897018158987464
11.1316495357412 0.910524175197462
11.1509549564789 0.923122561107861
11.1702603772166 0.934800758373598
11.1895657979543 0.945547125913667
11.208871218692 0.955350951515195
11.2281766394296 0.964202462511612
11.2474820601673 0.972092835524257
11.266787480905 0.979014205257715
11.2860929016427 0.984959672340111
11.3053983223804 0.989923310200557
11.3247037431181 0.993900170976888
11.3440091638558 0.996886290447793
11.3633145845935 0.998878691984444
11.3826200053312 0.999875389517657
11.4019254260688 0.999875389517657
11.4212308468065 0.998878691984444
11.4405362675442 0.996886290447793
11.4598416882819 0.993900170976888
11.4791471090196 0.989923310200557
11.4984525297573 0.98495967234011
11.517757950495 0.979014205257715
11.5370633712327 0.972092835524257
11.5563687919704 0.964202462511612
11.575674212708 0.955350951515195
11.5949796334457 0.945547125913667
11.6142850541834 0.934800758373598
11.6335904749211 0.923122561107861
11.6528958956588 0.910524175197462
11.6722013163965 0.897018158987464
11.6915067371342 0.882617975568547
11.7108121578719 0.867337979356715
11.7301175786095 0.851193401784494
11.7494229993472 0.834200336117918
11.7687284200849 0.816375721414399
11.7880338408226 0.797737325637518
11.8073392615603 0.77830372794553
11.826644682298 0.758094300171245
11.8459501030357 0.737129187511779
11.8652555237734 0.715429288447371
11.8845609445111 0.693016233909332
11.9038663652487 0.669912365717855
11.9231717859864 0.646140714311211
11.9424772067241 0.621724975788495
11.9617826274618 0.596689488288856
11.9810880481995 0.571059207730694
12.0003934689372 0.544859682935069
12.0196988896749 0.518117030158077
12.0390043104126 0.490857907057595
12.0583097311503 0.463109486120348
12.0776151518879 0.434899427575792
12.0969205726256 0.406255851823789
12.1162259933633 0.377207311403578
12.135531414101 0.347782762531983
12.1548368348387 0.318011536239238
12.1741422555764 0.287923309131167
12.1934476763141 0.257548073806896
12.2127530970518 0.226916108961589
12.2320585177894 0.196057949203978
12.2513639385271 0.165004354618801
12.2706693592648 0.133786280104479
12.2899747800025 0.102434844516612
12.3092802007402 0.0709812996480162
12.3285856214779 0.0394569990762545
12.3478910422156 0.00789336690971378
12.3671964629533 -0.0236781335366247
12.386501883691 -0.0552260311045066
12.4058073044286 -0.0867188781635514
12.4251127251663 -0.118125281958906
12.444418145904 -0.149413935904261
12.4637235666417 -0.1805536507889
12.4830289873794 -0.211513385867819
12.5023344081171 -0.242262279803785
12.5216398288548 -0.272769681430603
12.5409452495925 -0.303005180306871
12.5602506703302 -0.332938637029761
12.5795560910678 -0.362540213278626
12.5988615118055 -0.391780401558493
12.6181669325432 -0.420630054613783
12.6374723532809 -0.449060414482919
12.6567777740186 -0.47704314116489
12.6760831947563 -0.504550340869176
12.695388615494 -0.531554593820902
12.7146940362317 -0.558028981593439
12.7339994569693 -0.583947113941307
12.753304877707 -0.609283155106515
12.7726102984447 -0.634011849572239
12.7919157191824 -0.658108547238038
12.8112211399201 -0.681549227991634
12.8305265606578 -0.704310525652671
12.8498319813955 -0.726369751264639
12.8691374021332 -0.74770491571171
12.8884428228709 -0.76829475163797
12.9077482436085 -0.788118734647191
12.9270536643462 -0.807157103761985
12.9463590850839 -0.825390881121977
12.9656645058216 -0.84280189090135
12.9849699265593 -0.859372777426912
13.004275347297 -0.875087022478594
13.0235807680347 -0.889928961755181
13.0428861887724 -0.903883800488823
13.06219160951 -0.916937628192789
13.0814970302477 -0.929077432527731
13.1008024509854 -0.940291112272676
13.1201078717231 -0.950567489387782
13.1394132924608 -0.959896320156857
13.1587187131985 -0.968268305398507
13.1780241339362 -0.975675099735773
13.1973295546739 -0.98210931991498
13.2166349754116 -0.987564552165524
13.2359403961492 -0.992035358593258
13.2552458168869 -0.995517282601106
13.2745512376246 -0.998006853331493
13.2938566583623 -0.999501589126174
13.3131620791 -1
13.3326349052503 -0.999501589126174
13.3521077314005 -0.998006853331493
13.3715805575508 -0.995517282601106
13.391053383701 -0.992035358593258
13.4105262098513 -0.987564552165524
13.4299990360015 -0.98210931991498
13.4494718621518 -0.975675099735773
13.468944688302 -0.968268305398507
13.4884175144523 -0.959896320156857
13.5078903406025 -0.950567489387782
13.5273631667528 -0.940291112272675
13.546835992903 -0.929077432527731
13.5663088190533 -0.916937628192789
13.5857816452035 -0.903883800488823
13.6052544713538 -0.88992896175518
13.624727297504 -0.875087022478594
13.6442001236543 -0.859372777426912
13.6636729498045 -0.84280189090135
13.6831457759548 -0.825390881121976
13.702618602105 -0.807157103761986
13.7220914282553 -0.788118734647193
13.7415642544055 -0.76829475163797
13.7610370805558 -0.747704915711709
13.780509906706 -0.72636975126464
13.7999827328563 -0.704310525652673
13.8194555590065 -0.681549227991633
13.8389283851568 -0.658108547238037
13.858401211307 -0.634011849572239
13.8778740374573 -0.609283155106518
13.8973468636075 -0.583947113941306
13.9168196897578 -0.55802898159344
13.936292515908 -0.531554593820902
13.9557653420583 -0.504550340869178
13.9752381682085 -0.477043141164889
13.9947109943588 -0.44906041448292
14.014183820509 -0.420630054613785
14.0336566466593 -0.391780401558494
14.0531294728095 -0.362540213278624
14.0726022989598 -0.332938637029761
14.09207512511 -0.303005180306874
14.1115479512603 -0.272769681430602
14.1310207774106 -0.242262279803783
14.1504936035608 -0.211513385867819
14.1699664297111 -0.180553650788903
14.1894392558613 -0.14941393590426
14.2089120820116 -0.118125281958907
14.2283849081618 -0.0867188781635509
14.2478577343121 -0.055226031104509
14.2673305604623 -0.0236781335366228
14.2868033866126 0.00789336690971375
14.3062762127628 0.0394569990762525
14.3257490389131 0.0709812996480149
14.3452218650633 0.102434844516614
14.3646946912136 0.133786280104479
14.3841675173638 0.165004354618799
14.4036403435141 0.196057949203977
14.4231131696643 0.226916108961591
14.4425859958146 0.257548073806897
14.4620588219648 0.287923309131166
14.4815316481151 0.318011536239237
14.5010044742653 0.347782762531983
14.5204773004156 0.377207311403576
14.5399501265658 0.406255851823789
14.5594229527161 0.434899427575792
14.5788957788663 0.463109486120348
14.5983686050166 0.490857907057594
14.6178414311668 0.518117030158077
14.6373142573171 0.544859682935069
14.6567870834673 0.571059207730696
14.6762599096176 0.596689488288856
14.6957327357678 0.621724975788495
14.7152055619181 0.646140714311209
14.7346783880683 0.669912365717856
14.7541512142186 0.693016233909332
14.7736240403688 0.715429288447371
14.7930968665191 0.73712918751178
14.8125696926693 0.758094300171246
14.8320425188196 0.77830372794553
14.8515153449698 0.797737325637519
14.8709881711201 0.816375721414398
14.8904609972704 0.834200336117918
14.9099338234206 0.851193401784495
14.9294066495709 0.867337979356714
14.9488794757211 0.882617975568548
14.9683523018714 0.897018158987464
14.9878251280216 0.910524175197462
15.0072979541719 0.92312256110786
15.0267707803221 0.934800758373599
15.0462436064724 0.945547125913667
15.0657164326226 0.955350951515195
15.0851892587729 0.964202462511611
15.1046620849231 0.972092835524257
15.1241349110734 0.979014205257715
15.1436077372236 0.98495967234011
15.1630805633739 0.989923310200557
15.1825533895241 0.993900170976888
15.2020262156744 0.996886290447793
15.2214990418246 0.998878691984444
15.2409718679749 0.999875389517657
15.2604446941251 0.999875389517657
15.2799175202754 0.998878691984444
15.2993903464256 0.996886290447793
15.3188631725759 0.993900170976888
15.3383359987261 0.989923310200557
15.3578088248764 0.984959672340111
15.3772816510266 0.979014205257715
15.3967544771769 0.972092835524257
15.4162273033271 0.964202462511612
15.4357001294774 0.955350951515195
15.4551729556276 0.945547125913667
15.4746457817779 0.934800758373598
15.4941186079281 0.923122561107861
15.5135914340784 0.910524175197462
15.5330642602286 0.897018158987464
15.5525370863789 0.882617975568547
15.5720099125291 0.867337979356714
15.5914827386794 0.851193401784495
15.6109555648296 0.834200336117918
15.6304283909799 0.816375721414398
15.6499012171302 0.797737325637519
15.6693740432804 0.77830372794553
15.6888468694307 0.758094300171246
15.7083196955809 0.73712918751178
15.7277925217312 0.715429288447371
15.7472653478814 0.693016233909332
15.7667381740317 0.669912365717856
15.7862110001819 0.646140714311209
15.8056838263322 0.621724975788495
15.8251566524824 0.596689488288856
15.8446294786327 0.571059207730696
15.8641023047829 0.544859682935072
15.8835751309332 0.518117030158077
15.9030479570834 0.490857907057594
15.9225207832337 0.463109486120349
15.9419936093839 0.434899427575792
15.9614664355342 0.406255851823789
15.9809392616844 0.377207311403576
16.0004120878347 0.347782762531981
16.0198849139849 0.31801153623924
16.0393577401352 0.287923309131167
16.0588305662854 0.257548073806895
16.0783033924357 0.226916108961591
16.0977762185859 0.196057949203978
16.1172490447362 0.165004354618802
16.1367218708864 0.133786280104479
16.1561946970367 0.102434844516611
16.1756675231869 0.070981299648018
16.1951403493372 0.0394569990762527
16.2146131754874 0.00789336690971111
16.2340860016377 -0.023678133536623
16.2535588277879 -0.0552260311045093
16.2730316539382 -0.0867188781635478
16.2925044800884 -0.118125281958907
16.3119773062387 -0.149413935904262
16.3314501323889 -0.180553650788899
16.3509229585392 -0.211513385867818
16.3703957846894 -0.242262279803785
16.3898686108397 -0.272769681430601
16.40934143699 -0.303005180306873
16.4288142631402 -0.332938637029764
16.4482870892905 -0.362540213278623
16.4677599154407 -0.391780401558495
16.487232741591 -0.420630054613783
16.5067055677412 -0.44906041448292
16.5261783938915 -0.477043141164891
16.5456512200417 -0.504550340869176
16.565124046192 -0.531554593820902
16.5845968723422 -0.558028981593437
16.6040696984925 -0.583947113941305
16.6235425246427 -0.609283155106517
16.643015350793 -0.634011849572237
16.6624881769432 -0.658108547238037
16.6819610030935 -0.681549227991635
16.7014338292437 -0.704310525652671
16.720906655394 -0.726369751264639
16.7403794815442 -0.747704915711711
16.7598523076945 -0.768294751637969
16.7793251338447 -0.788118734647193
16.798797959995 -0.807157103761987
16.8182707861452 -0.825390881121976
16.8377436122955 -0.842801890901352
16.8572164384457 -0.859372777426911
16.876689264596 -0.875087022478594
16.8961620907462 -0.889928961755181
16.9156349168965 -0.903883800488823
16.9351077430467 -0.916937628192789
16.954580569197 -0.929077432527729
16.9740533953472 -0.940291112272675
16.9935262214975 -0.950567489387783
17.0129990476477 -0.959896320156856
17.032471873798 -0.968268305398507
17.0519446999482 -0.975675099735774
17.0714175260985 -0.98210931991498
17.0908903522487 -0.987564552165524
17.110363178399 -0.992035358593258
17.1298360045492 -0.995517282601106
17.1493088306995 -0.998006853331493
17.1687816568497 -0.999501589126174
17.188254483 -1
17.2040075537683 -0.999501589126174
17.2197606245367 -0.998006853331493
17.235513695305 -0.995517282601106
17.2512667660734 -0.992035358593258
17.2670198368417 -0.987564552165524
17.2827729076101 -0.98210931991498
17.2985259783784 -0.975675099735774
17.3142790491467 -0.968268305398508
17.3300321199151 -0.959896320156856
17.3457851906834 -0.950567489387783
17.3615382614518 -0.940291112272676
17.3772913322201 -0.929077432527729
17.3930444029884 -0.916937628192788
17.4087974737568 -0.903883800488824
17.4245505445251 -0.889928961755182
17.4403036152935 -0.875087022478593
17.4560566860618 -0.859372777426912
17.4718097568302 -0.842801890901352
17.4875628275985 -0.825390881121975
17.5033158983668 -0.807157103761985
17.5190689691352 -0.788118734647193
17.5348220399035 -0.768294751637968
17.5505751106719 -0.747704915711708
17.5663281814402 -0.72636975126464
17.5820812522085 -0.704310525652674
17.5978343229769 -0.681549227991632
17.6135873937452 -0.658108547238038
17.6293404645136 -0.63401184957224
17.6450935352819 -0.609283155106514
17.6608466060503 -0.583947113941306
17.6765996768186 -0.558028981593441
17.6923527475869 -0.531554593820898
17.7081058183553 -0.504550340869176
17.7238588891236 -0.47704314116489
17.739611959892 -0.449060414482923
17.7553650306603 -0.420630054613782
17.7711181014286 -0.391780401558493
17.786871172197 -0.362540213278626
17.8026242429653 -0.332938637029758
17.8183773137337 -0.303005180306872
17.834130384502 -0.272769681430604
17.8498834552704 -0.242262279803786
17.8656365260387 -0.211513385867817
17.881389596807 -0.180553650788903
17.8971426675754 -0.149413935904264
17.9128957383437 -0.118125281958905
17.9286488091121 -0.0867188781635503
17.9444018798804 -0.0552260311045097
17.9601549506487 -0.0236781335366279
17.9759080214171 0.00789336690971442
17.9916610921854 0.0394569990762518
18.0074141629538 0.0709812996480129
18.0231672337221 0.102434844516615
18.0389203044905 0.133786280104479
18.0546733752588 0.165004354618797
18.0704264460271 0.196057949203981
18.0861795167955 0.226916108961591
18.1019325875638 0.257548073806895
18.1176856583322 0.28792330913117
18.1334387291005 0.31801153623924
18.1491917998688 0.347782762531982
18.1649448706372 0.377207311403573
18.1806979414055 0.406255851823791
18.1964510121739 0.434899427575793
18.2122040829422 0.463109486120346
18.2279571537106 0.490857907057596
18.2437102244789 0.518117030158078
18.2594632952472 0.544859682935069
18.2752163660156 0.571059207730692
18.2909694367839 0.596689488288857
18.3067225075523 0.621724975788495
18.3224755783206 0.646140714311208
18.3382286490889 0.669912365717857
18.3539817198573 0.693016233909332
18.3697347906256 0.71542928844737
18.385487861394 0.737129187511776
18.4012409321623 0.758094300171246
18.4169940029307 0.778303727945529
18.432747073699 0.797737325637517
18.4485001444673 0.8163757214144
18.4642532152357 0.834200336117917
18.480006286004 0.851193401784493
18.4957593567724 0.867337979356716
18.5115124275407 0.882617975568547
18.527265498309 0.897018158987463
18.5430185690774 0.910524175197464
18.5587716398457 0.923122561107861
18.5745247106141 0.934800758373598
18.5902777813824 0.945547125913666
18.6060308521508 0.955350951515195
18.6217839229191 0.964202462511612
18.6375369936874 0.972092835524257
18.6532900644558 0.979014205257715
18.6690431352241 0.984959672340111
18.6847962059925 0.989923310200557
18.7005492767608 0.993900170976887
18.7163023475291 0.996886290447793
18.7320554182975 0.998878691984444
18.7478084890658 0.999875389517657
18.7635615598342 0.999875389517657
18.7793146306025 0.998878691984444
18.7950677013709 0.996886290447793
18.8108207721392 0.993900170976888
18.8265738429075 0.989923310200557
18.8423269136759 0.984959672340111
18.8580799844442 0.979014205257715
18.8738330552126 0.972092835524257
18.8895861259809 0.964202462511612
18.9053391967492 0.955350951515196
18.9210922675176 0.945547125913666
18.9368453382859 0.934800758373598
18.9525984090543 0.923122561107861
18.9683514798226 0.910524175197461
18.984104550591 0.897018158987463
18.9998576213593 0.882617975568547
19.0156106921276 0.867337979356716
19.031363762896 0.851193401784493
19.0471168336643 0.834200336117917
19.0628699044327 0.816375721414401
19.078622975201 0.797737325637518
19.0943760459693 0.778303727945529
19.1101291167377 0.758094300171247
19.125882187506 0.737129187511781
19.1416352582744 0.71542928844737
19.1573883290427 0.693016233909332
19.1731413998111 0.669912365717857
19.1888944705794 0.646140714311208
19.2046475413477 0.621724975788495
19.2204006121161 0.596689488288858
19.2361536828844 0.571059207730698
19.2519067536528 0.54485968293507
19.2676598244211 0.518117030158079
19.2834128951894 0.490857907057597
19.2991659659578 0.463109486120347
19.3149190367261 0.434899427575793
19.3306721074945 0.406255851823791
19.3464251782628 0.377207311403574
19.3621782490312 0.347782762531982
19.3779313197995 0.31801153623924
19.3936843905678 0.287923309131163
19.4094374613362 0.257548073806896
19.4251905321045 0.22691610896159
19.4409436028729 0.196057949203982
19.4566966736412 0.165004354618797
19.4724497444095 0.133786280104479
19.4882028151779 0.102434844516616
19.5039558859462 0.0709812996480127
19.5197089567146 0.0394569990762518
19.5354620274829 0.00789336690971467
19.5512150982513 -0.0236781335366203
19.5669681690196 -0.0552260311045093
19.5827212397879 -0.0867188781635505
19.5984743105563 -0.118125281958905
19.6142273813246 -0.149413935904263
19.629980452093 -0.180553650788902
19.6457335228613 -0.211513385867818
19.6614865936296 -0.242262279803779
19.677239664398 -0.272769681430604
19.6929927351663 -0.303005180306871
19.7087458059347 -0.332938637029758
19.724498876703 -0.362540213278626
19.7402519474714 -0.391780401558492
19.7560050182397 -0.420630054613782
19.771758089008 -0.449060414482922
19.7875111597764 -0.47704314116489
19.8032642305447 -0.504550340869176
19.8190173013131 -0.531554593820904
19.8347703720814 -0.558028981593442
19.8505234428497 -0.583947113941305
19.8662765136181 -0.609283155106514
19.8820295843864 -0.63401184957224
19.8977826551548 -0.658108547238037
19.9135357259231 -0.681549227991633
19.9292887966915 -0.704310525652674
19.9450418674598 -0.72636975126464
19.9607949382281 -0.747704915711707
19.9765480089965 -0.768294751637968
19.9923010797648 -0.788118734647193
20.0080541505332 -0.807157103761985
20.0238072213015 -0.825390881121975
20.0395602920699 -0.842801890901352
20.0553133628382 -0.859372777426912
20.0710664336065 -0.875087022478592
20.0868195043749 -0.889928961755179
20.1025725751432 -0.903883800488824
20.1183256459116 -0.916937628192788
20.1340787166799 -0.929077432527732
20.1498317874482 -0.940291112272676
20.1655848582166 -0.950567489387783
20.1813379289849 -0.959896320156856
20.1970909997533 -0.968268305398508
20.2128440705216 -0.975675099735774
20.2285971412899 -0.98210931991498
20.2443502120583 -0.987564552165524
20.2601032828266 -0.992035358593258
20.275856353595 -0.995517282601106
20.2916094243633 -0.998006853331493
20.3073624951317 -0.999501589126174
20.3231155659 -1
20.329501484502 -0.999501589126174
20.335887403104 -0.998006853331493
20.342273321706 -0.995517282601106
20.348659240308 -0.992035358593257
20.3550451589101 -0.987564552165523
20.3614310775121 -0.982109319914979
20.3678169961141 -0.975675099735775
20.3742029147161 -0.968268305398509
20.3805888333181 -0.959896320156859
20.3869747519201 -0.950567489387784
20.3933606705221 -0.940291112272677
20.3997465891241 -0.929077432527731
20.4061325077261 -0.916937628192789
20.4125184263281 -0.903883800488823
20.4189043449302 -0.889928961755179
20.4252902635322 -0.875087022478592
20.4316761821342 -0.859372777426909
20.4380621007362 -0.842801890901347
20.4444480193382 -0.825390881121972
20.4508339379402 -0.80715710376199
20.4572198565422 -0.788118734647197
20.4636057751442 -0.768294751637975
20.4699916937462 -0.747704915711712
20.4763776123482 -0.726369751264642
20.4827635309503 -0.704310525652674
20.4891494495523 -0.681549227991634
20.4955353681543 -0.658108547238037
20.5019212867563 -0.634011849572237
20.5083072053583 -0.609283155106514
20.5146931239603 -0.583947113941302
20.5210790425623 -0.558028981593435
20.5274649611643 -0.531554593820895
20.5338508797663 -0.50455034086917
20.5402367983683 -0.477043141164896
20.5466227169704 -0.449060414482926
20.5530086355724 -0.420630054613789
20.5593945541744 -0.391780401558497
20.5657804727764 -0.362540213278627
20.5721663913784 -0.332938637029762
20.5785523099804 -0.303005180306873
20.5849382285824 -0.272769681430602
20.5913241471844 -0.24226227980378
20.5977100657864 -0.211513385867815
20.6040959843884 -0.180553650788897
20.6104819029905 -0.149413935904254
20.6168678215925 -0.1181252819589
20.6232537401945 -0.0867188781635589
20.6296396587965 -0.055226031104515
20.6360255773985 -0.0236781335366294
20.6424114960005 0.00789336690970909
20.6487974146025 0.0394569990762498
20.6551833332045 0.0709812996480142
20.6615692518065 0.102434844516613
20.6679551704085 0.13378628010448
20.6743410890106 0.165004354618802
20.6807270076126 0.196057949203982
20.6871129262146 0.226916108961595
20.6934988448166 0.257548073806903
20.6998847634186 0.287923309131174
20.7062706820206 0.31801153623923
20.7126566006226 0.347782762531976
20.7190425192246 0.377207311403571
20.7254284378266 0.406255851823785
20.7318143564286 0.43489942757579
20.7382002750307 0.463109486120346
20.7445861936327 0.490857907057594
20.7509721122347 0.518117030158078
20.7573580308367 0.544859682935072
20.7637439494387 0.571059207730698
20.7701298680407 0.59668948828886
20.7765157866427 0.6217249757885
20.7829017052447 0.646140714311215
20.7892876238467 0.669912365717849
20.7956735424487 0.693016233909326
20.8020594610508 0.715429288447367
20.8084453796528 0.737129187511776
20.8148312982548 0.758094300171243
20.8212172168568 0.778303727945529
20.8276031354588 0.797737325637519
20.8339890540608 0.816375721414399
20.8403749726628 0.834200336117918
20.8467608912648 0.851193401784496
20.8531468098668 0.867337979356717
20.8595327284688 0.88261797556855
20.8659186470709 0.897018158987467
20.8723045656729 0.910524175197466
20.8786904842749 0.923122561107858
20.8850764028769 0.934800758373596
20.8914623214789 0.945547125913665
20.8978482400809 0.955350951515194
20.9042341586829 0.964202462511611
20.9106200772849 0.972092835524257
20.9170059958869 0.979014205257715
20.9233919144889 0.984959672340111
20.929777833091 0.989923310200558
20.936163751693 0.993900170976888
20.942549670295 0.996886290447794
20.948935588897 0.998878691984444
20.955321507499 0.999875389517657
20.961707426101 0.999875389517657
20.968093344703 0.998878691984444
20.974479263305 0.996886290447794
20.980865181907 0.993900170976888
20.987251100509 0.989923310200558
20.9936370191111 0.984959672340111
21.0000229377131 0.979014205257715
21.0064088563151 0.972092835524257
21.0127947749171 0.964202462511611
21.0191806935191 0.955350951515194
21.0255666121211 0.945547125913665
21.0319525307231 0.934800758373596
21.0383384493251 0.923122561107858
21.0447243679271 0.910524175197466
21.0511102865291 0.897018158987467
21.0574962051312 0.88261797556855
21.0638821237332 0.867337979356717
21.0702680423352 0.851193401784496
21.0766539609372 0.834200336117918
21.0830398795392 0.816375721414399
21.0894257981412 0.797737325637519
21.0958117167432 0.778303727945528
21.1021976353452 0.758094300171243
21.1085835539472 0.737129187511776
21.1149694725492 0.715429288447367
21.1213553911513 0.693016233909327
21.1277413097533 0.669912365717849
21.1341272283553 0.646140714311215
21.1405131469573 0.6217249757885
21.1468990655593 0.59668948828886
21.1532849841613 0.571059207730698
21.1596709027633 0.544859682935072
21.1660568213653 0.518117030158078
21.1724427399673 0.490857907057593
21.1788286585693 0.463109486120346
21.1852145771714 0.43489942757579
21.1916004957734 0.406255851823785
21.1979864143754 0.377207311403571
21.2043723329774 0.347782762531976
21.2107582515794 0.31801153623923
21.2171441701814 0.287923309131174
21.2235300887834 0.257548073806903
21.2299160073854 0.226916108961596
21.2363019259874 0.196057949203982
21.2426878445894 0.165004354618802
21.2490737631915 0.13378628010448
21.2554596817935 0.102434844516613
21.2618456003955 0.0709812996480145
21.2682315189975 0.0394569990762501
21.2746174375995 0.00789336690970934
21.2810033562015 -0.0236781335366292
21.2873892748035 -0.0552260311045146
21.2937751934055 -0.0867188781635584
21.3001611120075 -0.118125281958899
21.3065470306095 -0.149413935904253
21.3129329492116 -0.180553650788896
21.3193188678136 -0.211513385867815
21.3257047864156 -0.24226227980378
21.3320907050176 -0.272769681430601
21.3384766236196 -0.303005180306872
21.3448625422216 -0.332938637029762
21.3512484608236 -0.362540213278626
21.3576343794256 -0.391780401558496
21.3640202980276 -0.420630054613788
21.3704062166297 -0.449060414482925
21.3767921352317 -0.477043141164896
21.3831780538337 -0.50455034086917
21.3895639724357 -0.531554593820895
21.3959498910377 -0.558028981593435
21.4023358096397 -0.583947113941302
21.4087217282417 -0.609283155106514
21.4151076468437 -0.634011849572237
21.4214935654457 -0.658108547238037
21.4278794840477 -0.681549227991634
21.4342654026497 -0.704310525652673
21.4406513212518 -0.726369751264641
21.4470372398538 -0.747704915711712
21.4534231584558 -0.768294751637974
21.4598090770578 -0.788118734647196
21.4661949956598 -0.80715710376198
21.4725809142618 -0.825390881121972
21.4789668328638 -0.842801890901347
21.4853527514658 -0.85937277742691
21.4917386700678 -0.875087022478592
21.4981245886698 -0.889928961755179
21.5045105072719 -0.903883800488823
21.5108964258739 -0.916937628192789
21.5172823444759 -0.929077432527731
21.5236682630779 -0.940291112272677
21.5300541816799 -0.950567489387784
21.5364401002819 -0.959896320156859
21.5428260188839 -0.968268305398509
21.5492119374859 -0.975675099735771
21.5555978560879 -0.982109319914979
21.5619837746899 -0.987564552165523
21.568369693292 -0.992035358593257
21.574755611894 -0.995517282601106
21.581141530496 -0.998006853331493
21.587527449098 -0.999501589126174
21.5939133677 -1
21.6128279664095 -0.999501589126174
21.6317425651191 -0.998006853331493
21.6506571638286 -0.995517282601106
21.6695717625382 -0.992035358593258
21.6884863612477 -0.987564552165524
21.7074009599573 -0.982109319914981
21.7263155586668 -0.975675099735774
21.7452301573764 -0.968268305398507
21.7641447560859 -0.959896320156857
21.7830593547955 -0.950567489387782
21.801973953505 -0.940291112272675
21.8208885522146 -0.929077432527731
21.8398031509241 -0.916937628192788
21.8587177496337 -0.903883800488823
21.8776323483432 -0.889928961755181
21.8965469470528 -0.875087022478593
21.9154615457623 -0.859372777426912
21.9343761444719 -0.842801890901352
21.9532907431814 -0.825390881121975
21.972205341891 -0.807157103761985
21.9911199406005 -0.788118734647194
22.0100345393101 -0.76829475163797
22.0289491380196 -0.747704915711709
22.0478637367291 -0.726369751264641
22.0667783354387 -0.704310525652671
22.0856929341482 -0.681549227991635
22.1046075328578 -0.658108547238035
22.1235221315673 -0.634011849572238
22.1424367302769 -0.609283155106518
22.1613513289864 -0.583947113941304
22.180265927696 -0.55802898159344
22.1991805264055 -0.531554593820903
22.2180951251151 -0.504550340869175
22.2370097238246 -0.47704314116489
22.2559243225342 -0.449060414482922
22.2748389212437 -0.420630054613782
22.2937535199533 -0.391780401558493
22.3126681186628 -0.362540213278627
22.3315827173724 -0.33293863702976
22.3504973160819 -0.303005180306873
22.3694119147915 -0.272769681430606
22.388326513501 -0.242262279803782
22.4072411122106 -0.21151338586782
22.4261557109201 -0.180553650788905
22.4450703096296 -0.14941393590426
22.4639849083392 -0.118125281958909
22.4828995070487 -0.0867188781635481
22.5018141057583 -0.0552260311045075
22.5207287044678 -0.0236781335366254
22.5396433031774 0.00789336690971553
22.5585579018869 0.0394569990762529
22.5774725005965 0.070981299648014
22.596387099306 0.102434844516615
22.6153016980156 0.133786280104479
22.6342162967251 0.165004354618797
22.6531308954347 0.19605794920398
22.6720454941442 0.22691610896159
22.6909600928538 0.257548073806894
22.7098746915633 0.287923309131168
22.7287892902729 0.318011536239238
22.7477038889824 0.347782762531985
22.766618487692 0.377207311403577
22.7855330864015 0.406255851823788
22.8044476851111 0.434899427575796
22.8233622838206 0.463109486120348
22.8422768825302 0.490857907057592
22.8611914812397 0.518117030158079
22.8801060799492 0.54485968293507
22.8990206786588 0.571059207730693
22.9179352773683 0.596689488288858
22.9368498760779 0.621724975788495
22.9557644747874 0.646140714311208
22.974679073497 0.669912365717857
22.9935936722065 0.693016233909332
23.0125082709161 0.71542928844737
23.0314228696256 0.73712918751178
23.0503374683352 0.758094300171245
23.0692520670447 0.778303727945528
23.0881666657543 0.79773732563752
23.1070812644638 0.816375721414399
23.1259958631734 0.834200336117916
23.1449104618829 0.851193401784495
23.1638250605925 0.867337979356714
23.182739659302 0.882617975568545
23.2016542580116 0.897018158987464
23.2205688567211 0.910524175197462
23.2394834554307 0.923122561107862
23.2583980541402 0.934800758373598
23.2773126528497 0.945547125913667
23.2962272515593 0.955350951515195
23.3151418502688 0.964202462511612
23.3340564489784 0.972092835524256
23.3529710476879 0.979014205257715
23.3718856463975 0.98495967234011
23.390800245107 0.989923310200557
23.4097148438166 0.993900170976888
23.4286294425261 0.996886290447793
23.4475440412357 0.998878691984443
23.4664586399452 0.999875389517657
23.4853732386548 0.999875389517657
23.5042878373643 0.998878691984443
23.5232024360739 0.996886290447793
23.5421170347834 0.993900170976888
23.561031633493 0.989923310200557
23.5799462322025 0.984959672340111
23.5988608309121 0.979014205257715
23.6177754296216 0.972092835524257
23.6366900283312 0.964202462511612
23.6556046270407 0.955350951515195
23.6745192257503 0.945547125913667
23.6934338244598 0.934800758373598
23.7123484231693 0.923122561107862
23.7312630218789 0.910524175197462
23.7501776205884 0.897018158987464
23.769092219298 0.882617975568548
23.7880068180075 0.867337979356714
23.8069214167171 0.851193401784495
23.8258360154266 0.834200336117919
23.8447506141362 0.816375721414399
23.8636652128457 0.79773732563752
23.8825798115553 0.778303727945528
23.9014944102648 0.758094300171245
23.9204090089744 0.73712918751178
23.9393236076839 0.71542928844737
23.9582382063935 0.693016233909332
23.977152805103 0.669912365717857
23.9960674038126 0.646140714311209
24.0149820025221 0.621724975788495
24.0338966012317 0.596689488288858
24.0528111999412 0.571059207730694
24.0717257986508 0.544859682935071
24.0906403973603 0.51811703015808
24.1095549960698 0.490857907057593
24.1284695947794 0.463109486120348
24.1473841934889 0.43489942757579
24.1662987921985 0.406255851823789
24.185213390908 0.377207311403577
24.2041279896176 0.34778276253198
24.2230425883271 0.318011536239238
24.2419571870367 0.287923309131167
24.2608717857462 0.257548073806895
24.2797863844558 0.22691610896159
24.2987009831653 0.19605794920398
24.3176155818749 0.165004354618798
24.3365301805844 0.133786280104479
24.355444779294 0.102434844516616
24.3743593780035 0.0709812996480145
24.3932739767131 0.0394569990762527
24.4121885754226 0.00789336690971644
24.4311031741322 -0.0236781335366247
24.4500177728417 -0.0552260311045075
24.4689323715513 -0.0867188781635478
24.4878469702608 -0.118125281958909
24.5067615689704 -0.14941393590426
24.5256761676799 -0.180553650788899
24.5445907663894 -0.211513385867819
24.563505365099 -0.242262279803781
24.5824199638085 -0.272769681430605
24.6013345625181 -0.303005180306873
24.6202491612276 -0.332938637029759
24.6391637599372 -0.362540213278626
24.6580783586467 -0.391780401558494
24.6769929573563 -0.420630054613782
24.6959075560658 -0.449060414482921
24.7148221547754 -0.47704314116489
24.7337367534849 -0.504550340869175
24.7526513521945 -0.531554593820903
24.771565950904 -0.558028981593439
24.7904805496136 -0.583947113941309
24.8093951483231 -0.609283155106517
24.8283097470327 -0.634011849572238
24.8472243457422 -0.658108547238039
24.8661389444518 -0.681549227991635
24.8850535431613 -0.704310525652671
24.9039681418709 -0.726369751264641
24.9228827405804 -0.747704915711709
24.9417973392899 -0.768294751637969
24.9607119379995 -0.788118734647194
24.979626536709 -0.807157103761985
24.9985411354186 -0.825390881121975
25.0174557341281 -0.842801890901352
25.0363703328377 -0.859372777426911
25.0552849315472 -0.875087022478592
25.0741995302568 -0.889928961755181
25.0931141289663 -0.903883800488823
25.1120287276759 -0.916937628192788
25.1309433263854 -0.929077432527731
25.149857925095 -0.940291112272675
25.1687725238045 -0.950567489387782
25.1876871225141 -0.959896320156857
25.2066017212236 -0.968268305398507
25.2255163199332 -0.975675099735773
25.2444309186427 -0.98210931991498
25.2633455173523 -0.987564552165524
25.2822601160618 -0.992035358593258
25.3011747147714 -0.995517282601106
25.3200893134809 -0.998006853331493
25.3390039121905 -0.999501589126174
25.3579185109 -1
25.3661701766744 -0.999501589126174
25.3744218424487 -0.998006853331493
25.3826735082231 -0.995517282601106
25.3909251739975 -0.992035358593257
25.3991768397719 -0.987564552165524
25.4074285055462 -0.982109319914979
25.4156801713206 -0.975675099735774
25.423931837095 -0.968268305398509
25.4321835028693 -0.959896320156857
25.4404351686437 -0.950567489387784
25.4486868344181 -0.940291112272675
25.4569385001925 -0.929077432527732
25.4651901659668 -0.916937628192787
25.4734418317412 -0.903883800488824
25.4816934975156 -0.889928961755178
25.4899451632899 -0.875087022478594
25.4981968290643 -0.859372777426915
25.5064484948387 -0.84280189090135
25.5147001606131 -0.825390881121979
25.5229518263874 -0.807157103761983
25.5312034921618 -0.788118734647194
25.5394551579362 -0.768294751637967
25.5477068237106 -0.74770491571171
25.5559584894849 -0.726369751264644
25.5642101552593 -0.704310525652671
25.5724618210337 -0.681549227991637
25.580713486808 -0.658108547238036
25.5889651525824 -0.634011849572241
25.5972168183568 -0.609283155106513
25.6054684841312 -0.583947113941307
25.6137201499055 -0.558028981593435
25.6219718156799 -0.531554593820901
25.6302234814543 -0.504550340869182
25.6384751472286 -0.477043141164888
25.646726813003 -0.449060414482924
25.6549784787774 -0.420630054613781
25.6632301445518 -0.391780401558495
25.6714818103261 -0.36254021327862
25.6797334761005 -0.332938637029762
25.6879851418749 -0.303005180306879
25.6962368076492 -0.272769681430602
25.7044884734236 -0.242262279803788
25.712740139198 -0.211513385867816
25.7209918049724 -0.180553650788905
25.7292434707467 -0.149413935904257
25.7374951365211 -0.11812528195891
25.7457468022955 -0.0867188781635447
25.7539984680698 -0.0552260311045079
25.7622501338442 -0.0236781335366299
25.7705017996186 0.00789336690971509
25.778753465393 0.0394569990762487
25.7870051311673 0.0709812996480193
25.7952567969417 0.102434844516611
25.8035084627161 0.133786280104484
25.8117601284905 0.165004354618799
25.8200117942648 0.196057949203971
25.8282634600392 0.226916108961591
25.8365151258136 0.257548073806892
25.8447667915879 0.287923309131169
25.8530184573623 0.318011536239235
25.8612701231367 0.347782762531987
25.8695217889111 0.377207311403575
25.8777734546854 0.406255851823795
25.8860251204598 0.434899427575793
25.8942767862342 0.463109486120343
25.9025284520085 0.490857907057595
25.9107801177829 0.518117030158074
25.9190317835573 0.544859682935073
25.9272834493317 0.571059207730693
25.935535115106 0.59668948828886
25.9437867808804 0.621724975788495
25.9520384466548 0.646140714311205
25.9602901124291 0.669912365717856
25.9685417782035 0.693016233909328
25.9767934439779 0.715429288447373
25.9850451097523 0.737129187511777
25.9932967755266 0.758094300171249
26.001548441301 0.778303727945529
26.0098001070754 0.797737325637523
26.0180517728497 0.816375721414399
26.0263034386241 0.834200336117915
26.0345551043985 0.851193401784496
26.0428067701729 0.867337979356713
26.0510584359472 0.882617975568549
26.0593101017216 0.897018158987463
26.067561767496 0.910524175197464
26.0758134332704 0.923122561107861
26.0840650990447 0.934800758373596
26.0923167648191 0.945547125913668
26.1005684305935 0.955350951515193
26.1088200963678 0.964202462511613
26.1170717621422 0.972092835524256
26.1253234279166 0.979014205257715
26.133575093691 0.98495967234011
26.1418267594653 0.989923310200558
26.1500784252397 0.993900170976888
26.1583300910141 0.996886290447793
26.1665817567884 0.998878691984444
26.1748334225628 0.999875389517657
26.1830850883372 0.999875389517657
26.1913367541116 0.998878691984444
26.1995884198859 0.996886290447793
26.2078400856603 0.993900170976888
26.2160917514347 0.989923310200558
26.224343417209 0.98495967234011
26.2325950829834 0.979014205257716
26.2408467487578 0.972092835524256
26.2490984145322 0.964202462511613
26.2573500803065 0.955350951515193
26.2656017460809 0.945547125913668
26.2738534118553 0.934800758373596
26.2821050776296 0.923122561107861
26.290356743404 0.910524175197465
26.2986084091784 0.897018158987463
26.3068600749528 0.882617975568549
26.3151117407271 0.867337979356713
26.3233634065015 0.851193401784496
26.3316150722759 0.834200336117914
26.3398667380503 0.816375721414399
26.3481184038246 0.797737325637523
26.356370069599 0.778303727945529
26.3646217353734 0.758094300171248
26.3728734011477 0.737129187511777
26.3811250669221 0.715429288447373
26.3893767326965 0.693016233909329
26.3976283984709 0.669912365717856
26.4058800642452 0.646140714311215
26.4141317300196 0.621724975788495
26.422383395794 0.596689488288861
26.4306350615683 0.571059207730693
26.4388867273427 0.544859682935074
26.4471383931171 0.518117030158074
26.4553900588915 0.490857907057596
26.4636417246658 0.463109486120343
26.4718933904402 0.434899427575793
26.4801450562146 0.406255851823795
26.4883967219889 0.377207311403575
26.4966483877633 0.347782762531987
26.5049000535377 0.318011536239235
26.5131517193121 0.287923309131169
26.5214033850864 0.257548073806892
26.5296550508608 0.226916108961591
26.5379067166352 0.196057949203972
26.5461583824095 0.165004354618799
26.5544100481839 0.133786280104485
26.5626617139583 0.102434844516611
26.5709133797327 0.0709812996480198
26.579165045507 0.0394569990762492
26.5874167112814 0.00789336690971555
26.5956683770558 -0.0236781335366301
26.6039200428302 -0.0552260311045075
26.6121717086045 -0.0867188781635443
26.6204233743789 -0.118125281958909
26.6286750401533 -0.149413935904257
26.6369267059276 -0.180553650788906
26.645178371702 -0.211513385867816
26.6534300374764 -0.242262279803788
26.6616817032508 -0.272769681430601
26.6699333690251 -0.303005180306866
26.6781850347995 -0.332938637029761
26.6864367005739 -0.36254021327862
26.6946883663482 -0.391780401558495
26.7029400321226 -0.420630054613781
26.711191697897 -0.449060414482924
26.7194433636714 -0.477043141164888
26.7276950294457 -0.504550340869182
26.7359466952201 -0.531554593820901
26.7441983609945 -0.558028981593435
26.7524500267688 -0.583947113941307
26.7607016925432 -0.609283155106513
26.7689533583176 -0.634011849572241
26.777205024092 -0.658108547238035
26.7854566898663 -0.681549227991637
26.7937083556407 -0.704310525652671
26.8019600214151 -0.726369751264644
26.8102116871894 -0.74770491571171
26.8184633529638 -0.768294751637967
26.8267150187382 -0.788118734647194
26.8349666845126 -0.807157103761983
26.8432183502869 -0.825390881121979
26.8514700160613 -0.842801890901349
26.8597216818357 -0.859372777426915
26.8679733476101 -0.875087022478593
26.8762250133844 -0.889928961755177
26.8844766791588 -0.903883800488824
26.8927283449332 -0.916937628192787
26.9009800107075 -0.929077432527731
26.9092316764819 -0.940291112272674
26.9174833422563 -0.950567489387784
26.9257350080307 -0.959896320156857
26.933986673805 -0.968268305398506
26.9422383395794 -0.975675099735774
26.9504900053538 -0.982109319914979
26.9587416711281 -0.987564552165524
26.9669933369025 -0.992035358593257
26.9752450026769 -0.995517282601106
26.9834966684513 -0.998006853331493
26.9917483342256 -0.999501589126174
27 -1
