0 -1
0.0160487896291457 -0.999501589126174
0.0320975792582915 -0.998006853331493
0.0481463688874372 -0.995517282601106
0.0641951585165829 -0.992035358593258
0.0802439481457286 -0.987564552165524
0.0962927377748744 -0.98210931991498
0.11234152740402 -0.975675099735774
0.128390317033166 -0.968268305398507
0.144439106662312 -0.959896320156857
0.160487896291457 -0.950567489387783
0.176536685920603 -0.940291112272676
0.192585475549749 -0.929077432527731
0.208634265178894 -0.916937628192789
0.22468305480804 -0.903883800488824
0.240731844437186 -0.88992896175518
0.256780634066332 -0.875087022478594
0.272829423695477 -0.859372777426912
0.288878213324623 -0.842801890901351
0.304927002953769 -0.825390881121976
0.320975792582915 -0.807157103761985
0.33702458221206 -0.788118734647192
0.353073371841206 -0.768294751637971
0.369122161470352 -0.747704915711709
0.385170951099498 -0.726369751264639
0.401219740728643 -0.704310525652672
0.417268530357789 -0.681549227991634
0.433317319986935 -0.658108547238038
0.44936610961608 -0.634011849572239
0.465414899245226 -0.609283155106517
0.481463688874372 -0.583947113941306
0.497512478503518 -0.55802898159344
0.513561268132663 -0.531554593820901
0.529610057761809 -0.504550340869177
0.545658847390955 -0.47704314116489
0.561707637020101 -0.44906041448292
0.577756426649246 -0.420630054613784
0.593805216278392 -0.391780401558493
0.609854005907538 -0.362540213278624
0.625902795536683 -0.332938637029761
0.641951585165829 -0.303005180306873
0.658000374794975 -0.272769681430603
0.674049164424121 -0.242262279803783
0.690097954053266 -0.211513385867819
0.706146743682412 -0.180553650788902
0.722195533311558 -0.149413935904261
0.738244322940703 -0.118125281958908
0.754293112569849 -0.0867188781635512
0.770341902198995 -0.0552260311045079
0.786390691828141 -0.0236781335366239
0.802439481457286 0.00789336690971331
0.818488271086432 0.0394569990762527
0.834537060715578 0.0709812996480158
0.850585850344724 0.102434844516613
0.866634639973869 0.133786280104479
0.882683429603015 0.165004354618799
0.898732219232161 0.196057949203978
0.914781008861307 0.22691610896159
0.930829798490452 0.257548073806897
0.946878588119598 0.287923309131166
0.962927377748744 0.318011536239238
0.978976167377889 0.347782762531982
0.995024957007035 0.377207311403576
1.01107374663618 0.406255851823789
1.02712253626533 0.434899427575793
1.04317132589447 0.463109486120348
1.05922011552362 0.490857907057594
1.07526890515276 0.518117030158077
1.09131769478191 0.54485968293507
1.10736648441106 0.571059207730694
1.1234152740402 0.596689488288856
1.13946406366935 0.621724975788495
1.15551285329849 0.64614071431121
1.17156164292764 0.669912365717855
1.18761043255678 0.693016233909331
1.20365922218593 0.715429288447371
1.21970801181508 0.737129187511779
1.23575680144422 0.758094300171246
1.25180559107337 0.77830372794553
1.26785438070251 0.797737325637519
1.28390317033166 0.816375721414399
1.2999519599608 0.834200336117917
1.31600074958995 0.851193401784494
1.3320495392191 0.867337979356715
1.34809832884824 0.882617975568547
1.36414711847739 0.897018158987464
1.38019590810653 0.910524175197462
1.39624469773568 0.923122561107861
1.41229348736482 0.934800758373598
1.42834227699397 0.945547125913667
1.44439106662312 0.955350951515195
1.46043985625226 0.964202462511612
1.47648864588141 0.972092835524257
1.49253743551055 0.979014205257715
1.5085862251397 0.98495967234011
1.52463501476884 0.989923310200557
1.54068380439799 0.993900170976888
1.55673259402714 0.996886290447793
1.57278138365628 0.998878691984444
1.58883017328543 0.999875389517657
1.60487896291457 0.999875389517657
1.62092775254372 0.998878691984444
1.63697654217286 0.996886290447793
1.65302533180201 0.993900170976888
1.66907412143116 0.989923310200557
1.6851229110603 0.984959672340111
1.70117170068945 0.979014205257715
1.71722049031859 0.972092835524257
1.73326927994774 0.964202462511612
1.74931806957688 0.955350951515195
1.76536685920603 0.945547125913667
1.78141564883518 0.934800758373598
1.79746443846432 0.923122561107861
1.81351322809347 0.910524175197462
1.82956201772261 0.897018158987463
1.84561080735176 0.882617975568547
1.8616595969809 0.867337979356715
1.87770838661005 0.851193401784495
1.8937571762392 0.834200336117918
1.90980596586834 0.816375721414399
1.92585475549749 0.79773732563752
1.94190354512663 0.77830372794553
1.95795233475578 0.758094300171246
1.97400112438492 0.737129187511779
1.99004991401407 0.715429288447371
2.00609870364322 0.693016233909332
2.02214749327236 0.669912365717855
2.03819628290151 0.64614071431121
2.05424507253065 0.621724975788495
2.0702938621598 0.596689488288856
2.08634265178894 0.571059207730695
2.10239144141809 0.54485968293507
2.11844023104724 0.518117030158078
2.13448902067638 0.490857907057594
2.15053781030553 0.463109486120348
2.16658659993467 0.434899427575793
2.18263538956382 0.40625585182379
2.19868417919296 0.377207311403576
2.21473296882211 0.347782762531983
2.23078175845126 0.318011536239238
2.2468305480804 0.287923309131166
2.26287933770955 0.257548073806896
2.27892812733869 0.22691610896159
2.29497691696784 0.196057949203978
2.31102570659698 0.1650043546188
2.32707449622613 0.133786280104479
2.34312328585528 0.102434844516614
2.35917207548442 0.0709812996480162
2.37522086511357 0.0394569990762536
2.39126965474271 0.00789336690971289
2.40731844437186 -0.023678133536623
2.42336723400101 -0.0552260311045084
2.43941602363015 -0.0867188781635514
2.4554648132593 -0.118125281958908
2.47151360288844 -0.149413935904261
2.48756239251759 -0.180553650788902
2.50361118214673 -0.211513385867819
2.51965997177588 -0.242262279803783
2.53570876140502 -0.272769681430603
2.55175755103417 -0.303005180306872
2.56780634066332 -0.33293863702976
2.58385513029246 -0.362540213278625
2.59990391992161 -0.391780401558493
2.61595270955075 -0.420630054613784
2.6320014991799 -0.449060414482919
2.64805028880905 -0.47704314116489
2.66409907843819 -0.504550340869177
2.68014786806734 -0.531554593820901
2.69619665769648 -0.55802898159344
2.71224544732563 -0.583947113941306
2.72829423695477 -0.609283155106517
2.74434302658392 -0.634011849572238
2.76039181621306 -0.658108547238037
2.77644060584221 -0.681549227991634
2.79248939547136 -0.704310525652672
2.8085381851005 -0.726369751264639
2.82458697472965 -0.747704915711709
2.84063576435879 -0.768294751637971
2.85668455398794 -0.788118734647192
2.87273334361709 -0.807157103761986
2.88878213324623 -0.825390881121976
2.90483092287538 -0.84280189090135
2.92087971250452 -0.859372777426912
2.93692850213367 -0.875087022478594
2.95297729176281 -0.88992896175518
2.96902608139196 -0.903883800488823
2.98507487102111 -0.916937628192789
3.00112366065025 -0.92907743252773
3.0171724502794 -0.940291112272675
3.03322123990854 -0.950567489387783
3.04927002953769 -0.959896320156857
3.06531881916683 -0.968268305398507
3.08136760879598 -0.975675099735774
3.09741639842513 -0.98210931991498
3.11346518805427 -0.987564552165524
3.12951397768342 -0.992035358593258
3.14556276731256 -0.995517282601106
3.16161155694171 -0.998006853331493
3.17766034657085 -0.999501589126174
3.1937091362 -1
3.20105419608392 -0.999501589126174
3.20839925596784 -0.998006853331493
3.21574431585176 -0.995517282601106
3.22308937573568 -0.992035358593258
3.2304344356196 -0.987564552165524
3.23777949550352 -0.98210931991498
3.24512455538744 -0.975675099735774
3.25246961527136 -0.968268305398507
3.25981467515528 -0.959896320156857
3.2671597350392 -0.950567489387783
3.27450479492312 -0.940291112272675
3.28184985480704 -0.92907743252773
3.28919491469095 -0.916937628192789
3.29653997457487 -0.903883800488824
3.30388503445879 -0.88992896175518
3.31123009434271 -0.875087022478594
3.31857515422663 -0.859372777426912
3.32592021411055 -0.84280189090135
3.33326527399447 -0.825390881121976
3.34061033387839 -0.807157103761985
3.34795539376231 -0.788118734647192
3.35530045364623 -0.768294751637971
3.36264551353015 -0.747704915711709
3.36999057341407 -0.726369751264639
3.37733563329799 -0.704310525652672
3.38468069318191 -0.681549227991634
3.39202575306583 -0.658108547238038
3.39937081294975 -0.634011849572239
3.40671587283367 -0.609283155106517
3.41406093271759 -0.583947113941307
3.42140599260151 -0.558028981593439
3.42875105248543 -0.531554593820901
3.43609611236935 -0.504550340869177
3.44344117225327 -0.47704314116489
3.45078623213719 -0.44906041448292
3.45813129202111 -0.420630054613785
3.46547635190502 -0.391780401558494
3.47282141178894 -0.362540213278624
3.48016647167286 -0.332938637029761
3.48751153155678 -0.303005180306873
3.4948565914407 -0.272769681430603
3.50220165132462 -0.242262279803783
3.50954671120854 -0.21151338586782
3.51689177109246 -0.180553650788903
3.52423683097638 -0.14941393590426
3.5315818908603 -0.118125281958908
3.53892695074422 -0.0867188781635505
3.54627201062814 -0.0552260311045082
3.55361707051206 -0.0236781335366243
3.56096213039598 0.00789336690971264
3.5683071902799 0.039456999076252
3.57565225016382 0.0709812996480167
3.58299731004774 0.102434844516614
3.59034236993166 0.133786280104479
3.59768742981558 0.165004354618799
3.6050324896995 0.196057949203978
3.61237754958342 0.226916108961589
3.61972260946734 0.257548073806896
3.62706766935126 0.287923309131167
3.63441272923518 0.318011536239239
3.6417577891191 0.347782762531982
3.64910284900302 0.377207311403576
3.65644790888693 0.406255851823789
3.66379296877085 0.434899427575793
3.67113802865477 0.463109486120347
3.67848308853869 0.490857907057594
3.68582814842261 0.518117030158078
3.69317320830653 0.54485968293507
3.70051826819045 0.571059207730695
3.70786332807437 0.596689488288855
3.71520838795829 0.621724975788495
3.72255344784221 0.646140714311209
3.72989850772613 0.669912365717856
3.73724356761005 0.693016233909332
3.74458862749397 0.715429288447371
3.75193368737789 0.737129187511779
3.75927874726181 0.758094300171245
3.76662380714573 0.778303727945529
3.77396886702965 0.797737325637519
3.78131392691357 0.816375721414399
3.78865898679749 0.834200336117918
3.79600404668141 0.851193401784495
3.80334910656533 0.867337979356715
3.81069416644925 0.882617975568547
3.81803922633317 0.897018158987464
3.82538428621709 0.910524175197462
3.83272934610101 0.923122561107861
3.84007440598492 0.934800758373598
3.84741946586884 0.945547125913667
3.85476452575276 0.955350951515195
3.86210958563668 0.964202462511612
3.8694546455206 0.972092835524257
3.87679970540452 0.979014205257715
3.88414476528844 0.984959672340111
3.89148982517236 0.989923310200557
3.89883488505628 0.993900170976888
3.9061799449402 0.996886290447793
3.91352500482412 0.998878691984444
3.92087006470804 0.999875389517657
3.92821512459196 0.999875389517657
3.93556018447588 0.998878691984444
3.9429052443598 0.996886290447793
3.95025030424372 0.993900170976888
3.95759536412764 0.989923310200557
3.96494042401156 0.984959672340111
3.97228548389548 0.979014205257714
3.9796305437794 0.972092835524257
3.98697560366332 0.964202462511612
3.99432066354724 0.955350951515195
4.00166572343116 0.945547125913667
4.00901078331507 0.934800758373599
4.01635584319899 0.923122561107861
4.02370090308291 0.910524175197462
4.03104596296683 0.897018158987464
4.03839102285075 0.882617975568547
4.04573608273467 0.867337979356714
4.05308114261859 0.851193401784495
4.06042620250251 0.834200336117917
4.06777126238643 0.816375721414399
4.07511632227035 0.797737325637519
4.08246138215427 0.778303727945531
4.08980644203819 0.758094300171246
4.09715150192211 0.737129187511781
4.10449656180603 0.715429288447371
4.11184162168995 0.693016233909331
4.11918668157387 0.669912365717856
4.12653174145779 0.646140714311209
4.13387680134171 0.621724975788496
4.14122186122563 0.596689488288856
4.14856692110955 0.571059207730694
4.15591198099347 0.544859682935071
4.16325704087739 0.518117030158076
4.17060210076131 0.490857907057595
4.17794716064523 0.463109486120348
4.18529222052915 0.434899427575795
4.19263728041307 0.406255851823789
4.19998234029699 0.377207311403574
4.2073274001809 0.347782762531982
4.21467246006482 0.31801153623924
4.22201751994874 0.287923309131167
4.22936257983266 0.257548073806896
4.23670763971658 0.226916108961591
4.2440526996005 0.196057949203978
4.25139775948442 0.165004354618797
4.25874281936834 0.133786280104479
4.26608787925226 0.102434844516612
4.27343293913618 0.0709812996480171
4.2807779990201 0.0394569990762527
4.28812305890402 0.00789336690971467
4.29546811878794 -0.0236781335366239
4.30281317867186 -0.0552260311045101
4.31015823855578 -0.0867188781635505
4.3175032984397 -0.11812528195891
4.32484835832362 -0.14941393590426
4.33219341820754 -0.180553650788903
4.33953847809146 -0.211513385867818
4.34688353797538 -0.242262279803783
4.3542285978593 -0.272769681430605
4.36157365774322 -0.303005180306872
4.36891871762714 -0.332938637029762
4.37626377751106 -0.362540213278623
4.38360883739498 -0.391780401558494
4.39095389727889 -0.420630054613783
4.39829895716281 -0.44906041448292
4.40564401704673 -0.477043141164891
4.41298907693065 -0.504550340869177
4.42033413681457 -0.531554593820899
4.42767919669849 -0.558028981593439
4.43502425658241 -0.583947113941307
4.44236931646633 -0.609283155106515
4.44971437635025 -0.634011849572239
4.45705943623417 -0.658108547238039
4.46440449611809 -0.681549227991633
4.47174955600201 -0.704310525652672
4.47909461588593 -0.726369751264638
4.48643967576985 -0.747704915711709
4.49378473565377 -0.768294751637969
4.50112979553769 -0.788118734647193
4.50847485542161 -0.807157103761986
4.51581991530553 -0.825390881121976
4.52316497518945 -0.842801890901351
4.53051003507337 -0.859372777426911
4.53785509495729 -0.875087022478594
4.54520015484121 -0.889928961755179
4.55254521472513 -0.903883800488823
4.55989027460905 -0.91693762819279
4.56723533449297 -0.92907743252773
4.57458039437689 -0.940291112272676
4.5819254542608 -0.950567489387782
4.58927051414472 -0.959896320156857
4.59661557402864 -0.968268305398507
4.60396063391256 -0.975675099735774
4.61130569379648 -0.982109319914981
4.6186507536804 -0.987564552165524
4.62599581356432 -0.992035358593258
4.63334087344824 -0.995517282601106
4.64068593333216 -0.998006853331493
4.64803099321608 -0.999501589126174
4.6553760531 -1
4.66398747400251 -0.999501589126174
4.67259889490503 -0.998006853331493
4.68121031580754 -0.995517282601106
4.68982173671005 -0.992035358593258
4.69843315761256 -0.987564552165524
4.70704457851508 -0.98210931991498
4.71565599941759 -0.975675099735773
4.7242674203201 -0.968268305398507
4.73287884122261 -0.959896320156857
4.74149026212513 -0.950567489387783
4.75010168302764 -0.940291112272675
4.75871310393015 -0.929077432527731
4.76732452483266 -0.916937628192788
4.77593594573518 -0.903883800488824
4.78454736663769 -0.88992896175518
4.7931587875402 -0.875087022478594
4.80177020844271 -0.859372777426912
4.81038162934523 -0.842801890901351
4.81899305024774 -0.825390881121976
4.82760447115025 -0.807157103761986
4.83621589205276 -0.788118734647192
4.84482731295528 -0.768294751637972
4.85343873385779 -0.747704915711709
4.8620501547603 -0.72636975126464
4.87066157566281 -0.704310525652672
4.87927299656533 -0.681549227991635
4.88788441746784 -0.658108547238038
4.89649583837035 -0.634011849572237
4.90510725927286 -0.609283155106517
4.91371868017538 -0.583947113941308
4.92233010107789 -0.55802898159344
4.9309415219804 -0.5315545938209
4.93955294288291 -0.504550340869178
4.94816436378543 -0.477043141164888
4.95677578468794 -0.449060414482921
4.96538720559045 -0.420630054613783
4.97399862649296 -0.391780401558494
4.98261004739548 -0.362540213278624
4.99122146829799 -0.332938637029762
4.9998328892005 -0.303005180306872
5.00844431010302 -0.272769681430604
5.01705573100553 -0.242262279803783
5.02566715190804 -0.21151338586782
5.03427857281055 -0.180553650788901
5.04288999371307 -0.149413935904262
5.05150141461558 -0.118125281958907
5.06011283551809 -0.0867188781635518
5.0687242564206 -0.0552260311045077
5.07733567732312 -0.0236781335366252
5.08594709822563 0.00789336690971375
5.09455851912814 0.0394569990762514
5.10316994003065 0.0709812996480162
5.11178136093317 0.102434844516612
5.12039278183568 0.133786280104479
5.12900420273819 0.165004354618798
5.1376156236407 0.196057949203978
5.14622704454322 0.226916108961592
5.15483846544573 0.257548073806897
5.16344988634824 0.287923309131168
5.17206130725075 0.318011536239238
5.18067272815327 0.347782762531984
5.18928414905578 0.377207311403576
5.19789556995829 0.40625585182379
5.2065069908608 0.434899427575793
5.21511841176332 0.463109486120349
5.22372983266583 0.490857907057593
5.23234125356834 0.518117030158078
5.24095267447085 0.54485968293507
5.24956409537337 0.571059207730696
5.25817551627588 0.596689488288855
5.26678693717839 0.621724975788496
5.2753983580809 0.646140714311209
5.28400977898342 0.669912365717856
5.29262119988593 0.693016233909331
5.30123262078844 0.715429288447372
5.30984404169095 0.737129187511778
5.31845546259347 0.758094300171246
5.32706688349598 0.778303727945529
5.33567830439849 0.79773732563752
5.344289725301 0.816375721414398
5.35290114620352 0.834200336117918
5.36151256710603 0.851193401784495
5.37012398800854 0.867337979356715
5.37873540891106 0.882617975568546
5.38734682981357 0.897018158987463
5.39595825071608 0.910524175197463
5.40456967161859 0.923122561107861
5.41318109252111 0.934800758373598
5.42179251342362 0.945547125913667
5.43040393432613 0.955350951515195
5.43901535522864 0.964202462511612
5.44762677613116 0.972092835524257
5.45623819703367 0.979014205257714
5.46484961793618 0.984959672340111
5.47346103883869 0.989923310200557
5.48207245974121 0.993900170976888
5.49068388064372 0.996886290447793
5.49929530154623 0.998878691984444
5.50790672244874 0.999875389517657
5.51651814335126 0.999875389517657
5.52512956425377 0.998878691984444
5.53374098515628 0.996886290447793
5.54235240605879 0.993900170976888
5.55096382696131 0.989923310200557
5.55957524786382 0.984959672340111
5.56818666876633 0.979014205257714
5.57679808966884 0.972092835524257
5.58540951057136 0.964202462511612
5.59402093147387 0.955350951515195
5.60263235237638 0.945547125913667
5.6112437732789 0.934800758373598
5.61985519418141 0.923122561107861
5.62846661508392 0.910524175197463
5.63707803598643 0.897018158987464
5.64568945688895 0.882617975568546
5.65430087779146 0.867337979356715
5.66291229869397 0.851193401784496
5.67152371959648 0.834200336117918
5.680135140499 0.816375721414398
5.68874656140151 0.79773732563752
5.69735798230402 0.778303727945531
5.70596940320653 0.758094300171246
5.71458082410905 0.737129187511778
5.72319224501156 0.715429288447372
5.73180366591407 0.693016233909331
5.74041508681658 0.669912365717856
5.7490265077191 0.646140714311209
5.75763792862161 0.621724975788496
5.76624934952412 0.596689488288855
5.77486077042663 0.571059207730696
5.78347219132915 0.54485968293507
5.79208361223166 0.518117030158079
5.80069503313417 0.490857907057594
5.80930645403668 0.463109486120349
5.8179178749392 0.434899427575793
5.82652929584171 0.406255851823787
5.83514071674422 0.377207311403576
5.84375213764673 0.347782762531984
5.85236355854925 0.318011536239239
5.86097497945176 0.287923309131165
5.86958640035427 0.257548073806897
5.87819782125678 0.226916108961592
5.8868092421593 0.196057949203978
5.89542066306181 0.165004354618798
5.90403208396432 0.133786280104479
5.91264350486683 0.102434844516615
5.92125492576935 0.0709812996480162
5.92986634667186 0.0394569990762509
5.93847776757437 0.00789336690971378
5.94708918847688 -0.0236781335366212
5.9557006093794 -0.0552260311045075
5.96431203028191 -0.0867188781635523
5.97292345118442 -0.118125281958907
5.98153487208694 -0.149413935904262
5.99014629298945 -0.180553650788901
5.99875771389196 -0.21151338586782
6.00736913479447 -0.242262279803782
6.01598055569699 -0.272769681430604
6.0245919765995 -0.303005180306871
6.03320339750201 -0.332938637029762
6.04181481840452 -0.362540213278623
6.05042623930704 -0.391780401558494
6.05903766020955 -0.420630054613783
6.06764908111206 -0.449060414482921
6.07626050201457 -0.477043141164891
6.08487192291709 -0.504550340869178
6.0934833438196 -0.5315545938209
6.10209476472211 -0.558028981593439
6.11070618562462 -0.583947113941307
6.11931760652714 -0.609283155106516
6.12792902742965 -0.634011849572237
6.13654044833216 -0.658108547238037
6.14515186923467 -0.681549227991635
6.15376329013719 -0.704310525652671
6.1623747110397 -0.726369751264641
6.17098613194221 -0.747704915711709
6.17959755284472 -0.768294751637972
6.18820897374724 -0.788118734647193
6.19682039464975 -0.807157103761984
6.20543181555226 -0.825390881121976
6.21404323645477 -0.842801890901351
6.22265465735729 -0.859372777426911
6.2312660782598 -0.875087022478594
6.23987749916231 -0.88992896175518
6.24848892006482 -0.903883800488824
6.25710034096734 -0.916937628192788
6.26571176186985 -0.929077432527731
6.27432318277236 -0.940291112272675
6.28293460367487 -0.950567489387783
6.29154602457739 -0.959896320156857
6.3001574454799 -0.968268305398507
6.30876886638241 -0.975675099735773
6.31738028728492 -0.98210931991498
6.32599170818744 -0.987564552165524
6.33460312908995 -0.992035358593258
6.34321454999246 -0.995517282601106
6.35182597089497 -0.998006853331493
6.36043739179749 -0.999501589126174
6.3690488127 -1
6.38750603111357 -0.999501589126174
6.40596324952714 -0.998006853331493
6.4244204679407 -0.995517282601106
6.44287768635427 -0.992035358593258
6.46133490476784 -0.987564552165524
6.47979212318141 -0.98210931991498
6.49824934159497 -0.975675099735774
6.51670656000854 -0.968268305398507
6.53516377842211 -0.959896320156857
6.55362099683568 -0.950567489387783
6.57207821524925 -0.940291112272676
6.59053543366281 -0.92907743252773
6.60899265207638 -0.916937628192789
6.62744987048995 -0.903883800488824
6.64590708890352 -0.88992896175518
6.66436430731709 -0.875087022478594
6.68282152573065 -0.859372777426912
6.70127874414422 -0.842801890901351
6.71973596255779 -0.825390881121976
6.73819318097136 -0.807157103761985
6.75665039938492 -0.788118734647192
6.77510761779849 -0.768294751637971
6.79356483621206 -0.747704915711709
6.81202205462563 -0.726369751264639
6.8304792730392 -0.704310525652672
6.84893649145276 -0.681549227991634
6.86739370986633 -0.658108547238037
6.8858509282799 -0.634011849572239
6.90430814669347 -0.609283155106517
6.92276536510704 -0.583947113941306
6.9412225835206 -0.55802898159344
6.95967980193417 -0.531554593820901
6.97813702034774 -0.504550340869177
6.99659423876131 -0.477043141164889
7.01505145717487 -0.44906041448292
7.03350867558844 -0.420630054613784
7.05196589400201 -0.391780401558493
7.07042311241558 -0.362540213278624
7.08888033082915 -0.332938637029761
7.10733754924271 -0.303005180306872
7.12579476765628 -0.272769681430603
7.14425198606985 -0.242262279803783
7.16270920448342 -0.211513385867819
7.18116642289699 -0.180553650788902
7.19962364131055 -0.149413935904261
7.21808085972412 -0.118125281958908
7.23653807813769 -0.0867188781635505
7.25499529655126 -0.0552260311045077
7.27345251496482 -0.0236781335366237
7.29190973337839 0.00789336690971375
7.31036695179196 0.0394569990762531
7.32882417020553 0.0709812996480162
7.3472813886191 0.102434844516614
7.36573860703266 0.133786280104479
7.38419582544623 0.1650043546188
7.4026530438598 0.196057949203978
7.42111026227337 0.226916108961591
7.43956748068693 0.257548073806897
7.4580246991005 0.287923309131167
7.47648191751407 0.318011536239239
7.49493913592764 0.347782762531983
7.51339635434121 0.377207311403576
7.53185357275477 0.406255851823789
7.55031079116834 0.434899427575793
7.56876800958191 0.463109486120348
7.58722522799548 0.490857907057593
7.60568244640905 0.518117030158078
7.62413966482261 0.544859682935071
7.64259688323618 0.571059207730694
7.66105410164975 0.596689488288856
7.67951132006332 0.621724975788494
7.69796853847688 0.64614071431121
7.71642575689045 0.669912365717856
7.73488297530402 0.693016233909331
7.75334019371759 0.715429288447372
7.77179741213116 0.737129187511779
7.79025463054472 0.758094300171245
7.80871184895829 0.77830372794553
7.82716906737186 0.79773732563752
7.84562628578543 0.816375721414398
7.864083504199 0.834200336117918
7.88254072261256 0.851193401784494
7.90099794102613 0.867337979356714
7.9194551594397 0.882617975568547
7.93791237785327 0.897018158987463
7.95636959626683 0.910524175197462
7.9748268146804 0.923122561107861
7.99328403309397 0.934800758373598
8.01174125150754 0.945547125913667
8.03019846992111 0.955350951515195
8.04865568833467 0.964202462511611
8.06711290674824 0.972092835524257
8.08557012516181 0.979014205257714
8.10402734357538 0.98495967234011
8.12248456198894 0.989923310200557
8.14094178040251 0.993900170976888
8.15939899881608 0.996886290447793
8.17785621722965 0.998878691984444
8.19631343564322 0.999875389517657
8.21477065405678 0.999875389517657
8.23322787247035 0.998878691984444
8.25168509088392 0.996886290447793
8.27014230929749 0.993900170976888
8.28859952771105 0.989923310200557
8.30705674612462 0.984959672340111
8.32551396453819 0.979014205257715
8.34397118295176 0.972092835524257
8.36242840136533 0.964202462511612
8.38088561977889 0.955350951515195
8.39934283819246 0.945547125913667
8.41780005660603 0.934800758373599
8.4362572750196 0.923122561107861
8.45471449343317 0.910524175197463
8.47317171184673 0.897018158987464
8.4916289302603 0.882617975568547
8.51008614867387 0.867337979356715
8.52854336708744 0.851193401784495
8.547000585501 0.834200336117918
8.56545780391457 0.816375721414399
8.58391502232814 0.79773732563752
8.60237224074171 0.77830372794553
8.62082945915528 0.758094300171246
8.63928667756884 0.737129187511779
8.65774389598241 0.715429288447372
8.67620111439598 0.693016233909332
8.69465833280955 0.669912365717856
8.71311555122312 0.64614071431121
8.73157276963668 0.621724975788496
8.75002998805025 0.596689488288856
8.76848720646382 0.571059207730696
8.78694442487739 0.544859682935071
8.80540164329095 0.518117030158079
8.82385886170452 0.490857907057594
8.84231608011809 0.463109486120348
8.86077329853166 0.434899427575793
8.87923051694523 0.40625585182379
8.89768773535879 0.377207311403576
8.91614495377236 0.347782762531983
8.93460217218593 0.31801153623924
8.9530593905995 0.287923309131167
8.97151660901307 0.257548073806897
8.98997382742663 0.22691610896159
9.0084310458402 0.196057949203978
9.02688826425377 0.1650043546188
9.04534548266734 0.133786280104479
9.0638027010809 0.102434844516613
9.08225991949447 0.0709812996480162
9.10071713790804 0.0394569990762527
9.11917435632161 0.00789336690971378
9.13763157473518 -0.0236781335366239
9.15608879314874 -0.0552260311045075
9.17454601156231 -0.0867188781635505
9.19300322997588 -0.118125281958908
9.21146044838945 -0.14941393590426
9.22991766680301 -0.180553650788902
9.24837488521658 -0.211513385867818
9.26683210363015 -0.242262279803783
9.28528932204372 -0.272769681430602
9.30374654045729 -0.303005180306872
9.32220375887085 -0.332938637029761
9.34066097728442 -0.362540213278624
9.35911819569799 -0.391780401558493
9.37757541411156 -0.420630054613784
9.39603263252513 -0.44906041448292
9.41448985093869 -0.477043141164889
9.43294706935226 -0.504550340869177
9.45140428776583 -0.531554593820901
9.4698615061794 -0.558028981593439
9.48831872459296 -0.583947113941306
9.50677594300653 -0.609283155106516
9.5252331614201 -0.634011849572238
9.54369037983367 -0.658108547238037
9.56214759824724 -0.681549227991633
9.5806048166608 -0.704310525652671
9.59906203507437 -0.726369751264639
9.61751925348794 -0.747704915711709
9.63597647190151 -0.768294751637971
9.65443369031508 -0.788118734647193
9.67289090872864 -0.807157103761985
9.69134812714221 -0.825390881121976
9.70980534555578 -0.842801890901351
9.72826256396935 -0.859372777426912
9.74671978238291 -0.875087022478594
9.76517700079648 -0.88992896175518
9.78363421921005 -0.903883800488824
9.80209143762362 -0.916937628192789
9.82054865603719 -0.92907743252773
9.83900587445075 -0.940291112272676
9.85746309286432 -0.950567489387783
9.87592031127789 -0.959896320156857
9.89437752969146 -0.968268305398507
9.91283474810503 -0.975675099735774
9.93129196651859 -0.98210931991498
9.94974918493216 -0.987564552165524
9.96820640334573 -0.992035358593258
9.9866636217593 -0.995517282601106
10.0051208401729 -0.998006853331493
10.0235780585864 -0.999501589126174
10.042035277 -1
10.059987748197 -0.999501589126174
10.077940219394 -0.998006853331493
10.095892690591 -0.995517282601106
10.1138451617879 -0.992035358593258
10.1317976329849 -0.987564552165524
10.1497501041819 -0.98210931991498
10.1677025753789 -0.975675099735773
10.1856550465759 -0.968268305398507
10.2036075177729 -0.959896320156857
10.2215599889698 -0.950567489387783
10.2395124601668 -0.940291112272676
10.2574649313638 -0.929077432527731
10.2754174025608 -0.916937628192789
10.2933698737578 -0.903883800488823
10.3113223449548 -0.88992896175518
10.3292748161518 -0.875087022478593
10.3472272873487 -0.859372777426912
10.3651797585457 -0.842801890901351
10.3831322297427 -0.825390881121976
10.4010847009397 -0.807157103761986
10.4190371721367 -0.788118734647193
10.4369896433337 -0.768294751637972
10.4549421145307 -0.747704915711708
10.4728945857276 -0.726369751264639
10.4908470569246 -0.704310525652672
10.5087995281216 -0.681549227991634
10.5267519993186 -0.658108547238038
10.5447044705156 -0.634011849572239
10.5626569417126 -0.609283155106517
10.5806094129095 -0.583947113941307
10.5985618841065 -0.558028981593441
10.6165143553035 -0.5315545938209
10.6344668265005 -0.504550340869177
10.6524192976975 -0.477043141164889
10.6703717688945 -0.44906041448292
10.6883242400915 -0.420630054613784
10.7062767112884 -0.391780401558493
10.7242291824854 -0.362540213278625
10.7421816536824 -0.332938637029762
10.7601341248794 -0.303005180306874
10.7780865960764 -0.272769681430602
10.7960390672734 -0.242262279803782
10.8139915384704 -0.211513385867818
10.8319440096673 -0.180553650788902
10.8498964808643 -0.149413935904261
10.8678489520613 -0.118125281958908
10.8858014232583 -0.0867188781635516
10.9037538944553 -0.055226031104509
10.9217063656523 -0.0236781335366252
10.9396588368492 0.00789336690971486
10.9576113080462 0.0394569990762538
10.9755637792432 0.0709812996480167
10.9935162504402 0.102434844516614
11.0114687216372 0.133786280104479
11.0294211928342 0.165004354618799
11.0473736640312 0.196057949203977
11.0653261352281 0.226916108961589
11.0832786064251 0.257548073806895
11.1012310776221 0.287923309131165
11.1191835488191 0.318011536239239
11.1371360200161 0.347782762531983
11.1550884912131 0.377207311403576
11.1730409624101 0.406255851823789
11.190993433607 0.434899427575793
11.208945904804 0.463109486120347
11.226898376001 0.490857907057593
11.244850847198 0.518117030158076
11.262803318395 0.544859682935072
11.280755789592 0.571059207730696
11.2987082607889 0.596689488288857
11.3166607319859 0.621724975788495
11.3346132031829 0.64614071431121
11.3525656743799 0.669912365717855
11.3705181455769 0.693016233909331
11.3884706167739 0.715429288447371
11.4064230879709 0.737129187511778
11.4243755591678 0.758094300171244
11.4423280303648 0.778303727945531
11.4602805015618 0.79773732563752
11.4782329727588 0.816375721414399
11.4961854439558 0.834200336117917
11.5141379151528 0.851193401784495
11.5320903863497 0.867337979356714
11.5500428575467 0.882617975568546
11.5679953287437 0.897018158987464
11.5859477999407 0.910524175197463
11.6039002711377 0.923122561107861
11.6218527423347 0.934800758373599
11.6398052135317 0.945547125913667
11.6577576847286 0.955350951515195
11.6757101559256 0.964202462511612
11.6936626271226 0.972092835524257
11.7116150983196 0.979014205257714
11.7295675695166 0.98495967234011
11.7475200407136 0.989923310200557
11.7654725119106 0.993900170976888
11.7834249831075 0.996886290447793
11.8013774543045 0.998878691984444
11.8193299255015 0.999875389517657
11.8372823966985 0.999875389517657
11.8552348678955 0.998878691984444
11.8731873390925 0.996886290447793
11.8911398102894 0.993900170976888
11.9090922814864 0.989923310200557
11.9270447526834 0.98495967234011
11.9449972238804 0.979014205257714
11.9629496950774 0.972092835524257
11.9809021662744 0.964202462511612
11.9988546374714 0.955350951515195
12.0168071086683 0.945547125913667
12.0347595798653 0.934800758373599
12.0527120510623 0.923122561107861
12.0706645222593 0.910524175197463
12.0886169934563 0.897018158987463
12.1065694646533 0.882617975568547
12.1245219358503 0.867337979356714
12.1424744070472 0.851193401784495
12.1604268782442 0.834200336117918
12.1783793494412 0.816375721414399
12.1963318206382 0.79773732563752
12.2142842918352 0.778303727945529
12.2322367630322 0.758094300171244
12.2501892342291 0.737129187511778
12.2681417054261 0.715429288447371
12.2860941766231 0.693016233909331
12.3040466478201 0.669912365717855
12.3219991190171 0.64614071431121
12.3399515902141 0.621724975788496
12.3579040614111 0.596689488288856
12.375856532608 0.571059207730696
12.393809003805 0.544859682935072
12.411761475002 0.518117030158079
12.429713946199 0.490857907057593
12.447666417396 0.463109486120348
12.465618888593 0.434899427575793
12.48357135979 0.40625585182379
12.5015238309869 0.377207311403576
12.5194763021839 0.347782762531983
12.5374287733809 0.31801153623924
12.5553812445779 0.287923309131165
12.5733337157749 0.257548073806896
12.5912861869719 0.22691610896159
12.6092386581688 0.196057949203978
12.6271911293658 0.1650043546188
12.6451436005628 0.133786280104479
12.6630960717598 0.102434844516614
12.6810485429568 0.0709812996480162
12.6990010141538 0.0394569990762536
12.7169534853508 0.00789336690971467
12.7349059565477 -0.0236781335366221
12.7528584277447 -0.0552260311045093
12.7708108989417 -0.0867188781635514
12.7887633701387 -0.118125281958908
12.8067158413357 -0.14941393590426
12.8246683125327 -0.180553650788901
12.8426207837296 -0.211513385867818
12.8605732549266 -0.242262279803781
12.8785257261236 -0.272769681430605
12.8964781973206 -0.303005180306874
12.9144306685176 -0.332938637029762
12.9323831397146 -0.362540213278625
12.9503356109116 -0.391780401558493
12.9682880821085 -0.420630054613784
12.9862405533055 -0.44906041448292
13.0041930245025 -0.477043141164889
13.0221454956995 -0.504550340869176
13.0400979668965 -0.5315545938209
13.0580504380935 -0.558028981593438
13.0760029092905 -0.583947113941307
13.0939553804874 -0.609283155106517
13.1119078516844 -0.634011849572239
13.1298603228814 -0.658108547238037
13.1478127940784 -0.681549227991633
13.1657652652754 -0.704310525652671
13.1837177364724 -0.726369751264641
13.2016702076693 -0.74770491571171
13.2196226788663 -0.768294751637972
13.2375751500633 -0.788118734647193
13.2555276212603 -0.807157103761986
13.2734800924573 -0.825390881121976
13.2914325636543 -0.84280189090135
13.3093850348513 -0.859372777426911
13.3273375060482 -0.875087022478593
13.3452899772452 -0.88992896175518
13.3632424484422 -0.903883800488823
13.3811949196392 -0.916937628192788
13.3991473908362 -0.929077432527731
13.4170998620332 -0.940291112272676
13.4350523332302 -0.950567489387783
13.4530048044271 -0.959896320156857
13.4709572756241 -0.968268305398507
13.4889097468211 -0.975675099735773
13.5068622180181 -0.982109319914981
13.5248146892151 -0.987564552165523
13.5427671604121 -0.992035358593258
13.560719631609 -0.995517282601106
13.578672102806 -0.998006853331493
13.596624574003 -0.999501589126174
13.6145770452 -1
13.6319545206392 -0.999501589126174
13.6493319960784 -0.998006853331493
13.6667094715176 -0.995517282601106
13.6840869469568 -0.992035358593258
13.701464422396 -0.987564552165524
13.7188418978352 -0.982109319914981
13.7362193732744 -0.975675099735773
13.7535968487136 -0.968268305398507
13.7709743241528 -0.959896320156857
13.788351799592 -0.950567489387783
13.8057292750312 -0.940291112272676
13.8231067504704 -0.929077432527731
13.8404842259095 -0.916937628192788
13.8578617013487 -0.903883800488824
13.8752391767879 -0.889928961755181
13.8926166522271 -0.875087022478593
13.9099941276663 -0.859372777426912
13.9273716031055 -0.84280189090135
13.9447490785447 -0.825390881121976
13.9621265539839 -0.807157103761986
13.9795040294231 -0.788118734647192
13.9968815048623 -0.768294751637971
14.0142589803015 -0.74770491571171
14.0316364557407 -0.726369751264639
14.0490139311799 -0.704310525652673
14.0663914066191 -0.681549227991633
14.0837688820583 -0.658108547238037
14.1011463574975 -0.634011849572239
14.1185238329367 -0.609283155106516
14.1359013083759 -0.583947113941306
14.1532787838151 -0.558028981593441
14.1706562592543 -0.531554593820901
14.1880337346935 -0.504550340869178
14.2054112101327 -0.477043141164891
14.2227886855719 -0.44906041448292
14.2401661610111 -0.420630054613785
14.2575436364503 -0.391780401558492
14.2749211118894 -0.362540213278624
14.2922985873286 -0.332938637029762
14.3096760627678 -0.303005180306872
14.327053538207 -0.272769681430603
14.3444310136462 -0.242262279803785
14.3618084890854 -0.211513385867818
14.3791859645246 -0.180553650788903
14.3965634399638 -0.149413935904259
14.413940915403 -0.118125281958908
14.4313183908422 -0.0867188781635516
14.4486958662814 -0.0552260311045071
14.4660733417206 -0.0236781335366239
14.4834508171598 0.00789336690971198
14.500828292599 0.0394569990762538
14.5182057680382 0.0709812996480156
14.5355832434774 0.102434844516612
14.5529607189166 0.13378628010448
14.5703381943558 0.165004354618799
14.587715669795 0.196057949203979
14.6050931452342 0.22691610896159
14.6224706206734 0.257548073806896
14.6398480961126 0.287923309131168
14.6572255715518 0.318011536239238
14.674603046991 0.347782762531981
14.6919805224302 0.377207311403577
14.7093579978693 0.406255851823788
14.7267354733085 0.434899427575794
14.7441129487477 0.463109486120348
14.7614904241869 0.490857907057593
14.7788678996261 0.518117030158079
14.7962453750653 0.54485968293507
14.8136228505045 0.571059207730694
14.8310003259437 0.596689488288857
14.8483778013829 0.621724975788495
14.8657552768221 0.646140714311209
14.8831327522613 0.669912365717856
14.9005102277005 0.693016233909331
14.9178877031397 0.71542928844737
14.9352651785789 0.737129187511779
14.9526426540181 0.758094300171245
14.9700201294573 0.778303727945531
14.9873976048965 0.797737325637519
15.0047750803357 0.816375721414398
15.0221525557749 0.834200336117918
15.0395300312141 0.851193401784495
15.0569075066533 0.867337979356714
15.0742849820925 0.882617975568547
15.0916624575317 0.897018158987463
15.1090399329709 0.910524175197463
15.1264174084101 0.923122561107861
15.1437948838492 0.934800758373598
15.1611723592884 0.945547125913668
15.1785498347276 0.955350951515195
15.1959273101668 0.964202462511611
15.213304785606 0.972092835524257
15.2306822610452 0.979014205257714
15.2480597364844 0.98495967234011
15.2654372119236 0.989923310200557
15.2828146873628 0.993900170976888
15.300192162802 0.996886290447793
15.3175696382412 0.998878691984444
15.3349471136804 0.999875389517657
15.3523245891196 0.999875389517657
15.3697020645588 0.998878691984444
15.387079539998 0.996886290447793
15.4044570154372 0.993900170976888
15.4218344908764 0.989923310200557
15.4392119663156 0.98495967234011
15.4565894417548 0.979014205257714
15.473966917194 0.972092835524257
15.4913443926332 0.964202462511611
15.5087218680724 0.955350951515195
15.5260993435116 0.945547125913668
15.5434768189508 0.934800758373598
15.5608542943899 0.923122561107861
15.5782317698291 0.910524175197463
15.5956092452683 0.897018158987463
15.6129867207075 0.882617975568547
15.6303641961467 0.867337979356716
15.6477416715859 0.851193401784495
15.6651191470251 0.834200336117918
15.6824966224643 0.816375721414398
15.6998740979035 0.79773732563752
15.7172515733427 0.778303727945529
15.7346290487819 0.758094300171245
15.7520065242211 0.737129187511779
15.7693839996603 0.71542928844737
15.7867614750995 0.693016233909332
15.8041389505387 0.669912365717856
15.8215164259779 0.646140714311209
15.8388939014171 0.621724975788495
15.8562713768563 0.596689488288857
15.8736488522955 0.571059207730694
15.8910263277347 0.544859682935071
15.9084038031739 0.518117030158079
15.9257812786131 0.490857907057593
15.9431587540523 0.463109486120348
15.9605362294915 0.434899427575795
15.9779137049307 0.406255851823789
15.9952911803698 0.377207311403576
16.012668655809 0.347782762531984
16.0300461312482 0.318011536239239
16.0474236066874 0.287923309131165
16.0648010821266 0.257548073806899
16.0821785575658 0.22691610896159
16.099556033005 0.196057949203976
16.1169335084442 0.165004354618802
16.1343109838834 0.133786280104479
16.1516884593226 0.102434844516612
16.1690659347618 0.0709812996480189
16.186443410201 0.0394569990762536
16.2038208856402 0.007893366909712
16.2211983610794 -0.0236781335366203
16.2385758365186 -0.0552260311045066
16.2559533119578 -0.0867188781635514
16.273330787397 -0.11812528195891
16.2907082628362 -0.14941393590426
16.3080857382754 -0.180553650788903
16.3254632137146 -0.211513385867821
16.3428406891538 -0.242262279803781
16.360218164593 -0.272769681430603
16.3775956400322 -0.303005180306875
16.3949731154714 -0.332938637029759
16.4123505909106 -0.362540213278624
16.4297280663497 -0.391780401558495
16.4471055417889 -0.420630054613782
16.4644830172281 -0.44906041448292
16.4818604926673 -0.477043141164891
16.4992379681065 -0.504550340869175
16.5166154435457 -0.531554593820901
16.5339929189849 -0.558028981593441
16.5513703944241 -0.583947113941303
16.5687478698633 -0.609283155106516
16.5861253453025 -0.63401184957224
16.6035028207417 -0.65810854723804
16.6208802961809 -0.681549227991633
16.6382577716201 -0.704310525652672
16.6556352470593 -0.726369751264636
16.6730127224985 -0.747704915711707
16.6903901979377 -0.768294751637971
16.7077676733769 -0.788118734647194
16.7251451488161 -0.807157103761984
16.7425226242553 -0.825390881121976
16.7599000996945 -0.842801890901352
16.7772775751337 -0.859372777426911
16.7946550505729 -0.875087022478593
16.8120325260121 -0.889928961755181
16.8294100014513 -0.903883800488822
16.8467874768905 -0.916937628192788
16.8641649523296 -0.929077432527731
16.8815424277688 -0.940291112272674
16.898919903208 -0.950567489387782
16.9162973786472 -0.959896320156857
16.9336748540864 -0.968268305398508
16.9510523295256 -0.975675099735773
16.9684298049648 -0.98210931991498
16.985807280404 -0.987564552165523
17.0031847558432 -0.992035358593258
17.0205622312824 -0.995517282601106
17.0379397067216 -0.998006853331494
17.0553171821608 -0.999501589126174
17.0726946576 -1
17.0806217112377 -0.999501589126174
17.0885487648754 -0.998006853331493
17.0964758185131 -0.995517282601107
17.1044028721508 -0.992035358593258
17.1123299257884 -0.987564552165525
17.1202569794261 -0.98210931991498
17.1281840330638 -0.975675099735775
17.1361110867015 -0.968268305398507
17.1440381403392 -0.959896320156858
17.1519651939769 -0.950567489387782
17.1598922476146 -0.940291112272677
17.1678193012523 -0.929077432527729
17.1757463548899 -0.91693762819279
17.1836734085276 -0.903883800488822
17.1916004621653 -0.889928961755181
17.199527515803 -0.875087022478591
17.2074545694407 -0.859372777426913
17.2153816230784 -0.842801890901348
17.2233086767161 -0.825390881121977
17.2312357303538 -0.807157103761982
17.2391627839915 -0.788118734647193
17.2470898376291 -0.768294751637966
17.2550168912668 -0.747704915711709
17.2629439449045 -0.726369751264644
17.2708709985422 -0.704310525652672
17.2787980521799 -0.681549227991638
17.2867251058176 -0.658108547238037
17.2946521594553 -0.634011849572243
17.302579213093 -0.609283155106515
17.3105062667307 -0.58394711394131
17.3184333203683 -0.558028981593438
17.326360374006 -0.531554593820905
17.3342874276437 -0.504550340869174
17.3422144812814 -0.477043141164892
17.3501415349191 -0.449060414482917
17.3580685885568 -0.420630054613787
17.3659956421945 -0.391780401558489
17.3739226958322 -0.362540213278626
17.3818497494699 -0.332938637029756
17.3897768031075 -0.303005180306874
17.3977038567452 -0.272769681430597
17.4056309103829 -0.242262279803784
17.4135579640206 -0.211513385867813
17.4214850176583 -0.180553650788903
17.429412071296 -0.149413935904268
17.4373391249337 -0.118125281958907
17.4452661785714 -0.0867188781635569
17.453193232209 -0.0552260311045071
17.4611202858467 -0.0236781335366297
17.4690473394844 0.00789336690971486
17.4769743931221 0.0394569990762476
17.4849014467598 0.0709812996480184
17.4928285003975 0.102434844516609
17.5007555540352 0.133786280104482
17.5086826076729 0.165004354618796
17.5166096613106 0.196057949203981
17.5245367149482 0.226916108961587
17.5324637685859 0.257548073806901
17.5403908222236 0.287923309131164
17.5483178758613 0.318011536239243
17.556244929499 0.347782762531981
17.5641719831367 0.377207311403581
17.5720990367744 0.406255851823788
17.5800260904121 0.434899427575799
17.5879531440497 0.463109486120347
17.5958801976874 0.4908579070576
17.6038072513251 0.518117030158078
17.6117343049628 0.544859682935065
17.6196613586005 0.571059207730696
17.6275884122382 0.596689488288851
17.6355154658759 0.621724975788496
17.6434425195136 0.646140714311206
17.6513695731513 0.669912365717857
17.6592966267889 0.693016233909328
17.6672236804266 0.715429288447373
17.6751507340643 0.737129187511776
17.683077787702 0.758094300171248
17.6910048413397 0.778303727945528
17.6989318949774 0.797737325637522
17.7068589486151 0.816375721414398
17.7147860022528 0.83420033611792
17.7227130558905 0.851193401784494
17.7306401095281 0.867337979356717
17.7385671631658 0.882617975568546
17.7464942168035 0.897018158987466
17.7544212704412 0.910524175197462
17.7623483240789 0.923122561107863
17.7702753777166 0.934800758373598
17.7782024313543 0.945547125913665
17.786129484992 0.955350951515195
17.7940565386296 0.96420246251161
17.8019835922673 0.972092835524257
17.809910645905 0.979014205257713
17.8178376995427 0.984959672340111
17.8257647531804 0.989923310200556
17.8336918068181 0.993900170976888
17.8416188604558 0.996886290447793
17.8495459140935 0.998878691984444
17.8574729677312 0.999875389517657
17.8654000213688 0.999875389517657
17.8733270750065 0.998878691984444
17.8812541286442 0.996886290447793
17.8891811822819 0.993900170976888
17.8971082359196 0.989923310200556
17.9050352895573 0.984959672340111
17.912962343195 0.979014205257713
17.9208893968327 0.972092835524257
17.9288164504704 0.96420246251161
17.936743504108 0.955350951515195
17.9446705577457 0.945547125913665
17.9525976113834 0.934800758373598
17.9605246650211 0.923122561107863
17.9684517186588 0.910524175197462
17.9763787722965 0.897018158987466
17.9843058259342 0.882617975568546
17.9922328795719 0.867337979356718
18.0001599332095 0.851193401784493
18.0080869868472 0.83420033611792
18.0160140404849 0.816375721414398
18.0239410941226 0.797737325637522
18.0318681477603 0.778303727945528
18.039795201398 0.758094300171248
18.0477222550357 0.737129187511776
18.0556493086734 0.715429288447373
18.0635763623111 0.693016233909329
18.0715034159487 0.669912365717857
18.0794304695864 0.646140714311206
18.0873575232241 0.621724975788497
18.0952845768618 0.596689488288851
18.1032116304995 0.571059207730696
18.1111386841372 0.544859682935065
18.1190657377749 0.518117030158078
18.1269927914126 0.4908579070576
18.1349198450503 0.463109486120348
18.1428468986879 0.434899427575799
18.1507739523256 0.406255851823788
18.1587010059633 0.377207311403581
18.166628059601 0.347782762531981
18.1745551132387 0.318011536239243
18.1824821668764 0.287923309131165
18.1904092205141 0.257548073806902
18.1983362741518 0.226916108961588
18.2062633277894 0.196057949203982
18.2141903814271 0.165004354618795
18.2221174350648 0.133786280104482
18.2300444887025 0.102434844516609
18.2379715423402 0.0709812996480189
18.2458985959779 0.0394569990762483
18.2538256496156 0.00789336690971555
18.2617527032533 -0.0236781335366292
18.269679756891 -0.0552260311045066
18.2776068105286 -0.0867188781635567
18.2855338641663 -0.118125281958907
18.293460917804 -0.149413935904253
18.3013879714417 -0.180553650788902
18.3093150250794 -0.211513385867812
18.3172420787171 -0.242262279803784
18.3251691323548 -0.272769681430597
18.3330961859925 -0.303005180306874
18.3410232396302 -0.332938637029756
18.3489502932678 -0.362540213278626
18.3568773469055 -0.391780401558488
18.3648044005432 -0.420630054613787
18.3727314541809 -0.449060414482917
18.3806585078186 -0.477043141164893
18.3885855614563 -0.504550340869175
18.396512615094 -0.531554593820904
18.4044396687317 -0.558028981593437
18.4123667223693 -0.58394711394131
18.420293776007 -0.609283155106515
18.4282208296447 -0.634011849572242
18.4361478832824 -0.658108547238036
18.4440749369201 -0.681549227991638
18.4520019905578 -0.704310525652671
18.4599290441955 -0.726369751264634
18.4678560978332 -0.747704915711708
18.4757831514709 -0.768294751637975
18.4837102051085 -0.788118734647193
18.4916372587462 -0.807157103761981
18.4995643123839 -0.825390881121977
18.5074913660216 -0.842801890901347
18.5154184196593 -0.859372777426912
18.523345473297 -0.875087022478591
18.5312725269347 -0.889928961755181
18.5391995805724 -0.903883800488822
18.5471266342101 -0.91693762819279
18.5550536878477 -0.929077432527729
18.5629807414854 -0.940291112272677
18.5709077951231 -0.950567489387782
18.5788348487608 -0.959896320156858
18.5867619023985 -0.968268305398507
18.5946889560362 -0.975675099735775
18.6026160096739 -0.98210931991498
18.6105430633116 -0.987564552165525
18.6184701169492 -0.992035358593258
18.6263971705869 -0.995517282601107
18.6343242242246 -0.998006853331493
18.6422512778623 -0.999501589126174
18.6501783315 -1
18.6690584703508 -0.999501589126174
18.6879386092015 -0.998006853331493
18.7068187480523 -0.995517282601106
18.725698886903 -0.992035358593258
18.7445790257538 -0.987564552165524
18.7634591646045 -0.982109319914981
18.7823393034553 -0.975675099735774
18.801219442306 -0.968268305398507
18.8200995811568 -0.959896320156857
18.8389797200075 -0.950567489387782
18.8578598588583 -0.940291112272675
18.876739997709 -0.929077432527731
18.8956201365598 -0.916937628192789
18.9145002754106 -0.903883800488824
18.9333804142613 -0.88992896175518
18.9522605531121 -0.875087022478593
18.9711406919628 -0.859372777426911
18.9900208308136 -0.842801890901349
19.0089009696643 -0.825390881121975
19.0277811085151 -0.807157103761987
19.0466612473658 -0.788118734647193
19.0655413862166 -0.768294751637971
19.0844215250673 -0.747704915711709
19.1033016639181 -0.726369751264639
19.1221818027688 -0.704310525652671
19.1410619416196 -0.681549227991632
19.1599420804704 -0.65810854723804
19.1788222193211 -0.63401184957224
19.1977023581719 -0.609283155106518
19.2165824970226 -0.583947113941307
19.2354626358734 -0.55802898159344
19.2543427747241 -0.531554593820901
19.2732229135749 -0.504550340869176
19.2921030524256 -0.477043141164887
19.3109831912764 -0.449060414482923
19.3298633301271 -0.420630054613786
19.3487434689779 -0.391780401558494
19.3676236078286 -0.362540213278625
19.3865037466794 -0.332938637029761
19.4053838855302 -0.303005180306871
19.4242640243809 -0.272769681430601
19.4431441632317 -0.242262279803786
19.4620243020824 -0.211513385867821
19.4809044409332 -0.180553650788904
19.4997845797839 -0.149413935904262
19.5186647186347 -0.118125281958908
19.5375448574854 -0.0867188781635498
19.5564249963362 -0.0552260311045066
19.5753051351869 -0.0236781335366217
19.5941852740377 0.00789336690971042
19.6130654128884 0.0394569990762505
19.6319455517392 0.0709812996480147
19.65082569059 0.102434844516613
19.6697058294407 0.133786280104479
19.6885859682915 0.1650043546188
19.7074661071422 0.19605794920398
19.726346245993 0.226916108961593
19.7452263848437 0.257548073806894
19.7641065236945 0.287923309131165
19.7829866625452 0.318011536239237
19.801866801396 0.347782762531982
19.8207469402467 0.377207311403576
19.8396270790975 0.40625585182379
19.8585072179482 0.434899427575795
19.877387356799 0.46310948612035
19.8962674956497 0.490857907057592
19.9151476345005 0.518117030158076
19.9340277733513 0.54485968293507
19.952907912202 0.571059207730695
19.9717880510528 0.596689488288857
19.9906681899035 0.621724975788496
20.0095483287543 0.646140714311211
20.028428467605 0.669912365717853
20.0473086064558 0.69301623390933
20.0661887453065 0.715429288447371
20.0850688841573 0.737129187511779
20.103949023008 0.758094300171246
20.1228291618588 0.778303727945531
20.1417093007096 0.79773732563752
20.1605894395603 0.816375721414401
20.1794695784111 0.834200336117916
20.1983497172618 0.851193401784494
20.2172298561126 0.867337979356714
20.2361099949633 0.882617975568547
20.2549901338141 0.897018158987464
20.2738702726648 0.910524175197463
20.2927504115156 0.923122561107862
20.3116305503663 0.934800758373597
20.3305106892171 0.945547125913666
20.3493908280678 0.955350951515194
20.3682709669186 0.964202462511611
20.3871511057693 0.972092835524257
20.4060312446201 0.979014205257715
20.4249113834709 0.984959672340111
20.4437915223216 0.989923310200557
20.4626716611724 0.993900170976888
20.4815518000231 0.996886290447793
20.5004319388739 0.998878691984444
20.5193120777246 0.999875389517657
20.5381922165754 0.999875389517657
20.5570723554261 0.998878691984444
20.5759524942769 0.996886290447793
20.5948326331276 0.993900170976888
20.6137127719784 0.989923310200557
20.6325929108291 0.984959672340111
20.6514730496799 0.979014205257715
20.6703531885307 0.972092835524257
20.6892333273814 0.964202462511612
20.7081134662322 0.955350951515194
20.7269936050829 0.945547125913667
20.7458737439337 0.934800758373597
20.7647538827844 0.923122561107862
20.7836340216352 0.910524175197463
20.8025141604859 0.897018158987464
20.8213942993367 0.882617975568547
20.8402744381874 0.867337979356714
20.8591545770382 0.851193401784494
20.8780347158889 0.834200336117916
20.8969148547397 0.816375721414401
20.9157949935905 0.797737325637521
20.9346751324412 0.778303727945531
20.953555271292 0.758094300171246
20.9724354101427 0.737129187511779
20.9913155489935 0.715429288447371
21.0101956878442 0.69301623390933
21.029075826695 0.669912365717853
21.0479559655457 0.646140714311207
21.0668361043965 0.621724975788497
21.0857162432472 0.596689488288856
21.104596382098 0.571059207730695
21.1234765209487 0.54485968293507
21.1423566597995 0.518117030158076
21.1612367986503 0.490857907057592
21.180116937501 0.463109486120351
21.1989970763518 0.434899427575796
21.2178772152025 0.40625585182379
21.2367573540533 0.377207311403576
21.255637492904 0.347782762531982
21.2745176317548 0.318011536239237
21.2933977706055 0.287923309131165
21.3122779094563 0.257548073806895
21.331158048307 0.226916108961587
21.3500381871578 0.19605794920398
21.3689183260085 0.165004354618801
21.3877984648593 0.13378628010448
21.4066786037101 0.102434844516613
21.4255587425608 0.0709812996480153
21.4444388814116 0.0394569990762509
21.4633190202623 0.00789336690971733
21.4821991591131 -0.0236781335366221
21.5010792979638 -0.0552260311045066
21.5199594368146 -0.0867188781635496
21.5388395756653 -0.118125281958908
21.5577197145161 -0.149413935904261
21.5765998533668 -0.180553650788903
21.5954799922176 -0.211513385867821
21.6143601310683 -0.242262279803786
21.6332402699191 -0.272769681430601
21.6521204087699 -0.303005180306871
21.6710005476206 -0.33293863702976
21.6898806864714 -0.362540213278624
21.7087608253221 -0.391780401558495
21.7276409641729 -0.420630054613786
21.7465211030236 -0.449060414482922
21.7654012418744 -0.477043141164887
21.7842813807251 -0.504550340869176
21.8031615195759 -0.531554593820901
21.8220416584266 -0.558028981593439
21.8409217972774 -0.583947113941307
21.8598019361281 -0.609283155106517
21.8786820749789 -0.63401184957224
21.8975622138297 -0.658108547238039
21.9164423526804 -0.681549227991632
21.9353224915312 -0.704310525652671
21.9542026303819 -0.726369751264639
21.9730827692327 -0.747704915711709
21.9919629080834 -0.768294751637971
22.0108430469342 -0.788118734647193
22.0297231857849 -0.807157103761987
22.0486033246357 -0.825390881121975
22.0674834634864 -0.842801890901349
22.0863636023372 -0.859372777426911
22.1052437411879 -0.875087022478593
22.1241238800387 -0.88992896175518
22.1430040188894 -0.903883800488824
22.1618841577402 -0.91693762819279
22.180764296591 -0.929077432527731
22.1996444354417 -0.940291112272674
22.2185245742925 -0.950567489387782
22.2374047131432 -0.959896320156857
22.256284851994 -0.968268305398507
22.2751649908447 -0.975675099735774
22.2940451296955 -0.982109319914981
22.3129252685462 -0.987564552165524
22.331805407397 -0.992035358593258
22.3506855462477 -0.995517282601106
22.3695656850985 -0.998006853331493
22.3884458239492 -0.999501589126174
22.4073259628 -1
22.4130504780176 -0.999501589126174
22.4187749932352 -0.998006853331493
22.4244995084528 -0.995517282601106
22.4302240236704 -0.992035358593259
22.4359485388879 -0.987564552165523
22.4416730541055 -0.982109319914981
22.4473975693231 -0.975675099735776
22.4531220845407 -0.968268305398507
22.4588465997583 -0.959896320156858
22.4645711149759 -0.95056748938778
22.4702956301935 -0.940291112272675
22.4760201454111 -0.929077432527733
22.4817446606286 -0.916937628192786
22.4874691758462 -0.903883800488823
22.4931936910638 -0.889928961755183
22.4989182062814 -0.875087022478591
22.504642721499 -0.859372777426913
22.5103672367166 -0.842801890901355
22.5160917519342 -0.825390881121974
22.5218162671518 -0.807157103761987
22.5275407823693 -0.788118734647198
22.5332652975869 -0.768294751637969
22.5389898128045 -0.747704915711712
22.5447143280221 -0.726369751264633
22.5504388432397 -0.704310525652671
22.5561633584573 -0.681549227991638
22.5618878736749 -0.658108547238032
22.5676123888925 -0.634011849572239
22.5733369041101 -0.609283155106522
22.5790614193276 -0.583947113941301
22.5847859345452 -0.558028981593441
22.5905104497628 -0.531554593820908
22.5962349649804 -0.504550340869174
22.601959480198 -0.477043141164892
22.6076839954156 -0.449060414482929
22.6134085106332 -0.420630054613782
22.6191330258508 -0.391780401558497
22.6248575410683 -0.362540213278616
22.6305820562859 -0.33293863702976
22.6363065715035 -0.303005180306878
22.6420310867211 -0.272769681430596
22.6477556019387 -0.242262279803783
22.6534801171563 -0.211513385867826
22.6592046323739 -0.180553650788896
22.6649291475915 -0.149413935904262
22.670653662809 -0.118125281958916
22.6763781780266 -0.0867188781635463
22.6821026932442 -0.0552260311045108
22.6878272084618 -0.0236781335366334
22.6935517236794 0.00789336690971642
22.699276238897 0.0394569990762489
22.7050007541146 0.0709812996480246
22.7107252693322 0.102434844516615
22.7164497845497 0.133786280104474
22.7221742997673 0.165004354618807
22.7278988149849 0.196057949203978
22.7336233302025 0.226916108961584
22.7393478454201 0.257548073806902
22.7450723606377 0.287923309131166
22.7507968758553 0.318011536239231
22.7565213910729 0.347782762531987
22.7622459062905 0.377207311403574
22.767970421508 0.406255851823781
22.7736949367256 0.434899427575796
22.7794194519432 0.463109486120344
22.7851439671608 0.490857907057601
22.7908684823784 0.518117030158079
22.796592997596 0.544859682935066
22.8023175128136 0.571059207730701
22.8080420280312 0.596689488288856
22.8137665432487 0.62172497578849
22.8194910584663 0.646140714311214
22.8252155736839 0.669912365717854
22.8309400889015 0.693016233909326
22.8366646041191 0.715429288447375
22.8423891193367 0.737129187511777
22.8481136345543 0.758094300171239
22.8538381497719 0.778303727945532
22.8595626649894 0.797737325637517
22.865287180207 0.816375721414404
22.8710116954246 0.834200336117918
22.8767362106422 0.851193401784492
22.8824607258598 0.867337979356718
22.8881852410774 0.882617975568547
22.893909756295 0.897018158987461
22.8996342715126 0.910524175197465
22.9053587867302 0.923122561107861
22.9110833019477 0.934800758373595
22.9168078171653 0.945547125913669
22.9225323323829 0.955350951515194
22.9282568476005 0.964202462511609
22.9339813628181 0.972092835524258
22.9397058780357 0.979014205257714
22.9454303932533 0.984959672340112
22.9511549084709 0.989923310200557
22.9568794236884 0.993900170976887
22.962603938906 0.996886290447794
22.9683284541236 0.998878691984444
22.9740529693412 0.999875389517657
22.9797774845588 0.999875389517657
22.9855019997764 0.998878691984444
22.991226514994 0.996886290447794
22.9969510302116 0.993900170976887
23.0026755454291 0.989923310200557
23.0084000606467 0.984959672340112
23.0141245758643 0.979014205257714
23.0198490910819 0.972092835524258
23.0255736062995 0.964202462511609
23.0312981215171 0.955350951515194
23.0370226367347 0.945547125913669
23.0427471519523 0.934800758373596
23.0484716671698 0.92312256110786
23.0541961823874 0.910524175197465
23.059920697605 0.897018158987461
23.0656452128226 0.882617975568547
23.0713697280402 0.867337979356719
23.0770942432578 0.851193401784492
23.0828187584754 0.834200336117919
23.088543273693 0.816375721414404
23.0942677889106 0.797737325637517
23.0999923041281 0.778303727945532
23.1057168193457 0.75809430017124
23.1114413345633 0.737129187511778
23.1171658497809 0.715429288447375
23.1228903649985 0.693016233909326
23.1286148802161 0.669912365717854
23.1343393954337 0.646140714311214
23.1400639106513 0.62172497578849
23.1457884258688 0.596689488288856
23.1515129410864 0.571059207730702
23.157237456304 0.544859682935067
23.1629619715216 0.518117030158079
23.1686864867392 0.490857907057601
23.1744110019568 0.463109486120344
23.1801355171744 0.434899427575796
23.185860032392 0.406255851823781
23.1915845476095 0.377207311403574
23.1973090628271 0.347782762531987
23.2030335780447 0.318011536239231
23.2087580932623 0.287923309131166
23.2144826084799 0.257548073806902
23.2202071236975 0.226916108961584
23.2259316389151 0.196057949203978
23.2316561541327 0.165004354618807
23.2373806693503 0.133786280104474
23.2431051845678 0.102434844516616
23.2488296997854 0.0709812996480251
23.254554215003 0.0394569990762492
23.2602787302206 0.00789336690971644
23.2660032454382 -0.0236781335366336
23.2717277606558 -0.055226031104511
23.2774522758734 -0.0867188781635461
23.283176791091 -0.118125281958916
23.2889013063085 -0.149413935904261
23.2946258215261 -0.180553650788896
23.3003503367437 -0.211513385867825
23.3060748519613 -0.242262279803783
23.3117993671789 -0.272769681430596
23.3175238823965 -0.303005180306878
23.3232483976141 -0.332938637029759
23.3289729128317 -0.362540213278616
23.3346974280492 -0.391780401558496
23.3404219432668 -0.420630054613781
23.3461464584844 -0.449060414482911
23.351870973702 -0.477043141164892
23.3575954889196 -0.504550340869174
23.3633200041372 -0.531554593820908
23.3690445193548 -0.558028981593441
23.3747690345724 -0.583947113941301
23.3804935497899 -0.609283155106522
23.3862180650075 -0.634011849572238
23.3919425802251 -0.658108547238032
23.3976670954427 -0.681549227991638
23.4033916106603 -0.704310525652671
23.4091161258779 -0.726369751264633
23.4148406410955 -0.747704915711712
23.4205651563131 -0.768294751637968
23.4262896715307 -0.788118734647198
23.4320141867482 -0.807157103761987
23.4377387019658 -0.825390881121974
23.4434632171834 -0.842801890901355
23.449187732401 -0.859372777426913
23.4549122476186 -0.875087022478591
23.4606367628362 -0.889928961755183
23.4663612780538 -0.903883800488823
23.4720857932714 -0.916937628192786
23.4778103084889 -0.929077432527732
23.4835348237065 -0.940291112272675
23.4892593389241 -0.95056748938778
23.4949838541417 -0.959896320156858
23.5007083693593 -0.968268305398506
23.5064328845769 -0.975675099735771
23.5121573997945 -0.982109319914981
23.5178819150121 -0.987564552165523
23.5236064302296 -0.992035358593259
23.5293309454472 -0.995517282601106
23.5350554606648 -0.998006853331493
23.5407799758824 -0.999501589126174
23.5465044911 -1
23.5638587398884 -0.999501589126174
23.5812129886769 -0.998006853331494
23.5985672374653 -0.995517282601106
23.6159214862538 -0.992035358593258
23.6332757350422 -0.987564552165523
23.6506299838307 -0.982109319914981
23.6679842326191 -0.975675099735773
23.6853384814075 -0.968268305398507
23.702692730196 -0.959896320156858
23.7200469789844 -0.950567489387783
23.7374012277729 -0.940291112272675
23.7547554765613 -0.929077432527732
23.7721097253497 -0.916937628192789
23.7894639741382 -0.903883800488823
23.8068182229266 -0.889928961755179
23.8241724717151 -0.875087022478594
23.8415267205035 -0.859372777426912
23.858880969292 -0.842801890901349
23.8762352180804 -0.825390881121978
23.8935894668688 -0.807157103761986
23.9109437156573 -0.788118734647192
23.9282979644457 -0.768294751637973
23.9456522132342 -0.74770491571171
23.9630064620226 -0.726369751264639
23.9803607108111 -0.70431052565267
23.9977149595995 -0.681549227991635
24.0150692083879 -0.658108547238038
24.0324234571764 -0.634011849572237
24.0497777059648 -0.609283155106519
24.0671319547533 -0.583947113941307
24.0844862035417 -0.558028981593439
24.1018404523302 -0.531554593820899
24.1191947011186 -0.504550340869179
24.136548949907 -0.477043141164889
24.1539031986955 -0.449060414482918
24.1712574474839 -0.420630054613786
24.1886116962724 -0.391780401558493
24.2059659450608 -0.362540213278623
24.2233201938492 -0.332938637029764
24.2406744426377 -0.303005180306874
24.2580286914261 -0.272769681430602
24.2753829402146 -0.24226227980378
24.292737189003 -0.211513385867821
24.3100914377915 -0.180553650788902
24.3274456865799 -0.149413935904259
24.3447999353683 -0.11812528195891
24.3621541841568 -0.0867188781635512
24.3795084329452 -0.0552260311045068
24.3968626817337 -0.0236781335366272
24.4142169305221 0.00789336690971198
24.4315711793106 0.0394569990762536
24.448925428099 0.0709812996480187
24.4662796768874 0.102434844516611
24.4836339256759 0.133786280104479
24.5009881744643 0.165004354618801
24.5183424232528 0.196057949203975
24.5356966720412 0.22691610896159
24.5530509208296 0.257548073806898
24.5704051696181 0.287923309131169
24.5877594184065 0.318011536239237
24.605113667195 0.347782762531983
24.6224679159834 0.377207311403578
24.6398221647719 0.406255851823787
24.6571764135603 0.434899427575793
24.6745306623487 0.463109486120349
24.6918849111372 0.490857907057591
24.7092391599256 0.518117030158076
24.7265934087141 0.544859682935071
24.7439476575025 0.571059207730692
24.761301906291 0.596689488288855
24.7786561550794 0.621724975788495
24.7960104038678 0.646140714311211
24.8133646526563 0.669912365717853
24.8307189014447 0.693016233909331
24.8480731502332 0.715429288447373
24.8654273990216 0.737129187511777
24.88278164781 0.758094300171245
24.9001358965985 0.77830372794553
24.9174901453869 0.797737325637521
24.9348443941754 0.816375721414398
24.9521986429638 0.834200336117917
24.9695528917523 0.851193401784496
24.9869071405407 0.867337979356713
25.0042613893291 0.882617975568547
25.0216156381176 0.897018158987464
25.038969886906 0.910524175197463
25.0563241356945 0.92312256110786
25.0736783844829 0.934800758373598
25.0910326332714 0.945547125913668
25.1083868820598 0.955350951515194
25.1257411308482 0.964202462511612
25.1430953796367 0.972092835524257
25.1604496284251 0.979014205257714
25.1778038772136 0.98495967234011
25.195158126002 0.989923310200557
25.2125123747905 0.993900170976888
25.2298666235789 0.996886290447793
25.2472208723673 0.998878691984444
25.2645751211558 0.999875389517657
25.2819293699442 0.999875389517657
25.2992836187327 0.998878691984444
25.3166378675211 0.996886290447793
25.3339921163095 0.993900170976888
25.351346365098 0.989923310200557
25.3687006138864 0.98495967234011
25.3860548626749 0.979014205257714
25.4034091114633 0.972092835524257
25.4207633602518 0.964202462511612
25.4381176090402 0.955350951515194
25.4554718578286 0.945547125913668
25.4728261066171 0.934800758373599
25.4901803554055 0.92312256110786
25.507534604194 0.910524175197461
25.5248888529824 0.897018158987464
25.5422431017709 0.882617975568547
25.5595973505593 0.867337979356714
25.5769515993477 0.851193401784496
25.5943058481362 0.834200336117918
25.6116600969246 0.816375721414398
25.6290143457131 0.797737325637521
25.6463685945015 0.77830372794553
25.6637228432899 0.758094300171245
25.6810770920784 0.737129187511781
25.6984313408668 0.715429288447372
25.7157855896553 0.693016233909331
25.7331398384437 0.669912365717854
25.7504940872322 0.646140714311211
25.7678483360206 0.621724975788495
25.785202584809 0.596689488288855
25.8025568335975 0.571059207730698
25.8199110823859 0.544859682935072
25.8372653311744 0.518117030158077
25.8546195799628 0.490857907057591
25.8719738287513 0.46310948612035
25.8893280775397 0.434899427575793
25.9066823263281 0.406255851823787
25.9240365751166 0.377207311403578
25.941390823905 0.347782762531983
25.9587450726935 0.318011536239237
25.9760993214819 0.287923309131164
25.9934535702704 0.257548073806898
26.0108078190588 0.22691610896159
26.0281620678472 0.196057949203975
26.0455163166357 0.165004354618802
26.0628705654241 0.133786280104479
26.0802248142126 0.102434844516611
26.097579063001 0.0709812996480189
26.1149333117894 0.0394569990762536
26.1322875605779 0.007893366909712
26.1496418093663 -0.0236781335366212
26.1669960581548 -0.0552260311045057
26.1843503069432 -0.0867188781635505
26.2017045557317 -0.11812528195891
26.2190588045201 -0.149413935904259
26.2364130533085 -0.180553650788901
26.253767302097 -0.21151338586782
26.2711215508854 -0.24226227980378
26.2884757996739 -0.272769681430601
26.3058300484623 -0.303005180306873
26.3231842972508 -0.332938637029764
26.3405385460392 -0.362540213278623
26.3578927948276 -0.391780401558493
26.3752470436161 -0.420630054613786
26.3926012924045 -0.449060414482918
26.409955541193 -0.477043141164889
26.4273097899814 -0.504550340869178
26.4446640387699 -0.531554593820904
26.4620182875583 -0.558028981593439
26.4793725363467 -0.583947113941307
26.4967267851352 -0.609283155106518
26.5140810339236 -0.634011849572238
26.5314352827121 -0.658108547238037
26.5487895315005 -0.681549227991635
26.5661437802889 -0.704310525652674
26.5834980290774 -0.726369751264639
26.6008522778658 -0.747704915711709
26.6182065266543 -0.768294751637968
26.6355607754427 -0.788118734647191
26.6529150242312 -0.807157103761986
26.6702692730196 -0.825390881121977
26.687623521808 -0.842801890901349
26.7049777705965 -0.859372777426912
26.7223320193849 -0.875087022478595
26.7396862681734 -0.889928961755179
26.7570405169618 -0.903883800488823
26.7743947657503 -0.916937628192789
26.7917490145387 -0.929077432527731
26.8091032633271 -0.940291112272675
26.8264575121156 -0.950567489387783
26.843811760904 -0.959896320156858
26.8611660096925 -0.968268305398506
26.8785202584809 -0.975675099735773
26.8958745072693 -0.982109319914981
26.9132287560578 -0.987564552165524
26.9305830048462 -0.992035358593258
26.9479372536347 -0.995517282601106
26.9652915024231 -0.998006853331494
26.9826457512116 -0.999501589126174
27 -1
