0 -1
0.00585888364120603 -0.999501589126174
0.0117177672824121 -0.998006853331493
0.0175766509236181 -0.995517282601106
0.0234355345648241 -0.992035358593258
0.0292944182060302 -0.987564552165524
0.0351533018472362 -0.98210931991498
0.0410121854884422 -0.975675099735774
0.0468710691296482 -0.968268305398507
0.0527299527708543 -0.959896320156857
0.0585888364120603 -0.950567489387783
0.0644477200532663 -0.940291112272676
0.0703066036944724 -0.929077432527731
0.0761654873356784 -0.916937628192789
0.0820243709768844 -0.903883800488824
0.0878832546180905 -0.88992896175518
0.0937421382592965 -0.875087022478594
0.0996010219005025 -0.859372777426912
0.105459905541709 -0.842801890901351
0.111318789182915 -0.825390881121976
0.117177672824121 -0.807157103761985
0.123036556465327 -0.788118734647192
0.128895440106533 -0.768294751637971
0.134754323747739 -0.747704915711709
0.140613207388945 -0.726369751264639
0.146472091030151 -0.704310525652672
0.152330974671357 -0.681549227991634
0.158189858312563 -0.658108547238038
0.164048741953769 -0.634011849572239
0.169907625594975 -0.609283155106517
0.175766509236181 -0.583947113941306
0.181625392877387 -0.55802898159344
0.187484276518593 -0.531554593820901
0.193343160159799 -0.504550340869177
0.199202043801005 -0.47704314116489
0.205060927442211 -0.44906041448292
0.210919811083417 -0.420630054613785
0.216778694724623 -0.391780401558493
0.222637578365829 -0.362540213278625
0.228496462007035 -0.332938637029761
0.234355345648241 -0.303005180306873
0.240214229289447 -0.272769681430603
0.246073112930653 -0.242262279803783
0.251931996571859 -0.211513385867819
0.257790880213065 -0.180553650788902
0.263649763854271 -0.149413935904261
0.269508647495477 -0.118125281958908
0.275367531136683 -0.0867188781635512
0.281226414777889 -0.0552260311045084
0.287085298419096 -0.0236781335366239
0.292944182060301 0.00789336690971309
0.298803065701508 0.0394569990762527
0.304661949342714 0.0709812996480158
0.31052083298392 0.102434844516613
0.316379716625126 0.133786280104479
0.322238600266332 0.165004354618799
0.328097483907538 0.196057949203978
0.333956367548744 0.22691610896159
0.33981525118995 0.257548073806897
0.345674134831156 0.287923309131166
0.351533018472362 0.318011536239238
0.357391902113568 0.347782762531982
0.363250785754774 0.377207311403576
0.36910966939598 0.406255851823789
0.374968553037186 0.434899427575793
0.380827436678392 0.463109486120348
0.386686320319598 0.490857907057594
0.392545203960804 0.518117030158077
0.39840408760201 0.54485968293507
0.404262971243216 0.571059207730695
0.410121854884422 0.596689488288856
0.415980738525628 0.621724975788495
0.421839622166834 0.646140714311209
0.42769850580804 0.669912365717855
0.433557389449246 0.693016233909332
0.439416273090452 0.715429288447371
0.445275156731658 0.737129187511779
0.451134040372864 0.758094300171246
0.45699292401407 0.77830372794553
0.462851807655276 0.797737325637519
0.468710691296482 0.816375721414399
0.474569574937688 0.834200336117917
0.480428458578894 0.851193401784495
0.486287342220101 0.867337979356715
0.492146225861307 0.882617975568547
0.498005109502513 0.897018158987464
0.503863993143719 0.910524175197462
0.509722876784925 0.923122561107861
0.515581760426131 0.934800758373598
0.521440644067337 0.945547125913667
0.527299527708543 0.955350951515195
0.533158411349749 0.964202462511612
0.539017294990955 0.972092835524257
0.544876178632161 0.979014205257715
0.550735062273367 0.98495967234011
0.556593945914573 0.989923310200557
0.562452829555779 0.993900170976888
0.568311713196985 0.996886290447793
0.574170596838191 0.998878691984444
0.580029480479397 0.999875389517657
0.585888364120603 0.999875389517657
0.591747247761809 0.998878691984444
0.597606131403015 0.996886290447793
0.603465015044221 0.993900170976888
0.609323898685427 0.989923310200557
0.615182782326633 0.984959672340111
0.621041665967839 0.979014205257715
0.626900549609045 0.972092835524257
0.632759433250251 0.964202462511612
0.638618316891457 0.955350951515195
0.644477200532663 0.945547125913667
0.650336084173869 0.934800758373598
0.656194967815075 0.923122561107861
0.662053851456281 0.910524175197462
0.667912735097487 0.897018158987464
0.673771618738694 0.882617975568547
0.6796305023799 0.867337979356715
0.685489386021106 0.851193401784494
0.691348269662312 0.834200336117918
0.697207153303518 0.816375721414399
0.703066036944724 0.797737325637519
0.70892492058593 0.77830372794553
0.714783804227136 0.758094300171246
0.720642687868342 0.737129187511779
0.726501571509548 0.715429288447371
0.732360455150754 0.693016233909332
0.73821933879196 0.669912365717855
0.744078222433166 0.646140714311209
0.749937106074372 0.621724975788495
0.755795989715578 0.596689488288856
0.761654873356784 0.571059207730695
0.76751375699799 0.54485968293507
0.773372640639196 0.518117030158077
0.779231524280402 0.490857907057594
0.785090407921608 0.463109486120348
0.790949291562814 0.434899427575793
0.79680817520402 0.40625585182379
0.802667058845226 0.377207311403576
0.808525942486432 0.347782762531982
0.814384826127638 0.318011536239239
0.820243709768844 0.287923309131167
0.82610259341005 0.257548073806897
0.831961477051256 0.22691610896159
0.837820360692462 0.196057949203978
0.843679244333668 0.165004354618801
0.849538127974874 0.133786280104479
0.85539701161608 0.102434844516614
0.861255895257287 0.0709812996480162
0.867114778898492 0.0394569990762527
0.872973662539699 0.00789336690971289
0.878832546180905 -0.0236781335366239
0.884691429822111 -0.0552260311045084
0.890550313463317 -0.0867188781635505
0.896409197104523 -0.118125281958908
0.902268080745729 -0.149413935904261
0.908126964386935 -0.180553650788902
0.913985848028141 -0.211513385867818
0.919844731669347 -0.242262279803783
0.925703615310553 -0.272769681430603
0.931562498951759 -0.303005180306873
0.937421382592965 -0.332938637029761
0.943280266234171 -0.362540213278624
0.949139149875377 -0.391780401558493
0.954998033516583 -0.420630054613784
0.960856917157789 -0.44906041448292
0.966715800798995 -0.47704314116489
0.972574684440201 -0.504550340869177
0.978433568081407 -0.531554593820901
0.984292451722613 -0.558028981593439
0.990151335363819 -0.583947113941306
0.996010219005025 -0.609283155106517
1.00186910264623 -0.634011849572238
1.00772798628744 -0.658108547238037
1.01358686992864 -0.681549227991634
1.01944575356985 -0.704310525652672
1.02530463721106 -0.726369751264639
1.03116352085226 -0.747704915711709
1.03702240449347 -0.768294751637971
1.04288128813467 -0.788118734647193
1.04874017177588 -0.807157103761986
1.05459905541709 -0.825390881121976
1.06045793905829 -0.842801890901351
1.0663168226995 -0.859372777426912
1.0721757063407 -0.875087022478594
1.07803458998191 -0.889928961755181
1.08389347362312 -0.903883800488824
1.08975235726432 -0.916937628192789
1.09561124090553 -0.92907743252773
1.10147012454673 -0.940291112272675
1.10732900818794 -0.950567489387782
1.11318789182915 -0.959896320156857
1.11904677547035 -0.968268305398507
1.12490565911156 -0.975675099735773
1.13076454275276 -0.98210931991498
1.13662342639397 -0.987564552165524
1.14248231003518 -0.992035358593258
1.14834119367638 -0.995517282601106
1.15420007731759 -0.998006853331493
1.16005896095879 -0.999501589126174
1.1659178446 -1
1.1834348662397 -0.999501589126174
1.2009518878794 -0.998006853331493
1.2184689095191 -0.995517282601106
1.23598593115879 -0.992035358593258
1.25350295279849 -0.987564552165524
1.27101997443819 -0.98210931991498
1.28853699607789 -0.975675099735774
1.30605401771759 -0.968268305398507
1.32357103935729 -0.959896320156857
1.34108806099698 -0.950567489387783
1.35860508263668 -0.940291112272675
1.37612210427638 -0.929077432527731
1.39363912591608 -0.916937628192789
1.41115614755578 -0.903883800488824
1.42867316919548 -0.88992896175518
1.44619019083518 -0.875087022478594
1.46370721247487 -0.859372777426912
1.48122423411457 -0.842801890901351
1.49874125575427 -0.825390881121976
1.51625827739397 -0.807157103761985
1.53377529903367 -0.788118734647192
1.55129232067337 -0.768294751637971
1.56880934231307 -0.747704915711709
1.58632636395276 -0.726369751264639
1.60384338559246 -0.704310525652672
1.62136040723216 -0.681549227991634
1.63887742887186 -0.658108547238038
1.65639445051156 -0.634011849572239
1.67391147215126 -0.609283155106517
1.69142849379095 -0.583947113941306
1.70894551543065 -0.55802898159344
1.72646253707035 -0.531554593820902
1.74397955871005 -0.504550340869177
1.76149658034975 -0.47704314116489
1.77901360198945 -0.44906041448292
1.79653062362915 -0.420630054613784
1.81404764526884 -0.391780401558493
1.83156466690854 -0.362540213278624
1.84908168854824 -0.332938637029761
1.86659871018794 -0.303005180306873
1.88411573182764 -0.272769681430603
1.90163275346734 -0.242262279803783
1.91914977510703 -0.211513385867819
1.93666679674673 -0.180553650788902
1.95418381838643 -0.149413935904261
1.97170084002613 -0.118125281958908
1.98921786166583 -0.0867188781635509
2.00673488330553 -0.0552260311045082
2.02425190494523 -0.0236781335366243
2.04176892658492 0.00789336690971331
2.05928594822462 0.0394569990762531
2.07680296986432 0.070981299648016
2.09431999150402 0.102434844516613
2.11183701314372 0.133786280104479
2.12935403478342 0.1650043546188
2.14687105642312 0.196057949203978
2.16438807806281 0.22691610896159
2.18190509970251 0.257548073806897
2.19942212134221 0.287923309131167
2.21693914298191 0.318011536239238
2.23445616462161 0.347782762531982
2.25197318626131 0.377207311403576
2.26949020790101 0.406255851823789
2.2870072295407 0.434899427575793
2.3045242511804 0.463109486120347
2.3220412728201 0.490857907057594
2.3395582944598 0.518117030158078
2.3570753160995 0.54485968293507
2.3745923377392 0.571059207730694
2.39210935937889 0.596689488288855
2.40962638101859 0.621724975788495
2.42714340265829 0.64614071431121
2.44466042429799 0.669912365717855
2.46217744593769 0.693016233909331
2.47969446757739 0.715429288447371
2.49721148921709 0.737129187511779
2.51472851085678 0.758094300171245
2.53224553249648 0.77830372794553
2.54976255413618 0.797737325637519
2.56727957577588 0.816375721414399
2.58479659741558 0.834200336117917
2.60231361905528 0.851193401784495
2.61983064069497 0.867337979356715
2.63734766233467 0.882617975568547
2.65486468397437 0.897018158987463
2.67238170561407 0.910524175197462
2.68989872725377 0.923122561107861
2.70741574889347 0.934800758373598
2.72493277053317 0.945547125913667
2.74244979217286 0.955350951515195
2.75996681381256 0.964202462511612
2.77748383545226 0.972092835524257
2.79500085709196 0.979014205257714
2.81251787873166 0.98495967234011
2.83003490037136 0.989923310200557
2.84755192201106 0.993900170976888
2.86506894365075 0.996886290447793
2.88258596529045 0.998878691984444
2.90010298693015 0.999875389517657
2.91762000856985 0.999875389517657
2.93513703020955 0.998878691984444
2.95265405184925 0.996886290447793
2.97017107348894 0.993900170976888
2.98768809512864 0.989923310200557
3.00520511676834 0.98495967234011
3.02272213840804 0.979014205257715
3.04023916004774 0.972092835524257
3.05775618168744 0.964202462511612
3.07527320332714 0.955350951515195
3.09279022496683 0.945547125913667
3.11030724660653 0.934800758373598
3.12782426824623 0.923122561107861
3.14534128988593 0.910524175197462
3.16285831152563 0.897018158987463
3.18037533316533 0.882617975568547
3.19789235480502 0.867337979356715
3.21540937644472 0.851193401784494
3.23292639808442 0.834200336117918
3.25044341972412 0.816375721414399
3.26796044136382 0.79773732563752
3.28547746300352 0.77830372794553
3.30299448464322 0.758094300171246
3.32051150628291 0.73712918751178
3.33802852792261 0.715429288447371
3.35554554956231 0.693016233909332
3.37306257120201 0.669912365717855
3.39057959284171 0.64614071431121
3.40809661448141 0.621724975788496
3.42561363612111 0.596689488288856
3.4431306577608 0.571059207730695
3.4606476794005 0.54485968293507
3.4781647010402 0.518117030158078
3.4956817226799 0.490857907057594
3.5131987443196 0.463109486120348
3.5307157659593 0.434899427575793
3.54823278759899 0.40625585182379
3.56574980923869 0.377207311403576
3.58326683087839 0.347782762531983
3.60078385251809 0.318011536239239
3.61830087415779 0.287923309131166
3.63581789579749 0.257548073806896
3.65333491743719 0.22691610896159
3.67085193907688 0.196057949203978
3.68836896071658 0.165004354618799
3.70588598235628 0.133786280104479
3.72340300399598 0.102434844516614
3.74092002563568 0.0709812996480171
3.75843704727538 0.0394569990762536
3.77595406891508 0.00789336690971378
3.79347109055477 -0.0236781335366239
3.81098811219447 -0.0552260311045075
3.82850513383417 -0.0867188781635505
3.84602215547387 -0.118125281958908
3.86353917711357 -0.14941393590426
3.88105619875327 -0.180553650788901
3.89857322039296 -0.211513385867818
3.91609024203266 -0.242262279803783
3.93360726367236 -0.272769681430602
3.95112428531206 -0.303005180306872
3.96864130695176 -0.332938637029762
3.98615832859146 -0.362540213278625
4.00367535023116 -0.391780401558494
4.02119237187085 -0.420630054613783
4.03870939351055 -0.449060414482921
4.05622641515025 -0.47704314116489
4.07374343678995 -0.504550340869178
4.09126045842965 -0.531554593820902
4.10877748006935 -0.558028981593439
4.12629450170905 -0.583947113941307
4.14381152334874 -0.609283155106517
4.16132854498844 -0.634011849572238
4.17884556662814 -0.658108547238038
4.19636258826784 -0.681549227991633
4.21387960990754 -0.704310525652672
4.23139663154724 -0.726369751264639
4.24891365318693 -0.747704915711709
4.26643067482663 -0.76829475163797
4.28394769646633 -0.788118734647192
4.30146471810603 -0.807157103761984
4.31898173974573 -0.825390881121976
4.33649876138543 -0.84280189090135
4.35401578302513 -0.859372777426911
4.37153280466482 -0.875087022478594
4.38904982630452 -0.889928961755181
4.40656684794422 -0.903883800488823
4.42408386958392 -0.916937628192789
4.44160089122362 -0.92907743252773
4.45911791286332 -0.940291112272676
4.47663493450301 -0.950567489387783
4.49415195614271 -0.959896320156857
4.51166897778241 -0.968268305398507
4.52918599942211 -0.975675099735773
4.54670302106181 -0.98210931991498
4.56422004270151 -0.987564552165524
4.58173706434121 -0.992035358593258
4.5992540859809 -0.995517282601106
4.6167711076206 -0.998006853331493
4.6342881292603 -0.999501589126174
4.6518051509 -1
4.66972650087337 -0.999501589126174
4.68764785084673 -0.998006853331493
4.7055692008201 -0.995517282601106
4.72349055079347 -0.992035358593258
4.74141190076683 -0.987564552165524
4.7593332507402 -0.98210931991498
4.77725460071357 -0.975675099735774
4.79517595068693 -0.968268305398507
4.8130973006603 -0.959896320156857
4.83101865063367 -0.950567489387783
4.84894000060704 -0.940291112272675
4.8668613505804 -0.929077432527731
4.88478270055377 -0.916937628192789
4.90270405052714 -0.903883800488823
4.9206254005005 -0.88992896175518
4.93854675047387 -0.875087022478594
4.95646810044724 -0.859372777426912
4.9743894504206 -0.842801890901351
4.99231080039397 -0.825390881121976
5.01023215036734 -0.807157103761985
5.0281535003407 -0.788118734647193
5.04607485031407 -0.768294751637971
5.06399620028744 -0.747704915711709
5.0819175502608 -0.726369751264639
5.09983890023417 -0.704310525652673
5.11776025020754 -0.681549227991634
5.1356816001809 -0.658108547238038
5.15360295015427 -0.634011849572238
5.17152430012764 -0.609283155106516
5.189445650101 -0.583947113941307
5.20736700007437 -0.55802898159344
5.22528835004774 -0.531554593820901
5.24320970002111 -0.504550340869177
5.26113104999447 -0.47704314116489
5.27905239996784 -0.449060414482921
5.29697374994121 -0.420630054613784
5.31489509991457 -0.391780401558493
5.33281644988794 -0.362540213278624
5.35073779986131 -0.33293863702976
5.36865914983467 -0.303005180306873
5.38658049980804 -0.272769681430603
5.40450184978141 -0.242262279803783
5.42242319975477 -0.211513385867818
5.44034454972814 -0.180553650788903
5.45826589970151 -0.149413935904261
5.47618724967487 -0.118125281958908
5.49410859964824 -0.0867188781635503
5.51202994962161 -0.0552260311045088
5.52995129959497 -0.0236781335366243
5.54787264956834 0.00789336690971331
5.56579399954171 0.0394569990762529
5.58371534951507 0.0709812996480151
5.60163669948844 0.102434844516613
5.61955804946181 0.133786280104479
5.63747939943518 0.1650043546188
5.65540074940854 0.196057949203979
5.67332209938191 0.226916108961589
5.69124344935528 0.257548073806896
5.70916479932864 0.287923309131166
5.72708614930201 0.318011536239239
5.74500749927538 0.347782762531982
5.76292884924874 0.377207311403575
5.78085019922211 0.406255851823789
5.79877154919548 0.434899427575793
5.81669289916884 0.463109486120348
5.83461424914221 0.490857907057594
5.85253559911558 0.518117030158077
5.87045694908894 0.54485968293507
5.88837829906231 0.571059207730695
5.90629964903568 0.596689488288855
5.92422099900904 0.621724975788495
5.94214234898241 0.64614071431121
5.96006369895578 0.669912365717855
5.97798504892915 0.693016233909332
5.99590639890251 0.715429288447372
6.01382774887588 0.737129187511779
6.03174909884925 0.758094300171246
6.04967044882261 0.77830372794553
6.06759179879598 0.797737325637519
6.08551314876935 0.816375721414399
6.10343449874271 0.834200336117917
6.12135584871608 0.851193401784495
6.13927719868945 0.867337979356715
6.15719854866281 0.882617975568547
6.17511989863618 0.897018158987463
6.19304124860955 0.910524175197462
6.21096259858291 0.923122561107861
6.22888394855628 0.934800758373598
6.24680529852965 0.945547125913667
6.26472664850301 0.955350951515195
6.28264799847638 0.964202462511612
6.30056934844975 0.972092835524257
6.31849069842311 0.979014205257714
6.33641204839648 0.984959672340111
6.35433339836985 0.989923310200557
6.37225474834322 0.993900170976888
6.39017609831658 0.996886290447793
6.40809744828995 0.998878691984444
6.42601879826332 0.999875389517657
6.44394014823668 0.999875389517657
6.46186149821005 0.998878691984444
6.47978284818342 0.996886290447793
6.49770419815678 0.993900170976888
6.51562554813015 0.989923310200557
6.53354689810352 0.98495967234011
6.55146824807688 0.979014205257715
6.56938959805025 0.972092835524257
6.58731094802362 0.964202462511612
6.60523229799698 0.955350951515195
6.62315364797035 0.945547125913667
6.64107499794372 0.934800758373598
6.65899634791708 0.923122561107861
6.67691769789045 0.910524175197462
6.69483904786382 0.897018158987464
6.71276039783718 0.882617975568547
6.73068174781055 0.867337979356715
6.74860309778392 0.851193401784495
6.76652444775729 0.834200336117918
6.78444579773065 0.816375721414399
6.80236714770402 0.797737325637519
6.82028849767739 0.77830372794553
6.83820984765075 0.758094300171246
6.85613119762412 0.737129187511779
6.87405254759749 0.715429288447372
6.89197389757085 0.693016233909332
6.90989524754422 0.669912365717855
6.92781659751759 0.64614071431121
6.94573794749095 0.621724975788495
6.96365929746432 0.596689488288856
6.98158064743769 0.571059207730696
6.99950199741105 0.54485968293507
7.01742334738442 0.518117030158078
7.03534469735779 0.490857907057595
7.05326604733115 0.463109486120348
7.07118739730452 0.434899427575793
7.08910874727789 0.406255851823789
7.10703009725126 0.377207311403576
7.12495144722462 0.347782762531982
7.14287279719799 0.318011536239237
7.16079414717136 0.287923309131167
7.17871549714472 0.257548073806898
7.19663684711809 0.22691610896159
7.21455819709146 0.196057949203979
7.23247954706482 0.165004354618799
7.25040089703819 0.133786280104479
7.26832224701156 0.102434844516613
7.28624359698492 0.0709812996480153
7.30416494695829 0.0394569990762536
7.32208629693166 0.00789336690971289
7.34000764690502 -0.0236781335366239
7.35792899687839 -0.0552260311045075
7.37585034685176 -0.0867188781635496
7.39377169682512 -0.118125281958907
7.41169304679849 -0.149413935904261
7.42961439677186 -0.180553650788903
7.44753574674523 -0.211513385867819
7.46545709671859 -0.242262279803782
7.48337844669196 -0.272769681430602
7.50129979666533 -0.303005180306871
7.51922114663869 -0.33293863702976
7.53714249661206 -0.362540213278624
7.55506384658543 -0.391780401558492
7.57298519655879 -0.420630054613784
7.59090654653216 -0.449060414482921
7.60882789650553 -0.47704314116489
7.62674924647889 -0.504550340869178
7.64467059645226 -0.531554593820901
7.66259194642563 -0.55802898159344
7.68051329639899 -0.583947113941307
7.69843464637236 -0.609283155106516
7.71635599634573 -0.634011849572238
7.73427734631909 -0.658108547238037
7.75219869629246 -0.681549227991634
7.77012004626583 -0.704310525652672
7.7880413962392 -0.726369751264639
7.80596274621256 -0.747704915711709
7.82388409618593 -0.768294751637971
7.8418054461593 -0.788118734647192
7.85972679613266 -0.807157103761985
7.87764814610603 -0.825390881121976
7.8955694960794 -0.84280189090135
7.91349084605276 -0.859372777426912
7.93141219602613 -0.875087022478594
7.9493335459995 -0.889928961755181
7.96725489597286 -0.903883800488824
7.98517624594623 -0.916937628192788
8.0030975959196 -0.92907743252773
8.02101894589297 -0.940291112272676
8.03894029586633 -0.950567489387783
8.0568616458397 -0.959896320156857
8.07478299581306 -0.968268305398507
8.09270434578643 -0.975675099735774
8.1106256957598 -0.982109319914981
8.12854704573316 -0.987564552165523
8.14646839570653 -0.992035358593258
8.1643897456799 -0.995517282601106
8.18231109565327 -0.998006853331493
8.20023244562663 -0.999501589126174
8.2181537956 -1
8.23511198497789 -0.999501589126174
8.25207017435578 -0.998006853331493
8.26902836373367 -0.995517282601106
8.28598655311156 -0.992035358593258
8.30294474248945 -0.987564552165524
8.31990293186734 -0.98210931991498
8.33686112124523 -0.975675099735773
8.35381931062311 -0.968268305398507
8.370777500001 -0.959896320156857
8.38773568937889 -0.950567489387782
8.40469387875678 -0.940291112272676
8.42165206813467 -0.92907743252773
8.43861025751256 -0.916937628192789
8.45556844689045 -0.903883800488824
8.47252663626834 -0.88992896175518
8.48948482564623 -0.875087022478594
8.50644301502412 -0.859372777426912
8.52340120440201 -0.84280189090135
8.5403593937799 -0.825390881121977
8.55731758315779 -0.807157103761986
8.57427577253568 -0.788118734647192
8.59123396191357 -0.768294751637971
8.60819215129146 -0.747704915711709
8.62515034066935 -0.726369751264639
8.64210853004723 -0.704310525652673
8.65906671942512 -0.681549227991634
8.67602490880302 -0.658108547238037
8.6929830981809 -0.634011849572239
8.70994128755879 -0.609283155106517
8.72689947693668 -0.583947113941305
8.74385766631457 -0.558028981593441
8.76081585569246 -0.531554593820901
8.77777404507035 -0.504550340869176
8.79473223444824 -0.47704314116489
8.81169042382613 -0.44906041448292
8.82864861320402 -0.420630054613783
8.84560680258191 -0.391780401558494
8.8625649919598 -0.362540213278624
8.87952318133769 -0.332938637029763
8.89648137071558 -0.303005180306873
8.91343956009347 -0.272769681430602
8.93039774947136 -0.242262279803785
8.94735593884925 -0.211513385867819
8.96431412822714 -0.180553650788901
8.98127231760502 -0.149413935904262
8.99823050698291 -0.118125281958908
9.0151886963608 -0.0867188781635498
9.03214688573869 -0.0552260311045095
9.04910507511658 -0.0236781335366241
9.06606326449447 0.00789336690971442
9.08302145387236 0.0394569990762518
9.09997964325025 0.070981299648016
9.11693783262814 0.102434844516615
9.13389602200603 0.133786280104478
9.15085421138392 0.165004354618799
9.16781240076181 0.196057949203979
9.1847705901397 0.226916108961589
9.20172877951759 0.257548073806897
9.21868696889548 0.287923309131164
9.23564515827337 0.318011536239238
9.25260334765126 0.347782762531983
9.26956153702914 0.377207311403574
9.28651972640703 0.406255851823788
9.30347791578492 0.434899427575793
9.32043610516281 0.463109486120347
9.3373942945407 0.490857907057593
9.35435248391859 0.518117030158078
9.37131067329648 0.544859682935069
9.38826886267437 0.571059207730694
9.40522705205226 0.596689488288857
9.42218524143015 0.621724975788494
9.43914343080804 0.64614071431121
9.45610162018593 0.669912365717856
9.47305980956382 0.693016233909331
9.49001799894171 0.715429288447371
9.5069761883196 0.73712918751178
9.52393437769749 0.758094300171245
9.54089256707538 0.77830372794553
9.55785075645327 0.79773732563752
9.57480894583115 0.816375721414398
9.59176713520904 0.834200336117917
9.60872532458693 0.851193401784495
9.62568351396482 0.867337979356714
9.64264170334271 0.882617975568547
9.6595998927206 0.897018158987464
9.67655808209849 0.910524175197462
9.69351627147638 0.923122561107861
9.71047446085427 0.934800758373599
9.72743265023216 0.945547125913667
9.74439083961005 0.955350951515195
9.76134902898794 0.964202462511612
9.77830721836583 0.972092835524257
9.79526540774372 0.979014205257715
9.81222359712161 0.98495967234011
9.8291817864995 0.989923310200557
9.84613997587739 0.993900170976888
9.86309816525528 0.996886290447793
9.88005635463317 0.998878691984444
9.89701454401106 0.999875389517657
9.91397273338894 0.999875389517657
9.93093092276683 0.998878691984444
9.94788911214472 0.996886290447793
9.96484730152261 0.993900170976888
9.9818054909005 0.989923310200557
9.99876368027839 0.984959672340111
10.0157218696563 0.979014205257715
10.0326800590342 0.972092835524257
10.0496382484121 0.964202462511611
10.0665964377899 0.955350951515195
10.0835546271678 0.945547125913667
10.1005128165457 0.934800758373599
10.1174710059236 0.923122561107861
10.1344291953015 0.910524175197462
10.1513873846794 0.897018158987464
10.1683455740573 0.882617975568547
10.1853037634352 0.867337979356714
10.2022619528131 0.851193401784495
10.219220142191 0.834200336117918
10.2361783315688 0.816375721414398
10.2531365209467 0.79773732563752
10.2700947103246 0.77830372794553
10.2870528997025 0.758094300171245
10.3040110890804 0.73712918751178
10.3209692784583 0.715429288447371
10.3379274678362 0.693016233909331
10.3548856572141 0.669912365717856
10.371843846592 0.64614071431121
10.3888020359698 0.621724975788495
10.4057602253477 0.596689488288857
10.4227184147256 0.571059207730695
10.4396766041035 0.54485968293507
10.4566347934814 0.518117030158079
10.4735929828593 0.490857907057594
10.4905511722372 0.463109486120347
10.5075093616151 0.434899427575793
10.524467550993 0.406255851823789
10.5414257403709 0.377207311403575
10.5583839297487 0.347782762531983
10.5753421191266 0.318011536239238
10.5923003085045 0.287923309131165
10.6092584978824 0.257548073806897
10.6262166872603 0.22691610896159
10.6431748766382 0.196057949203976
10.6601330660161 0.1650043546188
10.677091255394 0.133786280104478
10.6940494447719 0.102434844516611
10.7110076341497 0.0709812996480162
10.7279658235276 0.0394569990762518
10.7449240129055 0.00789336690971467
10.7618822022834 -0.0236781335366239
10.7788403916613 -0.0552260311045084
10.7957985810392 -0.0867188781635531
10.8127567704171 -0.118125281958908
10.829714959795 -0.149413935904261
10.8466731491729 -0.180553650788901
10.8636313385508 -0.211513385867819
10.8805895279286 -0.242262279803781
10.8975477173065 -0.272769681430602
10.9145059066844 -0.303005180306873
10.9314640960623 -0.332938637029759
10.9484222854402 -0.362540213278624
10.9653804748181 -0.391780401558493
10.982338664196 -0.420630054613782
10.9992968535739 -0.44906041448292
11.0162550429518 -0.47704314116489
11.0332132323296 -0.504550340869175
11.0501714217075 -0.531554593820901
11.0671296110854 -0.55802898159344
11.0840878004633 -0.583947113941305
11.1010459898412 -0.609283155106517
11.1180041792191 -0.634011849572239
11.134962368597 -0.658108547238037
11.1519205579749 -0.681549227991634
11.1688787473528 -0.704310525652672
11.1858369367307 -0.726369751264639
11.2027951261085 -0.747704915711709
11.2197533154864 -0.768294751637971
11.2367115048643 -0.788118734647192
11.2536696942422 -0.807157103761985
11.2706278836201 -0.825390881121977
11.287586072998 -0.84280189090135
11.3045442623759 -0.859372777426912
11.3215024517538 -0.875087022478594
11.3384606411317 -0.88992896175518
11.3554188305095 -0.903883800488824
11.3723770198874 -0.91693762819279
11.3893352092653 -0.92907743252773
11.4062933986432 -0.940291112272676
11.4232515880211 -0.950567489387784
11.440209777399 -0.959896320156857
11.4571679667769 -0.968268305398507
11.4741261561548 -0.975675099735774
11.4910843455327 -0.98210931991498
11.5080425349106 -0.987564552165524
11.5250007242884 -0.992035358593258
11.5419589136663 -0.995517282601106
11.5589171030442 -0.998006853331493
11.5758752924221 -0.999501589126174
11.5928334818 -1
11.6081914931899 -0.999501589126174
11.6235495045799 -0.998006853331493
11.6389075159698 -0.995517282601106
11.6542655273598 -0.992035358593258
11.6696235387497 -0.987564552165524
11.6849815501397 -0.982109319914981
11.7003395615296 -0.975675099735774
11.7156975729196 -0.968268305398507
11.7310555843095 -0.959896320156857
11.7464135956995 -0.950567489387783
11.7617716070894 -0.940291112272676
11.7771296184794 -0.929077432527731
11.7924876298693 -0.916937628192789
11.8078456412593 -0.903883800488823
11.8232036526492 -0.88992896175518
11.8385616640392 -0.875087022478594
11.8539196754291 -0.859372777426912
11.8692776868191 -0.842801890901351
11.884635698209 -0.825390881121975
11.899993709599 -0.807157103761985
11.9153517209889 -0.788118734647192
11.9307097323789 -0.768294751637971
11.9460677437688 -0.74770491571171
11.9614257551588 -0.726369751264638
11.9767837665487 -0.704310525652671
11.9921417779387 -0.681549227991634
12.0074997893286 -0.658108547238038
12.0228578007186 -0.63401184957224
12.0382158121085 -0.609283155106515
12.0535738234985 -0.583947113941305
12.0689318348884 -0.55802898159344
12.0842898462784 -0.531554593820902
12.0996478576683 -0.504550340869178
12.1150058690583 -0.477043141164891
12.1303638804482 -0.449060414482919
12.1457218918382 -0.420630054613784
12.1610799032281 -0.391780401558494
12.1764379146181 -0.362540213278625
12.191795926008 -0.332938637029763
12.207153937398 -0.303005180306871
12.2225119487879 -0.272769681430603
12.2378699601779 -0.242262279803783
12.2532279715678 -0.21151338586782
12.2685859829578 -0.180553650788904
12.2839439943477 -0.14941393590426
12.2993020057377 -0.118125281958907
12.3146600171276 -0.0867188781635507
12.3300180285176 -0.0552260311045088
12.3453760399075 -0.0236781335366254
12.3607340512975 0.00789336690971509
12.3760920626874 0.0394569990762536
12.3914500740774 0.070981299648016
12.4068080854673 0.102434844516613
12.4221660968573 0.133786280104478
12.4375241082472 0.165004354618797
12.4528821196372 0.196057949203979
12.4682401310271 0.22691610896159
12.4835981424171 0.257548073806896
12.498956153807 0.287923309131165
12.514314165197 0.318011536239237
12.5296721765869 0.347782762531984
12.5450301879769 0.377207311403576
12.5603881993668 0.406255851823789
12.5757462107568 0.434899427575792
12.5911042221467 0.463109486120347
12.6064622335367 0.490857907057595
12.6218202449266 0.518117030158078
12.6371782563166 0.54485968293507
12.6525362677065 0.571059207730694
12.6678942790965 0.596689488288855
12.6832522904864 0.621724975788496
12.6986103018764 0.646140714311211
12.7139683132663 0.669912365717855
12.7293263246563 0.693016233909331
12.7446843360462 0.71542928844737
12.7600423474362 0.737129187511778
12.7754003588261 0.758094300171246
12.7907583702161 0.77830372794553
12.806116381606 0.797737325637519
12.821474392996 0.816375721414398
12.8368324043859 0.834200336117919
12.8521904157759 0.851193401784495
12.8675484271658 0.867337979356715
12.8829064385558 0.882617975568547
12.8982644499457 0.897018158987463
12.9136224613357 0.910524175197461
12.9289804727256 0.923122561107861
12.9443384841156 0.934800758373599
12.9596964955055 0.945547125913667
12.9750545068955 0.955350951515195
12.9904125182854 0.964202462511611
13.0057705296754 0.972092835524257
13.0211285410653 0.979014205257715
13.0364865524553 0.984959672340111
13.0518445638452 0.989923310200557
13.0672025752352 0.993900170976888
13.0825605866251 0.996886290447793
13.0979185980151 0.998878691984444
13.113276609405 0.999875389517657
13.128634620795 0.999875389517657
13.1439926321849 0.998878691984444
13.1593506435749 0.996886290447793
13.1747086549648 0.993900170976888
13.1900666663548 0.989923310200557
13.2054246777447 0.984959672340111
13.2207826891347 0.979014205257715
13.2361407005246 0.972092835524257
13.2514987119146 0.964202462511611
13.2668567233045 0.955350951515195
13.2822147346945 0.945547125913667
13.2975727460844 0.934800758373599
13.3129307574744 0.923122561107861
13.3282887688643 0.910524175197462
13.3436467802543 0.897018158987463
13.3590047916442 0.882617975568547
13.3743628030342 0.867337979356715
13.3897208144241 0.851193401784495
13.4050788258141 0.834200336117917
13.420436837204 0.816375721414398
13.435794848594 0.797737325637519
13.4511528599839 0.77830372794553
13.4665108713739 0.758094300171246
13.4818688827638 0.73712918751178
13.4972268941538 0.715429288447371
13.5125849055437 0.693016233909332
13.5279429169337 0.669912365717856
13.5433009283236 0.646140714311211
13.5586589397136 0.621724975788497
13.5740169511035 0.596689488288855
13.5893749624935 0.571059207730694
13.6047329738834 0.54485968293507
13.6200909852734 0.518117030158079
13.6354489966633 0.490857907057592
13.6508070080533 0.463109486120347
13.6661650194432 0.434899427575792
13.6815230308332 0.406255851823789
13.6968810422231 0.377207311403576
13.7122390536131 0.347782762531984
13.727597065003 0.31801153623924
13.742955076393 0.287923309131166
13.7583130877829 0.257548073806896
13.7736710991729 0.226916108961591
13.7890291105628 0.196057949203979
13.8043871219528 0.165004354618797
13.8197451333427 0.133786280104478
13.8351031447327 0.102434844516613
13.8504611561226 0.0709812996480162
13.8658191675126 0.0394569990762545
13.8811771789025 0.00789336690971467
13.8965351902925 -0.0236781335366256
13.9118932016824 -0.0552260311045084
13.9272512130724 -0.0867188781635505
13.9426092244623 -0.118125281958907
13.9579672358523 -0.149413935904259
13.9733252472422 -0.180553650788904
13.9886832586322 -0.211513385867819
14.0040412700221 -0.242262279803783
14.0193992814121 -0.272769681430602
14.034757292802 -0.303005180306871
14.050115304192 -0.332938637029759
14.0654733155819 -0.362540213278626
14.0808313269719 -0.391780401558493
14.0961893383618 -0.420630054613784
14.1115473497518 -0.449060414482919
14.1269053611417 -0.477043141164891
14.1422633725317 -0.504550340869178
14.1576213839216 -0.531554593820901
14.1729793953116 -0.558028981593439
14.1883374067015 -0.583947113941305
14.2036954180915 -0.609283155106515
14.2190534294814 -0.634011849572236
14.2344114408714 -0.658108547238037
14.2497694522613 -0.681549227991633
14.2651274636513 -0.704310525652672
14.2804854750412 -0.726369751264641
14.2958434864312 -0.74770491571171
14.3112014978211 -0.768294751637971
14.3265595092111 -0.788118734647193
14.341917520601 -0.807157103761985
14.357275531991 -0.825390881121975
14.3726335433809 -0.842801890901349
14.3879915547709 -0.859372777426912
14.4033495661608 -0.875087022478594
14.4187075775508 -0.88992896175518
14.4340655889407 -0.903883800488824
14.4494236003307 -0.91693762819279
14.4647816117206 -0.929077432527731
14.4801396231106 -0.940291112272676
14.4954976345005 -0.950567489387783
14.5108556458905 -0.959896320156857
14.5262136572804 -0.968268305398507
14.5415716686704 -0.975675099735774
14.5569296800603 -0.98210931991498
14.5722876914503 -0.987564552165524
14.5876457028402 -0.992035358593258
14.6030037142302 -0.995517282601106
14.6183617256201 -0.998006853331493
14.6337197370101 -0.999501589126174
14.6490777484 -1
14.6641785432513 -0.999501589126174
14.6792793381025 -0.998006853331493
14.6943801329538 -0.995517282601106
14.709480927805 -0.992035358593258
14.7245817226563 -0.987564552165523
14.7396825175075 -0.98210931991498
14.7547833123588 -0.975675099735773
14.76988410721 -0.968268305398507
14.7849849020613 -0.959896320156857
14.8000856969126 -0.950567489387783
14.8151864917638 -0.940291112272675
14.8302872866151 -0.929077432527731
14.8453880814663 -0.916937628192788
14.8604888763176 -0.903883800488824
14.8755896711688 -0.88992896175518
14.8906904660201 -0.875087022478594
14.9057912608714 -0.859372777426911
14.9208920557226 -0.842801890901351
14.9359928505739 -0.825390881121975
14.9510936454251 -0.807157103761986
14.9661944402764 -0.788118734647192
14.9812952351276 -0.768294751637971
14.9963960299789 -0.747704915711708
15.0114968248302 -0.72636975126464
15.0265976196814 -0.704310525652671
15.0416984145327 -0.681549227991634
15.0567992093839 -0.658108547238037
15.0719000042352 -0.634011849572239
15.0870007990864 -0.609283155106516
15.1021015939377 -0.583947113941307
15.1172023887889 -0.558028981593439
15.1323031836402 -0.531554593820902
15.1474039784915 -0.504550340869177
15.1625047733427 -0.47704314116489
15.177605568194 -0.449060414482919
15.1927063630452 -0.420630054613785
15.2078071578965 -0.391780401558492
15.2229079527477 -0.362540213278625
15.238008747599 -0.33293863702976
15.2531095424503 -0.303005180306874
15.2682103373015 -0.272769681430603
15.2833111321528 -0.242262279803784
15.298411927004 -0.211513385867818
15.3135127218553 -0.180553650788903
15.3286135167065 -0.14941393590426
15.3437143115578 -0.118125281958909
15.358815106409 -0.0867188781635503
15.3739159012603 -0.0552260311045095
15.3890166961116 -0.0236781335366237
15.4041174909628 0.00789336690971198
15.4192182858141 0.0394569990762534
15.4343190806653 0.0709812996480144
15.4494198755166 0.102434844516614
15.4645206703678 0.133786280104477
15.4796214652191 0.165004354618799
15.4947222600704 0.196057949203976
15.5098230549216 0.22691610896159
15.5249238497729 0.257548073806895
15.5400246446241 0.287923309131166
15.5551254394754 0.318011536239237
15.5702262343266 0.347782762531983
15.5853270291779 0.377207311403578
15.6004278240291 0.406255851823789
15.6155286188804 0.434899427575791
15.6306294137317 0.463109486120348
15.6457302085829 0.490857907057595
15.6608310034342 0.518117030158077
15.6759317982854 0.544859682935069
15.6910325931367 0.571059207730695
15.7061333879879 0.596689488288857
15.7212341828392 0.621724975788495
15.7363349776905 0.646140714311208
15.7514357725417 0.669912365717855
15.766536567393 0.693016233909333
15.7816373622442 0.715429288447371
15.7967381570955 0.73712918751178
15.8118389519467 0.758094300171245
15.826939746798 0.778303727945531
15.8420405416492 0.797737325637519
15.8571413365005 0.8163757214144
15.8722421313518 0.834200336117917
15.887342926203 0.851193401784495
15.9024437210543 0.867337979356714
15.9175445159055 0.882617975568548
15.9326453107568 0.897018158987463
15.947746105608 0.910524175197463
15.9628469004593 0.92312256110786
15.9779476953106 0.934800758373599
15.9930484901618 0.945547125913667
16.0081492850131 0.955350951515195
16.0232500798643 0.964202462511613
16.0383508747156 0.972092835524256
16.0534516695668 0.979014205257714
16.0685524644181 0.984959672340111
16.0836532592693 0.989923310200558
16.0987540541206 0.993900170976888
16.1138548489719 0.996886290447793
16.1289556438231 0.998878691984444
16.1440564386744 0.999875389517657
16.1591572335256 0.999875389517657
16.1742580283769 0.998878691984444
16.1893588232281 0.996886290447793
16.2044596180794 0.993900170976887
16.2195604129307 0.989923310200558
16.2346612077819 0.984959672340111
16.2497620026332 0.979014205257714
16.2648627974844 0.972092835524256
16.2799635923357 0.964202462511613
16.2950643871869 0.955350951515195
16.3101651820382 0.945547125913667
16.3252659768894 0.934800758373598
16.3403667717407 0.923122561107862
16.355467566592 0.910524175197463
16.3705683614432 0.897018158987463
16.3856691562945 0.882617975568546
16.4007699511457 0.867337979356716
16.415870745997 0.851193401784496
16.4309715408482 0.834200336117918
16.4460723356995 0.816375721414398
16.4611731305508 0.797737325637517
16.476273925402 0.778303727945531
16.4913747202533 0.758094300171245
16.5064755151045 0.737129187511777
16.5215763099558 0.715429288447374
16.536677104807 0.693016233909333
16.5517778996583 0.669912365717855
16.5668786945095 0.646140714311209
16.5819794893608 0.621724975788493
16.5970802842121 0.596689488288857
16.6121810790633 0.571059207730695
16.6272818739146 0.544859682935069
16.6423826687658 0.518117030158081
16.6574834636171 0.490857907057595
16.6725842584683 0.463109486120348
16.6876850533196 0.434899427575792
16.7027858481709 0.406255851823786
16.7178866430221 0.377207311403578
16.7329874378734 0.347782762531982
16.7480882327246 0.318011536239236
16.7631890275759 0.28792330913117
16.7782898224271 0.257548073806899
16.7933906172784 0.22691610896159
16.8084914121296 0.196057949203977
16.8235922069809 0.165004354618796
16.8386930018322 0.133786280104481
16.8537937966834 0.102434844516614
16.8688945915347 0.0709812996480145
16.8839953863859 0.0394569990762572
16.8990961812372 0.00789336690971555
16.9141969760884 -0.023678133536623
16.9292977709397 -0.0552260311045093
16.944398565791 -0.086718878163554
16.9594993606422 -0.118125281958905
16.9746001554935 -0.14941393590426
16.9897009503447 -0.180553650788904
17.004801745196 -0.211513385867822
17.0199025400472 -0.24226227980378
17.0350033348985 -0.272769681430602
17.0501041297497 -0.303005180306874
17.065204924601 -0.332938637029764
17.0803057194523 -0.362540213278621
17.0954065143035 -0.391780401558492
17.1105073091548 -0.420630054613784
17.125608104006 -0.449060414482922
17.1407088988573 -0.477043141164887
17.1558096937085 -0.504550340869176
17.1709104885598 -0.531554593820902
17.1860112834111 -0.558028981593442
17.2011120782623 -0.583947113941304
17.2162128731136 -0.609283155106516
17.2313136679648 -0.63401184957224
17.2464144628161 -0.658108547238039
17.2615152576673 -0.681549227991631
17.2766160525186 -0.704310525652671
17.2917168473698 -0.726369751264639
17.3068176422211 -0.74770491571171
17.3219184370724 -0.768294751637973
17.3370192319236 -0.788118734647191
17.3521200267749 -0.807157103761986
17.3672208216261 -0.825390881121977
17.3823216164774 -0.842801890901349
17.3974224113286 -0.859372777426911
17.4125232061799 -0.875087022478594
17.4276240010312 -0.889928961755181
17.4427247958824 -0.903883800488825
17.4578255907337 -0.916937628192788
17.4729263855849 -0.929077432527731
17.4880271804362 -0.940291112272676
17.5031279752874 -0.950567489387782
17.5182287701387 -0.959896320156856
17.5333295649899 -0.968268305398507
17.5484303598412 -0.975675099735774
17.5635311546925 -0.982109319914981
17.5786319495437 -0.987564552165523
17.593732744395 -0.992035358593258
17.6088335392462 -0.995517282601106
17.6239343340975 -0.998006853331493
17.6390351289487 -0.999501589126174
17.6541359238 -1
17.6713844492437 -0.999501589126174
17.6886329746874 -0.998006853331493
17.7058815001312 -0.995517282601106
17.7231300255749 -0.992035358593258
17.7403785510186 -0.987564552165524
17.7576270764623 -0.982109319914981
17.774875601906 -0.975675099735773
17.7921241273497 -0.968268305398507
17.8093726527935 -0.959896320156856
17.8266211782372 -0.950567489387784
17.8438697036809 -0.940291112272676
17.8611182291246 -0.929077432527731
17.8783667545683 -0.916937628192789
17.8956152800121 -0.903883800488823
17.9128638054558 -0.88992896175518
17.9301123308995 -0.875087022478592
17.9473608563432 -0.859372777426913
17.9646093817869 -0.842801890901352
17.9818579072307 -0.825390881121977
17.9991064326744 -0.807157103761985
18.0163549581181 -0.788118734647192
18.0336034835618 -0.768294751637969
18.0508520090055 -0.747704915711707
18.0681005344492 -0.726369751264641
18.085349059893 -0.704310525652673
18.1025975853367 -0.681549227991634
18.1198461107804 -0.658108547238037
18.1370946362241 -0.634011849572238
18.1543431616678 -0.609283155106515
18.1715916871116 -0.583947113941309
18.1888402125553 -0.558028981593442
18.206088737999 -0.531554593820902
18.2233372634427 -0.504550340869178
18.2405857888864 -0.477043141164889
18.2578343143302 -0.449060414482919
18.2750828397739 -0.420630054613782
18.2923313652176 -0.391780401558496
18.3095798906613 -0.362540213278626
18.326828416105 -0.332938637029762
18.3440769415487 -0.303005180306873
18.3613254669925 -0.272769681430602
18.3785739924362 -0.242262279803781
18.3958225178799 -0.211513385867816
18.4130710433236 -0.180553650788905
18.4303195687673 -0.149413935904262
18.4475680942111 -0.118125281958908
18.4648166196548 -0.0867188781635503
18.4820651450985 -0.0552260311045066
18.4993136705422 -0.0236781335366217
18.5165621959859 0.0078933669097102
18.5338107214296 0.0394569990762507
18.5510592468734 0.0709812996480149
18.5683077723171 0.102434844516613
18.5855562977608 0.13378628010448
18.6028048232045 0.165004354618801
18.6200533486482 0.196057949203981
18.637301874092 0.226916108961588
18.6545503995357 0.257548073806895
18.6717989249794 0.287923309131166
18.6890474504231 0.318011536239239
18.7062959758668 0.347782762531984
18.7235445013106 0.377207311403578
18.7407930267543 0.406255851823786
18.758041552198 0.434899427575791
18.7752900776417 0.463109486120347
18.7925386030854 0.490857907057593
18.8097871285291 0.518117030158078
18.8270356539729 0.544859682935072
18.8442841794166 0.571059207730697
18.8615327048603 0.596689488288853
18.878781230304 0.621724975788494
18.8960297557477 0.646140714311209
18.9132782811915 0.669912365717855
18.9305268066352 0.693016233909332
18.9477753320789 0.715429288447373
18.9650238575226 0.737129187511776
18.9822723829663 0.758094300171244
18.99952090841 0.778303727945529
19.0167694338538 0.797737325637519
19.0340179592975 0.816375721414399
19.0512664847412 0.834200336117918
19.0685150101849 0.851193401784496
19.0857635356286 0.867337979356716
19.1030120610724 0.882617975568546
19.1202605865161 0.897018158987463
19.1375091119598 0.910524175197462
19.1547576374035 0.923122561107861
19.1720061628472 0.934800758373599
19.189254688291 0.945547125913668
19.2065032137347 0.955350951515194
19.2237517391784 0.964202462511611
19.2410002646221 0.972092835524257
19.2582487900658 0.979014205257715
19.2754973155095 0.984959672340111
19.2927458409533 0.989923310200557
19.309994366397 0.993900170976888
19.3272428918407 0.996886290447793
19.3444914172844 0.998878691984444
19.3617399427281 0.999875389517657
19.3789884681719 0.999875389517657
19.3962369936156 0.998878691984444
19.4134855190593 0.996886290447793
19.430734044503 0.993900170976888
19.4479825699467 0.989923310200557
19.4652310953905 0.984959672340111
19.4824796208342 0.979014205257715
19.4997281462779 0.972092835524257
19.5169766717216 0.964202462511611
19.5342251971653 0.955350951515194
19.551473722609 0.945547125913668
19.5687222480528 0.934800758373599
19.5859707734965 0.923122561107861
19.6032192989402 0.910524175197462
19.6204678243839 0.897018158987463
19.6377163498276 0.882617975568546
19.6549648752714 0.867337979356716
19.6722134007151 0.851193401784496
19.6894619261588 0.834200336117918
19.7067104516025 0.816375721414399
19.7239589770462 0.797737325637519
19.7412075024899 0.778303727945529
19.7584560279337 0.758094300171244
19.7757045533774 0.737129187511777
19.7929530788211 0.715429288447373
19.8102016042648 0.693016233909333
19.8274501297085 0.669912365717855
19.8446986551523 0.646140714311209
19.861947180596 0.621724975788494
19.8791957060397 0.596689488288859
19.8964442314834 0.571059207730697
19.9136927569271 0.544859682935072
19.9309412823709 0.518117030158079
19.9481898078146 0.490857907057594
19.9654383332583 0.463109486120347
19.982686858702 0.434899427575791
19.9999353841457 0.406255851823786
20.0171839095894 0.377207311403578
20.0344324350332 0.347782762531983
20.0516809604769 0.318011536239239
20.0689294859206 0.287923309131166
20.0861780113643 0.257548073806896
20.103426536808 0.226916108961588
20.1206750622518 0.196057949203981
20.1379235876955 0.165004354618802
20.1551721131392 0.13378628010448
20.1724206385829 0.102434844516613
20.1896691640266 0.0709812996480145
20.2069176894704 0.0394569990762509
20.2241662149141 0.00789336690971111
20.2414147403578 -0.0236781335366212
20.2586632658015 -0.0552260311045057
20.2759117912452 -0.0867188781635505
20.2931603166889 -0.118125281958908
20.3104088421327 -0.149413935904262
20.3276573675764 -0.180553650788904
20.3449058930201 -0.211513385867815
20.3621544184638 -0.242262279803781
20.3794029439075 -0.272769681430601
20.3966514693513 -0.303005180306872
20.413899994795 -0.332938637029761
20.4311485202387 -0.362540213278626
20.4483970456824 -0.391780401558495
20.4656455711261 -0.420630054613788
20.4828940965698 -0.449060414482918
20.5001426220136 -0.477043141164889
20.5173911474573 -0.504550340869178
20.534639672901 -0.531554593820903
20.5518881983447 -0.558028981593442
20.5691367237884 -0.583947113941308
20.5863852492322 -0.609283155106515
20.6036337746759 -0.634011849572238
20.6208823001196 -0.658108547238037
20.6381308255633 -0.681549227991634
20.655379351007 -0.704310525652673
20.6726278764508 -0.726369751264641
20.6898764018945 -0.747704915711712
20.7071249273382 -0.768294751637969
20.7243734527819 -0.788118734647191
20.7416219782256 -0.807157103761985
20.7588705036693 -0.825390881121976
20.7761190291131 -0.842801890901352
20.7933675545568 -0.85937277742691
20.8106160800005 -0.875087022478592
20.8278646054442 -0.889928961755179
20.8451131308879 -0.903883800488823
20.8623616563317 -0.916937628192789
20.8796101817754 -0.929077432527731
20.8968587072191 -0.940291112272676
20.9141072326628 -0.950567489387782
20.9313557581065 -0.959896320156856
20.9486042835502 -0.968268305398507
20.965852808994 -0.975675099735774
20.9831013344377 -0.98210931991498
21.0003498598814 -0.987564552165524
21.0175983853251 -0.992035358593258
21.0348469107688 -0.995517282601106
21.0520954362126 -0.998006853331493
21.0693439616563 -0.999501589126174
21.0865924871 -1
21.1018872759482 -0.999501589126174
21.1171820647965 -0.998006853331493
21.1324768536447 -0.995517282601106
21.147771642493 -0.992035358593258
21.1630664313412 -0.987564552165524
21.1783612201894 -0.98210931991498
21.1936560090377 -0.975675099735773
21.2089507978859 -0.968268305398507
21.2242455867342 -0.959896320156857
21.2395403755824 -0.950567489387783
21.2548351644307 -0.940291112272676
21.2701299532789 -0.929077432527731
21.2854247421271 -0.916937628192789
21.3007195309754 -0.903883800488825
21.3160143198236 -0.889928961755182
21.3313091086719 -0.875087022478592
21.3466038975201 -0.859372777426911
21.3618986863683 -0.842801890901349
21.3771934752166 -0.825390881121975
21.3924882640648 -0.807157103761985
21.4077830529131 -0.788118734647192
21.4230778417613 -0.768294751637971
21.4383726306095 -0.74770491571171
21.4536674194578 -0.726369751264641
21.468962208306 -0.704310525652674
21.4842569971543 -0.681549227991636
21.4995517860025 -0.658108547238035
21.5148465748508 -0.634011849572237
21.530141363699 -0.609283155106515
21.5454361525472 -0.583947113941305
21.5607309413955 -0.55802898159344
21.5760257302437 -0.531554593820902
21.591320519092 -0.504550340869178
21.6066153079402 -0.477043141164891
21.6219100967884 -0.449060414482922
21.6372048856367 -0.420630054613787
21.6524996744849 -0.39178040155849
21.6677944633332 -0.362540213278622
21.6830892521814 -0.332938637029759
21.6983840410296 -0.303005180306871
21.7136788298779 -0.272769681430603
21.7289736187261 -0.242262279803783
21.7442684075744 -0.21151338586782
21.7595631964226 -0.180553650788904
21.7748579852709 -0.149413935904263
21.7901527741191 -0.118125281958911
21.8054475629673 -0.0867188781635545
21.8207423518156 -0.0552260311045051
21.8360371406638 -0.0236781335366217
21.8513319295121 0.00789336690971486
21.8666267183603 0.0394569990762536
21.8819215072085 0.070981299648016
21.8972162960568 0.102434844516613
21.912511084905 0.133786280104478
21.9278058737533 0.165004354618798
21.9431006626015 0.196057949203976
21.9583954514497 0.226916108961587
21.973690240298 0.2575480738069
21.9889850291462 0.287923309131169
22.0042798179945 0.31801153623924
22.0195746068427 0.347782762531984
22.034869395691 0.377207311403577
22.0501641845392 0.406255851823789
22.0654589733874 0.434899427575792
22.0807537622357 0.463109486120347
22.0960485510839 0.490857907057592
22.1113433399322 0.518117030158075
22.1266381287804 0.544859682935067
22.1419329176286 0.571059207730697
22.1572277064769 0.596689488288858
22.1725224953251 0.621724975788496
22.1878172841734 0.64614071431121
22.2031120730216 0.669912365717855
22.2184068618698 0.693016233909331
22.2337016507181 0.71542928844737
22.2489964395663 0.737129187511778
22.2642912284146 0.758094300171244
22.2795860172628 0.778303727945528
22.2948808061111 0.797737325637522
22.3101755949593 0.816375721414401
22.3254703838075 0.834200336117919
22.3407651726558 0.851193401784495
22.356059961504 0.867337979356715
22.3713547503523 0.882617975568547
22.3866495392005 0.897018158987463
22.4019443280487 0.910524175197462
22.417239116897 0.92312256110786
22.4325339057452 0.934800758373597
22.4478286945935 0.945547125913666
22.4631234834417 0.955350951515196
22.47841827229 0.964202462511612
22.4937130611382 0.972092835524257
22.5090078499864 0.979014205257715
22.5243026388347 0.984959672340111
22.5395974276829 0.989923310200557
22.5548922165312 0.993900170976888
22.5701870053794 0.996886290447793
22.5854817942276 0.998878691984443
22.6007765830759 0.999875389517657
22.6160713719241 0.999875389517657
22.6313661607724 0.998878691984443
22.6466609496206 0.996886290447793
22.6619557384688 0.993900170976888
22.6772505273171 0.989923310200557
22.6925453161653 0.984959672340111
22.7078401050136 0.979014205257715
22.7231348938618 0.972092835524257
22.73842968271 0.964202462511612
22.7537244715583 0.955350951515196
22.7690192604065 0.945547125913668
22.7843140492548 0.934800758373597
22.799608838103 0.92312256110786
22.8149036269513 0.910524175197462
22.8301984157995 0.897018158987463
22.8454932046477 0.882617975568547
22.860787993496 0.867337979356715
22.8760827823442 0.851193401784495
22.8913775711925 0.834200336117919
22.9066723600407 0.816375721414401
22.9219671488889 0.797737325637521
22.9372619377372 0.778303727945532
22.9525567265854 0.758094300171244
22.9678515154337 0.737129187511778
22.9831463042819 0.715429288447371
22.9984410931302 0.693016233909332
23.0137358819784 0.669912365717855
23.0290306708266 0.64614071431121
23.0443254596749 0.621724975788497
23.0596202485231 0.596689488288858
23.0749150373714 0.571059207730697
23.0902098262196 0.544859682935068
23.1055046150678 0.518117030158075
23.1207994039161 0.490857907057591
23.1360941927643 0.463109486120347
23.1513889816126 0.434899427575792
23.1666837704608 0.406255851823789
23.181978559309 0.377207311403576
23.1972733481573 0.347782762531984
23.2125681370055 0.31801153623924
23.2278629258538 0.287923309131169
23.243157714702 0.2575480738069
23.2584525035503 0.226916108961587
23.2737472923985 0.196057949203975
23.2890420812467 0.165004354618798
23.304336870095 0.133786280104478
23.3196316589432 0.102434844516613
23.3349264477915 0.0709812996480162
23.3502212366397 0.0394569990762536
23.3655160254879 0.00789336690971555
23.3808108143362 -0.0236781335366212
23.3961056031844 -0.0552260311045119
23.4114003920327 -0.0867188781635469
23.4266951808809 -0.118125281958911
23.4419899697291 -0.149413935904263
23.4572847585774 -0.180553650788903
23.4725795474256 -0.211513385867819
23.4878743362739 -0.242262279803783
23.5031691251221 -0.272769681430602
23.5184639139704 -0.303005180306871
23.5337587028186 -0.332938637029759
23.5490534916668 -0.362540213278622
23.5643482805151 -0.391780401558497
23.5796430693633 -0.42063005461378
23.5949378582116 -0.449060414482922
23.6102326470598 -0.477043141164891
23.625527435908 -0.504550340869178
23.6408222247563 -0.531554593820901
23.6561170136045 -0.55802898159344
23.6714118024528 -0.583947113941305
23.686706591301 -0.609283155106515
23.7020013801492 -0.634011849572236
23.7172961689975 -0.658108547238035
23.7325909578457 -0.681549227991636
23.747885746694 -0.704310525652674
23.7631805355422 -0.726369751264641
23.7784753243905 -0.74770491571171
23.7937701132387 -0.768294751637971
23.8090649020869 -0.788118734647193
23.8243596909352 -0.807157103761985
23.8396544797834 -0.825390881121975
23.8549492686317 -0.842801890901349
23.8702440574799 -0.859372777426911
23.8855388463281 -0.875087022478592
23.9008336351764 -0.889928961755182
23.9161284240246 -0.903883800488824
23.9314232128729 -0.916937628192789
23.9467180017211 -0.929077432527731
23.9620127905693 -0.940291112272676
23.9773075794176 -0.950567489387782
23.9926023682658 -0.959896320156857
24.0078971571141 -0.968268305398507
24.0231919459623 -0.975675099735773
24.0384867348106 -0.982109319914981
24.0537815236588 -0.987564552165523
24.069076312507 -0.992035358593258
24.0843711013553 -0.995517282601106
24.0996658902035 -0.998006853331493
24.1149606790518 -0.999501589126174
24.1302554679 -1
24.1355336758307 -0.999501589126173
24.1408118837613 -0.998006853331494
24.146090091692 -0.995517282601106
24.1513682996226 -0.992035358593257
24.1566465075533 -0.987564552165524
24.1619247154839 -0.982109319914979
24.1672029234146 -0.975675099735775
24.1724811313452 -0.968268305398507
24.1777593392759 -0.959896320156855
24.1830375472065 -0.950567489387785
24.1883157551372 -0.940291112272675
24.1935939630678 -0.929077432527727
24.1988721709985 -0.91693762819279
24.2041503789291 -0.903883800488822
24.2094285868598 -0.889928961755184
24.2147067947905 -0.875087022478594
24.2199850027211 -0.859372777426909
24.2252632106518 -0.842801890901354
24.2305414185824 -0.825390881121975
24.2358196265131 -0.80715710376198
24.2410978344437 -0.788118734647195
24.2463760423744 -0.768294751637968
24.251654250305 -0.747704915711715
24.2569324582357 -0.726369751264641
24.2622106661663 -0.704310525652668
24.267488874097 -0.681549227991639
24.2727670820276 -0.658108547238037
24.2780452899583 -0.634011849572232
24.2833234978889 -0.60928315510652
24.2886017058196 -0.583947113941304
24.2938799137502 -0.558028981593448
24.2991581216809 -0.531554593820903
24.3044363296116 -0.504550340869172
24.3097145375422 -0.477043141164896
24.3149927454729 -0.44906041448292
24.3202709534035 -0.420630054613777
24.3255491613342 -0.391780401558498
24.3308273692648 -0.362540213278622
24.3361055771955 -0.332938637029771
24.3413837851261 -0.303005180306875
24.3466619930568 -0.272769681430598
24.3519402009874 -0.242262279803791
24.3572184089181 -0.211513385867819
24.3624966168487 -0.180553650788895
24.3677748247794 -0.149413935904266
24.3730530327101 -0.118125281958906
24.3783312406407 -0.0867188781635408
24.3836094485714 -0.0552260311045115
24.388887656502 -0.0236781335366192
24.3941658644327 0.00789336690970443
24.3994440723633 0.039456999076252
24.404722280294 0.0709812996480229
24.4100004882246 0.102434844516607
24.4152786961553 0.133786280104481
24.4205569040859 0.165004354618809
24.4258351120166 0.196057949203974
24.4311133199472 0.226916108961594
24.4363915278779 0.257548073806888
24.4416697358085 0.287923309131165
24.4469479437392 0.318011536239244
24.4522261516698 0.347782762531976
24.4575043596005 0.377207311403577
24.4627825675312 0.406255851823797
24.4680607754618 0.434899427575789
24.4733389833925 0.463109486120351
24.4786171913231 0.490857907057585
24.4838953992538 0.518117030158076
24.4891736071844 0.544859682935076
24.4944518151151 0.571059207730689
24.4997300230457 0.596689488288857
24.5050082309764 0.621724975788502
24.510286438907 0.646140714311206
24.5155646468377 0.669912365717857
24.5208428547683 0.693016233909324
24.526121062699 0.715429288447369
24.5313992706296 0.737129187511782
24.5366774785603 0.75809430017124
24.541955686491 0.77830372794553
24.5472338944216 0.797737325637524
24.5525121023523 0.816375721414396
24.5577903102829 0.834200336117919
24.5630685182136 0.8511934017845
24.5683467261442 0.867337979356713
24.5736249340749 0.882617975568549
24.5789031420055 0.89701815898746
24.5841813499362 0.910524175197462
24.5894595578668 0.923122561107864
24.5947377657975 0.934800758373596
24.6000159737281 0.945547125913668
24.6052941816588 0.955350951515198
24.6105723895894 0.964202462511611
24.6158505975201 0.972092835524258
24.6211288054508 0.979014205257713
24.6264070133814 0.98495967234011
24.6316852213121 0.989923310200558
24.6369634292427 0.993900170976887
24.6422416371734 0.996886290447793
24.647519845104 0.998878691984444
24.6527980530347 0.999875389517657
24.6580762609653 0.999875389517657
24.663354468896 0.998878691984444
24.6686326768266 0.996886290447793
24.6739108847573 0.993900170976887
24.6791890926879 0.989923310200558
24.6844673006186 0.98495967234011
24.6897455085492 0.979014205257713
24.6950237164799 0.972092835524258
24.7003019244106 0.964202462511611
24.7055801323412 0.955350951515198
24.7108583402719 0.945547125913668
24.7161365482025 0.934800758373596
24.7214147561332 0.923122561107864
24.7266929640638 0.910524175197462
24.7319711719945 0.89701815898746
24.7372493799251 0.882617975568549
24.7425275878558 0.867337979356713
24.7478057957864 0.851193401784489
24.7530840037171 0.834200336117919
24.7583622116477 0.816375721414396
24.7636404195784 0.797737325637524
24.768918627509 0.77830372794553
24.7741968354397 0.758094300171241
24.7794750433704 0.737129187511783
24.784753251301 0.71542928844737
24.7900314592317 0.693016233909324
24.7953096671623 0.669912365717858
24.800587875093 0.646140714311206
24.8058660830236 0.621724975788502
24.8111442909543 0.596689488288856
24.8164224988849 0.571059207730689
24.8217007068156 0.544859682935076
24.8269789147462 0.518117030158076
24.8322571226769 0.490857907057585
24.8375353306075 0.463109486120351
24.8428135385382 0.434899427575789
24.8480917464688 0.406255851823797
24.8533699543995 0.377207311403577
24.8586481623302 0.347782762531976
24.8639263702608 0.318011536239245
24.8692045781915 0.287923309131165
24.8744827861221 0.257548073806888
24.8797609940528 0.226916108961594
24.8850392019834 0.196057949203975
24.8903174099141 0.165004354618809
24.8955956178447 0.13378628010448
24.9008738257754 0.102434844516608
24.906152033706 0.0709812996480224
24.9114302416367 0.0394569990762527
24.9167084495673 0.0078933669097049
24.921986657498 -0.0236781335366185
24.9272648654286 -0.055226031104511
24.9325430733593 -0.0867188781635399
24.9378212812899 -0.118125281958905
24.9430994892206 -0.149413935904266
24.9483776971513 -0.180553650788894
24.9536559050819 -0.211513385867819
24.9589341130126 -0.242262279803791
24.9642123209432 -0.272769681430598
24.9694905288739 -0.303005180306875
24.9747687368045 -0.332938637029751
24.9800469447352 -0.362540213278621
24.9853251526658 -0.391780401558498
24.9906033605965 -0.420630054613776
24.9958815685271 -0.44906041448292
25.0011597764578 -0.477043141164897
25.0064379843884 -0.504550340869172
25.0117161923191 -0.531554593820904
25.0169944002498 -0.558028981593448
25.0222726081804 -0.583947113941304
25.0275508161111 -0.60928315510652
25.0328290240417 -0.634011849572232
25.0381072319724 -0.658108547238037
25.043385439903 -0.681549227991639
25.0486636478337 -0.704310525652667
25.0539418557643 -0.726369751264641
25.059220063695 -0.747704915711715
25.0644982716256 -0.768294751637968
25.0697764795563 -0.788118734647195
25.0750546874869 -0.80715710376198
25.0803328954176 -0.825390881121975
25.0856111033482 -0.842801890901354
25.0908893112789 -0.859372777426908
25.0961675192095 -0.875087022478594
25.1014457271402 -0.889928961755184
25.1067239350709 -0.903883800488821
25.1120021430015 -0.91693762819279
25.1172803509322 -0.929077432527727
25.1225585588628 -0.940291112272675
25.1278367667935 -0.950567489387785
25.1331149747241 -0.959896320156855
25.1383931826548 -0.968268305398507
25.1436713905854 -0.975675099735775
25.1489495985161 -0.982109319914979
25.1542278064467 -0.987564552165524
25.1595060143774 -0.992035358593256
25.164784222308 -0.995517282601106
25.1700624302387 -0.998006853331494
25.1753406381693 -0.999501589126173
25.1806188461 -1
25.1897614649638 -0.999501589126174
25.1989040838276 -0.998006853331493
25.2080467026915 -0.995517282601106
25.2171893215553 -0.992035358593257
25.2263319404191 -0.987564552165525
25.2354745592829 -0.982109319914981
25.2446171781467 -0.975675099735774
25.2537597970106 -0.968268305398508
25.2629024158744 -0.959896320156857
25.2720450347382 -0.950567489387782
25.281187653602 -0.940291112272674
25.2903302724658 -0.929077432527729
25.2994728913296 -0.916937628192791
25.3086155101935 -0.903883800488826
25.3177581290573 -0.889928961755182
25.3269007479211 -0.875087022478595
25.3360433667849 -0.859372777426912
25.3451859856487 -0.84280189090135
25.3543286045126 -0.825390881121975
25.3634712233764 -0.807157103761983
25.3726138422402 -0.788118734647189
25.381756461104 -0.768294751637974
25.3908990799678 -0.747704915711712
25.4000416988317 -0.726369751264641
25.4091843176955 -0.704310525652673
25.4183269365593 -0.681549227991634
25.4274695554231 -0.658108547238037
25.4366121742869 -0.634011849572236
25.4457547931508 -0.609283155106513
25.4548974120146 -0.583947113941302
25.4640400308784 -0.558028981593444
25.4731826497422 -0.531554593820905
25.482325268606 -0.504550340869179
25.4914678874698 -0.477043141164891
25.5006105063337 -0.44906041448292
25.5097531251975 -0.420630054613783
25.5188957440613 -0.39178040155849
25.5280383629251 -0.36254021327862
25.5371809817889 -0.332938637029767
25.5463236006528 -0.303005180306877
25.5554662195166 -0.272769681430606
25.5646088383804 -0.242262279803785
25.5737514572442 -0.21151338586782
25.582894076108 -0.180553650788901
25.5920366949719 -0.149413935904259
25.6011793138357 -0.118125281958904
25.6103219326995 -0.0867188781635454
25.6194645515633 -0.0552260311045137
25.6286071704271 -0.0236781335366281
25.637749789291 0.00789336690971042
25.6468924081548 0.0394569990762514
25.6560350270186 0.070981299648016
25.6651776458824 0.102434844516615
25.6743202647462 0.133786280104482
25.6834628836101 0.165004354618804
25.6926055024739 0.196057949203984
25.7017481213377 0.226916108961585
25.7108907402015 0.257548073806893
25.7200333590653 0.287923309131164
25.7291759779291 0.318011536239238
25.738318596793 0.347782762531983
25.7474612156568 0.377207311403578
25.7566038345206 0.406255851823792
25.7657464533844 0.434899427575797
25.7748890722482 0.463109486120343
25.7840316911121 0.49085790705759
25.7931743099759 0.518117030158075
25.8023169288397 0.544859682935069
25.8114595477035 0.571059207730694
25.8206021665673 0.596689488288857
25.8297447854312 0.621724975788497
25.838887404295 0.646140714311213
25.8480300231588 0.669912365717859
25.8571726420226 0.693016233909328
25.8663152608864 0.715429288447369
25.8754578797503 0.737129187511777
25.8846004986141 0.758094300171244
25.8937431174779 0.77830372794553
25.9028857363417 0.79773732563752
25.9120283552055 0.816375721414401
25.9211709740693 0.83420033611792
25.9303135929332 0.851193401784498
25.939456211797 0.867337979356712
25.9485988306608 0.882617975568545
25.9577414495246 0.897018158987463
25.9668840683884 0.910524175197462
25.9760266872523 0.923122561107861
25.9851693061161 0.934800758373599
25.9943119249799 0.945547125913668
26.0034545438437 0.955350951515196
26.0125971627075 0.96420246251161
26.0217397815714 0.972092835524256
26.0308824004352 0.979014205257714
26.040025019299 0.98495967234011
26.0491676381628 0.989923310200557
26.0583102570266 0.993900170976888
26.0674528758905 0.996886290447793
26.0765954947543 0.998878691984444
26.0857381136181 0.999875389517657
26.0948807324819 0.999875389517657
26.1040233513457 0.998878691984444
26.1131659702095 0.996886290447793
26.1223085890734 0.993900170976888
26.1314512079372 0.989923310200557
26.140593826801 0.98495967234011
26.1497364456648 0.979014205257714
26.1588790645286 0.972092835524256
26.1680216833925 0.96420246251161
26.1771643022563 0.955350951515196
26.1863069211201 0.945547125913668
26.1954495399839 0.934800758373599
26.2045921588477 0.923122561107861
26.2137347777116 0.910524175197462
26.2228773965754 0.897018158987463
26.2320200154392 0.882617975568545
26.241162634303 0.867337979356712
26.2503052531668 0.851193401784491
26.2594478720307 0.83420033611792
26.2685904908945 0.816375721414401
26.2777331097583 0.79773732563752
26.2868757286221 0.77830372794553
26.2960183474859 0.758094300171245
26.3051609663497 0.737129187511777
26.3143035852136 0.715429288447369
26.3234462040774 0.693016233909328
26.3325888229412 0.669912365717859
26.341731441805 0.646140714311213
26.3508740606688 0.621724975788497
26.3600166795327 0.596689488288857
26.3691592983965 0.571059207730694
26.3783019172603 0.544859682935069
26.3874445361241 0.518117030158075
26.3965871549879 0.49085790705759
26.4057297738518 0.463109486120343
26.4148723927156 0.434899427575798
26.4240150115794 0.406255851823793
26.4331576304432 0.377207311403578
26.442300249307 0.347782762531983
26.4514428681709 0.318011536239238
26.4605854870347 0.287923309131165
26.4697281058985 0.257548073806893
26.4788707247623 0.226916108961585
26.4880133436261 0.196057949203984
26.4971559624899 0.165004354618804
26.5062985813538 0.133786280104482
26.5154412002176 0.102434844516615
26.5245838190814 0.0709812996480162
26.5337264379452 0.0394569990762518
26.542869056809 0.00789336690971022
26.5520116756729 -0.0236781335366274
26.5611542945367 -0.0552260311045137
26.5702969134005 -0.0867188781635576
26.5794395322643 -0.118125281958904
26.5885821511281 -0.149413935904258
26.597724769992 -0.180553650788901
26.6068673888558 -0.211513385867819
26.6160100077196 -0.242262279803785
26.6251526265834 -0.272769681430606
26.6342952454472 -0.303005180306877
26.6434378643111 -0.332938637029755
26.6525804831749 -0.362540213278621
26.6617231020387 -0.39178040155849
26.6708657209025 -0.420630054613783
26.6800083397663 -0.44906041448292
26.6891509586302 -0.47704314116489
26.698293577494 -0.504550340869179
26.7074361963578 -0.531554593820905
26.7165788152216 -0.558028981593444
26.7257214340854 -0.583947113941312
26.7348640529492 -0.609283155106513
26.7440066718131 -0.634011849572237
26.7531492906769 -0.658108547238036
26.7622919095407 -0.681549227991634
26.7714345284045 -0.704310525652673
26.7805771472683 -0.726369751264641
26.7897197661322 -0.747704915711712
26.798862384996 -0.768294751637975
26.8080050038598 -0.788118734647189
26.8171476227236 -0.807157103761983
26.8262902415874 -0.825390881121975
26.8354328604513 -0.84280189090135
26.8445754793151 -0.859372777426912
26.8537180981789 -0.875087022478595
26.8628607170427 -0.889928961755182
26.8720033359065 -0.903883800488825
26.8811459547704 -0.916937628192791
26.8902885736342 -0.929077432527729
26.899431192498 -0.940291112272674
26.9085738113618 -0.950567489387782
26.9177164302256 -0.959896320156857
26.9268590490894 -0.968268305398508
26.9360016679533 -0.975675099735774
26.9451442868171 -0.982109319914981
26.9542869056809 -0.987564552165525
26.9634295245447 -0.992035358593257
26.9725721434085 -0.995517282601106
26.9817147622724 -0.998006853331493
26.9908573811362 -0.999501589126174
27 -1
