0 -1
0.0193999977582915 -0.999501589126174
0.0387999955165829 -0.998006853331493
0.0581999932748744 -0.995517282601106
0.0775999910331658 -0.992035358593258
0.0969999887914573 -0.987564552165524
0.116399986549749 -0.98210931991498
0.13579998430804 -0.975675099735774
0.155199982066332 -0.968268305398507
0.174599979824623 -0.959896320156857
0.193999977582915 -0.950567489387783
0.213399975341206 -0.940291112272676
0.232799973099497 -0.929077432527731
0.252199970857789 -0.916937628192789
0.27159996861608 -0.903883800488824
0.290999966374372 -0.88992896175518
0.310399964132663 -0.875087022478594
0.329799961890955 -0.859372777426912
0.349199959649246 -0.842801890901351
0.368599957407538 -0.825390881121976
0.387999955165829 -0.807157103761985
0.407399952924121 -0.788118734647192
0.426799950682412 -0.768294751637971
0.446199948440704 -0.747704915711709
0.465599946198995 -0.726369751264639
0.484999943957286 -0.704310525652672
0.504399941715578 -0.681549227991634
0.523799939473869 -0.658108547238038
0.543199937232161 -0.634011849572239
0.562599934990452 -0.609283155106517
0.581999932748744 -0.583947113941306
0.601399930507035 -0.55802898159344
0.620799928265327 -0.531554593820901
0.640199926023618 -0.504550340869177
0.65959992378191 -0.47704314116489
0.678999921540201 -0.44906041448292
0.698399919298493 -0.420630054613784
0.717799917056784 -0.391780401558493
0.737199914815076 -0.362540213278624
0.756599912573367 -0.332938637029761
0.775999910331658 -0.303005180306873
0.79539990808995 -0.272769681430603
0.814799905848241 -0.242262279803783
0.834199903606533 -0.211513385867819
0.853599901364824 -0.180553650788902
0.872999899123116 -0.149413935904261
0.892399896881407 -0.118125281958908
0.911799894639699 -0.0867188781635507
0.93119989239799 -0.0552260311045082
0.950599890156281 -0.0236781335366241
0.969999887914573 0.00789336690971331
0.989399885672864 0.0394569990762525
1.00879988343116 0.0709812996480158
1.02819988118945 0.102434844516613
1.04759987894774 0.133786280104479
1.06699987670603 0.165004354618799
1.08639987446432 0.196057949203978
1.10579987222261 0.22691610896159
1.1251998699809 0.257548073806896
1.1445998677392 0.287923309131166
1.16399986549749 0.318011536239238
1.18339986325578 0.347782762531982
1.20279986101407 0.377207311403576
1.22219985877236 0.406255851823789
1.24159985653065 0.434899427575793
1.26099985428894 0.463109486120347
1.28039985204724 0.490857907057594
1.29979984980553 0.518117030158078
1.31919984756382 0.54485968293507
1.33859984532211 0.571059207730695
1.3579998430804 0.596689488288855
1.37739984083869 0.621724975788495
1.39679983859699 0.64614071431121
1.41619983635528 0.669912365717855
1.43559983411357 0.693016233909332
1.45499983187186 0.715429288447371
1.47439982963015 0.737129187511779
1.49379982738844 0.758094300171245
1.51319982514673 0.77830372794553
1.53259982290503 0.797737325637519
1.55199982066332 0.816375721414399
1.57139981842161 0.834200336117917
1.5907998161799 0.851193401784495
1.61019981393819 0.867337979356715
1.62959981169648 0.882617975568547
1.64899980945477 0.897018158987464
1.66839980721307 0.910524175197462
1.68779980497136 0.923122561107861
1.70719980272965 0.934800758373598
1.72659980048794 0.945547125913667
1.74599979824623 0.955350951515195
1.76539979600452 0.964202462511612
1.78479979376281 0.972092835524257
1.80419979152111 0.979014205257714
1.8235997892794 0.984959672340111
1.84299978703769 0.989923310200557
1.86239978479598 0.993900170976888
1.88179978255427 0.996886290447793
1.90119978031256 0.998878691984444
1.92059977807085 0.999875389517657
1.93999977582915 0.999875389517657
1.95939977358744 0.998878691984444
1.97879977134573 0.996886290447793
1.99819976910402 0.993900170976888
2.01759976686231 0.989923310200557
2.0369997646206 0.984959672340111
2.05639976237889 0.979014205257715
2.07579976013719 0.972092835524257
2.09519975789548 0.964202462511612
2.11459975565377 0.955350951515195
2.13399975341206 0.945547125913667
2.15339975117035 0.934800758373598
2.17279974892864 0.923122561107861
2.19219974668693 0.910524175197462
2.21159974444523 0.897018158987463
2.23099974220352 0.882617975568547
2.25039973996181 0.867337979356715
2.2697997377201 0.851193401784494
2.28919973547839 0.834200336117918
2.30859973323668 0.816375721414399
2.32799973099497 0.79773732563752
2.34739972875327 0.77830372794553
2.36679972651156 0.758094300171246
2.38619972426985 0.737129187511779
2.40559972202814 0.715429288447371
2.42499971978643 0.693016233909332
2.44439971754472 0.669912365717855
2.46379971530302 0.646140714311209
2.48319971306131 0.621724975788495
2.5025997108196 0.596689488288856
2.52199970857789 0.571059207730696
2.54139970633618 0.54485968293507
2.56079970409447 0.518117030158078
2.58019970185276 0.490857907057593
2.59959969961106 0.463109486120348
2.61899969736935 0.434899427575793
2.63839969512764 0.40625585182379
2.65779969288593 0.377207311403576
2.67719969064422 0.347782762531982
2.69659968840251 0.318011536239238
2.7159996861608 0.287923309131167
2.7353996839191 0.257548073806898
2.75479968167739 0.22691610896159
2.77419967943568 0.196057949203978
2.79359967719397 0.165004354618799
2.81299967495226 0.133786280104479
2.83239967271055 0.102434844516613
2.85179967046884 0.0709812996480162
2.87119966822714 0.0394569990762527
2.89059966598543 0.00789336690971378
2.90999966374372 -0.0236781335366239
2.92939966150201 -0.0552260311045084
2.9487996592603 -0.0867188781635514
2.96819965701859 -0.118125281958908
2.98759965477688 -0.14941393590426
3.00699965253518 -0.180553650788902
3.02639965029347 -0.211513385867818
3.04579964805176 -0.242262279803783
3.06519964581005 -0.272769681430602
3.08459964356834 -0.303005180306872
3.10399964132663 -0.332938637029761
3.12339963908493 -0.362540213278625
3.14279963684322 -0.391780401558493
3.16219963460151 -0.420630054613785
3.1815996323598 -0.44906041448292
3.20099963011809 -0.477043141164889
3.22039962787638 -0.504550340869177
3.23979962563467 -0.531554593820901
3.25919962339296 -0.55802898159344
3.27859962115126 -0.583947113941305
3.29799961890955 -0.609283155106517
3.31739961666784 -0.634011849572238
3.33679961442613 -0.658108547238037
3.35619961218442 -0.681549227991634
3.37559960994271 -0.704310525652672
3.394999607701 -0.726369751264639
3.4143996054593 -0.747704915711709
3.43379960321759 -0.768294751637971
3.45319960097588 -0.788118734647192
3.47259959873417 -0.807157103761986
3.49199959649246 -0.825390881121976
3.51139959425075 -0.84280189090135
3.53079959200905 -0.859372777426912
3.55019958976734 -0.875087022478594
3.56959958752563 -0.88992896175518
3.58899958528392 -0.903883800488824
3.60839958304221 -0.916937628192789
3.6277995808005 -0.92907743252773
3.64719957855879 -0.940291112272676
3.66659957631709 -0.950567489387783
3.68599957407538 -0.959896320156857
3.70539957183367 -0.968268305398507
3.72479956959196 -0.975675099735774
3.74419956735025 -0.98210931991498
3.76359956510854 -0.987564552165524
3.78299956286683 -0.992035358593258
3.80239956062513 -0.995517282601106
3.82179955838342 -0.998006853331493
3.84119955614171 -0.999501589126174
3.8605995539 -1
3.87922268451508 -0.999501589126174
3.89784581513015 -0.998006853331493
3.91646894574523 -0.995517282601106
3.9350920763603 -0.992035358593258
3.95371520697538 -0.987564552165524
3.97233833759045 -0.98210931991498
3.99096146820553 -0.975675099735774
4.0095845988206 -0.968268305398507
4.02820772943568 -0.959896320156857
4.04683086005075 -0.950567489387783
4.06545399066583 -0.940291112272676
4.08407712128091 -0.92907743252773
4.10270025189598 -0.916937628192789
4.12132338251106 -0.903883800488824
4.13994651312613 -0.88992896175518
4.15856964374121 -0.875087022478594
4.17719277435628 -0.859372777426912
4.19581590497136 -0.842801890901351
4.21443903558643 -0.825390881121977
4.23306216620151 -0.807157103761985
4.25168529681658 -0.788118734647193
4.27030842743166 -0.768294751637971
4.28893155804673 -0.747704915711709
4.30755468866181 -0.72636975126464
4.32617781927688 -0.704310525652672
4.34480094989196 -0.681549227991634
4.36342408050704 -0.658108547238037
4.38204721112211 -0.634011849572239
4.40067034173719 -0.609283155106517
4.41929347235226 -0.583947113941306
4.43791660296734 -0.55802898159344
4.45653973358241 -0.531554593820902
4.47516286419749 -0.504550340869177
4.49378599481256 -0.47704314116489
4.51240912542764 -0.449060414482921
4.53103225604271 -0.420630054613784
4.54965538665779 -0.391780401558494
4.56827851727286 -0.362540213278624
4.58690164788794 -0.332938637029761
4.60552477850302 -0.303005180306872
4.62414790911809 -0.272769681430603
4.64277103973317 -0.242262279803784
4.66139417034824 -0.211513385867819
4.68001730096332 -0.180553650788902
4.69864043157839 -0.149413935904262
4.71726356219347 -0.118125281958908
4.73588669280854 -0.0867188781635512
4.75450982342362 -0.0552260311045075
4.77313295403869 -0.0236781335366241
4.79175608465377 0.00789336690971264
4.81037921526884 0.0394569990762531
4.82900234588392 0.0709812996480158
4.847625476499 0.102434844516614
4.86624860711407 0.133786280104479
4.88487173772915 0.165004354618799
4.90349486834422 0.196057949203978
4.9221179989593 0.22691610896159
4.94074112957437 0.257548073806896
4.95936426018945 0.287923309131167
4.97798739080452 0.318011536239238
4.9966105214196 0.347782762531983
5.01523365203467 0.377207311403576
5.03385678264975 0.40625585182379
5.05247991326482 0.434899427575793
5.0711030438799 0.463109486120348
5.08972617449498 0.490857907057594
5.10834930511005 0.518117030158078
5.12697243572513 0.54485968293507
5.1455955663402 0.571059207730695
5.16421869695528 0.596689488288856
5.18284182757035 0.621724975788495
5.20146495818543 0.64614071431121
5.2200880888005 0.669912365717855
5.23871121941558 0.693016233909331
5.25733435003065 0.715429288447371
5.27595748064573 0.73712918751178
5.2945806112608 0.758094300171246
5.31320374187588 0.77830372794553
5.33182687249096 0.79773732563752
5.35045000310603 0.816375721414399
5.36907313372111 0.834200336117917
5.38769626433618 0.851193401784495
5.40631939495126 0.867337979356715
5.42494252556633 0.882617975568546
5.44356565618141 0.897018158987464
5.46218878679648 0.910524175197462
5.48081191741156 0.923122561107861
5.49943504802663 0.934800758373598
5.51805817864171 0.945547125913667
5.53668130925678 0.955350951515195
5.55530443987186 0.964202462511612
5.57392757048694 0.972092835524257
5.59255070110201 0.979014205257714
5.61117383171709 0.98495967234011
5.62979696233216 0.989923310200557
5.64842009294724 0.993900170976888
5.66704322356231 0.996886290447793
5.68566635417739 0.998878691984444
5.70428948479246 0.999875389517657
5.72291261540754 0.999875389517657
5.74153574602261 0.998878691984444
5.76015887663769 0.996886290447793
5.77878200725276 0.993900170976888
5.79740513786784 0.989923310200557
5.81602826848292 0.984959672340111
5.83465139909799 0.979014205257715
5.85327452971307 0.972092835524257
5.87189766032814 0.964202462511612
5.89052079094322 0.955350951515195
5.90914392155829 0.945547125913667
5.92776705217337 0.934800758373598
5.94639018278844 0.923122561107861
5.96501331340352 0.910524175197462
5.98363644401859 0.897018158987464
6.00225957463367 0.882617975568547
6.02088270524874 0.867337979356715
6.03950583586382 0.851193401784495
6.0581289664789 0.834200336117917
6.07675209709397 0.816375721414399
6.09537522770905 0.79773732563752
6.11399835832412 0.77830372794553
6.1326214889392 0.758094300171245
6.15124461955427 0.73712918751178
6.16986775016935 0.715429288447371
6.18849088078442 0.693016233909331
6.2071140113995 0.669912365717855
6.22573714201457 0.64614071431121
6.24436027262965 0.621724975788495
6.26298340324472 0.596689488288856
6.2816065338598 0.571059207730695
6.30022966447487 0.54485968293507
6.31885279508995 0.518117030158078
6.33747592570503 0.490857907057595
6.3560990563201 0.463109486120348
6.37472218693518 0.434899427575792
6.39334531755025 0.40625585182379
6.41196844816533 0.377207311403576
6.4305915787804 0.347782762531982
6.44921470939548 0.318011536239238
6.46783784001055 0.287923309131167
6.48646097062563 0.257548073806896
6.5050841012407 0.22691610896159
6.52370723185578 0.196057949203978
6.54233036247085 0.1650043546188
6.56095349308593 0.133786280104479
6.579576623701 0.102434844516614
6.59819975431608 0.0709812996480162
6.61682288493116 0.0394569990762536
6.63544601554623 0.00789336690971289
6.65406914616131 -0.0236781335366239
6.67269227677638 -0.0552260311045093
6.69131540739146 -0.0867188781635505
6.70993853800653 -0.118125281958907
6.72856166862161 -0.149413935904261
6.74718479923668 -0.1805536507889
6.76580792985176 -0.211513385867818
6.78443106046683 -0.242262279803784
6.80305419108191 -0.272769681430603
6.82167732169698 -0.303005180306872
6.84030045231206 -0.332938637029762
6.85892358292714 -0.362540213278624
6.87754671354221 -0.391780401558493
6.89616984415729 -0.420630054613784
6.91479297477236 -0.449060414482921
6.93341610538744 -0.47704314116489
6.95203923600251 -0.504550340869177
6.97066236661759 -0.531554593820902
6.98928549723266 -0.558028981593439
7.00790862784774 -0.583947113941305
7.02653175846281 -0.609283155106517
7.04515488907789 -0.634011849572238
7.06377801969296 -0.658108547238037
7.08240115030804 -0.681549227991634
7.10102428092312 -0.704310525652672
7.11964741153819 -0.72636975126464
7.13827054215327 -0.747704915711709
7.15689367276834 -0.768294751637971
7.17551680338342 -0.788118734647191
7.19413993399849 -0.807157103761985
7.21276306461357 -0.825390881121976
7.23138619522864 -0.84280189090135
7.25000932584372 -0.859372777426911
7.26863245645879 -0.875087022478594
7.28725558707387 -0.88992896175518
7.30587871768895 -0.903883800488824
7.32450184830402 -0.916937628192789
7.3431249789191 -0.929077432527731
7.36174810953417 -0.940291112272676
7.38037124014925 -0.950567489387783
7.39899437076432 -0.959896320156857
7.4176175013794 -0.968268305398507
7.43624063199447 -0.975675099735774
7.45486376260955 -0.982109319914981
7.47348689322462 -0.987564552165524
7.4921100238397 -0.992035358593258
7.51073315445477 -0.995517282601106
7.52935628506985 -0.998006853331493
7.54797941568493 -0.999501589126174
7.5666025463 -1
7.57585070168292 -0.999501589126174
7.58509885706583 -0.998006853331493
7.59434701244874 -0.995517282601106
7.60359516783166 -0.992035358593258
7.61284332321457 -0.987564552165524
7.62209147859749 -0.98210931991498
7.6313396339804 -0.975675099735774
7.64058778936332 -0.968268305398507
7.64983594474623 -0.959896320156857
7.65908410012915 -0.950567489387783
7.66833225551206 -0.940291112272675
7.67758041089498 -0.92907743252773
7.68682856627789 -0.916937628192789
7.6960767216608 -0.903883800488823
7.70532487704372 -0.889928961755181
7.71457303242663 -0.875087022478594
7.72382118780955 -0.859372777426911
7.73306934319246 -0.842801890901351
7.74231749857538 -0.825390881121976
7.75156565395829 -0.807157103761985
7.76081380934121 -0.788118734647193
7.77006196472412 -0.76829475163797
7.77931012010704 -0.74770491571171
7.78855827548995 -0.72636975126464
7.79780643087286 -0.704310525652672
7.80705458625578 -0.681549227991635
7.81630274163869 -0.658108547238038
7.82555089702161 -0.634011849572238
7.83479905240452 -0.609283155106517
7.84404720778744 -0.583947113941306
7.85329536317035 -0.558028981593441
7.86254351855327 -0.531554593820902
7.87179167393618 -0.504550340869177
7.8810398293191 -0.477043141164891
7.89028798470201 -0.44906041448292
7.89953614008493 -0.420630054613783
7.90878429546784 -0.391780401558494
7.91803245085075 -0.362540213278624
7.92728060623367 -0.33293863702976
7.93652876161658 -0.303005180306873
7.9457769169995 -0.272769681430603
7.95502507238241 -0.242262279803784
7.96427322776533 -0.211513385867819
7.97352138314824 -0.180553650788901
7.98276953853116 -0.149413935904262
7.99201769391407 -0.118125281958908
8.00126584929698 -0.0867188781635525
8.0105140046799 -0.0552260311045086
8.01976216006281 -0.0236781335366234
8.02901031544573 0.00789336690971486
8.03825847082864 0.0394569990762556
8.04750662621156 0.070981299648014
8.05675478159447 0.102434844516612
8.06600293697739 0.133786280104479
8.0752510923603 0.1650043546188
8.08449924774322 0.19605794920398
8.09374740312613 0.226916108961588
8.10299555850905 0.257548073806895
8.11224371389196 0.287923309131166
8.12149186927487 0.318011536239239
8.13074002465779 0.347782762531984
8.1399881800407 0.377207311403573
8.14923633542362 0.406255851823787
8.15848449080653 0.434899427575793
8.16773264618945 0.463109486120348
8.17698080157236 0.490857907057595
8.18622895695528 0.51811703015808
8.19547711233819 0.544859682935069
8.20472526772111 0.571059207730694
8.21397342310402 0.596689488288856
8.22322157848694 0.621724975788496
8.23246973386985 0.646140714311211
8.24171788925276 0.669912365717853
8.25096604463568 0.69301623390933
8.26021420001859 0.715429288447371
8.26946235540151 0.737129187511779
8.27871051078442 0.758094300171247
8.28795866616734 0.778303727945532
8.29720682155025 0.797737325637518
8.30645497693317 0.816375721414399
8.31570313231608 0.834200336117918
8.324951287699 0.851193401784495
8.33419944308191 0.867337979356716
8.34344759846482 0.882617975568546
8.35269575384774 0.897018158987463
8.36194390923065 0.910524175197462
8.37119206461357 0.923122561107861
8.38044021999648 0.934800758373599
8.3896883753794 0.945547125913666
8.39893653076231 0.955350951515194
8.40818468614523 0.964202462511612
8.41743284152814 0.972092835524257
8.42668099691106 0.979014205257715
8.43592915229397 0.98495967234011
8.44517730767688 0.989923310200557
8.4544254630598 0.993900170976888
8.46367361844271 0.996886290447793
8.47292177382563 0.998878691984444
8.48216992920854 0.999875389517657
8.49141808459146 0.999875389517657
8.50066623997437 0.998878691984444
8.50991439535729 0.996886290447793
8.5191625507402 0.993900170976888
8.52841070612312 0.989923310200557
8.53765886150603 0.984959672340111
8.54690701688894 0.979014205257715
8.55615517227186 0.972092835524257
8.56540332765477 0.964202462511612
8.57465148303769 0.955350951515194
8.5838996384206 0.945547125913666
8.59314779380352 0.934800758373599
8.60239594918643 0.923122561107861
8.61164410456935 0.910524175197462
8.62089225995226 0.897018158987463
8.63014041533518 0.882617975568546
8.63938857071809 0.867337979356716
8.648636726101 0.851193401784495
8.65788488148392 0.834200336117918
8.66713303686683 0.816375721414399
8.67638119224975 0.797737325637518
8.68562934763266 0.778303727945532
8.69487750301558 0.758094300171247
8.70412565839849 0.73712918751178
8.71337381378141 0.715429288447371
8.72262196916432 0.693016233909331
8.73187012454724 0.669912365717858
8.74111827993015 0.646140714311211
8.75036643531307 0.621724975788496
8.75961459069598 0.596689488288856
8.7688627460789 0.571059207730694
8.77811090146181 0.544859682935069
8.78735905684472 0.518117030158075
8.79660721222764 0.490857907057595
8.80585536761055 0.463109486120348
8.81510352299347 0.434899427575792
8.82435167837638 0.406255851823787
8.8335998337593 0.377207311403573
8.84284798914221 0.347782762531985
8.85209614452513 0.31801153623924
8.86134429990804 0.287923309131167
8.87059245529096 0.257548073806896
8.87984061067387 0.226916108961588
8.88908876605678 0.196057949203981
8.8983369214397 0.165004354618801
8.90758507682261 0.133786280104479
8.91683323220553 0.102434844516612
8.92608138758844 0.0709812996480145
8.93532954297136 0.0394569990762563
8.94457769835427 0.00789336690971467
8.95382585373719 -0.0236781335366239
8.9630740091201 -0.0552260311045084
8.97232216450302 -0.0867188781635523
8.98157031988593 -0.118125281958911
8.99081847526884 -0.149413935904259
9.00006663065176 -0.1805536507889
9.00931478603467 -0.211513385867818
9.01856294141759 -0.242262279803784
9.0278110968005 -0.272769681430605
9.03705925218342 -0.303005180306876
9.04630740756633 -0.332938637029759
9.05555556294925 -0.362540213278624
9.06480371833216 -0.391780401558494
9.07405187371508 -0.420630054613786
9.08330002909799 -0.449060414482922
9.0925481844809 -0.477043141164888
9.10179633986382 -0.504550340869177
9.11104449524673 -0.531554593820902
9.12029265062965 -0.558028981593441
9.12954080601256 -0.583947113941308
9.13878896139548 -0.609283155106515
9.14803711677839 -0.634011849572238
9.15728527216131 -0.658108547238037
9.16653342754422 -0.681549227991634
9.17578158292714 -0.704310525652673
9.18502973831005 -0.726369751264638
9.19427789369296 -0.747704915711707
9.20352604907588 -0.76829475163797
9.21277420445879 -0.788118734647193
9.22202235984171 -0.807157103761986
9.23127051522462 -0.825390881121978
9.24051867060754 -0.842801890901349
9.24976682599045 -0.859372777426911
9.25901498137337 -0.875087022478594
9.26826313675628 -0.889928961755181
9.2775112921392 -0.903883800488825
9.28675944752211 -0.916937628192787
9.29600760290502 -0.92907743252773
9.30525575828794 -0.940291112272676
9.31450391367085 -0.950567489387783
9.32375206905377 -0.959896320156858
9.33300022443668 -0.968268305398508
9.3422483798196 -0.975675099735773
9.35149653520251 -0.98210931991498
9.36074469058543 -0.987564552165524
9.36999284596834 -0.992035358593258
9.37924100135126 -0.995517282601106
9.38848915673417 -0.998006853331493
9.39773731211709 -0.999501589126174
9.4069854675 -1
9.42541201671005 -0.999501589126174
9.4438385659201 -0.998006853331493
9.46226511513015 -0.995517282601106
9.4806916643402 -0.992035358593258
9.49911821355025 -0.987564552165524
9.5175447627603 -0.98210931991498
9.53597131197035 -0.975675099735774
9.5543978611804 -0.968268305398508
9.57282441039045 -0.959896320156857
9.5912509596005 -0.950567489387783
9.60967750881055 -0.940291112272676
9.6281040580206 -0.92907743252773
9.64653060723065 -0.916937628192789
9.6649571564407 -0.903883800488824
9.68338370565075 -0.88992896175518
9.7018102548608 -0.875087022478593
9.72023680407085 -0.859372777426912
9.7386633532809 -0.842801890901351
9.75708990249096 -0.825390881121976
9.77551645170101 -0.807157103761985
9.79394300091105 -0.788118734647193
9.81236955012111 -0.76829475163797
9.83079609933116 -0.747704915711709
9.84922264854121 -0.72636975126464
9.86764919775126 -0.704310525652671
9.88607574696131 -0.681549227991633
9.90450229617136 -0.658108547238038
9.92292884538141 -0.63401184957224
9.94135539459146 -0.609283155106516
9.95978194380151 -0.583947113941306
9.97820849301156 -0.558028981593441
9.99663504222161 -0.531554593820901
10.0150615914317 -0.504550340869177
10.0334881406417 -0.47704314116489
10.0519146898518 -0.449060414482919
10.0703412390618 -0.420630054613784
10.0887677882719 -0.391780401558494
10.1071943374819 -0.362540213278626
10.125620886692 -0.33293863702976
10.144047435902 -0.303005180306873
10.1624739851121 -0.272769681430604
10.1809005343221 -0.242262279803782
10.1993270835322 -0.211513385867819
10.2177536327422 -0.180553650788903
10.2361801819523 -0.14941393590426
10.2546067311623 -0.118125281958908
10.2730332803724 -0.0867188781635514
10.2914598295824 -0.0552260311045095
10.3098863787925 -0.0236781335366232
10.3283129280025 0.00789336690971287
10.3467394772126 0.0394569990762516
10.3651660264226 0.0709812996480169
10.3835925756327 0.102434844516613
10.4020191248427 0.133786280104478
10.4204456740528 0.1650043546188
10.4388722232628 0.196057949203978
10.4572987724729 0.22691610896159
10.4757253216829 0.257548073806898
10.494151870893 0.287923309131167
10.512578420103 0.318011536239238
10.5310049693131 0.347782762531981
10.5494315185231 0.377207311403577
10.5678580677332 0.406255851823789
10.5862846169432 0.434899427575792
10.6047111661533 0.463109486120349
10.6231377153633 0.490857907057594
10.6415642645734 0.518117030158077
10.6599908137834 0.544859682935069
10.6784173629935 0.571059207730695
10.6968439122035 0.596689488288855
10.7152704614136 0.621724975788494
10.7336970106236 0.646140714311211
10.7521235598337 0.669912365717855
10.7705501090437 0.693016233909331
10.7889766582538 0.715429288447372
10.8074032074638 0.737129187511779
10.8258297566739 0.758094300171245
10.8442563058839 0.778303727945531
10.862682855094 0.79773732563752
10.881109404304 0.816375721414399
10.8995359535141 0.834200336117919
10.9179625027241 0.851193401784495
10.9363890519342 0.867337979356715
10.9548156011442 0.882617975568546
10.9732421503543 0.897018158987464
10.9916686995643 0.910524175197462
11.0100952487744 0.92312256110786
11.0285217979844 0.934800758373598
11.0469483471945 0.945547125913667
11.0653748964045 0.955350951515195
11.0838014456146 0.964202462511611
11.1022279948246 0.972092835524257
11.1206545440347 0.979014205257714
11.1390810932447 0.98495967234011
11.1575076424548 0.989923310200557
11.1759341916648 0.993900170976888
11.1943607408749 0.996886290447793
11.2127872900849 0.998878691984444
11.231213839295 0.999875389517657
11.249640388505 0.999875389517657
11.2680669377151 0.998878691984444
11.2864934869251 0.996886290447793
11.3049200361352 0.993900170976888
11.3233465853452 0.989923310200557
11.3417731345553 0.98495967234011
11.3601996837653 0.979014205257715
11.3786262329754 0.972092835524257
11.3970527821854 0.964202462511612
11.4154793313955 0.955350951515195
11.4339058806055 0.945547125913667
11.4523324298156 0.934800758373599
11.4707589790256 0.92312256110786
11.4891855282357 0.910524175197462
11.5076120774457 0.897018158987464
11.5260386266558 0.882617975568547
11.5444651758658 0.867337979356715
11.5628917250759 0.851193401784495
11.5813182742859 0.834200336117917
11.599744823496 0.816375721414399
11.618171372706 0.79773732563752
11.6365979219161 0.778303727945529
11.6550244711261 0.758094300171245
11.6734510203362 0.737129187511779
11.6918775695462 0.71542928844737
11.7103041187563 0.693016233909331
11.7287306679663 0.669912365717855
11.7471572171764 0.646140714311211
11.7655837663864 0.621724975788497
11.7840103155965 0.596689488288856
11.8024368648065 0.571059207730695
11.8208634140166 0.544859682935072
11.8392899632266 0.518117030158077
11.8577165124367 0.490857907057595
11.8761430616467 0.463109486120349
11.8945696108568 0.434899427575792
11.9129961600668 0.406255851823789
11.9314227092769 0.377207311403577
11.9498492584869 0.347782762531982
11.968275807697 0.318011536239238
11.986702356907 0.287923309131167
12.0051289061171 0.257548073806896
12.0235554553271 0.22691610896159
12.0419820045372 0.196057949203978
12.0604085537472 0.165004354618797
12.0788351029573 0.133786280104478
12.0972616521673 0.102434844516613
12.1156882013774 0.0709812996480171
12.1341147505874 0.0394569990762554
12.1525412997975 0.00789336690971378
12.1709678490075 -0.023678133536623
12.1893943982176 -0.0552260311045066
12.2078209474276 -0.0867188781635514
12.2262474966377 -0.118125281958907
12.2446740458477 -0.14941393590426
12.2631005950578 -0.180553650788903
12.2815271442678 -0.211513385867819
12.2999536934779 -0.242262279803782
12.3183802426879 -0.272769681430604
12.336806791898 -0.303005180306873
12.355233341108 -0.33293863702976
12.3736598903181 -0.362540213278626
12.3920864395281 -0.391780401558493
12.4105129887382 -0.420630054613784
12.4289395379482 -0.449060414482921
12.4473660871583 -0.47704314116489
12.4657926363683 -0.504550340869177
12.4842191855784 -0.531554593820903
12.5026457347884 -0.558028981593441
12.5210722839985 -0.583947113941307
12.5394988332085 -0.609283155106516
12.5579253824186 -0.634011849572238
12.5763519316286 -0.658108547238038
12.5947784808387 -0.681549227991633
12.6132050300487 -0.704310525652671
12.6316315792588 -0.726369751264639
12.6500581284688 -0.747704915711709
12.6684846776789 -0.76829475163797
12.6869112268889 -0.788118734647193
12.705337776099 -0.807157103761985
12.723764325309 -0.825390881121976
12.7421908745191 -0.842801890901351
12.7606174237291 -0.859372777426912
12.7790439729392 -0.875087022478593
12.7974705221492 -0.889928961755181
12.8158970713593 -0.903883800488824
12.8343236205693 -0.916937628192789
12.8527501697794 -0.92907743252773
12.8711767189894 -0.940291112272675
12.8896032681995 -0.950567489387783
12.9080298174095 -0.959896320156858
12.9264563666196 -0.968268305398508
12.9448829158296 -0.975675099735774
12.9633094650397 -0.98210931991498
12.9817360142497 -0.987564552165524
13.0001625634598 -0.992035358593258
13.0185891126698 -0.995517282601106
13.0370156618799 -0.998006853331493
13.05544221109 -0.999501589126174
13.0738687603 -1
13.0794240516261 -0.999501589126174
13.0849793429523 -0.998006853331493
13.0905346342784 -0.995517282601106
13.0960899256045 -0.992035358593258
13.1016452169307 -0.987564552165524
13.1072005082568 -0.982109319914981
13.1127557995829 -0.975675099735775
13.118311090909 -0.968268305398506
13.1238663822352 -0.959896320156856
13.1294216735613 -0.950567489387782
13.1349769648874 -0.940291112272675
13.1405322562136 -0.92907743252773
13.1460875475397 -0.916937628192788
13.1516428388658 -0.903883800488823
13.157198130192 -0.889928961755181
13.1627534215181 -0.875087022478594
13.1683087128442 -0.859372777426913
13.1738640041704 -0.842801890901352
13.1794192954965 -0.825390881121978
13.1849745868226 -0.807157103761988
13.1905298781487 -0.788118734647195
13.1960851694749 -0.768294751637968
13.201640460801 -0.747704915711706
13.2071957521271 -0.726369751264637
13.2127510434533 -0.70431052565267
13.2183063347794 -0.681549227991633
13.2238616261055 -0.658108547238037
13.2294169174317 -0.634011849572238
13.2349722087578 -0.609283155106517
13.2405275000839 -0.583947113941307
13.24608279141 -0.558028981593442
13.2516380827362 -0.531554593820904
13.2571933740623 -0.50455034086918
13.2627486653884 -0.477043141164893
13.2683039567146 -0.449060414482924
13.2738592480407 -0.42063005461378
13.2794145393668 -0.391780401558489
13.284969830693 -0.362540213278621
13.2905251220191 -0.332938637029759
13.2960804133452 -0.303005180306871
13.3016357046714 -0.272769681430602
13.3071909959975 -0.242262279803783
13.3127462873236 -0.211513385867819
13.3183015786497 -0.180553650788903
13.3238568699759 -0.149413935904262
13.329412161302 -0.11812528195891
13.3349674526281 -0.086718878163554
13.3405227439543 -0.0552260311045122
13.3460780352804 -0.0236781335366285
13.3516333266065 0.00789336690971797
13.3571886179327 0.0394569990762567
13.3627439092588 0.0709812996480193
13.3682992005849 0.102434844516616
13.3738544919111 0.133786280104481
13.3794097832372 0.165004354618801
13.3849650745633 0.196057949203979
13.3905203658894 0.22691610896159
13.3960756572156 0.257548073806896
13.4016309485417 0.287923309131165
13.4071862398678 0.318011536239236
13.412741531194 0.347782762531979
13.4182968225201 0.377207311403573
13.4238521138462 0.406255851823785
13.4294074051724 0.434899427575798
13.4349626964985 0.463109486120352
13.4405179878246 0.490857907057597
13.4460732791508 0.51811703015808
13.4516285704769 0.544859682935072
13.457183861803 0.571059207730696
13.4627391531291 0.596689488288856
13.4682944444553 0.621724975788495
13.4738497357814 0.646140714311209
13.4794050271075 0.669912365717854
13.4849603184337 0.69301623390933
13.4905156097598 0.715429288447369
13.4960709010859 0.737129187511776
13.5016261924121 0.758094300171243
13.5071814837382 0.778303727945527
13.5127367750643 0.797737325637522
13.5182920663905 0.816375721414401
13.5238473577166 0.834200336117919
13.5294026490427 0.851193401784496
13.5349579403688 0.867337979356715
13.540513231695 0.882617975568547
13.5460685230211 0.897018158987464
13.5516238143472 0.910524175197462
13.5571791056734 0.92312256110786
13.5627343969995 0.934800758373598
13.5682896883256 0.945547125913666
13.5738449796518 0.955350951515194
13.5794002709779 0.964202462511611
13.584955562304 0.972092835524256
13.5905108536301 0.979014205257713
13.5960661449563 0.984959672340111
13.6016214362824 0.989923310200558
13.6071767276085 0.993900170976888
13.6127320189347 0.996886290447793
13.6182873102608 0.998878691984444
13.6238426015869 0.999875389517657
13.6293978929131 0.999875389517657
13.6349531842392 0.998878691984444
13.6405084755653 0.996886290447793
13.6460637668915 0.993900170976888
13.6516190582176 0.989923310200558
13.6571743495437 0.984959672340111
13.6627296408698 0.979014205257716
13.668284932196 0.972092835524256
13.6738402235221 0.964202462511611
13.6793955148482 0.955350951515194
13.6849508061744 0.945547125913666
13.6905060975005 0.934800758373598
13.6960613888266 0.92312256110786
13.7016166801528 0.910524175197462
13.7071719714789 0.897018158987464
13.712727262805 0.882617975568547
13.7182825541312 0.867337979356716
13.7238378454573 0.851193401784496
13.7293931367834 0.834200336117919
13.7349484281095 0.816375721414401
13.7405037194357 0.797737325637522
13.7460590107618 0.778303727945534
13.7516143020879 0.758094300171243
13.7571695934141 0.737129187511777
13.7627248847402 0.71542928844737
13.7682801760663 0.69301623390933
13.7738354673925 0.669912365717854
13.7793907587186 0.646140714311209
13.7849460500447 0.621724975788495
13.7905013413709 0.596689488288856
13.796056632697 0.571059207730696
13.8016119240231 0.544859682935073
13.8071672153492 0.51811703015808
13.8127225066754 0.490857907057597
13.8182777980015 0.463109486120352
13.8238330893276 0.434899427575788
13.8293883806538 0.406255851823786
13.8349436719799 0.377207311403573
13.840498963306 0.34778276253198
13.8460542546322 0.318011536239236
13.8516095459583 0.287923309131166
13.8571648372844 0.257548073806896
13.8627201286106 0.22691610896159
13.8682754199367 0.196057949203978
13.8738307112628 0.165004354618801
13.8793860025889 0.133786280104481
13.8849412939151 0.102434844516616
13.8904965852412 0.0709812996480198
13.8960518765673 0.0394569990762572
13.9016071678935 0.00789336690971822
13.9071624592196 -0.0236781335366283
13.9127177505457 -0.0552260311045119
13.9182730418719 -0.086718878163554
13.923828333198 -0.11812528195891
13.9293836245241 -0.149413935904262
13.9349389158503 -0.180553650788903
13.9404942071764 -0.211513385867819
13.9460494985025 -0.242262279803782
13.9516047898286 -0.272769681430601
13.9571600811548 -0.303005180306871
13.9627153724809 -0.332938637029759
13.968270663807 -0.362540213278621
13.9738259551332 -0.39178040155849
13.9793812464593 -0.420630054613789
13.9849365377854 -0.449060414482924
13.9904918291116 -0.477043141164893
13.9960471204377 -0.50455034086918
14.0016024117638 -0.531554593820904
14.00715770309 -0.558028981593442
14.0127129944161 -0.583947113941307
14.0182682857422 -0.609283155106517
14.0238235770683 -0.634011849572238
14.0293788683945 -0.658108547238037
14.0349341597206 -0.681549227991632
14.0404894510467 -0.70431052565267
14.0460447423729 -0.726369751264637
14.051600033699 -0.747704915711706
14.0571553250251 -0.768294751637967
14.0627106163513 -0.788118734647195
14.0682659076774 -0.807157103761987
14.0738211990035 -0.825390881121978
14.0793764903296 -0.842801890901352
14.0849317816558 -0.859372777426913
14.0904870729819 -0.875087022478594
14.096042364308 -0.889928961755181
14.1015976556342 -0.903883800488824
14.1071529469603 -0.916937628192788
14.1127082382864 -0.92907743252773
14.1182635296126 -0.940291112272675
14.1238188209387 -0.950567489387782
14.1293741122648 -0.959896320156856
14.134929403591 -0.968268305398506
14.1404846949171 -0.975675099735772
14.1460399862432 -0.982109319914981
14.1515952775693 -0.987564552165524
14.1571505688955 -0.992035358593258
14.1627058602216 -0.995517282601106
14.1682611515477 -0.998006853331493
14.1738164428739 -0.999501589126174
14.1793717342 -1
14.1975593985337 -0.999501589126174
14.2157470628673 -0.998006853331493
14.233934727201 -0.995517282601106
14.2521223915347 -0.992035358593258
14.2703100558683 -0.987564552165524
14.288497720202 -0.982109319914981
14.3066853845357 -0.975675099735774
14.3248730488693 -0.968268305398508
14.343060713203 -0.959896320156857
14.3612483775367 -0.950567489387782
14.3794360418704 -0.940291112272675
14.397623706204 -0.92907743252773
14.4158113705377 -0.916937628192788
14.4339990348714 -0.903883800488823
14.452186699205 -0.88992896175518
14.4703743635387 -0.875087022478593
14.4885620278724 -0.859372777426912
14.506749692206 -0.842801890901351
14.5249373565397 -0.825390881121976
14.5431250208734 -0.807157103761986
14.561312685207 -0.788118734647193
14.5795003495407 -0.768294751637971
14.5976880138744 -0.74770491571171
14.615875678208 -0.72636975126464
14.6340633425417 -0.704310525652673
14.6522510068754 -0.681549227991635
14.670438671209 -0.658108547238039
14.6886263355427 -0.634011849572238
14.7068139998764 -0.609283155106516
14.7250016642101 -0.583947113941305
14.7431893285437 -0.558028981593439
14.7613769928774 -0.531554593820901
14.7795646572111 -0.504550340869177
14.7977523215447 -0.477043141164889
14.8159399858784 -0.44906041448292
14.8341276502121 -0.420630054613784
14.8523153145457 -0.391780401558493
14.8705029788794 -0.362540213278625
14.8886906432131 -0.332938637029762
14.9068783075467 -0.303005180306873
14.9250659718804 -0.272769681430604
14.9432536362141 -0.242262279803784
14.9614413005477 -0.21151338586782
14.9796289648814 -0.180553650788903
14.9978166292151 -0.149413935904259
15.0160042935487 -0.118125281958907
15.0341919578824 -0.0867188781635496
15.0523796222161 -0.0552260311045071
15.0705672865497 -0.0236781335366232
15.0887549508834 0.00789336690971398
15.1069426152171 0.0394569990762531
15.1251302795508 0.0709812996480162
15.1433179438844 0.102434844516614
15.1615056082181 0.133786280104479
15.1796932725518 0.165004354618799
15.1978809368854 0.196057949203978
15.2160686012191 0.22691610896159
15.2342562655528 0.257548073806896
15.2524439298864 0.287923309131166
15.2706315942201 0.318011536239237
15.2888192585538 0.347782762531981
15.3070069228874 0.377207311403578
15.3251945872211 0.406255851823788
15.3433822515548 0.434899427575794
15.3615699158884 0.463109486120349
15.3797575802221 0.490857907057595
15.3979452445558 0.518117030158078
15.4161329088894 0.544859682935071
15.4343205732231 0.571059207730695
15.4525082375568 0.596689488288856
15.4706959018905 0.621724975788495
15.4888835662241 0.64614071431121
15.5070712305578 0.669912365717855
15.5252588948915 0.693016233909331
15.5434465592251 0.715429288447371
15.5616342235588 0.737129187511779
15.5798218878925 0.758094300171245
15.5980095522261 0.778303727945529
15.6161972165598 0.797737325637519
15.6343848808935 0.816375721414398
15.6525725452271 0.834200336117917
15.6707602095608 0.851193401784495
15.6889478738945 0.867337979356715
15.7071355382281 0.882617975568547
15.7253232025618 0.897018158987464
15.7435108668955 0.910524175197463
15.7616985312291 0.923122561107861
15.7798861955628 0.934800758373598
15.7980738598965 0.945547125913667
15.8162615242302 0.955350951515195
15.8344491885638 0.964202462511612
15.8526368528975 0.972092835524257
15.8708245172312 0.979014205257714
15.8890121815648 0.98495967234011
15.9071998458985 0.989923310200557
15.9253875102322 0.993900170976888
15.9435751745658 0.996886290447793
15.9617628388995 0.998878691984444
15.9799505032332 0.999875389517657
15.9981381675668 0.999875389517657
16.0163258319005 0.998878691984444
16.0345134962342 0.996886290447793
16.0527011605678 0.993900170976888
16.0708888249015 0.989923310200557
16.0890764892352 0.984959672340111
16.1072641535688 0.979014205257714
16.1254518179025 0.972092835524258
16.1436394822362 0.964202462511612
16.1618271465698 0.955350951515196
16.1800148109035 0.945547125913667
16.1982024752372 0.934800758373597
16.2163901395709 0.923122561107861
16.2345778039045 0.910524175197461
16.2527654682382 0.897018158987464
16.2709531325719 0.882617975568546
16.2891407969055 0.867337979356716
16.3073284612392 0.851193401784494
16.3255161255729 0.834200336117919
16.3437037899065 0.816375721414398
16.3618914542402 0.797737325637521
16.3800791185739 0.77830372794553
16.3982667829075 0.758094300171247
16.4164544472412 0.737129187511779
16.4346421115749 0.715429288447373
16.4528297759085 0.693016233909332
16.4710174402422 0.669912365717853
16.4892051045759 0.64614071431121
16.5073927689095 0.621724975788498
16.5255804332432 0.596689488288856
16.5437680975769 0.571059207730693
16.5619557619106 0.544859682935071
16.5801434262442 0.518117030158076
16.5983310905779 0.490857907057595
16.6165187549116 0.463109486120346
16.6347064192452 0.434899427575795
16.6528940835789 0.406255851823788
16.6710817479126 0.377207311403578
16.6892694122462 0.347782762531982
16.7074570765799 0.31801153623924
16.7256447409136 0.287923309131166
16.7438324052472 0.257548073806899
16.7620200695809 0.22691610896159
16.7802077339146 0.196057949203982
16.7983953982482 0.165004354618799
16.8165830625819 0.133786280104477
16.8347707269156 0.102434844516614
16.8529583912492 0.0709812996480189
16.8711460555829 0.0394569990762536
16.8893337199166 0.00789336690971111
16.9075213842503 -0.023678133536623
16.9257090485839 -0.0552260311045101
16.9438967129176 -0.0867188781635496
16.9620843772513 -0.118125281958909
16.9802720415849 -0.14941393590426
16.9984597059186 -0.180553650788903
17.0166473702523 -0.211513385867817
17.0348350345859 -0.242262279803785
17.0530226989196 -0.272769681430601
17.0712103632533 -0.303005180306873
17.0893980275869 -0.332938637029759
17.1075856919206 -0.362540213278625
17.1257733562543 -0.39178040155849
17.1439610205879 -0.420630054613784
17.1621486849216 -0.449060414482923
17.1803363492553 -0.47704314116489
17.1985240135889 -0.504550340869179
17.2167116779226 -0.531554593820901
17.2348993422563 -0.558028981593442
17.25308700659 -0.583947113941305
17.2712746709236 -0.609283155106517
17.2894623352573 -0.634011849572238
17.307649999591 -0.658108547238039
17.3258376639246 -0.681549227991632
17.3440253282583 -0.704310525652673
17.362212992592 -0.726369751264638
17.3804006569256 -0.747704915711709
17.3985883212593 -0.768294751637969
17.416775985593 -0.788118734647193
17.4349636499266 -0.807157103761984
17.4531513142603 -0.825390881121976
17.471338978594 -0.842801890901348
17.4895266429276 -0.859372777426912
17.5077143072613 -0.875087022478595
17.525901971595 -0.88992896175518
17.5440896359286 -0.903883800488822
17.5622773002623 -0.916937628192788
17.580464964596 -0.929077432527731
17.5986526289296 -0.940291112272675
17.6168402932633 -0.950567489387783
17.635027957597 -0.959896320156857
17.6532156219307 -0.968268305398508
17.6714032862643 -0.975675099735773
17.689590950598 -0.982109319914981
17.7077786149317 -0.987564552165523
17.7259662792653 -0.992035358593258
17.744153943599 -0.995517282601106
17.7623416079327 -0.998006853331493
17.7805292722663 -0.999501589126174
17.7987169366 -1
17.8143170025462 -0.999501589126174
17.8299170684925 -0.998006853331493
17.8455171344387 -0.995517282601106
17.8611172003849 -0.992035358593258
17.8767172663312 -0.987564552165523
17.8923173322774 -0.98210931991498
17.9079173982236 -0.975675099735773
17.9235174641699 -0.968268305398507
17.9391175301161 -0.959896320156857
17.9547175960623 -0.950567489387783
17.9703176620085 -0.940291112272676
17.9859177279548 -0.929077432527731
18.001517793901 -0.91693762819279
18.0171178598472 -0.903883800488822
18.0327179257935 -0.889928961755179
18.0483179917397 -0.875087022478593
18.0639180576859 -0.859372777426912
18.0795181236322 -0.842801890901351
18.0951181895784 -0.825390881121977
18.1107182555246 -0.807157103761986
18.1263183214709 -0.788118734647194
18.1419183874171 -0.768294751637973
18.1575184533633 -0.747704915711707
18.1731185193096 -0.726369751264638
18.1887185852558 -0.704310525652671
18.204318651202 -0.681549227991633
18.2199187171482 -0.658108547238038
18.2355187830945 -0.634011849572239
18.2511188490407 -0.609283155106518
18.2667189149869 -0.583947113941308
18.2823189809332 -0.558028981593443
18.2979190468794 -0.531554593820899
18.3135191128256 -0.504550340869175
18.3291191787719 -0.477043141164888
18.3447192447181 -0.449060414482919
18.3603193106643 -0.420630054613784
18.3759193766106 -0.391780401558494
18.3915194425568 -0.362540213278626
18.407119508503 -0.332938637029763
18.4227195744492 -0.303005180306876
18.4383196403955 -0.2727696814306
18.4539197063417 -0.242262279803781
18.4695197722879 -0.211513385867817
18.4851198382342 -0.180553650788901
18.5007199041804 -0.149413935904261
18.5163199701266 -0.118125281958909
18.5319200360729 -0.0867188781635523
18.5475201020191 -0.0552260311045104
18.5631201679653 -0.023678133536627
18.5787202339116 0.00789336690971664
18.5943202998578 0.0394569990762554
18.609920365804 0.0709812996480178
18.6255204317503 0.102434844516614
18.6411204976965 0.133786280104479
18.6567205636427 0.165004354618799
18.6723206295889 0.196057949203976
18.6879206955352 0.226916108961588
18.7035207614814 0.257548073806894
18.7191208274276 0.28792330913117
18.7347208933739 0.318011536239241
18.7503209593201 0.347782762531984
18.7659210252663 0.377207311403577
18.7815210912126 0.406255851823789
18.7971211571588 0.434899427575793
18.812721223105 0.463109486120347
18.8283212890513 0.490857907057592
18.8439213549975 0.518117030158075
18.8595214209437 0.544859682935073
18.87512148689 0.571059207730697
18.8907215528362 0.596689488288857
18.9063216187824 0.621724975788496
18.9219216847286 0.64614071431121
18.9375217506749 0.669912365717855
18.9531218166211 0.693016233909331
18.9687218825673 0.71542928844737
18.9843219485136 0.737129187511777
18.9999220144598 0.758094300171243
19.015522080406 0.778303727945531
19.0311221463523 0.79773732563752
19.0467222122985 0.8163757214144
19.0623222782447 0.834200336117918
19.077922344191 0.851193401784494
19.0935224101372 0.867337979356714
19.1091224760834 0.882617975568546
19.1247225420296 0.897018158987462
19.1403226079759 0.910524175197464
19.1559226739221 0.923122561107862
19.1715227398683 0.934800758373599
19.1871228058146 0.945547125913667
19.2027228717608 0.955350951515195
19.218322937707 0.964202462511612
19.2339230036533 0.972092835524257
19.2495230695995 0.979014205257714
19.2651231355457 0.98495967234011
19.280723201492 0.989923310200557
19.2963232674382 0.993900170976888
19.3119233333844 0.996886290447793
19.3275233993307 0.998878691984444
19.3431234652769 0.999875389517657
19.3587235312231 0.999875389517657
19.3743235971693 0.998878691984444
19.3899236631156 0.996886290447793
19.4055237290618 0.993900170976888
19.421123795008 0.989923310200557
19.4367238609543 0.98495967234011
19.4523239269005 0.979014205257714
19.4679239928467 0.972092835524257
19.483524058793 0.964202462511612
19.4991241247392 0.955350951515195
19.5147241906854 0.945547125913668
19.5303242566317 0.934800758373599
19.5459243225779 0.923122561107862
19.5615243885241 0.910524175197464
19.5771244544704 0.897018158987462
19.5927245204166 0.882617975568546
19.6083245863628 0.867337979356714
19.623924652309 0.851193401784495
19.6395247182553 0.834200336117918
19.6551247842015 0.8163757214144
19.6707248501477 0.79773732563752
19.686324916094 0.778303727945532
19.7019249820402 0.758094300171248
19.7175250479864 0.737129187511777
19.7331251139327 0.71542928844737
19.7487251798789 0.693016233909331
19.7643252458251 0.669912365717855
19.7799253117714 0.64614071431121
19.7955253777176 0.621724975788496
19.8111254436638 0.596689488288858
19.82672550961 0.571059207730697
19.8423255755563 0.544859682935073
19.8579256415025 0.518117030158082
19.8735257074487 0.490857907057592
19.889125773395 0.463109486120347
19.9047258393412 0.434899427575793
19.9203259052874 0.40625585182379
19.9359259712337 0.377207311403577
19.9515260371799 0.347782762531984
19.9671261031261 0.318011536239241
19.9827261690724 0.287923309131163
19.9983262350186 0.257548073806894
20.0139263009648 0.226916108961588
20.0295263669111 0.196057949203977
20.0451264328573 0.165004354618799
20.0607264988035 0.13378628010448
20.0763265647497 0.102434844516614
20.091926630696 0.070981299648018
20.1075266966422 0.0394569990762554
20.1231267625884 0.00789336690971733
20.1387268285347 -0.0236781335366265
20.1543268944809 -0.0552260311045101
20.1699269604271 -0.0867188781635523
20.1855270263734 -0.118125281958908
20.2011270923196 -0.14941393590426
20.2167271582658 -0.180553650788901
20.2323272242121 -0.211513385867818
20.2479272901583 -0.24226227980378
20.2635273561045 -0.272769681430607
20.2791274220508 -0.303005180306876
20.294727487997 -0.332938637029763
20.3103275539432 -0.362540213278626
20.3259276198894 -0.391780401558494
20.3415276858357 -0.420630054613784
20.3571277517819 -0.449060414482919
20.3727278177281 -0.477043141164888
20.3883278836744 -0.504550340869175
20.4039279496206 -0.531554593820899
20.4195280155668 -0.558028981593437
20.4351280815131 -0.583947113941307
20.4507281474593 -0.609283155106517
20.4663282134055 -0.634011849572239
20.4819282793518 -0.658108547238037
20.497528345298 -0.681549227991633
20.5131284112442 -0.704310525652671
20.5287284771905 -0.726369751264638
20.5443285431367 -0.747704915711712
20.5599286090829 -0.768294751637972
20.5755286750291 -0.788118734647194
20.5911287409754 -0.807157103761986
20.6067288069216 -0.825390881121977
20.6223288728678 -0.84280189090135
20.6379289388141 -0.859372777426911
20.6535290047603 -0.875087022478593
20.6691290707065 -0.889928961755179
20.6847291366528 -0.903883800488822
20.700329202599 -0.91693762819279
20.7159292685452 -0.929077432527731
20.7315293344915 -0.940291112272676
20.7471294004377 -0.950567489387783
20.7627294663839 -0.959896320156857
20.7783295323302 -0.968268305398507
20.7939295982764 -0.975675099735773
20.8095296642226 -0.98210931991498
20.8251297301688 -0.987564552165523
20.8407297961151 -0.992035358593258
20.8563298620613 -0.995517282601106
20.8719299280075 -0.998006853331493
20.8875299939538 -0.999501589126174
20.9031300599 -1
20.9087167471116 -0.999501589126174
20.9143034343231 -0.998006853331493
20.9198901215347 -0.995517282601106
20.9254768087462 -0.992035358593257
20.9310634959578 -0.987564552165523
20.9366501831693 -0.982109319914979
20.9422368703809 -0.975675099735772
20.9478235575925 -0.968268305398505
20.953410244804 -0.959896320156854
20.9589969320156 -0.950567489387786
20.9645836192271 -0.940291112272679
20.9701703064387 -0.929077432527733
20.9757569936503 -0.916937628192792
20.9813436808618 -0.903883800488826
20.9869303680734 -0.889928961755183
20.9925170552849 -0.875087022478596
20.9981037424965 -0.859372777426914
21.003690429708 -0.842801890901352
21.0092771169196 -0.825390881121977
21.0148638041312 -0.807157103761985
21.0204504913427 -0.788118734647192
21.0260371785543 -0.768294751637969
21.0316238657658 -0.747704915711707
21.0372105529774 -0.726369751264637
21.0427972401889 -0.704310525652668
21.0483839274005 -0.681549227991629
21.0539706146121 -0.658108547238032
21.0595573018236 -0.634011849572232
21.0651439890352 -0.609283155106509
21.0707306762467 -0.583947113941314
21.0763173634583 -0.558028981593448
21.0819040506698 -0.531554593820908
21.0874907378814 -0.504550340869183
21.093077425093 -0.477043141164895
21.0986641123045 -0.449060414482924
21.1042507995161 -0.420630054613788
21.1098374867276 -0.391780401558496
21.1154241739392 -0.362540213278626
21.1210108611508 -0.332938637029762
21.1265975483623 -0.303005180306873
21.1321842355739 -0.272769681430602
21.1377709227854 -0.242262279803781
21.143357609997 -0.211513385867816
21.1489442972085 -0.180553650788898
21.1545309844201 -0.149413935904256
21.1601176716317 -0.118125281958902
21.1657043588432 -0.0867188781635437
21.1712910460548 -0.0552260311045
21.1768777332663 -0.0236781335366148
21.1824644204779 0.00789336690970332
21.1880511076894 0.0394569990762438
21.193637794901 0.0709812996480082
21.1992244821126 0.102434844516606
21.2048111693241 0.133786280104473
21.2103978565357 0.165004354618795
21.2159845437472 0.196057949203974
21.2215712309588 0.226916108961587
21.2271579181704 0.257548073806895
21.2327446053819 0.287923309131166
21.2383312925935 0.318011536239239
21.243917979805 0.347782762531984
21.2495046670166 0.377207311403578
21.2550913542281 0.406255851823792
21.2606780414397 0.434899427575797
21.2662647286513 0.463109486120352
21.2718514158628 0.490857907057599
21.2774381030744 0.518117030158084
21.2830247902859 0.544859682935077
21.2886114774975 0.571059207730702
21.294198164709 0.596689488288848
21.2997848519206 0.621724975788488
21.3053715391322 0.646140714311204
21.3109582263437 0.66991236571785
21.3165449135553 0.693016233909328
21.3221316007668 0.715429288447368
21.3277182879784 0.737129187511776
21.33330497519 0.758094300171244
21.3388916624015 0.778303727945529
21.3444783496131 0.797737325637519
21.3500650368246 0.816375721414399
21.3556517240362 0.834200336117918
21.3612384112477 0.851193401784496
21.3668250984593 0.867337979356716
21.3724117856709 0.882617975568549
21.3779984728824 0.897018158987466
21.383585160094 0.910524175197465
21.3891718473055 0.923122561107864
21.3947585345171 0.934800758373601
21.4003452217286 0.94554712591367
21.4059319089402 0.955350951515198
21.4115185961518 0.964202462511609
21.4171052833633 0.972092835524255
21.4226919705749 0.979014205257713
21.4282786577864 0.98495967234011
21.433865344998 0.989923310200557
21.4394520322095 0.993900170976887
21.4450387194211 0.996886290447793
21.4506254066327 0.998878691984444
21.4562120938442 0.999875389517657
21.4617987810558 0.999875389517657
21.4673854682673 0.998878691984444
21.4729721554789 0.996886290447793
21.4785588426905 0.993900170976887
21.484145529902 0.989923310200556
21.4897322171136 0.98495967234011
21.4953189043251 0.979014205257713
21.5009055915367 0.972092835524255
21.5064922787482 0.96420246251161
21.5120789659598 0.955350951515192
21.5176656531714 0.94554712591367
21.5232523403829 0.934800758373601
21.5288390275945 0.923122561107864
21.534425714806 0.910524175197465
21.5400124020176 0.897018158987466
21.5455990892291 0.882617975568549
21.5511857764407 0.867337979356716
21.5567724636523 0.851193401784496
21.5623591508638 0.834200336117918
21.5679458380754 0.816375721414399
21.5735325252869 0.797737325637519
21.5791192124985 0.778303727945529
21.5847058997101 0.758094300171244
21.5902925869216 0.737129187511777
21.5958792741332 0.715429288447368
21.6014659613447 0.693016233909328
21.6070526485563 0.669912365717851
21.6126393357678 0.646140714311204
21.6182260229794 0.621724975788488
21.623812710191 0.596689488288864
21.6293993974025 0.571059207730702
21.6349860846141 0.544859682935077
21.6405727718256 0.518117030158084
21.6461594590372 0.4908579070576
21.6517461462487 0.463109486120353
21.6573328334603 0.434899427575797
21.6629195206719 0.406255851823792
21.6685062078834 0.377207311403578
21.674092895095 0.347782762531984
21.6796795823065 0.318011536239239
21.6852662695181 0.287923309131166
21.6908529567296 0.257548073806895
21.6964396439412 0.226916108961587
21.7020263311528 0.196057949203975
21.7076130183643 0.165004354618795
21.7131997055759 0.133786280104474
21.7187863927874 0.102434844516607
21.724373079999 0.0709812996480083
21.7299597672106 0.0394569990762438
21.7355464544221 0.00789336690970401
21.7411331416337 -0.023678133536615
21.7467198288452 -0.0552260311045004
21.7523065160568 -0.0867188781635434
21.7578932032683 -0.118125281958901
21.7634798904799 -0.149413935904255
21.7690665776915 -0.180553650788898
21.774653264903 -0.211513385867816
21.7802399521146 -0.242262279803781
21.7858266393261 -0.272769681430601
21.7914133265377 -0.303005180306872
21.7970000137492 -0.332938637029762
21.8025867009608 -0.362540213278626
21.8081733881724 -0.391780401558495
21.8137600753839 -0.420630054613788
21.8193467625955 -0.449060414482924
21.824933449807 -0.477043141164894
21.8305201370186 -0.504550340869183
21.8361068242302 -0.531554593820908
21.8416935114417 -0.558028981593448
21.8472801986533 -0.583947113941298
21.8528668858648 -0.60928315510651
21.8584535730764 -0.634011849572233
21.8640402602879 -0.658108547238032
21.8696269474995 -0.681549227991629
21.8752136347111 -0.704310525652668
21.8808003219226 -0.726369751264636
21.8863870091342 -0.747704915711707
21.8919736963457 -0.768294751637969
21.8975603835573 -0.788118734647191
21.9031470707688 -0.807157103761985
21.9087337579804 -0.825390881121977
21.914320445192 -0.842801890901352
21.9199071324035 -0.859372777426913
21.9254938196151 -0.875087022478595
21.9310805068266 -0.889928961755182
21.9366671940382 -0.903883800488826
21.9422538812498 -0.916937628192791
21.9478405684613 -0.929077432527733
21.9534272556729 -0.940291112272679
21.9590139428844 -0.950567489387786
21.964600630096 -0.959896320156855
21.9701873173075 -0.968268305398505
21.9757740045191 -0.975675099735772
21.9813606917307 -0.982109319914979
21.9869473789422 -0.987564552165523
21.9925340661538 -0.992035358593257
21.9981207533653 -0.995517282601106
22.0037074405769 -0.998006853331493
22.0092941277884 -0.999501589126174
22.014880815 -1
22.0328310870905 -0.999501589126174
22.0507813591809 -0.998006853331493
22.0687316312714 -0.995517282601106
22.0866819033618 -0.992035358593258
22.1046321754523 -0.987564552165524
22.1225824475427 -0.98210931991498
22.1405327196332 -0.975675099735773
22.1584829917236 -0.968268305398507
22.1764332638141 -0.959896320156857
22.1943835359045 -0.950567489387783
22.212333807995 -0.940291112272675
22.2302840800854 -0.92907743252773
22.2482343521759 -0.916937628192788
22.2661846242663 -0.903883800488823
22.2841348963568 -0.88992896175518
22.3020851684472 -0.875087022478593
22.3200354405377 -0.859372777426911
22.3379857126281 -0.84280189090135
22.3559359847186 -0.825390881121975
22.373886256809 -0.807157103761984
22.3918365288995 -0.788118734647191
22.40978680099 -0.768294751637969
22.4277370730804 -0.747704915711708
22.4456873451709 -0.726369751264638
22.4636376172613 -0.70431052565267
22.4815878893518 -0.681549227991632
22.4995381614422 -0.658108547238036
22.5174884335327 -0.634011849572237
22.5354387056231 -0.609283155106515
22.5533889777136 -0.583947113941304
22.571339249804 -0.558028981593438
22.5892895218945 -0.531554593820899
22.6072397939849 -0.50455034086918
22.6251900660754 -0.477043141164892
22.6431403381658 -0.449060414482923
22.6610906102563 -0.420630054613787
22.6790408823467 -0.391780401558496
22.6969911544372 -0.362540213278627
22.7149414265276 -0.332938637029764
22.7328916986181 -0.303005180306875
22.7508419707085 -0.272769681430606
22.768792242799 -0.242262279803785
22.7867425148894 -0.211513385867821
22.8046927869799 -0.180553650788904
22.8226430590704 -0.149413935904263
22.8405933311608 -0.11812528195891
22.8585436032513 -0.0867188781635527
22.8764938753417 -0.0552260311045099
22.8944441474322 -0.0236781335366257
22.9123944195226 0.00789336690971176
22.9303446916131 0.0394569990762514
22.9482949637035 0.0709812996480144
22.966245235794 0.102434844516612
22.9841955078844 0.133786280104478
23.0021457799749 0.165004354618798
23.0200960520653 0.196057949203977
23.0380463241558 0.226916108961589
23.0559965962462 0.257548073806896
23.0739468683367 0.287923309131166
23.0918971404271 0.318011536239238
23.1098474125176 0.347782762531982
23.127797684608 0.377207311403575
23.1457479566985 0.406255851823788
23.1636982287889 0.434899427575793
23.1816485008794 0.463109486120348
23.1995987729698 0.490857907057594
23.2175490450603 0.518117030158078
23.2354993171508 0.54485968293507
23.2534495892412 0.571059207730695
23.2713998613317 0.596689488288856
23.2893501334221 0.621724975788495
23.3073004055126 0.64614071431121
23.325250677603 0.669912365717856
23.3432009496935 0.693016233909332
23.3611512217839 0.715429288447372
23.3791014938744 0.73712918751178
23.3970517659648 0.758094300171246
23.4150020380553 0.778303727945531
23.4329523101457 0.79773732563752
23.4509025822362 0.8163757214144
23.4688528543266 0.834200336117918
23.4868031264171 0.851193401784495
23.5047533985075 0.867337979356715
23.522703670598 0.882617975568548
23.5406539426884 0.897018158987464
23.5586042147789 0.910524175197463
23.5765544868693 0.923122561107861
23.5945047589598 0.934800758373599
23.6124550310503 0.945547125913668
23.6304053031407 0.955350951515195
23.6483555752312 0.964202462511612
23.6663058473216 0.972092835524258
23.6842561194121 0.979014205257715
23.7022063915025 0.984959672340111
23.720156663593 0.989923310200558
23.7381069356834 0.993900170976888
23.7560572077739 0.996886290447793
23.7740074798643 0.998878691984444
23.7919577519548 0.999875389517657
23.8099080240452 0.999875389517657
23.8278582961357 0.998878691984444
23.8458085682261 0.996886290447793
23.8637588403166 0.993900170976888
23.881709112407 0.989923310200557
23.8996593844975 0.984959672340111
23.9176096565879 0.979014205257715
23.9355599286784 0.972092835524258
23.9535102007688 0.964202462511612
23.9714604728593 0.955350951515196
23.9894107449497 0.945547125913668
24.0073610170402 0.934800758373599
24.0253112891307 0.923122561107861
24.0432615612211 0.910524175197463
24.0612118333116 0.897018158987464
24.079162105402 0.882617975568548
24.0971123774925 0.867337979356716
24.1150626495829 0.851193401784495
24.1330129216734 0.834200336117918
24.1509631937638 0.8163757214144
24.1689134658543 0.79773732563752
24.1868637379447 0.778303727945531
24.2048140100352 0.758094300171246
24.2227642821256 0.73712918751178
24.2407145542161 0.715429288447372
24.2586648263065 0.693016233909333
24.276615098397 0.669912365717856
24.2945653704874 0.64614071431121
24.3125156425779 0.621724975788495
24.3304659146683 0.596689488288856
24.3484161867588 0.571059207730695
24.3663664588492 0.54485968293507
24.3843167309397 0.518117030158078
24.4022670030302 0.490857907057594
24.4202172751206 0.463109486120348
24.4381675472111 0.434899427575793
24.4561178193015 0.406255851823789
24.474068091392 0.377207311403576
24.4920183634824 0.347782762531982
24.5099686355729 0.318011536239238
24.5279189076633 0.287923309131166
24.5458691797538 0.257548073806896
24.5638194518442 0.22691610896159
24.5817697239347 0.196057949203977
24.5997199960251 0.165004354618799
24.6176702681156 0.133786280104478
24.635620540206 0.102434844516612
24.6535708122965 0.0709812996480153
24.6715210843869 0.0394569990762518
24.6894713564774 0.00789336690971111
24.7074216285678 -0.0236781335366256
24.7253719006583 -0.0552260311045101
24.7433221727487 -0.0867188781635531
24.7612724448392 -0.11812528195891
24.7792227169296 -0.149413935904263
24.7971729890201 -0.180553650788905
24.8151232611106 -0.211513385867821
24.833073533201 -0.242262279803779
24.8510238052915 -0.272769681430606
24.8689740773819 -0.303005180306875
24.8869243494724 -0.332938637029764
24.9048746215628 -0.362540213278627
24.9228248936533 -0.391780401558495
24.9407751657437 -0.420630054613787
24.9587254378342 -0.449060414482917
24.9766757099246 -0.477043141164886
24.9946259820151 -0.504550340869175
25.0125762541055 -0.531554593820899
25.030526526196 -0.558028981593437
25.0484767982864 -0.583947113941304
25.0664270703769 -0.609283155106515
25.0843773424673 -0.634011849572236
25.1023276145578 -0.658108547238035
25.1202778866482 -0.681549227991632
25.1382281587387 -0.70431052565267
25.1561784308291 -0.726369751264638
25.1741287029196 -0.747704915711707
25.19207897501 -0.768294751637969
25.2100292471005 -0.788118734647191
25.227979519191 -0.807157103761984
25.2459297912814 -0.825390881121975
25.2638800633719 -0.842801890901349
25.2818303354623 -0.859372777426911
25.2997806075528 -0.875087022478592
25.3177308796432 -0.889928961755179
25.3356811517337 -0.903883800488823
25.3536314238241 -0.916937628192788
25.3715816959146 -0.92907743252773
25.389531968005 -0.940291112272675
25.4074822400955 -0.950567489387782
25.4254325121859 -0.959896320156857
25.4433827842764 -0.968268305398507
25.4613330563668 -0.975675099735773
25.4792833284573 -0.98210931991498
25.4972336005477 -0.987564552165524
25.5151838726382 -0.992035358593258
25.5331341447286 -0.995517282601106
25.5510844168191 -0.998006853331493
25.5690346889095 -0.999501589126174
25.586984961 -1
25.5940855390854 -0.999501589126174
25.6011861171709 -0.998006853331493
25.6082866952563 -0.995517282601107
25.6153872733417 -0.992035358593258
25.6224878514271 -0.987564552165524
25.6295884295126 -0.98210931991498
25.636689007598 -0.975675099735772
25.6437895856834 -0.968268305398509
25.6508901637688 -0.959896320156858
25.6579907418543 -0.950567489387783
25.6650913199397 -0.940291112272674
25.6721918980251 -0.929077432527728
25.6792924761106 -0.916937628192791
25.686393054196 -0.903883800488825
25.6934936322814 -0.88992896175518
25.7005942103668 -0.875087022478592
25.7076947884523 -0.859372777426909
25.7147953665377 -0.842801890901354
25.7218959446231 -0.825390881121978
25.7289965227085 -0.807157103761985
25.736097100794 -0.78811873464719
25.7431976788794 -0.768294751637966
25.7502982569648 -0.747704915711713
25.7573988350502 -0.726369751264641
25.7644994131357 -0.704310525652672
25.7715999912211 -0.681549227991631
25.7787005693065 -0.658108547238033
25.785801147392 -0.634011849572243
25.7929017254774 -0.609283155106519
25.8000023035628 -0.583947113941306
25.8071028816482 -0.558028981593437
25.8142034597337 -0.531554593820896
25.8213040378191 -0.504550340869182
25.8284046159045 -0.477043141164892
25.8355051939899 -0.44906041448292
25.8426057720754 -0.420630054613781
25.8497063501608 -0.391780401558487
25.8568069282462 -0.36254021327863
25.8639075063317 -0.332938637029764
25.8710080844171 -0.303005180306872
25.8781086625025 -0.2727696814306
25.8852092405879 -0.242262279803776
25.8923098186734 -0.211513385867825
25.8994103967588 -0.180553650788905
25.9065109748442 -0.14941393590426
25.9136115529296 -0.118125281958904
25.9207121310151 -0.0867188781635439
25.9278127091005 -0.0552260311045137
25.9349132871859 -0.0236781335366263
25.9420138652714 0.00789336690971398
25.9491144433568 0.0394569990762567
25.9562150214422 0.0709812996480229
25.9633155995276 0.102434844516608
25.9704161776131 0.133786280104477
25.9775167556985 0.1650043546188
25.9846173337839 0.196057949203982
25.9917179118693 0.226916108961597
25.9988184899548 0.257548073806891
26.0059190680402 0.287923309131164
26.0130196461256 0.318011536239239
26.0201202242111 0.347782762531986
26.0272208022965 0.377207311403583
26.0343213803819 0.406255851823784
26.0414219584673 0.434899427575791
26.0485225365528 0.463109486120348
26.0556231146382 0.490857907057597
26.0627236927236 0.518117030158084
26.069824270809 0.544859682935066
26.0769248488945 0.571059207730693
26.0840254269799 0.596689488288857
26.0911260050653 0.621724975788499
26.0982265831508 0.646140714311215
26.1053271612362 0.669912365717851
26.1124277393216 0.69301623390933
26.119528317407 0.715429288447372
26.1266288954925 0.737129187511782
26.1337294735779 0.75809430017125
26.1408300516633 0.778303727945527
26.1479306297487 0.797737325637518
26.1550312078342 0.8163757214144
26.1621317859196 0.83420033611792
26.169232364005 0.851193401784498
26.1763329420905 0.867337979356712
26.1834335201759 0.882617975568546
26.1905340982613 0.897018158987464
26.1976346763467 0.910524175197464
26.2047352544322 0.923122561107858
26.2118358325176 0.934800758373596
26.218936410603 0.945547125913666
26.2260369886884 0.955350951515195
26.2331375667739 0.964202462511613
26.2402381448593 0.972092835524259
26.2473387229447 0.979014205257713
26.2544393010301 0.98495967234011
26.2615398791156 0.989923310200557
26.268640457201 0.993900170976888
26.2757410352864 0.996886290447794
26.2828416133719 0.998878691984443
26.2899421914573 0.999875389517657
26.2970427695427 0.999875389517657
26.3041433476281 0.998878691984443
26.3112439257136 0.996886290447793
26.318344503799 0.993900170976888
26.3254450818844 0.989923310200557
26.3325456599698 0.98495967234011
26.3396462380553 0.979014205257714
26.3467468161407 0.972092835524259
26.3538473942261 0.964202462511613
26.3609479723116 0.955350951515195
26.368048550397 0.945547125913667
26.3751491284824 0.934800758373597
26.3822497065678 0.923122561107858
26.3893502846533 0.910524175197464
26.3964508627387 0.897018158987464
26.4035514408241 0.882617975568546
26.4106520189095 0.867337979356712
26.417752596995 0.851193401784499
26.4248531750804 0.83420033611792
26.4319537531658 0.8163757214144
26.4390543312513 0.797737325637518
26.4461549093367 0.778303727945527
26.4532554874221 0.75809430017125
26.4603560655075 0.737129187511782
26.467456643593 0.715429288447372
26.4745572216784 0.693016233909331
26.4816577997638 0.669912365717852
26.4887583778492 0.646140714311215
26.4958589559347 0.621724975788499
26.5029595340201 0.596689488288857
26.5100601121055 0.571059207730694
26.517160690191 0.544859682935066
26.5242612682764 0.518117030158084
26.5313618463618 0.490857907057598
26.5384624244472 0.463109486120349
26.5455630025327 0.434899427575791
26.5526635806181 0.406255851823784
26.5597641587035 0.377207311403583
26.5668647367889 0.347782762531987
26.5739653148744 0.318011536239239
26.5810658929598 0.287923309131165
26.5881664710452 0.257548073806891
26.5952670491307 0.226916108961597
26.6023676272161 0.196057949203982
26.6094682053015 0.165004354618801
26.6165687833869 0.133786280104477
26.6236693614724 0.102434844516609
26.6307699395578 0.0709812996480233
26.6378705176432 0.0394569990762572
26.6449710957286 0.00789336690971467
26.6520716738141 -0.0236781335366265
26.6591722518995 -0.0552260311045137
26.6662728299849 -0.0867188781635434
26.6733734080704 -0.118125281958904
26.6804739861558 -0.14941393590426
26.6875745642412 -0.180553650788905
26.6946751423266 -0.211513385867824
26.7017757204121 -0.242262279803776
26.7088762984975 -0.2727696814306
26.7159768765829 -0.303005180306871
26.7230774546683 -0.332938637029764
26.7301780327538 -0.36254021327863
26.7372786108392 -0.391780401558486
26.7443791889246 -0.42063005461378
26.75147976701 -0.44906041448292
26.7585803450955 -0.477043141164892
26.7656809231809 -0.504550340869182
26.7727815012663 -0.531554593820896
26.7798820793518 -0.558028981593437
26.7869826574372 -0.583947113941306
26.7940832355226 -0.609283155106519
26.801183813608 -0.634011849572243
26.8082843916935 -0.658108547238032
26.8153849697789 -0.681549227991631
26.8224855478643 -0.704310525652672
26.8295861259497 -0.726369751264641
26.8366867040352 -0.747704915711713
26.8437872821206 -0.768294751637967
26.850887860206 -0.78811873464719
26.8579884382915 -0.807157103761985
26.8650890163769 -0.825390881121978
26.8721895944623 -0.842801890901354
26.8792901725477 -0.859372777426909
26.8863907506332 -0.875087022478592
26.8934913287186 -0.88992896175518
26.900591906804 -0.903883800488825
26.9076924848894 -0.916937628192791
26.9147930629749 -0.929077432527728
26.9218936410603 -0.940291112272674
26.9289942191457 -0.950567489387783
26.9360947972312 -0.959896320156858
26.9431953753166 -0.968268305398509
26.950295953402 -0.975675099735772
26.9573965314874 -0.98210931991498
26.9644971095729 -0.987564552165524
26.9715976876583 -0.992035358593258
26.9786982657437 -0.995517282601107
26.9857988438291 -0.998006853331493
26.9928994219146 -0.999501589126174
27 -1
