0 -1
0.0158726830864322 -0.999501589126174
0.0317453661728643 -0.998006853331493
0.0476180492592965 -0.995517282601106
0.0634907323457286 -0.992035358593258
0.0793634154321608 -0.987564552165524
0.095236098518593 -0.98210931991498
0.111108781605025 -0.975675099735774
0.126981464691457 -0.968268305398507
0.142854147777889 -0.959896320156857
0.158726830864322 -0.950567489387783
0.174599513950754 -0.940291112272676
0.190472197037186 -0.929077432527731
0.206344880123618 -0.916937628192789
0.22221756321005 -0.903883800488824
0.238090246296482 -0.88992896175518
0.253962929382915 -0.875087022478594
0.269835612469347 -0.859372777426912
0.285708295555779 -0.842801890901351
0.301580978642211 -0.825390881121976
0.317453661728643 -0.807157103761985
0.333326344815075 -0.788118734647192
0.349199027901508 -0.768294751637971
0.36507171098794 -0.747704915711709
0.380944394074372 -0.726369751264639
0.396817077160804 -0.704310525652672
0.412689760247236 -0.681549227991634
0.428562443333668 -0.658108547238038
0.4444351264201 -0.634011849572239
0.460307809506533 -0.609283155106517
0.476180492592965 -0.583947113941306
0.492053175679397 -0.55802898159344
0.507925858765829 -0.531554593820902
0.523798541852261 -0.504550340869177
0.539671224938693 -0.47704314116489
0.555543908025126 -0.44906041448292
0.571416591111558 -0.420630054613784
0.58728927419799 -0.391780401558493
0.603161957284422 -0.362540213278624
0.619034640370854 -0.332938637029761
0.634907323457286 -0.303005180306873
0.650780006543719 -0.272769681430603
0.666652689630151 -0.242262279803783
0.682525372716583 -0.211513385867819
0.698398055803015 -0.180553650788902
0.714270738889447 -0.149413935904261
0.730143421975879 -0.118125281958908
0.746016105062312 -0.0867188781635509
0.761888788148744 -0.0552260311045082
0.777761471235176 -0.0236781335366239
0.793634154321608 0.00789336690971353
0.80950683740804 0.0394569990762525
0.825379520494472 0.0709812996480158
0.841252203580904 0.102434844516613
0.857124886667337 0.133786280104479
0.872997569753769 0.165004354618799
0.888870252840201 0.196057949203978
0.904742935926633 0.22691610896159
0.920615619013065 0.257548073806897
0.936488302099497 0.287923309131166
0.95236098518593 0.318011536239238
0.968233668272362 0.347782762531982
0.984106351358794 0.377207311403576
0.999979034445226 0.406255851823789
1.01585171753166 0.434899427575793
1.03172440061809 0.463109486120348
1.04759708370452 0.490857907057594
1.06346976679095 0.518117030158078
1.07934244987739 0.54485968293507
1.09521513296382 0.571059207730695
1.11108781605025 0.596689488288856
1.12696049913668 0.621724975788495
1.14283318222312 0.64614071431121
1.15870586530955 0.669912365717855
1.17457854839598 0.693016233909332
1.19045123148241 0.715429288447371
1.20632391456884 0.737129187511779
1.22219659765528 0.758094300171246
1.23806928074171 0.77830372794553
1.25394196382814 0.797737325637519
1.26981464691457 0.816375721414399
1.285687330001 0.834200336117917
1.30156001308744 0.851193401784495
1.31743269617387 0.867337979356714
1.3333053792603 0.882617975568547
1.34917806234673 0.897018158987463
1.36505074543317 0.910524175197462
1.3809234285196 0.923122561107861
1.39679611160603 0.934800758373598
1.41266879469246 0.945547125913667
1.42854147777889 0.955350951515195
1.44441416086533 0.964202462511612
1.46028684395176 0.972092835524257
1.47615952703819 0.979014205257714
1.49203221012462 0.98495967234011
1.50790489321106 0.989923310200557
1.52377757629749 0.993900170976888
1.53965025938392 0.996886290447793
1.55552294247035 0.998878691984444
1.57139562555678 0.999875389517657
1.58726830864322 0.999875389517657
1.60314099172965 0.998878691984444
1.61901367481608 0.996886290447793
1.63488635790251 0.993900170976888
1.65075904098894 0.989923310200557
1.66663172407538 0.984959672340111
1.68250440716181 0.979014205257715
1.69837709024824 0.972092835524257
1.71424977333467 0.964202462511612
1.73012245642111 0.955350951515195
1.74599513950754 0.945547125913667
1.76186782259397 0.934800758373598
1.7777405056804 0.923122561107861
1.79361318876683 0.910524175197462
1.80948587185327 0.897018158987464
1.8253585549397 0.882617975568547
1.84123123802613 0.867337979356715
1.85710392111256 0.851193401784495
1.87297660419899 0.834200336117918
1.88884928728543 0.816375721414399
1.90472197037186 0.79773732563752
1.92059465345829 0.77830372794553
1.93646733654472 0.758094300171246
1.95234001963116 0.737129187511779
1.96821270271759 0.715429288447371
1.98408538580402 0.693016233909332
1.99995806889045 0.669912365717855
2.01583075197688 0.646140714311209
2.03170343506332 0.621724975788496
2.04757611814975 0.596689488288856
2.06344880123618 0.571059207730695
2.07932148432261 0.54485968293507
2.09519416740905 0.518117030158078
2.11106685049548 0.490857907057594
2.12693953358191 0.463109486120348
2.14281221666834 0.434899427575793
2.15868489975477 0.406255851823789
2.17455758284121 0.377207311403577
2.19043026592764 0.347782762531982
2.20630294901407 0.318011536239239
2.2221756321005 0.287923309131167
2.23804831518693 0.257548073806897
2.25392099827337 0.22691610896159
2.2697936813598 0.196057949203978
2.28566636444623 0.1650043546188
2.30153904753266 0.133786280104479
2.3174117306191 0.102434844516613
2.33328441370553 0.0709812996480162
2.34915709679196 0.0394569990762527
2.36502977987839 0.00789336690971289
2.38090246296482 -0.0236781335366239
2.39677514605126 -0.0552260311045084
2.41264782913769 -0.0867188781635514
2.42852051222412 -0.118125281958907
2.44439319531055 -0.149413935904261
2.46026587839698 -0.180553650788902
2.47613856148342 -0.211513385867818
2.49201124456985 -0.242262279803783
2.50788392765628 -0.272769681430603
2.52375661074271 -0.303005180306872
2.53962929382915 -0.332938637029761
2.55550197691558 -0.362540213278625
2.57137466000201 -0.391780401558493
2.58724734308844 -0.420630054613784
2.60312002617487 -0.44906041448292
2.61899270926131 -0.477043141164889
2.63486539234774 -0.504550340869176
2.65073807543417 -0.531554593820902
2.6666107585206 -0.55802898159344
2.68248344160703 -0.583947113941306
2.69835612469347 -0.609283155106516
2.7142288077799 -0.63401184957224
2.73010149086633 -0.658108547238037
2.74597417395276 -0.681549227991634
2.7618468570392 -0.704310525652672
2.77771954012563 -0.726369751264639
2.79359222321206 -0.747704915711709
2.80946490629849 -0.768294751637971
2.82533758938492 -0.788118734647191
2.84121027247136 -0.807157103761985
2.85708295555779 -0.825390881121976
2.87295563864422 -0.84280189090135
2.88882832173065 -0.859372777426911
2.90470100481709 -0.875087022478594
2.92057368790352 -0.88992896175518
2.93644637098995 -0.903883800488824
2.95231905407638 -0.916937628192789
2.96819173716281 -0.92907743252773
2.98406442024925 -0.940291112272675
2.99993710333568 -0.950567489387783
3.01580978642211 -0.959896320156857
3.03168246950854 -0.968268305398507
3.04755515259497 -0.975675099735774
3.06342783568141 -0.98210931991498
3.07930051876784 -0.987564552165524
3.09517320185427 -0.992035358593258
3.1110458849407 -0.995517282601106
3.12691856802714 -0.998006853331493
3.14279125111357 -0.999501589126174
3.1586639342 -1
3.17741011421206 -0.999501589126174
3.19615629422412 -0.998006853331493
3.21490247423618 -0.995517282601106
3.23364865424824 -0.992035358593258
3.2523948342603 -0.987564552165524
3.27114101427236 -0.98210931991498
3.28988719428442 -0.975675099735773
3.30863337429648 -0.968268305398507
3.32737955430854 -0.959896320156857
3.3461257343206 -0.950567489387783
3.36487191433266 -0.940291112272675
3.38361809434472 -0.929077432527731
3.40236427435678 -0.916937628192789
3.42111045436884 -0.903883800488824
3.4398566343809 -0.88992896175518
3.45860281439296 -0.875087022478594
3.47734899440503 -0.859372777426912
3.49609517441709 -0.842801890901351
3.51484135442915 -0.825390881121976
3.53358753444121 -0.807157103761985
3.55233371445327 -0.788118734647192
3.57107989446533 -0.768294751637971
3.58982607447739 -0.747704915711709
3.60857225448945 -0.72636975126464
3.62731843450151 -0.704310525652672
3.64606461451357 -0.681549227991634
3.66481079452563 -0.658108547238037
3.68355697453769 -0.634011849572239
3.70230315454975 -0.609283155106517
3.72104933456181 -0.583947113941306
3.73979551457387 -0.55802898159344
3.75854169458593 -0.531554593820902
3.77728787459799 -0.504550340869177
3.79603405461005 -0.47704314116489
3.81478023462211 -0.44906041448292
3.83352641463417 -0.420630054613785
3.85227259464623 -0.391780401558493
3.87101877465829 -0.362540213278625
3.88976495467035 -0.332938637029761
3.90851113468241 -0.303005180306873
3.92725731469447 -0.272769681430603
3.94600349470653 -0.242262279803783
3.96474967471859 -0.211513385867819
3.98349585473065 -0.180553650788903
4.00224203474271 -0.149413935904261
4.02098821475477 -0.118125281958908
4.03973439476683 -0.0867188781635514
4.05848057477889 -0.0552260311045086
4.07722675479095 -0.0236781335366239
4.09597293480302 0.00789336690971375
4.11471911481508 0.0394569990762536
4.13346529482714 0.0709812996480156
4.1522114748392 0.102434844516613
4.17095765485126 0.133786280104479
4.18970383486332 0.165004354618798
4.20845001487538 0.196057949203978
4.22719619488744 0.22691610896159
4.2459423748995 0.257548073806897
4.26468855491156 0.287923309131167
4.28343473492362 0.318011536239238
4.30218091493568 0.347782762531982
4.32092709494774 0.377207311403576
4.3396732749598 0.406255851823788
4.35841945497186 0.434899427575793
4.37716563498392 0.463109486120348
4.39591181499598 0.490857907057594
4.41465799500804 0.518117030158078
4.4334041750201 0.54485968293507
4.45215035503216 0.571059207730695
4.47089653504422 0.596689488288856
4.48964271505628 0.621724975788494
4.50838889506834 0.646140714311209
4.5271350750804 0.669912365717855
4.54588125509246 0.693016233909332
4.56462743510452 0.715429288447372
4.58337361511658 0.737129187511779
4.60211979512864 0.758094300171246
4.6208659751407 0.77830372794553
4.63961215515276 0.797737325637519
4.65835833516482 0.816375721414399
4.67710451517688 0.834200336117917
4.69585069518894 0.851193401784495
4.71459687520101 0.867337979356715
4.73334305521306 0.882617975568547
4.75208923522513 0.897018158987463
4.77083541523719 0.910524175197462
4.78958159524925 0.923122561107861
4.80832777526131 0.934800758373598
4.82707395527337 0.945547125913667
4.84582013528543 0.955350951515195
4.86456631529749 0.964202462511612
4.88331249530955 0.972092835524257
4.90205867532161 0.979014205257714
4.92080485533367 0.984959672340111
4.93955103534573 0.989923310200557
4.95829721535779 0.993900170976888
4.97704339536985 0.996886290447793
4.99578957538191 0.998878691984444
5.01453575539397 0.999875389517657
5.03328193540603 0.999875389517657
5.05202811541809 0.998878691984444
5.07077429543015 0.996886290447793
5.08952047544221 0.993900170976888
5.10826665545427 0.989923310200557
5.12701283546633 0.984959672340111
5.14575901547839 0.979014205257715
5.16450519549045 0.972092835524257
5.18325137550251 0.964202462511612
5.20199755551457 0.955350951515195
5.22074373552663 0.945547125913667
5.23948991553869 0.934800758373598
5.25823609555075 0.923122561107861
5.27698227556281 0.910524175197462
5.29572845557487 0.897018158987464
5.31447463558693 0.882617975568547
5.333220815599 0.867337979356714
5.35196699561106 0.851193401784494
5.37071317562312 0.834200336117918
5.38945935563518 0.8163757214144
5.40820553564724 0.79773732563752
5.4269517156593 0.77830372794553
5.44569789567136 0.758094300171246
5.46444407568342 0.737129187511779
5.48319025569548 0.715429288447371
5.50193643570754 0.693016233909332
5.5206826157196 0.669912365717855
5.53942879573166 0.646140714311209
5.55817497574372 0.621724975788496
5.57692115575578 0.596689488288856
5.59566733576784 0.571059207730695
5.6144135157799 0.54485968293507
5.63315969579196 0.518117030158077
5.65190587580402 0.490857907057595
5.67065205581608 0.463109486120348
5.68939823582814 0.434899427575794
5.7081444158402 0.40625585182379
5.72689059585226 0.377207311403576
5.74563677586432 0.347782762531982
5.76438295587638 0.318011536239238
5.78312913588844 0.287923309131166
5.8018753159005 0.257548073806896
5.82062149591256 0.22691610896159
5.83936767592462 0.196057949203978
5.85811385593668 0.165004354618798
5.87686003594874 0.133786280104479
5.8956062159608 0.102434844516613
5.91435239597286 0.0709812996480153
5.93309857598492 0.0394569990762518
5.95184475599699 0.00789336690971289
5.97059093600905 -0.0236781335366239
5.98933711602111 -0.0552260311045084
6.00808329603317 -0.0867188781635496
6.02682947604523 -0.118125281958907
6.04557565605729 -0.149413935904261
6.06432183606935 -0.180553650788903
6.08306801608141 -0.211513385867819
6.10181419609347 -0.242262279803783
6.12056037610553 -0.272769681430603
6.13930655611759 -0.303005180306872
6.15805273612965 -0.33293863702976
6.17679891614171 -0.362540213278624
6.19554509615377 -0.391780401558493
6.21429127616583 -0.420630054613784
6.23303745617789 -0.449060414482921
6.25178363618995 -0.47704314116489
6.27052981620201 -0.504550340869177
6.28927599621407 -0.531554593820901
6.30802217622613 -0.558028981593439
6.32676835623819 -0.583947113941305
6.34551453625025 -0.609283155106516
6.36426071626231 -0.634011849572238
6.38300689627437 -0.658108547238037
6.40175307628643 -0.681549227991635
6.42049925629849 -0.704310525652673
6.43924543631055 -0.726369751264639
6.45799161632261 -0.747704915711708
6.47673779633467 -0.76829475163797
6.49548397634673 -0.788118734647192
6.51423015635879 -0.807157103761985
6.53297633637085 -0.825390881121976
6.55172251638291 -0.842801890901351
6.57046869639497 -0.859372777426911
6.58921487640704 -0.875087022478594
6.6079610564191 -0.889928961755181
6.62670723643116 -0.903883800488823
6.64545341644322 -0.916937628192789
6.66419959645528 -0.92907743252773
6.68294577646734 -0.940291112272676
6.7016919564794 -0.950567489387783
6.72043813649146 -0.959896320156857
6.73918431650352 -0.968268305398507
6.75793049651558 -0.975675099735774
6.77667667652764 -0.98210931991498
6.7954228565397 -0.987564552165524
6.81416903655176 -0.992035358593258
6.83291521656382 -0.995517282601106
6.85166139657588 -0.998006853331493
6.87040757658794 -0.999501589126174
6.8891537566 -1
6.89453282248492 -0.999501589126174
6.89991188836985 -0.998006853331493
6.90529095425477 -0.995517282601106
6.9106700201397 -0.992035358593258
6.91604908602462 -0.987564552165524
6.92142815190955 -0.98210931991498
6.92680721779447 -0.975675099735773
6.9321862836794 -0.968268305398507
6.93756534956432 -0.959896320156857
6.94294441544925 -0.950567489387782
6.94832348133417 -0.940291112272675
6.9537025472191 -0.92907743252773
6.95908161310402 -0.916937628192788
6.96446067898894 -0.903883800488823
6.96983974487387 -0.889928961755179
6.97521881075879 -0.875087022478592
6.98059787664372 -0.859372777426913
6.98597694252864 -0.842801890901352
6.99135600841357 -0.825390881121977
6.99673507429849 -0.807157103761987
7.00211414018342 -0.788118734647194
7.00749320606834 -0.768294751637972
7.01287227195327 -0.74770491571171
7.01825133783819 -0.72636975126464
7.02363040372312 -0.704310525652673
7.02900946960804 -0.681549227991635
7.03438853549296 -0.658108547238038
7.03976760137789 -0.634011849572239
7.04514666726281 -0.609283155106517
7.05052573314774 -0.583947113941307
7.05590479903266 -0.55802898159344
7.06128386491759 -0.531554593820902
7.06666293080251 -0.504550340869177
7.07204199668744 -0.477043141164889
7.07742106257236 -0.44906041448292
7.08280012845729 -0.420630054613784
7.08817919434221 -0.391780401558493
7.09355826022714 -0.362540213278624
7.09893732611206 -0.33293863702976
7.10431639199698 -0.303005180306872
7.10969545788191 -0.272769681430602
7.11507452376683 -0.242262279803782
7.12045358965176 -0.211513385867818
7.12583265553668 -0.180553650788901
7.13121172142161 -0.149413935904259
7.13659078730653 -0.118125281958906
7.14196985319146 -0.0867188781635487
7.14734891907638 -0.0552260311045059
7.15272798496131 -0.0236781335366268
7.15810705084623 0.00789336690971598
7.16348611673116 0.0394569990762503
7.16886518261608 0.0709812996480136
7.174244248501 0.102434844516611
7.17962331438593 0.133786280104477
7.18500238027085 0.165004354618797
7.19038144615578 0.196057949203976
7.1957605120407 0.226916108961589
7.20113957792563 0.257548073806895
7.20651864381055 0.287923309131165
7.21189770969548 0.318011536239237
7.2172767755804 0.347782762531981
7.22265584146533 0.377207311403575
7.22803490735025 0.406255851823788
7.23341397323518 0.434899427575793
7.2387930391201 0.463109486120347
7.24417210500502 0.490857907057594
7.24955117088995 0.518117030158078
7.25493023677487 0.544859682935071
7.2603093026598 0.571059207730695
7.26568836854472 0.596689488288856
7.27106743442965 0.621724975788496
7.27644650031457 0.64614071431121
7.2818255661995 0.669912365717856
7.28720463208442 0.693016233909332
7.29258369796935 0.715429288447372
7.29796276385427 0.73712918751178
7.3033418297392 0.758094300171246
7.30872089562412 0.778303727945531
7.31409996150905 0.797737325637521
7.31947902739397 0.8163757214144
7.32485809327889 0.834200336117919
7.33023715916382 0.851193401784493
7.33561622504874 0.867337979356716
7.34099529093367 0.882617975568546
7.34637435681859 0.897018158987463
7.35175342270352 0.910524175197461
7.35713248858844 0.92312256110786
7.36251155447337 0.934800758373598
7.36789062035829 0.945547125913666
7.37326968624322 0.955350951515194
7.37864875212814 0.964202462511611
7.38402781801306 0.972092835524257
7.38940688389799 0.979014205257714
7.39478594978291 0.98495967234011
7.40016501566784 0.989923310200557
7.40554408155276 0.993900170976888
7.41092314743769 0.996886290447793
7.41630221332261 0.998878691984444
7.42168127920754 0.999875389517657
7.42706034509246 0.999875389517657
7.43243941097739 0.998878691984444
7.43781847686231 0.996886290447793
7.44319754274724 0.993900170976888
7.44857660863216 0.989923310200557
7.45395567451709 0.98495967234011
7.45933474040201 0.979014205257714
7.46471380628693 0.972092835524257
7.47009287217186 0.964202462511611
7.47547193805678 0.955350951515194
7.48085100394171 0.945547125913667
7.48623006982663 0.934800758373598
7.49160913571156 0.92312256110786
7.49698820159648 0.910524175197461
7.50236726748141 0.897018158987462
7.50774633336633 0.882617975568548
7.51312539925126 0.867337979356713
7.51850446513618 0.851193401784496
7.5238835310211 0.834200336117919
7.52926259690603 0.8163757214144
7.53464166279095 0.797737325637521
7.54002072867588 0.778303727945531
7.5453997945608 0.758094300171247
7.55077886044573 0.73712918751178
7.55615792633065 0.715429288447372
7.56153699221558 0.693016233909333
7.5669160581005 0.669912365717856
7.57229512398543 0.64614071431121
7.57767418987035 0.621724975788496
7.58305325575528 0.596689488288856
7.5884323216402 0.571059207730696
7.59381138752513 0.544859682935071
7.59919045341005 0.518117030158078
7.60456951929497 0.490857907057594
7.6099485851799 0.463109486120348
7.61532765106482 0.434899427575793
7.62070671694975 0.406255851823788
7.62608578283467 0.377207311403576
7.6314648487196 0.347782762531982
7.63684391460452 0.318011536239238
7.64222298048945 0.287923309131166
7.64760204637437 0.257548073806896
7.6529811122593 0.226916108961589
7.65836017814422 0.196057949203977
7.66373924402915 0.165004354618798
7.66911830991407 0.133786280104477
7.674497375799 0.102434844516611
7.67987644168392 0.0709812996480136
7.68525550756884 0.0394569990762509
7.69063457345377 0.00789336690971111
7.69601363933869 -0.0236781335366212
7.70139270522362 -0.0552260311045057
7.70677177110854 -0.0867188781635487
7.71215083699347 -0.118125281958905
7.71752990287839 -0.149413935904259
7.72290896876332 -0.1805536507889
7.72828803464824 -0.211513385867818
7.73366710053317 -0.242262279803782
7.73904616641809 -0.272769681430601
7.74442523230301 -0.303005180306871
7.74980429818794 -0.33293863702976
7.75518336407286 -0.362540213278624
7.76056242995779 -0.391780401558492
7.76594149584271 -0.420630054613784
7.77132056172764 -0.44906041448292
7.77669962761256 -0.47704314116489
7.78207869349749 -0.504550340869177
7.78745775938241 -0.531554593820901
7.79283682526734 -0.55802898159344
7.79821589115226 -0.583947113941307
7.80359495703719 -0.609283155106517
7.80897402292211 -0.634011849572239
7.81435308880704 -0.658108547238038
7.81973215469196 -0.681549227991635
7.82511122057688 -0.704310525652673
7.83049028646181 -0.72636975126464
7.83586935234673 -0.74770491571171
7.84124841823166 -0.768294751637972
7.84662748411658 -0.788118734647194
7.85200655000151 -0.807157103761986
7.85738561588643 -0.825390881121977
7.86276468177136 -0.842801890901349
7.86814374765628 -0.859372777426913
7.87352281354121 -0.875087022478592
7.87890187942613 -0.889928961755181
7.88428094531105 -0.903883800488822
7.88966001119598 -0.91693762819279
7.8950390770809 -0.92907743252773
7.90041814296583 -0.940291112272675
7.90579720885075 -0.950567489387782
7.91117627473568 -0.959896320156857
7.9165553406206 -0.968268305398507
7.92193440650553 -0.975675099735773
7.92731347239045 -0.98210931991498
7.93269253827538 -0.987564552165524
7.9380716041603 -0.992035358593258
7.94345067004523 -0.995517282601106
7.94882973593015 -0.998006853331493
7.95420880181508 -0.999501589126174
7.9595878677 -1
7.96827577376834 -0.999501589126174
7.97696367983668 -0.998006853331493
7.98565158590502 -0.995517282601106
7.99433949197337 -0.992035358593258
8.00302739804171 -0.987564552165524
8.01171530411005 -0.982109319914981
8.02040321017839 -0.975675099735773
8.02909111624673 -0.968268305398507
8.03777902231507 -0.959896320156858
8.04646692838342 -0.950567489387783
8.05515483445176 -0.940291112272675
8.0638427405201 -0.929077432527731
8.07253064658844 -0.916937628192789
8.08121855265678 -0.903883800488823
8.08990645872512 -0.889928961755182
8.09859436479347 -0.875087022478594
8.10728227086181 -0.859372777426912
8.11597017693015 -0.842801890901349
8.12465808299849 -0.825390881121977
8.13334598906683 -0.807157103761985
8.14203389513518 -0.788118734647191
8.15072180120352 -0.768294751637972
8.15940970727186 -0.747704915711709
8.1680976133402 -0.726369751264638
8.17678551940854 -0.704310525652674
8.18547342547688 -0.681549227991635
8.19416133154523 -0.658108547238037
8.20284923761357 -0.634011849572236
8.21153714368191 -0.609283155106518
8.22022504975025 -0.583947113941306
8.22891295581859 -0.558028981593438
8.23760086188693 -0.531554593820903
8.24628876795528 -0.504550340869178
8.25497667402362 -0.477043141164888
8.26366458009196 -0.449060414482923
8.2723524861603 -0.420630054613785
8.28104039222864 -0.391780401558492
8.28972829829699 -0.362540213278622
8.29841620436533 -0.332938637029763
8.30710411043367 -0.303005180306872
8.31579201650201 -0.272769681430601
8.32447992257035 -0.242262279803785
8.33316782863869 -0.21151338586782
8.34185573470704 -0.180553650788901
8.35054364077538 -0.149413935904264
8.35923154684372 -0.118125281958909
8.36791945291206 -0.0867188781635496
8.3766073589804 -0.0552260311045053
8.38529526504874 -0.0236781335366257
8.39398317111709 0.00789336690971375
8.40267107718543 0.0394569990762551
8.41135898325377 0.0709812996480138
8.42004688932211 0.102434844516613
8.42873479539045 0.133786280104481
8.43742270145879 0.165004354618796
8.44611060752714 0.196057949203977
8.45479851359548 0.226916108961591
8.46348641966382 0.257548073806899
8.47217432573216 0.287923309131165
8.4808622318005 0.318011536239239
8.48955013786884 0.347782762531985
8.49823804393719 0.377207311403574
8.50692595000553 0.406255851823789
8.51561385607387 0.434899427575795
8.52430176214221 0.463109486120345
8.53298966821055 0.490857907057593
8.54167757427889 0.518117030158078
8.55036548034724 0.544859682935067
8.55905338641558 0.571059207730694
8.56774129248392 0.596689488288857
8.57642919855226 0.621724975788497
8.5851171046206 0.646140714311208
8.59380501068894 0.669912365717855
8.60249291675729 0.693016233909333
8.61118082282563 0.71542928844737
8.61986872889397 0.737129187511778
8.62855663496231 0.758094300171246
8.63724454103065 0.778303727945528
8.64593244709899 0.797737325637519
8.65462035316734 0.8163757214144
8.66330825923568 0.834200336117919
8.67199616530402 0.851193401784494
8.68068407137236 0.867337979356715
8.6893719774407 0.882617975568548
8.69805988350904 0.897018158987463
8.70674778957739 0.910524175197462
8.71543569564573 0.923122561107861
8.72412360171407 0.934800758373597
8.73281150778241 0.945547125913667
8.74149941385075 0.955350951515195
8.7501873199191 0.964202462511612
8.75887522598744 0.972092835524257
8.76756313205578 0.979014205257715
8.77625103812412 0.984959672340111
8.78493894419246 0.989923310200557
8.7936268502608 0.993900170976888
8.80231475632915 0.996886290447793
8.81100266239749 0.998878691984444
8.81969056846583 0.999875389517657
8.82837847453417 0.999875389517657
8.83706638060251 0.998878691984444
8.84575428667085 0.996886290447793
8.8544421927392 0.993900170976888
8.86313009880754 0.989923310200557
8.87181800487588 0.984959672340111
8.88050591094422 0.979014205257715
8.88919381701256 0.972092835524257
8.8978817230809 0.964202462511613
8.90656962914925 0.955350951515195
8.91525753521759 0.945547125913667
8.92394544128593 0.934800758373597
8.93263334735427 0.923122561107861
8.94132125342261 0.910524175197462
8.95000915949096 0.897018158987462
8.9586970655593 0.882617975568548
8.96738497162764 0.867337979356715
8.97607287769598 0.851193401784494
8.98476078376432 0.834200336117919
8.99344868983266 0.8163757214144
9.00213659590101 0.797737325637519
9.01082450196935 0.778303727945532
9.01951240803769 0.758094300171246
9.02820031410603 0.737129187511779
9.03688822017437 0.71542928844737
9.04557612624271 0.693016233909333
9.05426403231106 0.669912365717855
9.0629519383794 0.646140714311209
9.07163984444774 0.621724975788497
9.08032775051608 0.596689488288856
9.08901565658442 0.571059207730694
9.09770356265276 0.544859682935067
9.1063914687211 0.518117030158079
9.11507937478945 0.490857907057594
9.12376728085779 0.463109486120346
9.13245518692613 0.434899427575795
9.14114309299447 0.406255851823789
9.14983099906281 0.377207311403574
9.15851890513115 0.347782762531985
9.1672068111995 0.318011536239239
9.17589471726784 0.287923309131165
9.18458262333618 0.2575480738069
9.19327052940452 0.226916108961591
9.20195843547286 0.196057949203978
9.21064634154121 0.165004354618797
9.21933424760955 0.133786280104481
9.22802215367789 0.102434844516613
9.23671005974623 0.0709812996480136
9.24539796581457 0.0394569990762554
9.25408587188291 0.00789336690971378
9.26277377795126 -0.0236781335366256
9.2714616840196 -0.0552260311045119
9.28014959008794 -0.0867188781635487
9.28883749615628 -0.118125281958908
9.29752540222462 -0.149413935904257
9.30621330829296 -0.1805536507889
9.31490121436131 -0.211513385867818
9.32358912042965 -0.242262279803785
9.33227702649799 -0.272769681430601
9.34096493256633 -0.303005180306872
9.34965283863467 -0.332938637029763
9.35834074470301 -0.362540213278621
9.36702865077136 -0.391780401558492
9.3757165568397 -0.420630054613785
9.38440446290804 -0.449060414482923
9.39309236897638 -0.477043141164888
9.40178027504472 -0.504550340869178
9.41046818111307 -0.531554593820904
9.41915608718141 -0.558028981593438
9.42784399324975 -0.583947113941306
9.43653189931809 -0.609283155106518
9.44521980538643 -0.634011849572237
9.45390771145477 -0.658108547238036
9.46259561752312 -0.681549227991634
9.47128352359146 -0.704310525652669
9.4799714296598 -0.726369751264638
9.48865933572814 -0.747704915711709
9.49734724179648 -0.768294751637972
9.50603514786482 -0.788118734647191
9.51472305393317 -0.807157103761985
9.52341096000151 -0.825390881121977
9.53209886606985 -0.842801890901349
9.54078677213819 -0.859372777426911
9.54947467820653 -0.875087022478594
9.55816258427487 -0.889928961755182
9.56685049034322 -0.903883800488823
9.57553839641156 -0.916937628192789
9.5842263024799 -0.929077432527731
9.59291420854824 -0.940291112272675
9.60160211461658 -0.950567489387783
9.61029002068492 -0.959896320156858
9.61897792675327 -0.968268305398507
9.62766583282161 -0.975675099735774
9.63635373888995 -0.98210931991498
9.64504164495829 -0.987564552165523
9.65372955102663 -0.992035358593258
9.66241745709497 -0.995517282601106
9.67110536316332 -0.998006853331493
9.67979326923166 -0.999501589126174
9.6884811753 -1
9.7047997844397 -0.999501589126174
9.7211183935794 -0.998006853331493
9.7374370027191 -0.995517282601106
9.75375561185879 -0.992035358593258
9.77007422099849 -0.987564552165524
9.78639283013819 -0.982109319914981
9.80271143927789 -0.975675099735774
9.81903004841759 -0.968268305398507
9.83534865755729 -0.959896320156857
9.85166726669699 -0.950567489387782
9.86798587583668 -0.940291112272675
9.88430448497638 -0.929077432527731
9.90062309411608 -0.916937628192789
9.91694170325578 -0.903883800488824
9.93326031239548 -0.88992896175518
9.94957892153518 -0.875087022478593
9.96589753067487 -0.859372777426911
9.98221613981457 -0.84280189090135
9.99853474895427 -0.825390881121977
10.014853358094 -0.807157103761986
10.0311719672337 -0.788118734647193
10.0474905763734 -0.768294751637971
10.0638091855131 -0.747704915711709
10.0801277946528 -0.726369751264639
10.0964464037925 -0.704310525652671
10.1127650129322 -0.681549227991635
10.1290836220719 -0.658108547238039
10.1454022312116 -0.634011849572239
10.1617208403513 -0.609283155106517
10.178039449491 -0.583947113941306
10.1943580586307 -0.55802898159344
10.2106766677704 -0.531554593820901
10.22699527691 -0.504550340869179
10.2433138860497 -0.477043141164891
10.2596324951894 -0.449060414482921
10.2759511043291 -0.420630054613785
10.2922697134688 -0.391780401558493
10.3085883226085 -0.362540213278624
10.3249069317482 -0.33293863702976
10.3412255408879 -0.303005180306871
10.3575441500276 -0.272769681430604
10.3738627591673 -0.242262279803784
10.390181368307 -0.21151338586782
10.4064999774467 -0.180553650788902
10.4228185865864 -0.149413935904261
10.4391371957261 -0.118125281958907
10.4554558048658 -0.0867188781635496
10.4717744140055 -0.0552260311045099
10.4880930231452 -0.0236781335366252
10.5044116322849 0.00789336690971242
10.5207302414246 0.0394569990762523
10.5370488505643 0.0709812996480162
10.553367459704 0.102434844516614
10.5696860688437 0.13378628010448
10.5860046779834 0.165004354618801
10.6023232871231 0.196057949203977
10.6186418962628 0.226916108961589
10.6349605054025 0.257548073806896
10.6512791145422 0.287923309131166
10.6675977236819 0.318011536239239
10.6839163328216 0.347782762531983
10.7002349419613 0.377207311403577
10.716553551101 0.406255851823787
10.7328721602407 0.434899427575792
10.7491907693804 0.463109486120347
10.7655093785201 0.490857907057594
10.7818279876598 0.518117030158078
10.7981465967995 0.544859682935071
10.8144652059392 0.571059207730696
10.8307838150789 0.596689488288857
10.8471024242186 0.621724975788494
10.8634210333583 0.646140714311209
10.879739642498 0.669912365717855
10.8960582516377 0.693016233909332
10.9123768607774 0.715429288447372
10.9286954699171 0.737129187511779
10.9450140790568 0.758094300171244
10.9613326881965 0.778303727945529
10.9776512973362 0.797737325637519
10.9939699064759 0.816375721414399
11.0102885156156 0.834200336117917
11.0266071247553 0.851193401784495
11.042925733895 0.867337979356715
11.0592443430347 0.882617975568548
11.0755629521744 0.897018158987463
11.0918815613141 0.910524175197462
11.1082001704538 0.92312256110786
11.1245187795935 0.934800758373598
11.1408373887332 0.945547125913667
11.1571559978729 0.955350951515195
11.1734746070126 0.964202462511612
11.1897932161523 0.972092835524257
11.206111825292 0.979014205257714
11.2224304344317 0.98495967234011
11.2387490435714 0.989923310200557
11.2550676527111 0.993900170976888
11.2713862618508 0.996886290447793
11.2877048709905 0.998878691984444
11.3040234801302 0.999875389517657
11.3203420892699 0.999875389517657
11.3366606984095 0.998878691984444
11.3529793075492 0.996886290447793
11.3692979166889 0.993900170976888
11.3856165258286 0.989923310200557
11.4019351349683 0.98495967234011
11.418253744108 0.979014205257714
11.4345723532477 0.972092835524257
11.4508909623874 0.964202462511612
11.4672095715271 0.955350951515195
11.4835281806668 0.945547125913667
11.4998467898065 0.934800758373598
11.5161653989462 0.92312256110786
11.5324840080859 0.910524175197462
11.5488026172256 0.897018158987463
11.5651212263653 0.882617975568548
11.581439835505 0.867337979356715
11.5977584446447 0.851193401784495
11.6140770537844 0.834200336117918
11.6303956629241 0.816375721414399
11.6467142720638 0.797737325637519
11.6630328812035 0.778303727945532
11.6793514903432 0.758094300171247
11.6956700994829 0.73712918751178
11.7119887086226 0.715429288447372
11.7283073177623 0.693016233909332
11.744625926902 0.669912365717855
11.7609445360417 0.646140714311209
11.7772631451814 0.621724975788495
11.7935817543211 0.596689488288855
11.8099003634608 0.571059207730696
11.8262189726005 0.544859682935071
11.8425375817402 0.518117030158078
11.8588561908799 0.490857907057594
11.8751748000196 0.463109486120348
11.8914934091593 0.434899427575792
11.907812018299 0.406255851823791
11.9241306274387 0.377207311403577
11.9404492365784 0.347782762531983
11.9567678457181 0.318011536239239
11.9730864548578 0.287923309131167
11.9894050639975 0.257548073806896
12.0057236731372 0.22691610896159
12.0220422822769 0.196057949203977
12.0383608914166 0.165004354618798
12.0546795005563 0.13378628010448
12.070998109696 0.102434844516614
12.0873167188357 0.0709812996480162
12.1036353279754 0.0394569990762527
12.1199539371151 0.00789336690971289
12.1362725462548 -0.0236781335366212
12.1525911553945 -0.0552260311045057
12.1689097645342 -0.0867188781635496
12.1852283736739 -0.118125281958907
12.2015469828136 -0.14941393590426
12.2178655919533 -0.180553650788902
12.234184201093 -0.211513385867819
12.2505028102327 -0.242262279803784
12.2668214193724 -0.272769681430604
12.2831400285121 -0.303005180306875
12.2994586376518 -0.332938637029764
12.3157772467915 -0.362540213278624
12.3320958559312 -0.391780401558493
12.3484144650709 -0.420630054613785
12.3647330742106 -0.449060414482918
12.3810516833503 -0.47704314116489
12.3973702924899 -0.504550340869175
12.4136889016296 -0.531554593820901
12.4300075107693 -0.558028981593439
12.446326119909 -0.583947113941306
12.4626447290487 -0.609283155106517
12.4789633381884 -0.63401184957224
12.4952819473281 -0.658108547238038
12.5116005564678 -0.681549227991635
12.5279191656075 -0.704310525652671
12.5442377747472 -0.726369751264639
12.5605563838869 -0.747704915711709
12.5768749930266 -0.768294751637971
12.5931936021663 -0.788118734647193
12.609512211306 -0.807157103761986
12.6258308204457 -0.825390881121975
12.6421494295854 -0.842801890901349
12.6584680387251 -0.859372777426911
12.6747866478648 -0.875087022478593
12.6911052570045 -0.88992896175518
12.7074238661442 -0.903883800488824
12.7237424752839 -0.916937628192789
12.7400610844236 -0.929077432527731
12.7563796935633 -0.940291112272676
12.772698302703 -0.950567489387784
12.7890169118427 -0.959896320156857
12.8053355209824 -0.968268305398507
12.8216541301221 -0.975675099735774
12.8379727392618 -0.982109319914981
12.8542913484015 -0.987564552165524
12.8706099575412 -0.992035358593258
12.8869285666809 -0.995517282601106
12.9032471758206 -0.998006853331493
12.9195657849603 -0.999501589126174
12.9358843941 -1
12.9528805861844 -0.999501589126174
12.9698767782688 -0.998006853331493
12.9868729703533 -0.995517282601106
13.0038691624377 -0.992035358593258
13.0208653545221 -0.987564552165524
13.0378615466065 -0.98210931991498
13.054857738691 -0.975675099735773
13.0718539307754 -0.968268305398507
13.0888501228598 -0.959896320156857
13.1058463149442 -0.950567489387783
13.1228425070286 -0.940291112272676
13.1398386991131 -0.929077432527731
13.1568348911975 -0.916937628192789
13.1738310832819 -0.903883800488824
13.1908272753663 -0.889928961755181
13.2078234674508 -0.875087022478593
13.2248196595352 -0.859372777426911
13.2418158516196 -0.84280189090135
13.258812043704 -0.825390881121976
13.2758082357884 -0.807157103761985
13.2928044278729 -0.788118734647192
13.3098006199573 -0.768294751637971
13.3267968120417 -0.747704915711709
13.3437930041261 -0.72636975126464
13.3607891962106 -0.704310525652673
13.377785388295 -0.681549227991635
13.3947815803794 -0.658108547238037
13.4117777724638 -0.634011849572238
13.4287739645482 -0.609283155106516
13.4457701566327 -0.583947113941306
13.4627663487171 -0.55802898159344
13.4797625408015 -0.531554593820902
13.4967587328859 -0.504550340869178
13.5137549249704 -0.47704314116489
13.5307511170548 -0.449060414482921
13.5477473091392 -0.420630054613786
13.5647435012236 -0.391780401558495
13.581739693308 -0.362540213278623
13.5987358853925 -0.33293863702976
13.6157320774769 -0.303005180306872
13.6327282695613 -0.272769681430603
13.6497244616457 -0.242262279803783
13.6667206537302 -0.211513385867819
13.6837168458146 -0.180553650788903
13.700713037899 -0.149413935904262
13.7177092299834 -0.118125281958909
13.7347054220678 -0.0867188781635492
13.7517016141523 -0.0552260311045068
13.7686978062367 -0.023678133536623
13.7856939983211 0.00789336690971398
13.8026901904055 0.0394569990762531
13.8196863824899 0.070981299648016
13.8366825745744 0.102434844516613
13.8536787666588 0.133786280104479
13.8706749587432 0.165004354618798
13.8876711508276 0.196057949203977
13.9046673429121 0.226916108961589
13.9216635349965 0.257548073806898
13.9386597270809 0.287923309131168
13.9556559191653 0.318011536239239
13.9726521112497 0.347782762531983
13.9896483033342 0.377207311403576
14.0066444954186 0.406255851823789
14.023640687503 0.434899427575793
14.0406368795874 0.463109486120347
14.0576330716719 0.490857907057593
14.0746292637563 0.518117030158076
14.0916254558407 0.544859682935069
14.1086216479251 0.571059207730696
14.1256178400095 0.596689488288857
14.142614032094 0.621724975788496
14.1596102241784 0.64614071431121
14.1766064162628 0.669912365717855
14.1936026083472 0.693016233909331
14.2105988004317 0.715429288447371
14.2275949925161 0.737129187511779
14.2445911846005 0.758094300171245
14.2615873766849 0.778303727945531
14.2785835687693 0.797737325637518
14.2955797608538 0.8163757214144
14.3125759529382 0.834200336117918
14.3295721450226 0.851193401784495
14.346568337107 0.867337979356715
14.3635645291915 0.882617975568547
14.3805607212759 0.897018158987463
14.3975569133603 0.910524175197462
14.4145531054447 0.92312256110786
14.4315492975291 0.934800758373598
14.4485454896136 0.945547125913668
14.465541681698 0.955350951515195
14.4825378737824 0.964202462511612
14.4995340658668 0.972092835524257
14.5165302579513 0.979014205257715
14.5335264500357 0.984959672340111
14.5505226421201 0.989923310200557
14.5675188342045 0.993900170976888
14.5845150262889 0.996886290447793
14.6015112183734 0.998878691984444
14.6185074104578 0.999875389517657
14.6355036025422 0.999875389517657
14.6524997946266 0.998878691984444
14.6694959867111 0.996886290447793
14.6864921787955 0.993900170976888
14.7034883708799 0.989923310200557
14.7204845629643 0.984959672340111
14.7374807550487 0.979014205257715
14.7544769471332 0.972092835524257
14.7714731392176 0.964202462511612
14.788469331302 0.955350951515195
14.8054655233864 0.945547125913668
14.8224617154709 0.934800758373598
14.8394579075553 0.92312256110786
14.8564540996397 0.910524175197462
14.8734502917241 0.897018158987463
14.8904464838085 0.882617975568547
14.907442675893 0.867337979356715
14.9244388679774 0.851193401784495
14.9414350600618 0.834200336117918
14.9584312521462 0.8163757214144
14.9754274442307 0.797737325637518
14.9924236363151 0.778303727945531
15.0094198283995 0.758094300171245
15.0264160204839 0.737129187511778
15.0434122125683 0.715429288447371
15.0604084046528 0.693016233909332
15.0774045967372 0.669912365717855
15.0944007888216 0.64614071431121
15.111396980906 0.621724975788496
15.1283931729905 0.596689488288857
15.1453893650749 0.571059207730696
15.1623855571593 0.544859682935069
15.1793817492437 0.518117030158079
15.1963779413281 0.490857907057593
15.2133741334126 0.463109486120348
15.230370325497 0.434899427575792
15.2473665175814 0.406255851823789
15.2643627096658 0.377207311403576
15.2813589017503 0.347782762531983
15.2983550938347 0.31801153623924
15.3153512859191 0.287923309131164
15.3323474780035 0.257548073806898
15.3493436700879 0.226916108961589
15.3663398621724 0.196057949203977
15.3833360542568 0.165004354618799
15.4003322463412 0.133786280104479
15.4173284384256 0.102434844516613
15.43432463051 0.0709812996480162
15.4513208225945 0.0394569990762536
15.4683170146789 0.00789336690971467
15.4853132067633 -0.0236781335366221
15.5023093988477 -0.0552260311045057
15.5193055909322 -0.0867188781635496
15.5363017830166 -0.118125281958909
15.553297975101 -0.149413935904261
15.5702941671854 -0.180553650788902
15.5872903592698 -0.211513385867818
15.6042865513543 -0.242262279803783
15.6212827434387 -0.272769681430603
15.6382789355231 -0.303005180306872
15.6552751276075 -0.33293863702976
15.672271319692 -0.362540213278623
15.6892675117764 -0.391780401558495
15.7062637038608 -0.420630054613786
15.7232598959452 -0.449060414482921
15.7402560880296 -0.47704314116489
15.7572522801141 -0.504550340869178
15.7742484721985 -0.531554593820901
15.7912446642829 -0.558028981593439
15.8082408563673 -0.583947113941305
15.8252370484518 -0.609283155106516
15.8422332405362 -0.63401184957224
15.8592294326206 -0.658108547238037
15.876225624705 -0.681549227991635
15.8932218167894 -0.704310525652671
15.9102180088739 -0.726369751264639
15.9272142009583 -0.74770491571171
15.9442103930427 -0.768294751637971
15.9612065851271 -0.788118734647193
15.9782027772116 -0.807157103761985
15.995198969296 -0.825390881121976
16.0121951613804 -0.84280189090135
16.0291913534648 -0.859372777426913
16.0461875455492 -0.875087022478593
16.0631837376337 -0.889928961755181
16.0801799297181 -0.903883800488822
16.0971761218025 -0.916937628192789
16.1141723138869 -0.929077432527729
16.1311685059714 -0.940291112272676
16.1481646980558 -0.950567489387784
16.1651608901402 -0.959896320156857
16.1821570822246 -0.968268305398506
16.199153274309 -0.975675099735773
16.2161494663935 -0.982109319914981
16.2331456584779 -0.987564552165523
16.2501418505623 -0.992035358593258
16.2671380426467 -0.995517282601106
16.2841342347312 -0.998006853331493
16.3011304268156 -0.999501589126174
16.3181266189 -1
16.3368321778683 -0.999501589126174
16.3555377368367 -0.998006853331493
16.374243295805 -0.995517282601106
16.3929488547734 -0.992035358593258
16.4116544137417 -0.987564552165524
16.4303599727101 -0.98210931991498
16.4490655316784 -0.975675099735774
16.4677710906467 -0.968268305398508
16.4864766496151 -0.959896320156857
16.5051822085834 -0.950567489387783
16.5238877675518 -0.940291112272675
16.5425933265201 -0.929077432527731
16.5612988854884 -0.916937628192789
16.5800044444568 -0.903883800488823
16.5987100034251 -0.88992896175518
16.6174155623935 -0.875087022478592
16.6361211213618 -0.859372777426913
16.6548266803301 -0.842801890901351
16.6735322392985 -0.825390881121976
16.6922377982668 -0.807157103761984
16.7109433572352 -0.788118734647194
16.7296489162035 -0.768294751637972
16.7483544751719 -0.747704915711709
16.7670600341402 -0.726369751264639
16.7857655931085 -0.70431052565267
16.8044711520769 -0.681549227991636
16.8231767110452 -0.658108547238038
16.8418822700136 -0.634011849572239
16.8605878289819 -0.609283155106515
16.8792933879502 -0.583947113941309
16.8979989469186 -0.558028981593442
16.9167045058869 -0.531554593820902
16.9354100648553 -0.504550340869177
16.9541156238236 -0.477043141164888
16.972821182792 -0.449060414482923
16.9915267417603 -0.420630054613786
17.0102323007286 -0.391780401558493
17.028937859697 -0.362540213278623
17.0476434186653 -0.332938637029759
17.0663489776337 -0.303005180306875
17.085054536602 -0.272769681430604
17.1037600955704 -0.242262279803783
17.1224656545387 -0.211513385867818
17.141171213507 -0.180553650788905
17.1598767724754 -0.149413935904263
17.1785823314437 -0.118125281958908
17.1972878904121 -0.0867188781635501
17.2159934493804 -0.0552260311045059
17.2346990083487 -0.0236781335366265
17.2534045673171 0.0078933669097122
17.2721101262854 0.0394569990762527
17.2908156852538 0.0709812996480171
17.3095212442221 0.102434844516616
17.3282268031905 0.133786280104477
17.3469323621588 0.165004354618799
17.3656379211271 0.196057949203978
17.3843434800955 0.226916108961592
17.4030490390638 0.257548073806894
17.4217545980322 0.287923309131165
17.4404601570005 0.318011536239238
17.4591657159688 0.347782762531983
17.4778712749372 0.377207311403578
17.4965768339055 0.406255851823787
17.5152823928739 0.434899427575792
17.5339879518422 0.463109486120348
17.5526935108106 0.490857907057595
17.5713990697789 0.51811703015808
17.5901046287472 0.544859682935069
17.6088101877156 0.571059207730694
17.6275157466839 0.596689488288856
17.6462213056523 0.621724975788497
17.6649268646206 0.646140714311212
17.6836324235889 0.669912365717854
17.7023379825573 0.693016233909332
17.7210435415256 0.715429288447372
17.739749100494 0.737129187511781
17.7584546594623 0.758094300171244
17.7771602184307 0.778303727945529
17.795865777399 0.797737325637519
17.8145713363673 0.8163757214144
17.8332768953357 0.834200336117916
17.851982454304 0.851193401784494
17.8706880132724 0.867337979356715
17.8893935722407 0.882617975568547
17.908099131209 0.897018158987465
17.9268046901774 0.910524175197461
17.9455102491457 0.92312256110786
17.9642158081141 0.934800758373598
17.9829213670824 0.945547125913668
18.0016269260508 0.955350951515196
18.0203324850191 0.964202462511611
18.0390380439874 0.972092835524257
18.0577436029558 0.979014205257715
18.0764491619241 0.984959672340111
18.0951547208925 0.989923310200557
18.1138602798608 0.993900170976888
18.1325658388291 0.996886290447793
18.1512713977975 0.998878691984444
18.1699769567658 0.999875389517657
18.1886825157342 0.999875389517657
18.2073880747025 0.998878691984444
18.2260936336709 0.996886290447793
18.2447991926392 0.993900170976888
18.2635047516075 0.989923310200557
18.2822103105759 0.984959672340111
18.3009158695442 0.979014205257715
18.3196214285126 0.972092835524257
18.3383269874809 0.964202462511611
18.3570325464492 0.955350951515194
18.3757381054176 0.945547125913668
18.3944436643859 0.934800758373598
18.4131492233543 0.92312256110786
18.4318547823226 0.910524175197464
18.450560341291 0.897018158987465
18.4692659002593 0.882617975568547
18.4879714592276 0.867337979356714
18.506677018196 0.851193401784494
18.5253825771643 0.834200336117916
18.5440881361327 0.8163757214144
18.562793695101 0.79773732563752
18.5814992540693 0.77830372794553
18.6002048130377 0.758094300171244
18.618910372006 0.737129187511781
18.6376159309744 0.715429288447372
18.6563214899427 0.693016233909332
18.6750270489111 0.669912365717854
18.6937326078794 0.646140714311208
18.7124381668477 0.621724975788497
18.7311437258161 0.596689488288856
18.7498492847844 0.571059207730694
18.7685548437528 0.544859682935069
18.7872604027211 0.51811703015808
18.8059659616894 0.490857907057595
18.8246715206578 0.463109486120348
18.8433770796261 0.434899427575792
18.8620826385945 0.406255851823787
18.8807881975628 0.377207311403579
18.8994937565312 0.347782762531983
18.9181993154995 0.318011536239238
18.9369048744678 0.287923309131166
18.9556104334362 0.2575480738069
18.9743159924045 0.226916108961592
18.9930215513729 0.196057949203979
19.0117271103412 0.165004354618799
19.0304326693095 0.133786280104478
19.0491382282779 0.10243484451661
19.0678437872462 0.070981299648018
19.0865493462146 0.0394569990762527
19.1052549051829 0.00789336690971289
19.1239604641513 -0.0236781335366265
19.1426660231196 -0.0552260311045057
19.1613715820879 -0.0867188781635496
19.1800771410563 -0.118125281958909
19.1987827000246 -0.149413935904262
19.217488258993 -0.180553650788906
19.2361938179613 -0.211513385867817
19.2548993769296 -0.242262279803783
19.273604935898 -0.272769681430603
19.2923104948663 -0.303005180306875
19.3110160538347 -0.332938637029759
19.329721612803 -0.362540213278623
19.3484271717714 -0.391780401558494
19.3671327307397 -0.420630054613785
19.385838289708 -0.449060414482922
19.4045438486764 -0.477043141164887
19.4232494076447 -0.504550340869177
19.4419549666131 -0.531554593820901
19.4606605255814 -0.558028981593442
19.4793660845497 -0.583947113941304
19.4980716435181 -0.609283155106515
19.5167772024864 -0.634011849572239
19.5354827614548 -0.658108547238038
19.5541883204231 -0.681549227991635
19.5728938793915 -0.70431052565267
19.5915994383598 -0.726369751264639
19.6103049973281 -0.747704915711709
19.6290105562965 -0.768294751637972
19.6477161152648 -0.78811873464719
19.6664216742332 -0.807157103761984
19.6851272332015 -0.825390881121976
19.7038327921698 -0.842801890901351
19.7225383511382 -0.859372777426913
19.7412439101065 -0.875087022478595
19.7599494690749 -0.88992896175518
19.7786550280432 -0.903883800488823
19.7973605870116 -0.916937628192789
19.8160661459799 -0.929077432527731
19.8347717049482 -0.940291112272675
19.8534772639166 -0.950567489387782
19.8721828228849 -0.959896320156857
19.8908883818533 -0.968268305398508
19.9095939408216 -0.975675099735774
19.9282994997899 -0.98210931991498
19.9470050587583 -0.987564552165524
19.9657106177266 -0.992035358593258
19.984416176695 -0.995517282601106
20.0031217356633 -0.998006853331493
20.0218272946317 -0.999501589126174
20.0405328536 -1
20.0589786228779 -0.999501589126174
20.0774243921558 -0.998006853331493
20.0958701614337 -0.995517282601106
20.1143159307116 -0.992035358593258
20.1327616999894 -0.987564552165524
20.1512074692673 -0.982109319914981
20.1696532385452 -0.975675099735774
20.1880990078231 -0.968268305398507
20.206544777101 -0.959896320156856
20.2249905463789 -0.950567489387782
20.2434363156568 -0.940291112272675
20.2618820849347 -0.92907743252773
20.2803278542126 -0.916937628192789
20.2987736234905 -0.903883800488824
20.3172193927683 -0.88992896175518
20.3356651620462 -0.875087022478594
20.3541109313241 -0.859372777426913
20.372556700602 -0.842801890901351
20.3910024698799 -0.825390881121977
20.4094482391578 -0.807157103761987
20.4278940084357 -0.788118734647194
20.4463397777136 -0.768294751637969
20.4647855469915 -0.747704915711707
20.4832313162693 -0.726369751264638
20.5016770855472 -0.704310525652671
20.5201228548251 -0.681549227991633
20.538568624103 -0.658108547238037
20.5570143933809 -0.634011849572239
20.5754601626588 -0.609283155106517
20.5939059319367 -0.583947113941307
20.6123517012146 -0.558028981593441
20.6307974704925 -0.531554593820903
20.6492432397703 -0.504550340869179
20.6676890090482 -0.477043141164892
20.6861347783261 -0.449060414482923
20.704580547604 -0.420630054613782
20.7230263168819 -0.391780401558491
20.7414720861598 -0.362540213278623
20.7599178554377 -0.33293863702976
20.7783636247156 -0.303005180306872
20.7968093939935 -0.272769681430603
20.8152551632714 -0.242262279803783
20.8337009325492 -0.211513385867819
20.8521467018271 -0.180553650788903
20.870592471105 -0.149413935904262
20.8890382403829 -0.118125281958909
20.9074840096608 -0.0867188781635527
20.9259297789387 -0.0552260311045106
20.9443755482166 -0.0236781335366268
20.9628213174945 0.0078933669097162
20.9812670867724 0.0394569990762551
20.9997128560503 0.070981299648018
21.0181586253281 0.102434844516615
21.036604394606 0.13378628010448
21.0550501638839 0.1650043546188
21.0734959331618 0.196057949203978
21.0919417024397 0.22691610896159
21.1103874717176 0.257548073806896
21.1288332409955 0.287923309131166
21.1472790102734 0.318011536239237
21.1657247795513 0.34778276253198
21.1841705488291 0.377207311403574
21.202616318107 0.406255851823787
21.2210620873849 0.43489942757579
21.2395078566628 0.46310948612035
21.2579536259407 0.490857907057595
21.2763993952186 0.518117030158079
21.2948451644965 0.544859682935072
21.3132909337744 0.571059207730696
21.3317367030523 0.596689488288856
21.3501824723302 0.621724975788495
21.368628241608 0.64614071431121
21.3870740108859 0.669912365717855
21.4055197801638 0.693016233909331
21.4239655494417 0.71542928844737
21.4424113187196 0.737129187511777
21.4608570879975 0.758094300171244
21.4793028572754 0.778303727945528
21.4977486265533 0.797737325637521
21.5161943958312 0.8163757214144
21.534640165109 0.834200336117918
21.5530859343869 0.851193401784495
21.5715317036648 0.867337979356715
21.5899774729427 0.882617975568547
21.6084232422206 0.897018158987464
21.6268690114985 0.910524175197462
21.6453147807764 0.923122561107861
21.6637605500543 0.934800758373598
21.6822063193322 0.945547125913667
21.70065208861 0.955350951515194
21.7190978578879 0.964202462511611
21.7375436271658 0.972092835524256
21.7559893964437 0.979014205257714
21.7744351657216 0.984959672340111
21.7928809349995 0.989923310200557
21.8113267042774 0.993900170976888
21.8297724735553 0.996886290447793
21.8482182428332 0.998878691984444
21.8666640121111 0.999875389517657
21.8851097813889 0.999875389517657
21.9035555506668 0.998878691984444
21.9220013199447 0.996886290447793
21.9404470892226 0.993900170976888
21.9588928585005 0.989923310200557
21.9773386277784 0.984959672340111
21.9957843970563 0.979014205257714
22.0142301663342 0.972092835524256
22.0326759356121 0.964202462511611
22.05112170489 0.955350951515194
22.0695674741678 0.945547125913667
22.0880132434457 0.934800758373598
22.1064590127236 0.923122561107861
22.1249047820015 0.910524175197462
22.1433505512794 0.897018158987464
22.1617963205573 0.882617975568547
22.1802420898352 0.867337979356715
22.1986878591131 0.851193401784495
22.217133628391 0.834200336117919
22.2355793976688 0.816375721414401
22.2540251669467 0.797737325637521
22.2724709362246 0.778303727945532
22.2909167055025 0.758094300171244
22.3093624747804 0.737129187511777
22.3278082440583 0.71542928844737
22.3462540133362 0.693016233909331
22.3646997826141 0.669912365717855
22.383145551892 0.646140714311209
22.4015913211698 0.621724975788495
22.4200370904477 0.596689488288856
22.4384828597256 0.571059207730696
22.4569286290035 0.544859682935072
22.4753743982814 0.518117030158079
22.4938201675593 0.490857907057596
22.5122659368372 0.463109486120351
22.5307117061151 0.434899427575791
22.549157475393 0.406255851823786
22.5676032446709 0.377207311403574
22.5860490139487 0.347782762531981
22.6044947832266 0.318011536239237
22.6229405525045 0.287923309131166
22.6413863217824 0.257548073806896
22.6598320910603 0.22691610896159
22.6782778603382 0.196057949203979
22.6967236296161 0.1650043546188
22.715169398894 0.133786280104481
22.7336151681719 0.102434844516615
22.7520609374497 0.070981299648018
22.7705067067276 0.0394569990762554
22.7889524760055 0.00789336690971644
22.8073982452834 -0.0236781335366265
22.8258440145613 -0.0552260311045101
22.8442897838392 -0.0867188781635523
22.8627355531171 -0.118125281958909
22.881181322395 -0.149413935904261
22.8996270916729 -0.180553650788903
22.9180728609508 -0.211513385867819
22.9365186302286 -0.242262279803783
22.9549643995065 -0.272769681430602
22.9734101687844 -0.303005180306871
22.9918559380623 -0.332938637029759
23.0103017073402 -0.362540213278622
23.0287474766181 -0.39178040155849
23.047193245896 -0.420630054613788
23.0656390151739 -0.449060414482922
23.0840847844518 -0.477043141164892
23.1025305537297 -0.504550340869178
23.1209763230075 -0.531554593820903
23.1394220922854 -0.558028981593441
23.1578678615633 -0.583947113941307
23.1763136308412 -0.609283155106517
23.1947594001191 -0.634011849572238
23.213205169397 -0.658108547238037
23.2316509386749 -0.681549227991633
23.2500967079528 -0.704310525652671
23.2685424772307 -0.726369751264638
23.2869882465085 -0.747704915711707
23.3054340157864 -0.768294751637969
23.3238797850643 -0.78811873464719
23.3423255543422 -0.807157103761987
23.3607713236201 -0.825390881121977
23.379217092898 -0.842801890901351
23.3976628621759 -0.859372777426913
23.4161086314538 -0.875087022478594
23.4345544007317 -0.889928961755181
23.4530001700095 -0.903883800488823
23.4714459392874 -0.916937628192789
23.4898917085653 -0.92907743252773
23.5083374778432 -0.940291112272675
23.5267832471211 -0.950567489387782
23.545229016399 -0.959896320156856
23.5636747856769 -0.968268305398507
23.5821205549548 -0.975675099735774
23.6005663242327 -0.982109319914981
23.6190120935106 -0.987564552165524
23.6374578627884 -0.992035358593258
23.6559036320663 -0.995517282601106
23.6743494013442 -0.998006853331493
23.6927951706221 -0.999501589126174
23.7112409399 -1
23.7196698237025 -0.999501589126174
23.728098707505 -0.998006853331493
23.7365275913075 -0.995517282601106
23.7449564751101 -0.992035358593258
23.7533853589126 -0.987564552165524
23.7618142427151 -0.982109319914981
23.7702431265176 -0.975675099735774
23.7786720103201 -0.968268305398508
23.7871008941226 -0.959896320156859
23.7955297779251 -0.950567489387785
23.8039586617276 -0.940291112272678
23.8123875455302 -0.929077432527728
23.8208164293327 -0.916937628192787
23.8292453131352 -0.903883800488821
23.8376741969377 -0.889928961755178
23.8461030807402 -0.875087022478592
23.8545319645427 -0.85937277742691
23.8629608483452 -0.842801890901349
23.8713897321477 -0.825390881121975
23.8798186159503 -0.807157103761985
23.8882474997528 -0.788118734647192
23.8966763835553 -0.768294751637971
23.9051052673578 -0.747704915711709
23.9135341511603 -0.72636975126464
23.9219630349628 -0.704310525652673
23.9303919187653 -0.681549227991636
23.9388208025678 -0.65810854723804
23.9472496863704 -0.634011849572241
23.9556785701729 -0.60928315510652
23.9641074539754 -0.58394711394131
23.9725363377779 -0.558028981593445
23.9809652215804 -0.531554593820907
23.9893941053829 -0.504550340869183
23.9978229891854 -0.477043141164884
24.0062518729879 -0.449060414482915
24.0146807567905 -0.42063005461378
24.023109640593 -0.391780401558489
24.0315385243955 -0.362540213278621
24.039967408198 -0.332938637029758
24.0483962920005 -0.30300518030687
24.056825175803 -0.272769681430601
24.0652540596055 -0.242262279803782
24.073682943408 -0.211513385867818
24.0821118272106 -0.180553650788902
24.0905407110131 -0.149413935904262
24.0989695948156 -0.118125281958909
24.1073984786181 -0.0867188781635525
24.1158273624206 -0.0552260311045106
24.1242562462231 -0.0236781335366268
24.1326851300256 0.00789336690970976
24.1411140138281 0.0394569990762485
24.1495428976307 0.0709812996480114
24.1579717814332 0.102434844516608
24.1664006652357 0.133786280104473
24.1748295490382 0.165004354618793
24.1832584328407 0.196057949203984
24.1916873166432 0.226916108961596
24.2001162004457 0.257548073806901
24.2085450842482 0.28792330913117
24.2169739680508 0.318011536239242
24.2254028518533 0.347782762531985
24.2338317356558 0.377207311403578
24.2422606194583 0.406255851823791
24.2506895032608 0.434899427575794
24.2591183870633 0.463109486120348
24.2675472708658 0.490857907057594
24.2759761546683 0.518117030158077
24.2844050384709 0.544859682935069
24.2928339222734 0.571059207730693
24.3012628060759 0.596689488288854
24.3096916898784 0.621724975788493
24.3181205736809 0.646140714311207
24.3265494574834 0.669912365717852
24.3349783412859 0.693016233909328
24.3434072250884 0.715429288447368
24.351836108891 0.737129187511775
24.3602649926935 0.758094300171241
24.368693876496 0.778303727945534
24.3771227602985 0.797737325637523
24.385551644101 0.816375721414402
24.3939805279035 0.83420033611792
24.402409411706 0.851193401784497
24.4108382955085 0.867337979356716
24.4192671793111 0.882617975568548
24.4276960631136 0.897018158987465
24.4361249469161 0.910524175197463
24.4445538307186 0.923122561107861
24.4529827145211 0.934800758373598
24.4614115983236 0.945547125913667
24.4698404821261 0.955350951515194
24.4782693659286 0.964202462511611
24.4866982497312 0.972092835524257
24.4951271335337 0.979014205257714
24.5035560173362 0.98495967234011
24.5119849011387 0.989923310200557
24.5204137849412 0.993900170976887
24.5288426687437 0.996886290447793
24.5372715525462 0.998878691984443
24.5457004363487 0.999875389517657
24.5541293201513 0.999875389517657
24.5625582039538 0.998878691984443
24.5709870877563 0.996886290447793
24.5794159715588 0.993900170976887
24.5878448553613 0.989923310200557
24.5962737391638 0.98495967234011
24.6047026229663 0.979014205257714
24.6131315067688 0.972092835524257
24.6215603905714 0.964202462511611
24.6299892743739 0.955350951515194
24.6384181581764 0.945547125913667
24.6468470419789 0.934800758373598
24.6552759257814 0.923122561107861
24.6637048095839 0.910524175197463
24.6721336933864 0.897018158987465
24.6805625771889 0.882617975568548
24.6889914609915 0.867337979356716
24.697420344794 0.851193401784497
24.7058492285965 0.83420033611792
24.714278112399 0.816375721414402
24.7227069962015 0.797737325637523
24.731135880004 0.778303727945534
24.7395647638065 0.758094300171241
24.747993647609 0.737129187511775
24.7564225314116 0.715429288447368
24.7648514152141 0.693016233909329
24.7732802990166 0.669912365717852
24.7817091828191 0.646140714311207
24.7901380666216 0.621724975788493
24.7985669504241 0.596689488288854
24.8069958342266 0.571059207730694
24.8154247180291 0.54485968293507
24.8238536018317 0.518117030158077
24.8322824856342 0.490857907057594
24.8407113694367 0.463109486120348
24.8491402532392 0.434899427575795
24.8575691370417 0.406255851823791
24.8659980208442 0.377207311403579
24.8744269046467 0.347782762531986
24.8828557884492 0.318011536239242
24.8912846722518 0.287923309131171
24.8997135560543 0.257548073806902
24.9081424398568 0.226916108961596
24.9165713236593 0.196057949203984
24.9250002074618 0.165004354618806
24.9334290912643 0.133786280104473
24.9418579750668 0.102434844516608
24.9502868588693 0.0709812996480118
24.9587157426719 0.0394569990762492
24.9671446264744 0.00789336690970934
24.9755735102769 -0.0236781335366265
24.9840023940794 -0.0552260311045101
24.9924312778819 -0.0867188781635531
25.0008601616844 -0.118125281958909
25.0092890454869 -0.149413935904261
25.0177179292894 -0.180553650788902
25.026146813092 -0.211513385867818
25.0345756968945 -0.242262279803782
25.043004580697 -0.272769681430601
25.0514334644995 -0.30300518030687
25.059862348302 -0.332938637029758
25.0682912321045 -0.362540213278621
25.076720115907 -0.391780401558489
25.0851489997095 -0.42063005461378
25.0935778835121 -0.449060414482916
25.1020067673146 -0.477043141164884
25.1104356511171 -0.504550340869183
25.1188645349196 -0.531554593820906
25.1272934187221 -0.558028981593444
25.1357223025246 -0.583947113941309
25.1441511863271 -0.60928315510652
25.1525800701296 -0.634011849572242
25.1610089539322 -0.65810854723804
25.1694378377347 -0.681549227991635
25.1778667215372 -0.704310525652673
25.1862956053397 -0.72636975126464
25.1947244891422 -0.747704915711709
25.2031533729447 -0.768294751637971
25.2115822567472 -0.788118734647192
25.2200111405497 -0.807157103761984
25.2284400243523 -0.825390881121975
25.2368689081548 -0.842801890901349
25.2452977919573 -0.859372777426911
25.2537266757598 -0.875087022478592
25.2621555595623 -0.889928961755179
25.2705844433648 -0.903883800488821
25.2790133271673 -0.916937628192786
25.2874422109699 -0.929077432527733
25.2958710947724 -0.940291112272673
25.3042999785749 -0.950567489387785
25.3127288623774 -0.959896320156859
25.3211577461799 -0.968268305398508
25.3295866299824 -0.975675099735775
25.3380155137849 -0.982109319914981
25.3464443975874 -0.987564552165524
25.3548732813899 -0.992035358593258
25.3633021651925 -0.995517282601106
25.371731048995 -0.998006853331493
25.3801599327975 -0.999501589126174
25.3885888166 -1
25.3966863602352 -0.999501589126174
25.4047839038703 -0.998006853331494
25.4128814475055 -0.995517282601106
25.4209789911407 -0.992035358593257
25.4290765347759 -0.987564552165524
25.4371740784111 -0.98210931991498
25.4452716220462 -0.975675099735772
25.4533691656814 -0.968268305398508
25.4614667093166 -0.959896320156857
25.4695642529518 -0.950567489387781
25.4776617965869 -0.940291112272676
25.4857593402221 -0.92907743252773
25.4938568838573 -0.916937628192791
25.5019544274925 -0.903883800488824
25.5100519711276 -0.889928961755179
25.5181495147628 -0.875087022478597
25.526247058398 -0.859372777426913
25.5343446020332 -0.842801890901349
25.5424421456683 -0.825390881121979
25.5505396893035 -0.807157103761986
25.5586372329387 -0.78811873464719
25.5667347765739 -0.768294751637974
25.574832320209 -0.747704915711709
25.5829298638442 -0.726369751264636
25.5910274074794 -0.704310525652675
25.5991249511146 -0.681549227991634
25.6072224947497 -0.658108547238034
25.6153200383849 -0.634011849572242
25.6234175820201 -0.609283155106516
25.6315151256553 -0.583947113941302
25.6396126692905 -0.558028981593443
25.6477102129256 -0.5315545938209
25.6558077565608 -0.504550340869172
25.663905300196 -0.477043141164892
25.6720028438312 -0.449060414482919
25.6801003874663 -0.420630054613778
25.6881979311015 -0.391780401558495
25.6962954747367 -0.362540213278622
25.7043930183719 -0.332938637029767
25.712490562007 -0.303005180306875
25.7205881056422 -0.2727696814306
25.7286856492774 -0.242262279803789
25.7367831929126 -0.21151338586782
25.7448807365477 -0.180553650788899
25.7529782801829 -0.149413935904266
25.7610758238181 -0.118125281958909
25.7691733674533 -0.0867188781635467
25.7772709110884 -0.055226031104513
25.7853684547236 -0.0236781335366241
25.7934659983588 0.00789336690971775
25.801563541994 0.0394569990762483
25.8096610856291 0.0709812996480162
25.8177586292643 0.102434844516618
25.8258561728995 0.133786280104475
25.8339537165347 0.1650043546188
25.8420512601698 0.196057949203984
25.850148803805 0.226916108961587
25.8582463474402 0.257548073806898
25.8663438910754 0.287923309131173
25.8744414347106 0.318011536239236
25.8825389783457 0.347782762531984
25.8906365219809 0.37720731140357
25.8987340656161 0.406255851823787
25.9068316092513 0.434899427575795
25.9149291528864 0.463109486120342
25.9230266965216 0.490857907057592
25.9311242401568 0.51811703015808
25.939221783792 0.544859682935065
25.9473193274271 0.571059207730694
25.9554168710623 0.596689488288859
25.9635144146975 0.621724975788491
25.9716119583327 0.646140714311209
25.9797095019678 0.669912365717859
25.987807045603 0.693016233909328
25.9959045892382 0.715429288447371
26.0040021328734 0.737129187511782
26.0120996765085 0.758094300171243
26.0201972201437 0.77830372794553
26.0282947637789 0.797737325637523
26.0363923074141 0.816375721414397
26.0444898510492 0.834200336117918
26.0525873946844 0.851193401784498
26.0606849383196 0.867337979356713
26.0687824819548 0.882617975568548
26.07688002559 0.897018158987466
26.0849775692251 0.910524175197461
26.0930751128603 0.923122561107862
26.1011726564955 0.934800758373601
26.1092702001307 0.945547125913666
26.1173677437658 0.955350951515196
26.125465287401 0.96420246251161
26.1335628310362 0.972092835524257
26.1416603746714 0.979014205257715
26.1497579183065 0.98495967234011
26.1578554619417 0.989923310200557
26.1659530055769 0.993900170976888
26.1740505492121 0.996886290447793
26.1821480928472 0.998878691984444
26.1902456364824 0.999875389517657
26.1983431801176 0.999875389517657
26.2064407237528 0.998878691984444
26.2145382673879 0.996886290447793
26.2226358110231 0.993900170976888
26.2307333546583 0.989923310200557
26.2388308982935 0.98495967234011
26.2469284419286 0.979014205257715
26.2550259855638 0.972092835524257
26.263123529199 0.96420246251161
26.2712210728342 0.955350951515196
26.2793186164693 0.945547125913667
26.2874161601045 0.934800758373601
26.2955137037397 0.923122561107862
26.3036112473749 0.910524175197461
26.31170879101 0.897018158987467
26.3198063346452 0.882617975568548
26.3279038782804 0.867337979356713
26.3360014219156 0.851193401784498
26.3440989655508 0.834200336117918
26.3521965091859 0.816375721414397
26.3602940528211 0.797737325637523
26.3683915964563 0.77830372794553
26.3764891400915 0.758094300171243
26.3845866837266 0.737129187511782
26.3926842273618 0.715429288447371
26.400781770997 0.693016233909329
26.4088793146322 0.669912365717858
26.4169768582673 0.646140714311209
26.4250744019025 0.621724975788491
26.4331719455377 0.596689488288859
26.4412694891729 0.571059207730694
26.449367032808 0.544859682935066
26.4574645764432 0.51811703015808
26.4655621200784 0.490857907057592
26.4736596637136 0.463109486120342
26.4817572073487 0.434899427575796
26.4898547509839 0.406255851823787
26.4979522946191 0.37720731140357
26.5060498382543 0.347782762531985
26.5141473818894 0.318011536239235
26.5222449255246 0.287923309131173
26.5303424691598 0.257548073806898
26.538440012795 0.226916108961587
26.5465375564301 0.196057949203984
26.5546351000653 0.165004354618801
26.5627326437005 0.133786280104476
26.5708301873357 0.102434844516619
26.5789277309709 0.0709812996480162
26.587025274606 0.0394569990762483
26.5951228182412 0.00789336690971822
26.6032203618764 -0.0236781335366239
26.6113179055116 -0.0552260311045128
26.6194154491467 -0.0867188781635469
26.6275129927819 -0.118125281958908
26.6356105364171 -0.149413935904267
26.6437080800523 -0.180553650788899
26.6518056236874 -0.21151338586782
26.6599031673226 -0.242262279803789
26.6680007109578 -0.2727696814306
26.676098254593 -0.303005180306874
26.6841957982281 -0.332938637029754
26.6922933418633 -0.362540213278621
26.7003908854985 -0.391780401558495
26.7084884291337 -0.420630054613778
26.7165859727688 -0.449060414482918
26.724683516404 -0.477043141164892
26.7327810600392 -0.504550340869172
26.7408786036744 -0.531554593820901
26.7489761473095 -0.558028981593443
26.7570736909447 -0.583947113941302
26.7651712345799 -0.609283155106516
26.7732687782151 -0.634011849572241
26.7813663218502 -0.658108547238034
26.7894638654854 -0.681549227991633
26.7975614091206 -0.704310525652675
26.8056589527558 -0.726369751264636
26.813756496391 -0.747704915711709
26.8218540400261 -0.768294751637974
26.8299515836613 -0.78811873464719
26.8380491272965 -0.807157103761986
26.8461466709317 -0.825390881121979
26.8542442145668 -0.842801890901349
26.862341758202 -0.859372777426913
26.8704393018372 -0.875087022478597
26.8785368454724 -0.889928961755179
26.8866343891075 -0.903883800488824
26.8947319327427 -0.916937628192791
26.9028294763779 -0.92907743252773
26.9109270200131 -0.940291112272676
26.9190245636482 -0.950567489387785
26.9271221072834 -0.959896320156856
26.9352196509186 -0.968268305398508
26.9433171945538 -0.975675099735772
26.9514147381889 -0.98210931991498
26.9595122818241 -0.987564552165524
26.9676098254593 -0.992035358593257
26.9757073690945 -0.995517282601106
26.9838049127296 -0.998006853331494
26.9919024563648 -0.999501589126174
27 -1
