0 -1
0.0155082302291457 -0.999501589126174
0.0310164604582915 -0.998006853331493
0.0465246906874372 -0.995517282601106
0.0620329209165829 -0.992035358593258
0.0775411511457286 -0.987564552165524
0.0930493813748744 -0.98210931991498
0.10855761160402 -0.975675099735774
0.124065841833166 -0.968268305398507
0.139574072062312 -0.959896320156857
0.155082302291457 -0.950567489387783
0.170590532520603 -0.940291112272676
0.186098762749749 -0.929077432527731
0.201606992978894 -0.916937628192789
0.21711522320804 -0.903883800488824
0.232623453437186 -0.88992896175518
0.248131683666332 -0.875087022478594
0.263639913895477 -0.859372777426912
0.279148144124623 -0.842801890901351
0.294656374353769 -0.825390881121976
0.310164604582915 -0.807157103761985
0.32567283481206 -0.788118734647192
0.341181065041206 -0.768294751637971
0.356689295270352 -0.747704915711709
0.372197525499497 -0.726369751264639
0.387705755728643 -0.704310525652672
0.403213985957789 -0.681549227991634
0.418722216186935 -0.658108547238038
0.43423044641608 -0.634011849572239
0.449738676645226 -0.609283155106517
0.465246906874372 -0.583947113941306
0.480755137103518 -0.55802898159344
0.496263367332663 -0.531554593820901
0.511771597561809 -0.504550340869177
0.527279827790955 -0.47704314116489
0.542788058020101 -0.44906041448292
0.558296288249246 -0.420630054613784
0.573804518478392 -0.391780401558493
0.589312748707538 -0.362540213278625
0.604820978936683 -0.332938637029761
0.620329209165829 -0.303005180306873
0.635837439394975 -0.272769681430603
0.651345669624121 -0.242262279803783
0.666853899853266 -0.211513385867819
0.682362130082412 -0.180553650788902
0.697870360311558 -0.149413935904261
0.713378590540703 -0.118125281958908
0.728886820769849 -0.0867188781635507
0.744395050998995 -0.0552260311045084
0.759903281228141 -0.0236781335366241
0.775411511457286 0.00789336690971331
0.790919741686432 0.0394569990762527
0.806427971915578 0.070981299648016
0.821936202144724 0.102434844516613
0.837444432373869 0.133786280104479
0.852952662603015 0.165004354618799
0.868460892832161 0.196057949203978
0.883969123061306 0.22691610896159
0.899477353290452 0.257548073806896
0.914985583519598 0.287923309131166
0.930493813748744 0.318011536239238
0.946002043977889 0.347782762531982
0.961510274207035 0.377207311403576
0.977018504436181 0.406255851823789
0.992526734665327 0.434899427575793
1.00803496489447 0.463109486120348
1.02354319512362 0.490857907057594
1.03905142535276 0.518117030158078
1.05455965558191 0.54485968293507
1.07006788581106 0.571059207730695
1.0855761160402 0.596689488288856
1.10108434626935 0.621724975788495
1.11659257649849 0.64614071431121
1.13210080672764 0.669912365717855
1.14760903695678 0.693016233909332
1.16311726718593 0.715429288447372
1.17862549741508 0.737129187511779
1.19413372764422 0.758094300171246
1.20964195787337 0.77830372794553
1.22515018810251 0.797737325637519
1.24065841833166 0.816375721414399
1.2561666485608 0.834200336117917
1.27167487878995 0.851193401784495
1.2871831090191 0.867337979356715
1.30269133924824 0.882617975568547
1.31819956947739 0.897018158987464
1.33370779970653 0.910524175197462
1.34921602993568 0.923122561107861
1.36472426016482 0.934800758373598
1.38023249039397 0.945547125913667
1.39574072062312 0.955350951515195
1.41124895085226 0.964202462511612
1.42675718108141 0.972092835524257
1.44226541131055 0.979014205257714
1.4577736415397 0.984959672340111
1.47328187176884 0.989923310200557
1.48879010199799 0.993900170976888
1.50429833222714 0.996886290447793
1.51980656245628 0.998878691984444
1.53531479268543 0.999875389517657
1.55082302291457 0.999875389517657
1.56633125314372 0.998878691984444
1.58183948337286 0.996886290447793
1.59734771360201 0.993900170976888
1.61285594383116 0.989923310200557
1.6283641740603 0.98495967234011
1.64387240428945 0.979014205257715
1.65938063451859 0.972092835524257
1.67488886474774 0.964202462511612
1.69039709497688 0.955350951515195
1.70590532520603 0.945547125913667
1.72141355543518 0.934800758373598
1.73692178566432 0.923122561107861
1.75243001589347 0.910524175197462
1.76793824612261 0.897018158987464
1.78344647635176 0.882617975568547
1.7989547065809 0.867337979356715
1.81446293681005 0.851193401784494
1.8299711670392 0.834200336117918
1.84547939726834 0.816375721414399
1.86098762749749 0.797737325637519
1.87649585772663 0.77830372794553
1.89200408795578 0.758094300171246
1.90751231818492 0.737129187511779
1.92302054841407 0.715429288447371
1.93852877864322 0.693016233909332
1.95403700887236 0.669912365717855
1.96954523910151 0.64614071431121
1.98505346933065 0.621724975788495
2.0005616995598 0.596689488288856
2.01606992978894 0.571059207730694
2.03157816001809 0.54485968293507
2.04708639024724 0.518117030158078
2.06259462047638 0.490857907057594
2.07810285070553 0.463109486120348
2.09361108093467 0.434899427575793
2.10911931116382 0.40625585182379
2.12462754139296 0.377207311403577
2.14013577162211 0.347782762531982
2.15564400185126 0.318011536239239
2.1711522320804 0.287923309131166
2.18666046230955 0.257548073806897
2.20216869253869 0.22691610896159
2.21767692276784 0.196057949203978
2.23318515299699 0.165004354618799
2.24869338322613 0.133786280104479
2.26420161345528 0.102434844516614
2.27970984368442 0.0709812996480162
2.29521807391357 0.0394569990762527
2.31072630414271 0.00789336690971289
2.32623453437186 -0.0236781335366247
2.341742764601 -0.0552260311045075
2.35725099483015 -0.0867188781635505
2.3727592250593 -0.118125281958908
2.38826745528844 -0.149413935904261
2.40377568551759 -0.180553650788902
2.41928391574673 -0.211513385867818
2.43479214597588 -0.242262279803783
2.45030037620503 -0.272769681430603
2.46580860643417 -0.303005180306873
2.48131683666332 -0.332938637029761
2.49682506689246 -0.362540213278624
2.51233329712161 -0.391780401558493
2.52784152735075 -0.420630054613784
2.5433497575799 -0.44906041448292
2.55885798780904 -0.47704314116489
2.57436621803819 -0.504550340869177
2.58987444826734 -0.531554593820902
2.60538267849648 -0.55802898159344
2.62089090872563 -0.583947113941305
2.63639913895477 -0.609283155106517
2.65190736918392 -0.634011849572238
2.66741559941307 -0.658108547238038
2.68292382964221 -0.681549227991634
2.69843205987136 -0.704310525652672
2.7139402901005 -0.726369751264639
2.72944852032965 -0.747704915711709
2.74495675055879 -0.768294751637971
2.76046498078794 -0.788118734647192
2.77597321101709 -0.807157103761985
2.79148144124623 -0.825390881121976
2.80698967147538 -0.842801890901351
2.82249790170452 -0.859372777426912
2.83800613193367 -0.875087022478594
2.85351436216281 -0.88992896175518
2.86902259239196 -0.903883800488824
2.88453082262111 -0.916937628192789
2.90003905285025 -0.92907743252773
2.9155472830794 -0.940291112272676
2.93105551330854 -0.950567489387782
2.94656374353769 -0.959896320156857
2.96207197376683 -0.968268305398507
2.97758020399598 -0.975675099735773
2.99308843422513 -0.98210931991498
3.00859666445427 -0.987564552165524
3.02410489468342 -0.992035358593258
3.03961312491256 -0.995517282601106
3.05512135514171 -0.998006853331493
3.07062958537085 -0.999501589126174
3.0861378156 -1
3.0919664644392 -0.999501589126174
3.09779511327839 -0.998006853331493
3.10362376211759 -0.995517282601106
3.10945241095678 -0.992035358593258
3.11528105979598 -0.987564552165524
3.12110970863518 -0.982109319914981
3.12693835747437 -0.975675099735773
3.13276700631357 -0.968268305398507
3.13859565515276 -0.959896320156857
3.14442430399196 -0.950567489387783
3.15025295283116 -0.940291112272675
3.15608160167035 -0.92907743252773
3.16191025050955 -0.916937628192789
3.16773889934874 -0.903883800488824
3.17356754818794 -0.88992896175518
3.17939619702714 -0.875087022478593
3.18522484586633 -0.859372777426912
3.19105349470553 -0.842801890901351
3.19688214354472 -0.825390881121976
3.20271079238392 -0.807157103761985
3.20853944122312 -0.788118734647193
3.21436809006231 -0.768294751637971
3.22019673890151 -0.747704915711708
3.2260253877407 -0.726369751264639
3.2318540365799 -0.704310525652672
3.2376826854191 -0.681549227991634
3.24351133425829 -0.658108547238039
3.24933998309749 -0.634011849572238
3.25516863193668 -0.609283155106517
3.26099728077588 -0.583947113941307
3.26682592961508 -0.558028981593439
3.27265457845427 -0.531554593820901
3.27848322729347 -0.504550340869177
3.28431187613266 -0.47704314116489
3.29014052497186 -0.449060414482921
3.29596917381106 -0.420630054613784
3.30179782265025 -0.391780401558493
3.30762647148945 -0.362540213278625
3.31345512032864 -0.332938637029762
3.31928376916784 -0.303005180306872
3.32511241800704 -0.272769681430603
3.33094106684623 -0.242262279803784
3.33676971568543 -0.21151338586782
3.34259836452462 -0.180553650788901
3.34842701336382 -0.149413935904261
3.35425566220301 -0.118125281958908
3.36008431104221 -0.0867188781635518
3.36591295988141 -0.0552260311045071
3.3717416087206 -0.0236781335366237
3.3775702575598 0.00789336690971309
3.38339890639899 0.039456999076252
3.38922755523819 0.0709812996480169
3.39505620407739 0.102434844516614
3.40088485291658 0.133786280104479
3.40671350175578 0.165004354618798
3.41254215059497 0.196057949203976
3.41837079943417 0.226916108961591
3.42419944827337 0.257548073806896
3.43002809711256 0.287923309131166
3.43585674595176 0.318011536239237
3.44168539479095 0.347782762531983
3.44751404363015 0.377207311403576
3.45334269246935 0.406255851823789
3.45917134130854 0.434899427575792
3.46499999014774 0.463109486120348
3.47082863898693 0.490857907057594
3.47665728782613 0.518117030158077
3.48248593666533 0.54485968293507
3.48831458550452 0.571059207730696
3.49414323434372 0.596689488288856
3.49997188318291 0.621724975788495
3.50580053202211 0.646140714311211
3.51162918086131 0.669912365717856
3.5174578297005 0.693016233909332
3.5232864785397 0.715429288447371
3.52911512737889 0.737129187511778
3.53494377621809 0.758094300171244
3.54077242505729 0.77830372794553
3.54660107389648 0.797737325637519
3.55242972273568 0.816375721414399
3.55825837157487 0.834200336117918
3.56408702041407 0.851193401784495
3.56991566925327 0.867337979356715
3.57574431809246 0.882617975568546
3.58157296693166 0.897018158987463
3.58740161577085 0.910524175197462
3.59323026461005 0.923122561107861
3.59905891344925 0.934800758373598
3.60488756228844 0.945547125913668
3.61071621112764 0.955350951515195
3.61654485996683 0.964202462511612
3.62237350880603 0.972092835524257
3.62820215764523 0.979014205257714
3.63403080648442 0.984959672340111
3.63985945532362 0.989923310200557
3.64568810416281 0.993900170976888
3.65151675300201 0.996886290447793
3.65734540184121 0.998878691984444
3.6631740506804 0.999875389517657
3.6690026995196 0.999875389517657
3.67483134835879 0.998878691984444
3.68065999719799 0.996886290447793
3.68648864603719 0.993900170976888
3.69231729487638 0.989923310200557
3.69814594371558 0.98495967234011
3.70397459255477 0.979014205257714
3.70980324139397 0.972092835524257
3.71563189023317 0.964202462511612
3.72146053907236 0.955350951515195
3.72728918791156 0.945547125913668
3.73311783675075 0.934800758373598
3.73894648558995 0.923122561107861
3.74477513442915 0.910524175197462
3.75060378326834 0.897018158987463
3.75643243210754 0.882617975568547
3.76226108094673 0.867337979356715
3.76808972978593 0.851193401784495
3.77391837862513 0.834200336117918
3.77974702746432 0.816375721414399
3.78557567630352 0.79773732563752
3.79140432514271 0.77830372794553
3.79723297398191 0.758094300171246
3.80306162282111 0.737129187511778
3.8088902716603 0.715429288447371
3.8147189204995 0.693016233909332
3.82054756933869 0.669912365717856
3.82637621817789 0.646140714311211
3.83220486701709 0.621724975788495
3.83803351585628 0.596689488288856
3.84386216469548 0.571059207730696
3.84969081353467 0.54485968293507
3.85551946237387 0.518117030158077
3.86134811121306 0.490857907057594
3.86717676005226 0.463109486120349
3.87300540889146 0.434899427575795
3.87883405773065 0.406255851823789
3.88466270656985 0.377207311403576
3.89049135540904 0.347782762531983
3.89632000424824 0.318011536239238
3.90214865308744 0.287923309131166
3.90797730192663 0.257548073806896
3.91380595076583 0.22691610896159
3.91963459960502 0.19605794920398
3.92546324844422 0.165004354618799
3.93129189728342 0.133786280104479
3.93712054612261 0.102434844516614
3.94294919496181 0.0709812996480171
3.948777843801 0.0394569990762527
3.9546064926402 0.00789336690971378
3.9604351414794 -0.0236781335366239
3.96626379031859 -0.0552260311045075
3.97209243915779 -0.0867188781635487
3.97792108799698 -0.118125281958908
3.98374973683618 -0.14941393590426
3.98957838567538 -0.180553650788904
3.99540703451457 -0.21151338586782
4.00123568335377 -0.242262279803783
4.00706433219296 -0.272769681430602
4.01289298103216 -0.303005180306871
4.01872162987136 -0.33293863702976
4.02455027871055 -0.362540213278627
4.03037892754975 -0.39178040155849
4.03620757638894 -0.420630054613785
4.04203622522814 -0.449060414482921
4.04786487406734 -0.47704314116489
4.05369352290653 -0.504550340869177
4.05952217174573 -0.531554593820901
4.06535082058492 -0.558028981593439
4.07117946942412 -0.583947113941305
4.07700811826332 -0.609283155106519
4.08283676710251 -0.63401184957224
4.08866541594171 -0.658108547238038
4.0944940647809 -0.681549227991635
4.1003227136201 -0.704310525652672
4.1061513624593 -0.726369751264639
4.11198001129849 -0.747704915711708
4.11780866013769 -0.768294751637969
4.12363730897688 -0.788118734647191
4.12946595781608 -0.807157103761986
4.13529460665528 -0.825390881121977
4.14112325549447 -0.842801890901351
4.14695190433367 -0.859372777426912
4.15278055317286 -0.875087022478593
4.15860920201206 -0.88992896175518
4.16443785085126 -0.903883800488823
4.17026649969045 -0.916937628192788
4.17609514852965 -0.929077432527729
4.18192379736884 -0.940291112272676
4.18775244620804 -0.950567489387783
4.19358109504724 -0.959896320156857
4.19940974388643 -0.968268305398507
4.20523839272563 -0.975675099735773
4.21106704156482 -0.98210931991498
4.21689569040402 -0.987564552165523
4.22272433924322 -0.992035358593258
4.22855298808241 -0.995517282601106
4.23438163692161 -0.998006853331493
4.2402102857608 -0.999501589126174
4.2460389346 -1
4.26427631189548 -0.999501589126174
4.28251368919095 -0.998006853331493
4.30075106648643 -0.995517282601106
4.31898844378191 -0.992035358593258
4.33722582107739 -0.987564552165524
4.35546319837286 -0.98210931991498
4.37370057566834 -0.975675099735774
4.39193795296382 -0.968268305398507
4.4101753302593 -0.959896320156857
4.42841270755477 -0.950567489387783
4.44665008485025 -0.940291112272675
4.46488746214573 -0.929077432527731
4.48312483944121 -0.916937628192789
4.50136221673668 -0.903883800488823
4.51959959403216 -0.88992896175518
4.53783697132764 -0.875087022478594
4.55607434862312 -0.859372777426912
4.57431172591859 -0.842801890901351
4.59254910321407 -0.825390881121976
4.61078648050955 -0.807157103761985
4.62902385780502 -0.788118734647193
4.6472612351005 -0.768294751637971
4.66549861239598 -0.747704915711709
4.68373598969146 -0.726369751264639
4.70197336698693 -0.704310525652673
4.72021074428241 -0.681549227991634
4.73844812157789 -0.658108547238038
4.75668549887337 -0.634011849572239
4.77492287616884 -0.609283155106516
4.79316025346432 -0.583947113941307
4.8113976307598 -0.55802898159344
4.82963500805528 -0.531554593820901
4.84787238535075 -0.504550340869177
4.86610976264623 -0.47704314116489
4.88434713994171 -0.449060414482921
4.90258451723719 -0.420630054613784
4.92082189453266 -0.391780401558493
4.93905927182814 -0.362540213278624
4.95729664912362 -0.332938637029762
4.9755340264191 -0.303005180306873
4.99377140371457 -0.272769681430603
5.01200878101005 -0.242262279803783
5.03024615830553 -0.21151338586782
5.048483535601 -0.180553650788903
5.06672091289648 -0.149413935904261
5.08495829019196 -0.118125281958908
5.10319566748744 -0.0867188781635503
5.12143304478291 -0.0552260311045086
5.13967042207839 -0.0236781335366243
5.15790779937387 0.00789336690971331
5.17614517666935 0.0394569990762531
5.19438255396482 0.0709812996480151
5.2126199312603 0.102434844516613
5.23085730855578 0.133786280104479
5.24909468585126 0.165004354618799
5.26733206314673 0.196057949203978
5.28556944044221 0.226916108961591
5.30380681773769 0.257548073806896
5.32204419503317 0.287923309131167
5.34028157232864 0.318011536239239
5.35851894962412 0.347782762531982
5.3767563269196 0.377207311403575
5.39499370421508 0.406255851823789
5.41323108151055 0.434899427575793
5.43146845880603 0.463109486120348
5.44970583610151 0.490857907057593
5.46794321339698 0.518117030158077
5.48618059069246 0.54485968293507
5.50441796798794 0.571059207730695
5.52265534528342 0.596689488288855
5.54089272257889 0.621724975788495
5.55913009987437 0.64614071431121
5.57736747716985 0.669912365717855
5.59560485446533 0.693016233909332
5.6138422317608 0.715429288447372
5.63207960905628 0.737129187511779
5.65031698635176 0.758094300171246
5.66855436364724 0.77830372794553
5.68679174094271 0.797737325637519
5.70502911823819 0.816375721414399
5.72326649553367 0.834200336117917
5.74150387282915 0.851193401784495
5.75974125012462 0.867337979356715
5.7779786274201 0.882617975568546
5.79621600471558 0.897018158987463
5.81445338201106 0.910524175197462
5.83269075930653 0.92312256110786
5.85092813660201 0.934800758373599
5.86916551389749 0.945547125913667
5.88740289119296 0.955350951515195
5.90564026848844 0.964202462511612
5.92387764578392 0.972092835524257
5.9421150230794 0.979014205257715
5.96035240037487 0.98495967234011
5.97858977767035 0.989923310200557
5.99682715496583 0.993900170976888
6.01506453226131 0.996886290447793
6.03330190955678 0.998878691984444
6.05153928685226 0.999875389517657
6.06977666414774 0.999875389517657
6.08801404144322 0.998878691984444
6.10625141873869 0.996886290447793
6.12448879603417 0.993900170976888
6.14272617332965 0.989923310200557
6.16096355062513 0.984959672340111
6.1792009279206 0.979014205257714
6.19743830521608 0.972092835524257
6.21567568251156 0.964202462511612
6.23391305980704 0.955350951515195
6.25215043710251 0.945547125913667
6.27038781439799 0.934800758373598
6.28862519169347 0.923122561107861
6.30686256898894 0.910524175197462
6.32509994628442 0.897018158987463
6.3433373235799 0.882617975568547
6.36157470087538 0.867337979356715
6.37981207817085 0.851193401784495
6.39804945546633 0.834200336117917
6.41628683276181 0.816375721414399
6.43452421005729 0.797737325637519
6.45276158735276 0.778303727945529
6.47099896464824 0.758094300171246
6.48923634194372 0.737129187511779
6.5074737192392 0.715429288447372
6.52571109653467 0.693016233909332
6.54394847383015 0.669912365717855
6.56218585112563 0.646140714311209
6.58042322842111 0.621724975788495
6.59866060571658 0.596689488288855
6.61689798301206 0.571059207730696
6.63513536030754 0.544859682935071
6.65337273760301 0.518117030158079
6.67161011489849 0.490857907057595
6.68984749219397 0.463109486120348
6.70808486948945 0.434899427575793
6.72632224678492 0.406255851823789
6.7445596240804 0.377207311403576
6.76279700137588 0.347782762531982
6.78103437867136 0.318011536239237
6.79927175596683 0.287923309131167
6.81750913326231 0.257548073806896
6.83574651055779 0.226916108961591
6.85398388785327 0.196057949203978
6.87222126514874 0.1650043546188
6.89045864244422 0.133786280104479
6.9086960197397 0.102434844516613
6.92693339703518 0.0709812996480153
6.94517077433065 0.0394569990762518
6.96340815162613 0.00789336690971289
6.98164552892161 -0.0236781335366239
6.99988290621708 -0.0552260311045066
7.01812028351256 -0.0867188781635505
7.03635766080804 -0.118125281958907
7.05459503810352 -0.149413935904261
7.072832415399 -0.180553650788902
7.09106979269447 -0.211513385867819
7.10930716998995 -0.242262279803782
7.12754454728543 -0.272769681430603
7.1457819245809 -0.303005180306871
7.16401930187638 -0.33293863702976
7.18225667917186 -0.362540213278624
7.20049405646734 -0.391780401558493
7.21873143376281 -0.420630054613784
7.23696881105829 -0.449060414482921
7.25520618835377 -0.47704314116489
7.27344356564925 -0.504550340869176
7.29168094294472 -0.531554593820902
7.3099183202402 -0.558028981593439
7.32815569753568 -0.583947113941307
7.34639307483116 -0.609283155106516
7.36463045212663 -0.634011849572238
7.38286782942211 -0.658108547238037
7.40110520671759 -0.681549227991634
7.41934258401306 -0.704310525652671
7.43757996130854 -0.72636975126464
7.45581733860402 -0.74770491571171
7.4740547158995 -0.768294751637971
7.49229209319498 -0.788118734647193
7.51052947049045 -0.807157103761985
7.52876684778593 -0.825390881121976
7.54700422508141 -0.842801890901351
7.56524160237688 -0.859372777426912
7.58347897967236 -0.875087022478594
7.60171635696784 -0.889928961755181
7.61995373426332 -0.903883800488824
7.63819111155879 -0.916937628192789
7.65642848885427 -0.92907743252773
7.67466586614975 -0.940291112272675
7.69290324344523 -0.950567489387782
7.7111406207407 -0.959896320156857
7.72937799803618 -0.968268305398507
7.74761537533166 -0.975675099735774
7.76585275262714 -0.98210931991498
7.78409012992261 -0.987564552165524
7.80232750721809 -0.992035358593258
7.82056488451357 -0.995517282601106
7.83880226180904 -0.998006853331493
7.85703963910452 -0.999501589126174
7.8752770164 -1
7.89350590116482 -0.999501589126174
7.91173478592965 -0.998006853331493
7.92996367069447 -0.995517282601106
7.9481925554593 -0.992035358593258
7.96642144022412 -0.987564552165524
7.98465032498894 -0.982109319914981
8.00287920975377 -0.975675099735774
8.02110809451859 -0.968268305398507
8.03933697928342 -0.959896320156857
8.05756586404824 -0.950567489387783
8.07579474881307 -0.940291112272676
8.09402363357789 -0.929077432527731
8.11225251834271 -0.916937628192788
8.13048140310754 -0.903883800488823
8.14871028787236 -0.88992896175518
8.16693917263719 -0.875087022478594
8.18516805740201 -0.859372777426913
8.20339694216683 -0.84280189090135
8.22162582693166 -0.825390881121976
8.23985471169648 -0.807157103761985
8.25808359646131 -0.788118734647193
8.27631248122613 -0.768294751637972
8.29454136599096 -0.747704915711708
8.31277025075578 -0.726369751264639
8.3309991355206 -0.704310525652672
8.34922802028543 -0.681549227991634
8.36745690505025 -0.658108547238039
8.38568578981508 -0.634011849572238
8.4039146745799 -0.609283155106516
8.42214355934472 -0.583947113941306
8.44037244410955 -0.558028981593441
8.45860132887437 -0.531554593820903
8.4768302136392 -0.504550340869177
8.49505909840402 -0.477043141164889
8.51328798316884 -0.44906041448292
8.53151686793367 -0.420630054613785
8.54974575269849 -0.391780401558494
8.56797463746332 -0.362540213278623
8.58620352222814 -0.332938637029761
8.60443240699296 -0.303005180306873
8.62266129175779 -0.272769681430604
8.64089017652261 -0.242262279803784
8.65911906128744 -0.211513385867818
8.67734794605226 -0.180553650788902
8.69557683081709 -0.149413935904261
8.71380571558191 -0.118125281958909
8.73203460034673 -0.0867188781635523
8.75026348511156 -0.0552260311045071
8.76849236987638 -0.0236781335366237
8.78672125464121 0.00789336690971309
8.80495013940603 0.039456999076252
8.82317902417085 0.0709812996480144
8.84140790893568 0.102434844516614
8.8596367937005 0.133786280104479
8.87786567846533 0.165004354618799
8.89609456323015 0.196057949203977
8.91432344799497 0.226916108961589
8.9325523327598 0.257548073806898
8.95078121752462 0.287923309131167
8.96901010228945 0.318011536239238
8.98723898705427 0.347782762531982
9.0054678718191 0.377207311403577
9.02369675658392 0.40625585182379
9.04192564134874 0.434899427575793
9.06015452611357 0.463109486120348
9.07838341087839 0.490857907057593
9.09661229564322 0.518117030158076
9.11484118040804 0.544859682935071
9.13307006517286 0.571059207730695
9.15129894993769 0.596689488288855
9.16952783470251 0.621724975788494
9.18775671946734 0.646140714311211
9.20598560423216 0.669912365717856
9.22421448899699 0.693016233909332
9.24244337376181 0.715429288447371
9.26067225852663 0.737129187511778
9.27890114329146 0.758094300171245
9.29713002805628 0.778303727945531
9.31535891282111 0.797737325637519
9.33358779758593 0.816375721414399
9.35181668235075 0.834200336117917
9.37004556711558 0.851193401784494
9.3882744518804 0.867337979356715
9.40650333664523 0.882617975568547
9.42473222141005 0.897018158987463
9.44296110617487 0.910524175197462
9.4611899909397 0.92312256110786
9.47941887570452 0.934800758373599
9.49764776046935 0.945547125913667
9.51587664523417 0.955350951515195
9.53410552999899 0.964202462511611
9.55233441476382 0.972092835524257
9.57056329952864 0.979014205257715
9.58879218429347 0.984959672340111
9.60702106905829 0.989923310200557
9.62524995382311 0.993900170976888
9.64347883858794 0.996886290447793
9.66170772335276 0.998878691984444
9.67993660811759 0.999875389517657
9.69816549288241 0.999875389517657
9.71639437764724 0.998878691984444
9.73462326241206 0.996886290447793
9.75285214717688 0.993900170976888
9.77108103194171 0.989923310200557
9.78930991670653 0.984959672340111
9.80753880147136 0.979014205257715
9.82576768623618 0.972092835524257
9.84399657100101 0.964202462511612
9.86222545576583 0.955350951515195
9.88045434053065 0.945547125913667
9.89868322529548 0.934800758373599
9.9169121100603 0.92312256110786
9.93514099482513 0.910524175197462
9.95336987958995 0.897018158987463
9.97159876435477 0.882617975568547
9.9898276491196 0.867337979356715
10.0080565338844 0.851193401784496
10.0262854186492 0.834200336117917
10.0445143034141 0.816375721414399
10.0627431881789 0.79773732563752
10.0809720729437 0.778303727945531
10.0992009577085 0.758094300171244
10.1174298424734 0.737129187511778
10.1356587272382 0.715429288447371
10.153887612003 0.693016233909332
10.1721164967678 0.669912365717856
10.1903453815327 0.646140714311211
10.2085742662975 0.621724975788495
10.2268031510623 0.596689488288856
10.2450320358271 0.571059207730695
10.263260920592 0.544859682935072
10.2814898053568 0.518117030158076
10.2997186901216 0.490857907057593
10.3179475748864 0.463109486120348
10.3361764596513 0.434899427575794
10.3544053444161 0.40625585182379
10.3726342291809 0.377207311403578
10.3908631139457 0.347782762531982
10.4090919987106 0.318011536239238
10.4273208834754 0.287923309131167
10.4455497682402 0.257548073806898
10.463778653005 0.22691610896159
10.4820075377698 0.196057949203978
10.5002364225347 0.165004354618799
10.5184653072995 0.133786280104479
10.5366941920643 0.102434844516614
10.5549230768291 0.070981299648018
10.573151961594 0.0394569990762554
10.5913808463588 0.00789336690971378
10.6096097311236 -0.023678133536623
10.6278386158884 -0.0552260311045093
10.6460675006533 -0.0867188781635514
10.6642963854181 -0.118125281958909
10.6825252701829 -0.149413935904261
10.7007541549477 -0.180553650788902
10.7189830397126 -0.211513385867818
10.7372119244774 -0.242262279803785
10.7554408092422 -0.272769681430603
10.773669694007 -0.303005180306872
10.7918985787719 -0.33293863702976
10.8101274635367 -0.362540213278623
10.8283563483015 -0.391780401558495
10.8465852330663 -0.420630054613785
10.8648141178312 -0.449060414482921
10.883043002596 -0.477043141164889
10.9012718873608 -0.504550340869176
10.9195007721256 -0.5315545938209
10.9377296568905 -0.55802898159344
10.9559585416553 -0.583947113941306
10.9741874264201 -0.609283155106516
10.9924163111849 -0.634011849572238
11.0106451959497 -0.658108547238039
11.0288740807146 -0.681549227991635
11.0471029654794 -0.704310525652672
11.0653318502442 -0.726369751264639
11.083560735009 -0.747704915711708
11.1017896197739 -0.768294751637969
11.1200185045387 -0.788118734647193
11.1382473893035 -0.807157103761985
11.1564762740683 -0.825390881121976
11.1747051588332 -0.842801890901352
11.192934043598 -0.859372777426913
11.2111629283628 -0.875087022478594
11.2293918131276 -0.88992896175518
11.2476206978925 -0.903883800488823
11.2658495826573 -0.916937628192788
11.2840784674221 -0.92907743252773
11.3023073521869 -0.940291112272676
11.3205362369518 -0.950567489387783
11.3387651217166 -0.959896320156857
11.3569940064814 -0.968268305398508
11.3752228912462 -0.975675099735774
11.3934517760111 -0.98210931991498
11.4116806607759 -0.987564552165524
11.4299095455407 -0.992035358593258
11.4481384303055 -0.995517282601106
11.4663673150704 -0.998006853331493
11.4845961998352 -0.999501589126174
11.5028250846 -1
11.5117254348688 -0.999501589126174
11.5206257851377 -0.998006853331494
11.5295261354065 -0.995517282601106
11.5384264856754 -0.992035358593258
11.5473268359442 -0.987564552165524
11.5562271862131 -0.982109319914981
11.5651275364819 -0.975675099735773
11.5740278867508 -0.968268305398507
11.5829282370196 -0.959896320156857
11.5918285872884 -0.950567489387783
11.6007289375573 -0.940291112272676
11.6096292878261 -0.92907743252773
11.618529638095 -0.916937628192788
11.6274299883638 -0.903883800488824
11.6363303386327 -0.889928961755181
11.6452306889015 -0.875087022478595
11.6541310391704 -0.859372777426911
11.6630313894392 -0.84280189090135
11.671931739708 -0.825390881121977
11.6808320899769 -0.807157103761987
11.6897324402457 -0.788118734647191
11.6986327905146 -0.76829475163797
11.7075331407834 -0.747704915711709
11.7164334910523 -0.72636975126464
11.7253338413211 -0.704310525652674
11.7342341915899 -0.681549227991632
11.7431345418588 -0.658108547238037
11.7520348921276 -0.634011849572239
11.7609352423965 -0.609283155106518
11.7698355926653 -0.583947113941309
11.7787359429342 -0.558028981593439
11.787636293203 -0.531554593820901
11.7965366434719 -0.504550340869178
11.8054369937407 -0.477043141164891
11.8143373440095 -0.449060414482918
11.8232376942784 -0.420630054613783
11.8321380445472 -0.391780401558493
11.8410383948161 -0.362540213278626
11.8499387450849 -0.332938637029764
11.8588390953538 -0.303005180306871
11.8677394456226 -0.272769681430602
11.8766397958915 -0.242262279803784
11.8855401461603 -0.211513385867821
11.8944404964291 -0.180553650788905
11.903340846698 -0.149413935904259
11.9122411969668 -0.118125281958908
11.9211415472357 -0.0867188781635518
11.9300418975045 -0.0552260311045106
11.9389422477734 -0.0236781335366214
11.9478425980422 0.00789336690971442
11.9567429483111 0.0394569990762527
11.9656432985799 0.0709812996480144
11.9745436488487 0.10243484451661
11.9834439991176 0.133786280104481
11.9923443493864 0.1650043546188
12.0012446996553 0.196057949203977
12.0101450499241 0.226916108961588
12.019045400193 0.257548073806899
12.0279457504618 0.287923309131168
12.0368461007307 0.318011536239239
12.0457464509995 0.347782762531981
12.0546468012683 0.377207311403574
12.0635471515372 0.406255851823791
12.072447501806 0.434899427575794
12.0813478520749 0.463109486120347
12.0902482023437 0.490857907057592
12.0991485526126 0.518117030158075
12.1080489028814 0.544859682935072
12.1169492531503 0.571059207730695
12.1258496034191 0.596689488288855
12.1347499536879 0.621724975788493
12.1436503039568 0.646140714311212
12.1525506542256 0.669912365717856
12.1614510044945 0.693016233909332
12.1703513547633 0.71542928844737
12.1792517050322 0.737129187511777
12.188152055301 0.758094300171247
12.1970524055698 0.778303727945531
12.2059527558387 0.797737325637519
12.2148531061075 0.816375721414398
12.2237534563764 0.834200336117919
12.2326538066452 0.851193401784495
12.2415541569141 0.867337979356715
12.2504545071829 0.882617975568546
12.2593548574518 0.897018158987463
12.2682552077206 0.910524175197463
12.2771555579894 0.923122561107861
12.2860559082583 0.934800758373598
12.2949562585271 0.945547125913667
12.303856608796 0.955350951515194
12.3127569590648 0.964202462511612
12.3216573093337 0.972092835524257
12.3305576596025 0.979014205257714
12.3394580098714 0.98495967234011
12.3483583601402 0.989923310200558
12.357258710409 0.993900170976888
12.3661590606779 0.996886290447793
12.3750594109467 0.998878691984444
12.3839597612156 0.999875389517657
12.3928601114844 0.999875389517657
12.4017604617533 0.998878691984444
12.4106608120221 0.996886290447793
12.419561162291 0.993900170976888
12.4284615125598 0.989923310200557
12.4373618628286 0.98495967234011
12.4462622130975 0.979014205257714
12.4551625633663 0.972092835524257
12.4640629136352 0.964202462511612
12.472963263904 0.955350951515194
12.4818636141729 0.945547125913667
12.4907639644417 0.934800758373598
12.4996643147106 0.923122561107861
12.5085646649794 0.910524175197463
12.5174650152482 0.897018158987462
12.5263653655171 0.882617975568547
12.5352657157859 0.867337979356715
12.5441660660548 0.851193401784496
12.5530664163236 0.834200336117919
12.5619667665925 0.816375721414398
12.5708671168613 0.797737325637519
12.5797674671302 0.778303727945531
12.588667817399 0.758094300171247
12.5975681676678 0.737129187511777
12.6064685179367 0.715429288447371
12.6153688682055 0.693016233909332
12.6242692184744 0.669912365717856
12.6331695687432 0.646140714311207
12.6420699190121 0.621724975788494
12.6509702692809 0.596689488288855
12.6598706195497 0.571059207730696
12.6687709698186 0.544859682935072
12.6776713200874 0.518117030158075
12.6865716703563 0.490857907057592
12.6954720206251 0.463109486120348
12.704372370894 0.434899427575794
12.7132727211628 0.406255851823791
12.7221730714317 0.377207311403574
12.7310734217005 0.347782762531982
12.7399737719693 0.318011536239239
12.7488741222382 0.287923309131168
12.757774472507 0.257548073806899
12.7666748227759 0.226916108961588
12.7755751730447 0.196057949203978
12.7844755233136 0.165004354618801
12.7933758735824 0.133786280104482
12.8022762238513 0.102434844516617
12.8111765741201 0.0709812996480145
12.8200769243889 0.0394569990762527
12.8289772746578 0.00789336690971467
12.8378776249266 -0.0236781335366283
12.8467779751955 -0.0552260311045101
12.8556783254643 -0.0867188781635514
12.8645786757332 -0.118125281958907
12.873479026002 -0.14941393590426
12.8823793762709 -0.180553650788899
12.8912797265397 -0.211513385867821
12.9001800768085 -0.242262279803783
12.9090804270774 -0.272769681430602
12.9179807773462 -0.303005180306871
12.9268811276151 -0.332938637029764
12.9357814778839 -0.362540213278626
12.9446818281528 -0.391780401558493
12.9535821784216 -0.420630054613783
12.9624825286905 -0.449060414482917
12.9713828789593 -0.477043141164891
12.9802832292281 -0.504550340869178
12.989183579497 -0.531554593820901
12.9980839297658 -0.558028981593438
13.0069842800347 -0.583947113941303
13.0158846303035 -0.609283155106517
13.0247849805724 -0.634011849572239
13.0336853308412 -0.658108547238037
13.0425856811101 -0.681549227991637
13.0514860313789 -0.704310525652674
13.0603863816477 -0.72636975126464
13.0692867319166 -0.747704915711709
13.0781870821854 -0.768294751637969
13.0870874324543 -0.788118734647191
13.0959877827231 -0.807157103761987
13.104888132992 -0.825390881121977
13.1137884832608 -0.84280189090135
13.1226888335296 -0.859372777426911
13.1315891837985 -0.875087022478595
13.1404895340673 -0.889928961755181
13.1493898843362 -0.903883800488824
13.158290234605 -0.916937628192788
13.1671905848739 -0.929077432527729
13.1760909351427 -0.940291112272676
13.1849912854116 -0.950567489387783
13.1938916356804 -0.959896320156857
13.2027919859492 -0.968268305398507
13.2116923362181 -0.975675099735773
13.2205926864869 -0.982109319914981
13.2294930367558 -0.987564552165524
13.2383933870246 -0.992035358593258
13.2472937372935 -0.995517282601106
13.2561940875623 -0.998006853331494
13.2650944378312 -0.999501589126174
13.2739947881 -1
13.2935907059523 -0.999501589126174
13.3131866238045 -0.998006853331493
13.3327825416568 -0.995517282601106
13.352378459509 -0.992035358593258
13.3719743773613 -0.987564552165524
13.3915702952136 -0.98210931991498
13.4111662130658 -0.975675099735773
13.4307621309181 -0.968268305398507
13.4503580487704 -0.959896320156857
13.4699539666226 -0.950567489387782
13.4895498844749 -0.940291112272675
13.5091458023271 -0.929077432527731
13.5287417201794 -0.916937628192788
13.5483376380317 -0.903883800488824
13.5679335558839 -0.889928961755181
13.5875294737362 -0.875087022478593
13.6071253915884 -0.859372777426912
13.6267213094407 -0.842801890901351
13.646317227293 -0.825390881121976
13.6659131451452 -0.807157103761986
13.6855090629975 -0.788118734647193
13.7051049808497 -0.76829475163797
13.724700898702 -0.747704915711709
13.7442968165543 -0.726369751264639
13.7638927344065 -0.704310525652672
13.7834886522588 -0.681549227991634
13.8030845701111 -0.658108547238037
13.8226804879633 -0.634011849572239
13.8422764058156 -0.609283155106517
13.8618723236678 -0.583947113941306
13.8814682415201 -0.55802898159344
13.9010641593724 -0.531554593820902
13.9206600772246 -0.504550340869177
13.9402559950769 -0.47704314116489
13.9598519129291 -0.449060414482919
13.9794478307814 -0.420630054613784
13.9990437486337 -0.391780401558494
14.0186396664859 -0.362540213278623
14.0382355843382 -0.332938637029761
14.0578315021905 -0.303005180306873
14.0774274200427 -0.272769681430602
14.097023337895 -0.242262279803783
14.1166192557472 -0.21151338586782
14.1362151735995 -0.180553650788901
14.1558110914518 -0.149413935904261
14.175407009304 -0.118125281958909
14.1950029271563 -0.0867188781635501
14.2145988450085 -0.0552260311045086
14.2341947628608 -0.0236781335366254
14.2537906807131 0.00789336690971375
14.2733865985653 0.039456999076252
14.2929825164176 0.0709812996480171
14.3125784342698 0.102434844516614
14.3321743521221 0.133786280104478
14.3517702699744 0.1650043546188
14.3713661878266 0.196057949203978
14.3909621056789 0.226916108961589
14.4105580235312 0.257548073806897
14.4301539413834 0.287923309131166
14.4497498592357 0.318011536239237
14.4693457770879 0.347782762531983
14.4889416949402 0.377207311403576
14.5085376127925 0.40625585182379
14.5281335306447 0.434899427575793
14.547729448497 0.463109486120347
14.5673253663492 0.490857907057592
14.5869212842015 0.518117030158078
14.6065172020538 0.54485968293507
14.626113119906 0.571059207730696
14.6457090377583 0.596689488288856
14.6653049556106 0.621724975788495
14.6849008734628 0.64614071431121
14.7044967913151 0.669912365717855
14.7240927091673 0.693016233909333
14.7436886270196 0.715429288447372
14.7632845448719 0.737129187511779
14.7828804627241 0.758094300171245
14.8024763805764 0.77830372794553
14.8220722984286 0.797737325637519
14.8416682162809 0.8163757214144
14.8612641341332 0.834200336117918
14.8808600519854 0.851193401784494
14.9004559698377 0.867337979356714
14.9200518876899 0.882617975568547
14.9396478055422 0.897018158987463
14.9592437233945 0.910524175197463
14.9788396412467 0.923122561107861
14.998435559099 0.934800758373598
15.0180314769513 0.945547125913667
15.0376273948035 0.955350951515195
15.0572233126558 0.964202462511612
15.076819230508 0.972092835524257
15.0964151483603 0.979014205257714
15.1160110662126 0.984959672340111
15.1356069840648 0.989923310200557
15.1552029019171 0.993900170976888
15.1747988197693 0.996886290447793
15.1943947376216 0.998878691984444
15.2139906554739 0.999875389517657
15.2335865733261 0.999875389517657
15.2531824911784 0.998878691984444
15.2727784090307 0.996886290447793
15.2923743268829 0.993900170976888
15.3119702447352 0.989923310200557
15.3315661625874 0.984959672340111
15.3511620804397 0.979014205257714
15.370757998292 0.972092835524257
15.3903539161442 0.964202462511611
15.4099498339965 0.955350951515195
15.4295457518487 0.945547125913667
15.449141669701 0.934800758373598
15.4687375875533 0.923122561107861
15.4883335054055 0.910524175197463
15.5079294232578 0.897018158987463
15.52752534111 0.882617975568547
15.5471212589623 0.867337979356715
15.5667171768146 0.851193401784494
15.5863130946668 0.834200336117918
15.6059090125191 0.816375721414398
15.6255049303714 0.797737325637519
15.6451008482236 0.77830372794553
15.6646967660759 0.758094300171247
15.6842926839281 0.737129187511779
15.7038886017804 0.715429288447372
15.7234845196327 0.693016233909331
15.7430804374849 0.669912365717855
15.7626763553372 0.646140714311211
15.7822722731894 0.621724975788495
15.8018681910417 0.596689488288856
15.821464108894 0.571059207730696
15.8410600267462 0.54485968293507
15.8606559445985 0.518117030158078
15.8802518624508 0.490857907057595
15.899847780303 0.463109486120348
15.9194436981553 0.434899427575793
15.9390396160075 0.406255851823787
15.9586355338598 0.377207311403576
15.9782314517121 0.347782762531983
15.9978273695643 0.318011536239237
16.0174232874166 0.287923309131164
16.0370192052688 0.257548073806895
16.0566151231211 0.226916108961589
16.0762110409734 0.196057949203979
16.0958069588256 0.165004354618801
16.1154028766779 0.133786280104481
16.1349987945301 0.102434844516617
16.1545947123824 0.0709812996480145
16.1741906302347 0.0394569990762518
16.1937865480869 0.00789336690971467
16.2133824659392 -0.0236781335366221
16.2329783837915 -0.0552260311045057
16.2525743016437 -0.0867188781635523
16.272170219496 -0.118125281958909
16.2917661373482 -0.149413935904261
16.3113620552005 -0.180553650788901
16.3309579730528 -0.211513385867817
16.350553890905 -0.242262279803786
16.3701498087573 -0.272769681430605
16.3897457266095 -0.303005180306873
16.4093416444618 -0.332938637029761
16.4289375623141 -0.362540213278623
16.4485334801663 -0.39178040155849
16.4681293980186 -0.420630054613781
16.4877253158709 -0.449060414482921
16.5073212337231 -0.47704314116489
16.5269171515754 -0.504550340869177
16.5465130694276 -0.5315545938209
16.5661089872799 -0.558028981593438
16.5857049051322 -0.583947113941308
16.6053008229844 -0.609283155106517
16.6248967408367 -0.634011849572238
16.6444926586889 -0.658108547238037
16.6640885765412 -0.681549227991632
16.6836844943935 -0.704310525652674
16.7032804122457 -0.726369751264641
16.722876330098 -0.747704915711709
16.7424722479502 -0.76829475163797
16.7620681658025 -0.788118734647191
16.7816640836548 -0.807157103761987
16.801260001507 -0.825390881121977
16.8208559193593 -0.842801890901351
16.8404518372116 -0.859372777426912
16.8600477550638 -0.875087022478593
16.8796436729161 -0.889928961755179
16.8992395907683 -0.903883800488822
16.9188355086206 -0.916937628192789
16.9384314264729 -0.929077432527731
16.9580273443251 -0.940291112272676
16.9776232621774 -0.950567489387782
16.9972191800296 -0.959896320156856
17.0168150978819 -0.968268305398508
17.0364110157342 -0.975675099735774
17.0560069335864 -0.98210931991498
17.0756028514387 -0.987564552165524
17.095198769291 -0.992035358593258
17.1147946871432 -0.995517282601106
17.1343906049955 -0.998006853331493
17.1539865228477 -0.999501589126174
17.1735824407 -1
17.1789156823171 -0.999501589126174
17.1842489239342 -0.998006853331493
17.1895821655513 -0.995517282601107
17.1949154071683 -0.992035358593257
17.2002486487854 -0.987564552165524
17.2055818904025 -0.982109319914979
17.2109151320196 -0.975675099735773
17.2162483736367 -0.968268305398509
17.2215816152538 -0.959896320156856
17.2269148568709 -0.950567489387784
17.2322480984879 -0.940291112272673
17.237581340105 -0.929077432527731
17.2429145817221 -0.916937628192793
17.2482478233392 -0.903883800488823
17.2535810649563 -0.889928961755183
17.2589143065734 -0.875087022478591
17.2642475481905 -0.859372777426914
17.2695807898075 -0.842801890901346
17.2749140314246 -0.825390881121976
17.2802472730417 -0.807157103761991
17.2855805146588 -0.788118734647191
17.2909137562759 -0.768294751637975
17.296246997893 -0.747704915711705
17.30158023951 -0.726369751264641
17.3069134811271 -0.704310525652665
17.3122467227442 -0.681549227991633
17.3175799643613 -0.658108547238044
17.3229132059784 -0.634011849572236
17.3282464475955 -0.609283155106521
17.3335796892126 -0.583947113941301
17.3389129308296 -0.558028981593442
17.3442461724467 -0.531554593820893
17.3495794140638 -0.504550340869176
17.3549126556809 -0.477043141164896
17.360245897298 -0.449060414482916
17.3655791389151 -0.420630054613788
17.3709123805322 -0.391780401558486
17.3762456221492 -0.362540213278625
17.3815788637663 -0.33293863702977
17.3869121053834 -0.30300518030687
17.3922453470005 -0.272769681430609
17.3975785886176 -0.242262279803778
17.4029118302347 -0.211513385867822
17.4082450718518 -0.180553650788893
17.4135783134688 -0.149413935904261
17.4189115550859 -0.118125281958917
17.424244796703 -0.0867188781635474
17.4295780383201 -0.0552260311045137
17.4349112799372 -0.0236781335366174
17.4402445215543 0.00789336690971109
17.4455777631714 0.0394569990762627
17.4509110047884 0.0709812996480169
17.4562442464055 0.102434844516606
17.4615774880226 0.133786280104483
17.4669107296397 0.165004354618795
17.4722439712568 0.196057949203986
17.4775772128739 0.226916108961589
17.482910454491 0.257548073806887
17.488243696108 0.287923309131168
17.4935769377251 0.318011536239232
17.4989101793422 0.347782762531987
17.5042434209593 0.377207311403573
17.5095766625764 0.406255851823797
17.5149099041935 0.434899427575793
17.5202431458106 0.463109486120339
17.5255763874276 0.490857907057596
17.5309096290447 0.518117030158073
17.5362428706618 0.544859682935076
17.5415761122789 0.571059207730693
17.546909353896 0.596689488288863
17.5522425955131 0.621724975788496
17.5575758371301 0.646140714311203
17.5629090787472 0.669912365717858
17.5682423203643 0.693016233909328
17.5735755619814 0.715429288447376
17.5789088035985 0.737129187511778
17.5842420452156 0.758094300171238
17.5895752868327 0.778303727945531
17.5949085284497 0.797737325637515
17.6002417700668 0.816375721414402
17.6055750116839 0.834200336117915
17.610908253301 0.851193401784499
17.6162414949181 0.867337979356714
17.6215747365352 0.882617975568542
17.6269079781523 0.897018158987465
17.6322412197693 0.910524175197459
17.6375744613864 0.923122561107863
17.6429077030035 0.934800758373597
17.6482409446206 0.94554712591367
17.6535741862377 0.955350951515195
17.6589074278548 0.964202462511609
17.6642406694719 0.972092835524258
17.6695739110889 0.979014205257713
17.674907152706 0.984959672340112
17.6802403943231 0.989923310200557
17.6855736359402 0.993900170976889
17.6909068775573 0.996886290447793
17.6962401191744 0.998878691984443
17.7015733607915 0.999875389517657
17.7069066024085 0.999875389517657
17.7122398440256 0.998878691984443
17.7175730856427 0.996886290447793
17.7229063272598 0.993900170976889
17.7282395688769 0.989923310200557
17.733572810494 0.984959672340112
17.7389060521111 0.979014205257713
17.7442392937281 0.972092835524258
17.7495725353452 0.96420246251161
17.7549057769623 0.955350951515195
17.7602390185794 0.94554712591367
17.7655722601965 0.934800758373597
17.7709055018136 0.923122561107863
17.7762387434307 0.91052417519746
17.7815719850477 0.897018158987465
17.7869052266648 0.882617975568542
17.7922384682819 0.867337979356714
17.797571709899 0.851193401784499
17.8029049515161 0.834200336117915
17.8082381931332 0.816375721414402
17.8135714347503 0.797737325637515
17.8189046763673 0.778303727945531
17.8242379179844 0.758094300171252
17.8295711596015 0.737129187511778
17.8349044012186 0.715429288447376
17.8402376428357 0.693016233909328
17.8455708844528 0.669912365717858
17.8509041260698 0.646140714311203
17.8562373676869 0.621724975788496
17.861570609304 0.596689488288864
17.8669038509211 0.571059207730693
17.8722370925382 0.544859682935076
17.8775703341553 0.518117030158072
17.8829035757724 0.490857907057597
17.8882368173894 0.46310948612034
17.8935700590065 0.434899427575793
17.8989033006236 0.406255851823797
17.9042365422407 0.377207311403573
17.9095697838578 0.347782762531987
17.9149030254749 0.318011536239232
17.920236267092 0.287923309131168
17.925569508709 0.257548073806887
17.9309027503261 0.226916108961589
17.9362359919432 0.196057949203986
17.9415692335603 0.165004354618795
17.9469024751774 0.133786280104484
17.9522357167945 0.102434844516606
17.9575689584116 0.0709812996480171
17.9629022000286 0.0394569990762421
17.9682354416457 0.007893366909712
17.9735686832628 -0.0236781335366176
17.9789019248799 -0.0552260311045128
17.984235166497 -0.0867188781635478
17.9895684081141 -0.118125281958917
17.9949016497312 -0.14941393590426
18.0002348913482 -0.180553650788893
18.0055681329653 -0.211513385867822
18.0109013745824 -0.242262279803777
18.0162346161995 -0.272769681430609
18.0215678578166 -0.30300518030687
18.0269010994337 -0.33293863702977
18.0322343410508 -0.362540213278625
18.0375675826678 -0.391780401558486
18.0429008242849 -0.420630054613788
18.048234065902 -0.449060414482916
18.0535673075191 -0.477043141164896
18.0589005491362 -0.504550340869176
18.0642337907533 -0.531554593820892
18.0695670323704 -0.558028981593442
18.0749002739874 -0.5839471139413
18.0802335156045 -0.609283155106521
18.0855667572216 -0.634011849572235
18.0908999988387 -0.658108547238044
18.0962332404558 -0.681549227991633
18.1015664820729 -0.704310525652666
18.1068997236899 -0.726369751264641
18.112232965307 -0.747704915711705
18.1175662069241 -0.768294751637974
18.1228994485412 -0.788118734647191
18.1282326901583 -0.807157103761991
18.1335659317754 -0.825390881121976
18.1388991733925 -0.842801890901346
18.1442324150095 -0.859372777426914
18.1495656566266 -0.875087022478591
18.1548988982437 -0.889928961755183
18.1602321398608 -0.903883800488822
18.1655653814779 -0.916937628192793
18.170898623095 -0.929077432527731
18.1762318647121 -0.940291112272673
18.1815651063291 -0.950567489387784
18.1868983479462 -0.959896320156856
18.1922315895633 -0.968268305398509
18.1975648311804 -0.975675099735773
18.2028980727975 -0.982109319914978
18.2082313144146 -0.987564552165524
18.2135645560317 -0.992035358593257
18.2188977976487 -0.995517282601107
18.2242310392658 -0.998006853331493
18.2295642808829 -0.999501589126174
18.2348975225 -1
18.2536570362266 -0.999501589126174
18.2724165499533 -0.998006853331493
18.2911760636799 -0.995517282601106
18.3099355774065 -0.992035358593258
18.3286950911332 -0.987564552165523
18.3474546048598 -0.98210931991498
18.3662141185864 -0.975675099735774
18.3849736323131 -0.968268305398508
18.4037331460397 -0.959896320156857
18.4224926597663 -0.950567489387783
18.441252173493 -0.940291112272676
18.4600116872196 -0.92907743252773
18.4787712009462 -0.916937628192789
18.4975307146729 -0.903883800488824
18.5162902283995 -0.889928961755179
18.5350497421261 -0.875087022478593
18.5538092558528 -0.859372777426912
18.5725687695794 -0.842801890901352
18.591328283306 -0.825390881121975
18.6100877970327 -0.807157103761985
18.6288473107593 -0.788118734647194
18.6476068244859 -0.768294751637969
18.6663663382126 -0.747704915711709
18.6851258519392 -0.72636975126464
18.7038853656658 -0.70431052565267
18.7226448793925 -0.681549227991633
18.7414043931191 -0.658108547238038
18.7601639068457 -0.634011849572241
18.7789234205724 -0.609283155106516
18.797682934299 -0.583947113941306
18.8164424480256 -0.558028981593442
18.8352019617523 -0.5315545938209
18.8539614754789 -0.504550340869177
18.8727209892055 -0.477043141164891
18.8914805029322 -0.449060414482918
18.9102400166588 -0.420630054613784
18.9289995303854 -0.391780401558494
18.9477590441121 -0.362540213278627
18.9665185578387 -0.33293863702976
18.9852780715653 -0.303005180306873
19.004037585292 -0.272769681430605
19.0227970990186 -0.242262279803781
19.0415566127452 -0.211513385867819
19.0603161264719 -0.180553650788904
19.0790756401985 -0.149413935904258
19.0978351539251 -0.118125281958907
19.1165946676518 -0.0867188781635518
19.1353541813784 -0.055226031104511
19.154113695105 -0.0236781335366225
19.1728732088317 0.00789336690971264
19.1916327225583 0.0394569990762505
19.2103922362849 0.0709812996480178
19.2291517500116 0.102434844516614
19.2479112637382 0.133786280104477
19.2666707774648 0.165004354618802
19.2854302911915 0.196057949203979
19.3041898049181 0.226916108961589
19.3229493186447 0.257548073806899
19.3417088323714 0.287923309131168
19.360468346098 0.318011536239238
19.3792278598246 0.34778276253198
19.3979873735513 0.377207311403578
19.4167468872779 0.406255851823789
19.4355064010045 0.434899427575791
19.4542659147312 0.46310948612035
19.4730254284578 0.490857907057594
19.4917849421844 0.518117030158076
19.5105444559111 0.544859682935068
19.5293039696377 0.571059207730696
19.5480634833643 0.596689488288855
19.566822997091 0.621724975788493
19.5855825108176 0.646140714311211
19.6043420245442 0.669912365717855
19.6231015382709 0.69301623390933
19.6418610519975 0.715429288447373
19.6606205657241 0.737129187511779
19.6793800794508 0.758094300171245
19.6981395931774 0.778303727945532
19.716899106904 0.79773732563752
19.7356586206307 0.816375721414399
19.7544181343573 0.834200336117916
19.7731776480839 0.851193401784495
19.7919371618106 0.867337979356715
19.8106966755372 0.882617975568546
19.8294561892638 0.897018158987465
19.8482157029905 0.910524175197462
19.8669752167171 0.92312256110786
19.8857347304437 0.934800758373599
19.9044942441704 0.945547125913667
19.923253757897 0.955350951515195
19.9420132716236 0.964202462511611
19.9607727853503 0.972092835524257
19.9795322990769 0.979014205257714
19.9982918128035 0.98495967234011
20.0170513265302 0.989923310200557
20.0358108402568 0.993900170976888
20.0545703539834 0.996886290447793
20.0733298677101 0.998878691984444
20.0920893814367 0.999875389517657
20.1108488951633 0.999875389517657
20.1296084088899 0.998878691984444
20.1483679226166 0.996886290447793
20.1671274363432 0.993900170976888
20.1858869500698 0.989923310200557
20.2046464637965 0.98495967234011
20.2234059775231 0.979014205257714
20.2421654912497 0.972092835524257
20.2609250049764 0.964202462511611
20.279684518703 0.955350951515195
20.2984440324296 0.945547125913668
20.3172035461563 0.934800758373599
20.3359630598829 0.92312256110786
20.3547225736095 0.910524175197462
20.3734820873362 0.897018158987465
20.3922416010628 0.882617975568546
20.4110011147894 0.867337979356715
20.4297606285161 0.851193401784496
20.4485201422427 0.834200336117916
20.4672796559693 0.816375721414399
20.486039169696 0.79773732563752
20.5047986834226 0.778303727945528
20.5235581971492 0.758094300171245
20.5423177108759 0.737129187511779
20.5610772246025 0.715429288447373
20.5798367383291 0.69301623390933
20.5985962520558 0.669912365717855
20.6173557657824 0.646140714311211
20.636115279509 0.621724975788493
20.6548747932357 0.596689488288856
20.6736343069623 0.571059207730696
20.6923938206889 0.544859682935073
20.7111533344156 0.518117030158076
20.7299128481422 0.490857907057595
20.7486723618688 0.46310948612035
20.7674318755955 0.434899427575792
20.7861913893221 0.406255851823789
20.8049509030487 0.377207311403578
20.8237104167754 0.34778276253198
20.842469930502 0.318011536239238
20.8612294442286 0.287923309131167
20.8799889579553 0.257548073806894
20.8987484716819 0.22691610896159
20.9175079854085 0.196057949203979
20.9362674991352 0.165004354618802
20.9550270128618 0.133786280104478
20.9737865265884 0.102434844516614
20.9925460403151 0.070981299648018
21.0113055540417 0.0394569990762501
21.0300650677683 0.00789336690971289
21.048824581495 -0.023678133536623
21.0675840952216 -0.0552260311045048
21.0863436089482 -0.0867188781635514
21.1051031226749 -0.118125281958906
21.1238626364015 -0.149413935904259
21.1426221501281 -0.180553650788904
21.1613816638548 -0.211513385867818
21.1801411775814 -0.242262279803781
21.198900691308 -0.272769681430605
21.2176602050347 -0.303005180306873
21.2364197187613 -0.332938637029759
21.2551792324879 -0.362540213278626
21.2739387462146 -0.391780401558494
21.2926982599412 -0.420630054613784
21.3114577736678 -0.449060414482918
21.3302172873945 -0.47704314116489
21.3489768011211 -0.504550340869177
21.3677363148477 -0.531554593820899
21.3864958285744 -0.558028981593442
21.405255342301 -0.583947113941307
21.4240148560276 -0.609283155106515
21.4427743697543 -0.63401184957224
21.4615338834809 -0.658108547238037
21.4802933972075 -0.681549227991633
21.4990529109342 -0.70431052565267
21.5178124246608 -0.72636975126464
21.5365719383874 -0.747704915711709
21.5553314521141 -0.768294751637969
21.5740909658407 -0.788118734647194
21.5928504795673 -0.807157103761985
21.611609993294 -0.825390881121975
21.6303695070206 -0.842801890901352
21.6491290207472 -0.859372777426912
21.6678885344739 -0.875087022478593
21.6866480482005 -0.889928961755182
21.7054075619271 -0.903883800488824
21.7241670756538 -0.916937628192788
21.7429265893804 -0.929077432527729
21.761686103107 -0.940291112272676
21.7804456168337 -0.950567489387783
21.7992051305603 -0.959896320156857
21.8179646442869 -0.968268305398506
21.8367241580136 -0.975675099735774
21.8554836717402 -0.98210931991498
21.8742431854668 -0.987564552165524
21.8930026991935 -0.992035358593258
21.9117622129201 -0.995517282601106
21.9305217266467 -0.998006853331493
21.9492812403734 -0.999501589126174
21.9680407541 -1
21.9773162024548 -0.999501589126174
21.9865916508095 -0.998006853331493
21.9958670991643 -0.995517282601106
22.0051425475191 -0.992035358593259
22.0144179958739 -0.987564552165524
22.0236934442286 -0.982109319914981
22.0329688925834 -0.975675099735774
22.0422443409382 -0.968268305398507
22.051519789293 -0.959896320156856
22.0607952376477 -0.950567489387782
22.0700706860025 -0.940291112272674
22.0793461343573 -0.929077432527732
22.0886215827121 -0.91693762819279
22.0978970310668 -0.903883800488824
22.1071724794216 -0.88992896175518
22.1164479277764 -0.875087022478593
22.1257233761312 -0.859372777426911
22.1349988244859 -0.842801890901348
22.1442742728407 -0.825390881121973
22.1535497211955 -0.807157103761988
22.1628251695502 -0.788118734647194
22.172100617905 -0.768294751637972
22.1813760662598 -0.747704915711709
22.1906515146146 -0.726369751264638
22.1999269629693 -0.70431052565267
22.2092024113241 -0.68154922799163
22.2184778596789 -0.658108547238042
22.2277533080337 -0.634011849572242
22.2370287563884 -0.609283155106519
22.2463042047432 -0.583947113941307
22.255579653098 -0.55802898159344
22.2648551014528 -0.5315545938209
22.2741305498075 -0.504550340869174
22.2834059981623 -0.477043141164885
22.2926814465171 -0.449060414482925
22.3019568948719 -0.420630054613787
22.3112323432266 -0.391780401558495
22.3205077915814 -0.362540213278625
22.3297832399362 -0.33293863702976
22.339058688291 -0.30300518030687
22.3483341366457 -0.272769681430599
22.3576095850005 -0.242262279803778
22.3668850333553 -0.211513385867823
22.37616048171 -0.180553650788905
22.3854359300648 -0.149413935904262
22.3947113784196 -0.118125281958908
22.4039868267744 -0.0867188781635492
22.4132622751291 -0.0552260311045048
22.4225377234839 -0.0236781335366192
22.4318131718387 0.00789336690970754
22.4410886201935 0.0394569990762487
22.4503640685482 0.0709812996480133
22.459639516903 0.102434844516612
22.4689149652578 0.13378628010448
22.4781904136126 0.165004354618802
22.4874658619673 0.196057949203982
22.4967413103221 0.226916108961595
22.5060167586769 0.257548073806892
22.5152922070317 0.287923309131163
22.5245676553864 0.318011536239236
22.5338431037412 0.347782762531982
22.543118552096 0.377207311403577
22.5523940004508 0.406255851823791
22.5616694488055 0.434899427575797
22.5709448971603 0.463109486120353
22.5802203455151 0.49085790705759
22.5894957938698 0.518117030158075
22.5987712422246 0.544859682935069
22.6080466905794 0.571059207730695
22.6173221389342 0.596689488288857
22.6265975872889 0.621724975788498
22.6358730356437 0.646140714311214
22.6451484839985 0.669912365717851
22.6544239323533 0.693016233909329
22.663699380708 0.71542928844737
22.6729748290628 0.737129187511779
22.6822502774176 0.758094300171246
22.6915257257724 0.778303727945531
22.7008011741271 0.797737325637522
22.7100766224819 0.816375721414402
22.7193520708367 0.834200336117915
22.7286275191915 0.851193401784493
22.7379029675462 0.867337979356714
22.747178415901 0.882617975568547
22.7564538642558 0.897018158987464
22.7657293126106 0.910524175197463
22.7750047609653 0.923122561107862
22.7842802093201 0.9348007583736
22.7935556576749 0.945547125913666
22.8028311060296 0.955350951515194
22.8121065543844 0.964202462511611
22.8213820027392 0.972092835524257
22.830657451094 0.979014205257715
22.8399328994487 0.984959672340111
22.8492083478035 0.989923310200558
22.8584837961583 0.993900170976887
22.8677592445131 0.996886290447793
22.8770346928678 0.998878691984443
22.8863101412226 0.999875389517657
22.8955855895774 0.999875389517657
22.9048610379322 0.998878691984443
22.9141364862869 0.996886290447793
22.9234119346417 0.993900170976887
22.9326873829965 0.989923310200558
22.9419628313513 0.984959672340111
22.951238279706 0.979014205257715
22.9605137280608 0.972092835524257
22.9697891764156 0.964202462511611
22.9790646247704 0.955350951515194
22.9883400731251 0.945547125913666
22.9976155214799 0.934800758373596
23.0068909698347 0.923122561107863
23.0161664181894 0.910524175197463
23.0254418665442 0.897018158987464
23.034717314899 0.882617975568547
23.0439927632538 0.867337979356714
23.0532682116085 0.851193401784493
23.0625436599633 0.834200336117915
23.0718191083181 0.816375721414402
23.0810945566729 0.797737325637522
23.0903700050276 0.778303727945532
23.0996454533824 0.758094300171246
23.1089209017372 0.737129187511778
23.118196350092 0.71542928844737
23.1274717984467 0.693016233909329
23.1367472468015 0.669912365717851
23.1460226951563 0.646140714311213
23.1552981435111 0.621724975788498
23.1645735918658 0.596689488288857
23.1738490402206 0.571059207730695
23.1831244885754 0.54485968293507
23.1923999369302 0.518117030158075
23.2016753852849 0.49085790705759
23.2109508336397 0.463109486120342
23.2202262819945 0.434899427575797
23.2295017303492 0.406255851823791
23.238777178704 0.377207311403577
23.2480526270588 0.347782762531982
23.2573280754136 0.318011536239236
23.2666035237683 0.287923309131163
23.2758789721231 0.257548073806891
23.2851544204779 0.226916108961595
23.2944298688327 0.196057949203982
23.3037053171874 0.165004354618802
23.3129807655422 0.133786280104479
23.322256213897 0.102434844516612
23.3315316622518 0.0709812996480136
23.3408071106065 0.0394569990762483
23.3500825589613 0.00789336690970756
23.3593580073161 -0.0236781335366194
23.3686334556709 -0.0552260311045048
23.3779089040256 -0.0867188781635496
23.3871843523804 -0.118125281958908
23.3964598007352 -0.149413935904262
23.40573524909 -0.180553650788906
23.4150106974447 -0.211513385867824
23.4242861457995 -0.242262279803789
23.4335615941543 -0.272769681430599
23.442837042509 -0.303005180306871
23.4521124908638 -0.33293863702976
23.4613879392186 -0.362540213278625
23.4706633875734 -0.391780401558495
23.4799388359281 -0.420630054613788
23.4892142842829 -0.449060414482924
23.4984897326377 -0.477043141164885
23.5077651809925 -0.504550340869175
23.5170406293472 -0.5315545938209
23.526316077702 -0.558028981593439
23.5355915260568 -0.583947113941307
23.5448669744116 -0.609283155106519
23.5541424227663 -0.634011849572242
23.5634178711211 -0.658108547238042
23.5726933194759 -0.68154922799163
23.5819687678307 -0.70431052565267
23.5912442161854 -0.726369751264638
23.6005196645402 -0.747704915711709
23.609795112895 -0.768294751637972
23.6190705612497 -0.788118734647194
23.6283460096045 -0.807157103761988
23.6376214579593 -0.825390881121973
23.6468969063141 -0.842801890901348
23.6561723546688 -0.859372777426911
23.6654478030236 -0.875087022478593
23.6747232513784 -0.889928961755181
23.6839986997332 -0.903883800488824
23.6932741480879 -0.91693762819279
23.7025495964427 -0.929077432527732
23.7118250447975 -0.940291112272674
23.7211004931523 -0.950567489387782
23.730375941507 -0.959896320156856
23.7396513898618 -0.968268305398507
23.7489268382166 -0.975675099735774
23.7582022865714 -0.982109319914981
23.7674777349261 -0.987564552165524
23.7767531832809 -0.992035358593257
23.7860286316357 -0.995517282601106
23.7953040799905 -0.998006853331493
23.8045795283452 -0.999501589126174
23.8138549767 -1
23.8298657557116 -0.999501589126174
23.8458765347231 -0.998006853331494
23.8618873137347 -0.995517282601106
23.8778980927462 -0.992035358593258
23.8939088717578 -0.987564552165524
23.9099196507693 -0.982109319914981
23.9259304297809 -0.975675099735773
23.9419412087925 -0.968268305398506
23.957951987804 -0.959896320156857
23.9739627668156 -0.950567489387783
23.9899735458271 -0.940291112272674
24.0059843248387 -0.929077432527731
24.0219951038503 -0.916937628192789
24.0380058828618 -0.903883800488822
24.0540166618734 -0.889928961755181
24.0700274408849 -0.875087022478594
24.0860382198965 -0.859372777426911
24.102048998908 -0.842801890901352
24.1180597779196 -0.825390881121977
24.1340705569312 -0.807157103761984
24.1500813359427 -0.788118734647194
24.1660921149543 -0.768294751637971
24.1821028939658 -0.747704915711708
24.1981136729774 -0.726369751264637
24.2141244519889 -0.704310525652673
24.2301352310005 -0.681549227991633
24.2461460100121 -0.658108547238035
24.2621567890236 -0.63401184957224
24.2781675680352 -0.609283155106517
24.2941783470467 -0.583947113941304
24.3101891260583 -0.558028981593442
24.3261999050698 -0.531554593820902
24.3422106840814 -0.504550340869176
24.358221463093 -0.477043141164892
24.3742322421045 -0.449060414482921
24.3902430211161 -0.420630054613783
24.4062538001276 -0.391780401558496
24.4222645791392 -0.362540213278626
24.4382753581508 -0.33293863702976
24.4542861371623 -0.30300518030687
24.4702969161739 -0.272769681430605
24.4863076951854 -0.242262279803783
24.502318474197 -0.211513385867816
24.5183292532085 -0.180553650788904
24.5343400322201 -0.149413935904261
24.5503508112317 -0.118125281958906
24.5663615902432 -0.0867188781635534
24.5823723692548 -0.0552260311045086
24.5983831482663 -0.0236781335366221
24.6143939272779 0.0078933669097102
24.6304047062894 0.039456999076252
24.646415485301 0.0709812996480171
24.6624262643126 0.102434844516617
24.6784370433241 0.133786280104478
24.6944478223357 0.1650043546188
24.7104586013472 0.196057949203981
24.7264693803588 0.226916108961589
24.7424801593704 0.257548073806897
24.7584909383819 0.287923309131169
24.7745017173935 0.318011536239236
24.790512496405 0.347782762531982
24.8065232754166 0.377207311403578
24.8225340544281 0.406255851823787
24.8385448334397 0.434899427575793
24.8545556124513 0.463109486120349
24.8705663914628 0.490857907057591
24.8865771704744 0.518117030158077
24.9025879494859 0.544859682935071
24.9185987284975 0.571059207730692
24.934609507509 0.596689488288855
24.9506202865206 0.621724975788496
24.9666310655322 0.646140714311212
24.9826418445437 0.669912365717854
24.9986526235553 0.693016233909332
25.0146634025668 0.715429288447373
25.0306741815784 0.737129187511777
25.0466849605899 0.758094300171245
25.0626957396015 0.778303727945531
25.0787065186131 0.797737325637518
25.0947172976246 0.816375721414399
25.1107280766362 0.834200336117918
25.1267388556477 0.851193401784493
25.1427496346593 0.867337979356714
25.1587604136709 0.882617975568548
25.1747711926824 0.897018158987465
25.190781971694 0.910524175197461
25.2067927507055 0.923122561107861
25.2228035297171 0.934800758373599
25.2388143087286 0.945547125913667
25.2548250877402 0.955350951515195
25.2708358667518 0.964202462511612
25.2868466457633 0.972092835524256
25.3028574247749 0.979014205257714
25.3188682037864 0.984959672340111
25.334878982798 0.989923310200557
25.3508897618095 0.993900170976888
25.3669005408211 0.996886290447793
25.3829113198327 0.998878691984444
25.3989220988442 0.999875389517657
25.4149328778558 0.999875389517657
25.4309436568673 0.998878691984443
25.4469544358789 0.996886290447793
25.4629652148905 0.993900170976888
25.478975993902 0.989923310200557
25.4949867729136 0.984959672340111
25.5109975519251 0.979014205257715
25.5270083309367 0.972092835524256
25.5430191099482 0.964202462511612
25.5590298889598 0.955350951515195
25.5750406679714 0.945547125913667
25.5910514469829 0.934800758373599
25.6070622259945 0.923122561107861
25.623073005006 0.910524175197462
25.6390837840176 0.897018158987465
25.6550945630291 0.882617975568547
25.6711053420407 0.867337979356714
25.6871161210523 0.851193401784493
25.7031269000638 0.834200336117919
25.7191376790754 0.816375721414399
25.7351484580869 0.797737325637518
25.7511592370985 0.778303727945531
25.7671700161101 0.758094300171246
25.7831807951216 0.737129187511777
25.7991915741332 0.715429288447373
25.8152023531447 0.693016233909332
25.8312131321563 0.669912365717854
25.8472239111678 0.646140714311212
25.8632346901794 0.621724975788496
25.879245469191 0.596689488288855
25.8952562482025 0.571059207730692
25.9112670272141 0.544859682935072
25.9272778062256 0.518117030158077
25.9432885852372 0.490857907057591
25.9592993642487 0.463109486120349
25.9753101432603 0.434899427575792
25.9913209222719 0.406255851823787
26.0073317012834 0.377207311403578
26.023342480295 0.347782762531982
26.0393532593065 0.318011536239236
26.0553640383181 0.287923309131169
26.0713748173296 0.257548073806897
26.0873855963412 0.226916108961589
26.1033963753528 0.196057949203982
26.1194071543643 0.1650043546188
26.1354179333759 0.133786280104478
26.1514287123874 0.102434844516617
26.167439491399 0.0709812996480171
26.1834502704106 0.0394569990762518
26.1994610494221 0.00789336690971111
26.2154718284337 -0.0236781335366221
26.2314826074452 -0.0552260311045084
26.2474933864568 -0.0867188781635531
26.2635041654683 -0.118125281958905
26.2795149444799 -0.14941393590426
26.2955257234915 -0.180553650788904
26.311536502503 -0.211513385867817
26.3275472815146 -0.242262279803783
26.3435580605261 -0.272769681430604
26.3595688395377 -0.30300518030687
26.3755796185492 -0.33293863702976
26.3915903975608 -0.362540213278626
26.4076011765724 -0.391780401558495
26.4236119555839 -0.420630054613783
26.4396227345955 -0.449060414482921
26.455633513607 -0.477043141164886
26.4716442926186 -0.504550340869175
26.4876550716302 -0.531554593820901
26.5036658506417 -0.558028981593442
26.5196766296533 -0.583947113941304
26.5356874086648 -0.609283155106516
26.5516981876764 -0.63401184957224
26.5677089666879 -0.658108547238035
26.5837197456995 -0.681549227991633
26.5997305247111 -0.704310525652673
26.6157413037226 -0.726369751264641
26.6317520827342 -0.747704915711708
26.6477628617457 -0.768294751637971
26.6637736407573 -0.788118734647194
26.6797844197688 -0.807157103761984
26.6957951987804 -0.825390881121976
26.711805977792 -0.842801890901352
26.7278167568035 -0.859372777426911
26.7438275358151 -0.875087022478594
26.7598383148266 -0.889928961755181
26.7758490938382 -0.903883800488822
26.7918598728497 -0.916937628192789
26.8078706518613 -0.929077432527731
26.8238814308729 -0.940291112272674
26.8398922098844 -0.950567489387782
26.855902988896 -0.959896320156857
26.8719137679075 -0.968268305398506
26.8879245469191 -0.975675099735773
26.9039353259307 -0.98210931991498
26.9199461049422 -0.987564552165524
26.9359568839538 -0.992035358593258
26.9519676629653 -0.995517282601106
26.9679784419769 -0.998006853331493
26.9839892209884 -0.999501589126174
27 -1
