0 -1
0.0187578790582915 -0.999501589126174
0.0375157581165829 -0.998006853331493
0.0562736371748744 -0.995517282601106
0.0750315162331658 -0.992035358593258
0.0937893952914573 -0.987564552165524
0.112547274349749 -0.98210931991498
0.13130515340804 -0.975675099735774
0.150063032466332 -0.968268305398507
0.168820911524623 -0.959896320156857
0.187578790582915 -0.950567489387783
0.206336669641206 -0.940291112272676
0.225094548699497 -0.929077432527731
0.243852427757789 -0.916937628192789
0.26261030681608 -0.903883800488824
0.281368185874372 -0.88992896175518
0.300126064932663 -0.875087022478594
0.318883943990955 -0.859372777426912
0.337641823049246 -0.842801890901351
0.356399702107538 -0.825390881121976
0.375157581165829 -0.807157103761985
0.393915460224121 -0.788118734647192
0.412673339282412 -0.768294751637971
0.431431218340704 -0.747704915711709
0.450189097398995 -0.726369751264639
0.468946976457286 -0.704310525652672
0.487704855515578 -0.681549227991634
0.506462734573869 -0.658108547238038
0.525220613632161 -0.634011849572239
0.543978492690452 -0.609283155106517
0.562736371748744 -0.583947113941306
0.581494250807035 -0.55802898159344
0.600252129865327 -0.531554593820901
0.619010008923618 -0.504550340869177
0.63776788798191 -0.47704314116489
0.656525767040201 -0.44906041448292
0.675283646098493 -0.420630054613784
0.694041525156784 -0.391780401558493
0.712799404215075 -0.362540213278624
0.731557283273367 -0.332938637029761
0.750315162331658 -0.303005180306873
0.76907304138995 -0.272769681430603
0.787830920448241 -0.242262279803783
0.806588799506533 -0.211513385867819
0.825346678564824 -0.180553650788902
0.844104557623116 -0.149413935904261
0.862862436681407 -0.118125281958908
0.881620315739699 -0.0867188781635507
0.90037819479799 -0.0552260311045084
0.919136073856281 -0.0236781335366239
0.937893952914573 0.00789336690971331
0.956651831972864 0.0394569990762527
0.975409711031156 0.0709812996480158
0.994167590089447 0.102434844516613
1.01292546914774 0.133786280104479
1.03168334820603 0.165004354618799
1.05044122726432 0.196057949203978
1.06919910632261 0.22691610896159
1.0879569853809 0.257548073806897
1.1067148644392 0.287923309131166
1.12547274349749 0.318011536239238
1.14423062255578 0.347782762531983
1.16298850161407 0.377207311403576
1.18174638067236 0.406255851823789
1.20050425973065 0.434899427575793
1.21926213878894 0.463109486120348
1.23802001784724 0.490857907057594
1.25677789690553 0.518117030158078
1.27553577596382 0.54485968293507
1.29429365502211 0.571059207730695
1.3130515340804 0.596689488288856
1.33180941313869 0.621724975788495
1.35056729219699 0.64614071431121
1.36932517125528 0.669912365717855
1.38808305031357 0.693016233909331
1.40684092937186 0.715429288447371
1.42559880843015 0.737129187511779
1.44435668748844 0.758094300171245
1.46311456654673 0.77830372794553
1.48187244560503 0.797737325637519
1.50063032466332 0.816375721414399
1.51938820372161 0.834200336117917
1.5381460827799 0.851193401784495
1.55690396183819 0.867337979356715
1.57566184089648 0.882617975568547
1.59441971995477 0.897018158987463
1.61317759901307 0.910524175197462
1.63193547807136 0.923122561107861
1.65069335712965 0.934800758373598
1.66945123618794 0.945547125913667
1.68820911524623 0.955350951515195
1.70696699430452 0.964202462511612
1.72572487336281 0.972092835524257
1.74448275242111 0.979014205257714
1.7632406314794 0.984959672340111
1.78199851053769 0.989923310200557
1.80075638959598 0.993900170976888
1.81951426865427 0.996886290447793
1.83827214771256 0.998878691984444
1.85703002677085 0.999875389517657
1.87578790582915 0.999875389517657
1.89454578488744 0.998878691984444
1.91330366394573 0.996886290447793
1.93206154300402 0.993900170976888
1.95081942206231 0.989923310200557
1.9695773011206 0.984959672340111
1.98833518017889 0.979014205257715
2.00709305923719 0.972092835524257
2.02585093829548 0.964202462511612
2.04460881735377 0.955350951515195
2.06336669641206 0.945547125913667
2.08212457547035 0.934800758373598
2.10088245452864 0.923122561107861
2.11964033358693 0.910524175197462
2.13839821264523 0.897018158987463
2.15715609170352 0.882617975568547
2.17591397076181 0.867337979356715
2.1946718498201 0.851193401784495
2.21342972887839 0.834200336117918
2.23218760793668 0.816375721414399
2.25094548699498 0.797737325637519
2.26970336605327 0.77830372794553
2.28846124511156 0.758094300171245
2.30721912416985 0.737129187511779
2.32597700322814 0.715429288447371
2.34473488228643 0.693016233909332
2.36349276134472 0.669912365717855
2.38225064040302 0.64614071431121
2.40100851946131 0.621724975788495
2.4197663985196 0.596689488288856
2.43852427757789 0.571059207730695
2.45728215663618 0.54485968293507
2.47604003569447 0.518117030158078
2.49479791475276 0.490857907057594
2.51355579381106 0.463109486120348
2.53231367286935 0.434899427575793
2.55107155192764 0.406255851823789
2.56982943098593 0.377207311403576
2.58858731004422 0.347782762531982
2.60734518910251 0.318011536239238
2.6261030681608 0.287923309131167
2.6448609472191 0.257548073806897
2.66361882627739 0.22691610896159
2.68237670533568 0.196057949203978
2.70113458439397 0.165004354618799
2.71989246345226 0.133786280104479
2.73865034251055 0.102434844516613
2.75740822156884 0.0709812996480162
2.77616610062714 0.0394569990762536
2.79492397968543 0.00789336690971289
2.81368185874372 -0.0236781335366239
2.83243973780201 -0.0552260311045075
2.8511976168603 -0.0867188781635514
2.86995549591859 -0.118125281958907
2.88871337497688 -0.14941393590426
2.90747125403518 -0.180553650788902
2.92622913309347 -0.211513385867819
2.94498701215176 -0.242262279803782
2.96374489121005 -0.272769681430603
2.98250277026834 -0.303005180306872
3.00126064932663 -0.332938637029761
3.02001852838492 -0.362540213278625
3.03877640744322 -0.391780401558493
3.05753428650151 -0.420630054613784
3.0762921655598 -0.449060414482921
3.09505004461809 -0.477043141164889
3.11380792367638 -0.504550340869177
3.13256580273467 -0.531554593820901
3.15132368179297 -0.55802898159344
3.17008156085126 -0.583947113941306
3.18883943990955 -0.609283155106516
3.20759731896784 -0.634011849572239
3.22635519802613 -0.658108547238037
3.24511307708442 -0.681549227991633
3.26387095614271 -0.704310525652672
3.28262883520101 -0.726369751264639
3.3013867142593 -0.747704915711709
3.32014459331759 -0.768294751637971
3.33890247237588 -0.788118734647192
3.35766035143417 -0.807157103761985
3.37641823049246 -0.825390881121976
3.39517610955075 -0.84280189090135
3.41393398860905 -0.859372777426912
3.43269186766734 -0.875087022478593
3.45144974672563 -0.889928961755181
3.47020762578392 -0.903883800488823
3.48896550484221 -0.916937628192789
3.5077233839005 -0.929077432527731
3.52648126295879 -0.940291112272676
3.54523914201709 -0.950567489387782
3.56399702107538 -0.959896320156857
3.58275490013367 -0.968268305398507
3.60151277919196 -0.975675099735773
3.62027065825025 -0.98210931991498
3.63902853730854 -0.987564552165524
3.65778641636683 -0.992035358593258
3.67654429542513 -0.995517282601106
3.69530217448342 -0.998006853331493
3.71406005354171 -0.999501589126174
3.7328179326 -1
3.73938803042261 -0.999501589126174
3.74595812824523 -0.998006853331493
3.75252822606784 -0.995517282601106
3.75909832389045 -0.992035358593258
3.76566842171307 -0.987564552165524
3.77223851953568 -0.98210931991498
3.77880861735829 -0.975675099735773
3.7853787151809 -0.968268305398507
3.79194881300352 -0.959896320156857
3.79851891082613 -0.950567489387783
3.80508900864874 -0.940291112272676
3.81165910647136 -0.929077432527731
3.81822920429397 -0.916937628192789
3.82479930211658 -0.903883800488824
3.8313693999392 -0.889928961755181
3.83793949776181 -0.875087022478594
3.84450959558442 -0.859372777426912
3.85107969340704 -0.842801890901351
3.85764979122965 -0.825390881121976
3.86421988905226 -0.807157103761985
3.87078998687487 -0.788118734647192
3.87736008469749 -0.768294751637971
3.8839301825201 -0.747704915711709
3.89050028034271 -0.726369751264639
3.89707037816533 -0.704310525652672
3.90364047598794 -0.681549227991634
3.91021057381055 -0.658108547238037
3.91678067163317 -0.634011849572238
3.92335076945578 -0.609283155106516
3.92992086727839 -0.583947113941306
3.93649096510101 -0.558028981593439
3.94306106292362 -0.531554593820901
3.94963116074623 -0.504550340869177
3.95620125856884 -0.477043141164891
3.96277135639146 -0.449060414482921
3.96934145421407 -0.420630054613785
3.97591155203668 -0.391780401558494
3.9824816498593 -0.362540213278625
3.98905174768191 -0.332938637029761
3.99562184550452 -0.303005180306873
4.00219194332714 -0.272769681430601
4.00876204114975 -0.242262279803781
4.01533213897236 -0.211513385867817
4.02190223679498 -0.1805536507889
4.02847233461759 -0.149413935904263
4.0350424324402 -0.11812528195891
4.04161253026281 -0.0867188781635527
4.04818262808543 -0.0552260311045099
4.05475272590804 -0.0236781335366257
4.06132282373065 0.00789336690971176
4.06789292155327 0.0394569990762511
4.07446301937588 0.0709812996480144
4.08103311719849 0.102434844516612
4.08760321502111 0.133786280104478
4.09417331284372 0.165004354618798
4.10074341066633 0.196057949203977
4.10731350848894 0.226916108961589
4.11388360631156 0.257548073806896
4.12045370413417 0.287923309131166
4.12702380195678 0.318011536239238
4.1335938997794 0.347782762531982
4.14016399760201 0.377207311403575
4.14673409542462 0.406255851823788
4.15330419324724 0.434899427575793
4.15987429106985 0.463109486120348
4.16644438889246 0.490857907057594
4.17301448671508 0.518117030158077
4.17958458453769 0.54485968293507
4.1861546823603 0.571059207730695
4.19272478018291 0.596689488288856
4.19929487800553 0.621724975788495
4.20586497582814 0.64614071431121
4.21243507365075 0.669912365717856
4.21900517147337 0.693016233909332
4.22557526929598 0.715429288447372
4.23214536711859 0.737129187511779
4.23871546494121 0.758094300171246
4.24528556276382 0.778303727945531
4.25185566058643 0.79773732563752
4.25842575840905 0.8163757214144
4.26499585623166 0.834200336117918
4.27156595405427 0.851193401784495
4.27813605187688 0.867337979356715
4.2847061496995 0.882617975568548
4.29127624752211 0.897018158987464
4.29784634534472 0.910524175197463
4.30441644316734 0.923122561107862
4.31098654098995 0.934800758373597
4.31755663881256 0.945547125913668
4.32412673663518 0.955350951515194
4.33069683445779 0.964202462511611
4.3372669322804 0.972092835524257
4.34383703010301 0.979014205257714
4.35040712792563 0.98495967234011
4.35697722574824 0.989923310200557
4.36354732357085 0.993900170976888
4.37011742139347 0.996886290447793
4.37668751921608 0.998878691984444
4.38325761703869 0.999875389517657
4.38982771486131 0.999875389517657
4.39639781268392 0.998878691984444
4.40296791050653 0.996886290447793
4.40953800832915 0.993900170976888
4.41610810615176 0.989923310200557
4.42267820397437 0.984959672340111
4.42924830179699 0.979014205257715
4.4358183996196 0.972092835524257
4.44238849744221 0.964202462511612
4.44895859526482 0.955350951515195
4.45552869308744 0.945547125913667
4.46209879091005 0.934800758373598
4.46866888873266 0.923122561107861
4.47523898655528 0.910524175197462
4.48180908437789 0.897018158987464
4.4883791822005 0.882617975568547
4.49494928002312 0.867337979356715
4.50151937784573 0.851193401784494
4.50808947566834 0.834200336117917
4.51465957349096 0.816375721414399
4.52122967131357 0.797737325637519
4.52779976913618 0.778303727945529
4.53436986695879 0.758094300171245
4.54093996478141 0.737129187511778
4.54751006260402 0.715429288447371
4.55408016042663 0.693016233909331
4.56065025824925 0.669912365717854
4.56722035607186 0.646140714311209
4.57379045389447 0.621724975788494
4.58036055171709 0.596689488288854
4.5869306495397 0.571059207730694
4.59350074736231 0.544859682935073
4.60007084518493 0.518117030158076
4.60664094300754 0.490857907057595
4.61321104083015 0.463109486120346
4.61978113865276 0.434899427575795
4.62635123647538 0.40625585182379
4.63292133429799 0.377207311403578
4.6394914321206 0.347782762531984
4.64606152994322 0.31801153623924
4.65263162776583 0.287923309131168
4.65920172558844 0.257548073806898
4.66577182341106 0.226916108961591
4.67234192123367 0.19605794920398
4.67891201905628 0.1650043546188
4.68548211687889 0.13378628010448
4.69205221470151 0.102434844516615
4.69862231252412 0.0709812996480162
4.70519241034673 0.0394569990762536
4.71176250816935 0.00789336690971378
4.71833260599196 -0.0236781335366239
4.72490270381457 -0.0552260311045075
4.73147280163719 -0.0867188781635505
4.7380428994598 -0.118125281958908
4.74461299728241 -0.14941393590426
4.75118309510503 -0.180553650788902
4.75775319292764 -0.211513385867819
4.76432329075025 -0.242262279803783
4.77089338857286 -0.272769681430603
4.77746348639548 -0.303005180306873
4.78403358421809 -0.332938637029761
4.7906036820407 -0.362540213278625
4.79717377986332 -0.391780401558494
4.80374387768593 -0.420630054613784
4.81031397550854 -0.449060414482921
4.81688407333116 -0.47704314116489
4.82345417115377 -0.504550340869178
4.83002426897638 -0.531554593820902
4.836594366799 -0.558028981593441
4.84316446462161 -0.583947113941307
4.84973456244422 -0.609283155106517
4.85630466026683 -0.63401184957224
4.86287475808945 -0.658108547238039
4.86944485591206 -0.681549227991635
4.87601495373467 -0.704310525652671
4.88258505155729 -0.726369751264641
4.8891551493799 -0.747704915711707
4.89572524720251 -0.768294751637972
4.90229534502513 -0.788118734647191
4.90886544284774 -0.807157103761987
4.91543554067035 -0.825390881121975
4.92200563849297 -0.842801890901352
4.92857573631558 -0.859372777426911
4.93514583413819 -0.875087022478593
4.9417159319608 -0.889928961755179
4.94828602978342 -0.903883800488823
4.95485612760603 -0.916937628192788
4.96142622542864 -0.92907743252773
4.96799632325126 -0.940291112272675
4.97456642107387 -0.950567489387782
4.98113651889648 -0.959896320156857
4.9877066167191 -0.968268305398507
4.99427671454171 -0.975675099735773
5.00084681236432 -0.98210931991498
5.00741691018693 -0.987564552165524
5.01398700800955 -0.992035358593258
5.02055710583216 -0.995517282601106
5.02712720365477 -0.998006853331493
5.03369730147739 -0.999501589126174
5.0402673993 -1
5.05791371955477 -0.999501589126174
5.07556003980955 -0.998006853331493
5.09320636006432 -0.995517282601106
5.1108526803191 -0.992035358593258
5.12849900057387 -0.987564552165524
5.14614532082864 -0.98210931991498
5.16379164108342 -0.975675099735774
5.18143796133819 -0.968268305398507
5.19908428159296 -0.959896320156857
5.21673060184774 -0.950567489387783
5.23437692210251 -0.940291112272676
5.25202324235729 -0.929077432527731
5.26966956261206 -0.916937628192789
5.28731588286683 -0.903883800488824
5.30496220312161 -0.88992896175518
5.32260852337638 -0.875087022478594
5.34025484363116 -0.859372777426912
5.35790116388593 -0.842801890901351
5.3755474841407 -0.825390881121976
5.39319380439548 -0.807157103761986
5.41084012465025 -0.788118734647193
5.42848644490503 -0.768294751637971
5.4461327651598 -0.747704915711709
5.46377908541457 -0.72636975126464
5.48142540566935 -0.704310525652672
5.49907172592412 -0.681549227991634
5.51671804617889 -0.658108547238038
5.53436436643367 -0.634011849572239
5.55201068668844 -0.609283155106517
5.56965700694322 -0.583947113941307
5.58730332719799 -0.558028981593441
5.60494964745276 -0.531554593820902
5.62259596770754 -0.504550340869178
5.64024228796231 -0.47704314116489
5.65788860821709 -0.449060414482921
5.67553492847186 -0.420630054613785
5.69318124872663 -0.391780401558494
5.71082756898141 -0.362540213278625
5.72847388923618 -0.332938637029762
5.74612020949095 -0.303005180306873
5.76376652974573 -0.272769681430604
5.7814128500005 -0.242262279803782
5.79905917025528 -0.21151338586782
5.81670549051005 -0.180553650788901
5.83435181076482 -0.149413935904262
5.8519981310196 -0.118125281958909
5.86964445127437 -0.0867188781635514
5.88729077152915 -0.0552260311045075
5.90493709178392 -0.023678133536625
5.92258341203869 0.00789336690971398
5.94022973229347 0.0394569990762518
5.95787605254824 0.0709812996480167
5.97552237280302 0.102434844516614
5.99316869305779 0.13378628010448
6.01081501331256 0.165004354618798
6.02846133356734 0.196057949203979
6.04610765382211 0.226916108961589
6.06375397407689 0.257548073806897
6.08140029433166 0.287923309131167
6.09904661458643 0.318011536239239
6.11669293484121 0.347782762531982
6.13433925509598 0.377207311403576
6.15198557535075 0.406255851823788
6.16963189560553 0.434899427575793
6.1872782158603 0.463109486120348
6.20492453611508 0.490857907057594
6.22257085636985 0.518117030158078
6.24021717662462 0.544859682935071
6.2578634968794 0.571059207730695
6.27550981713417 0.596689488288856
6.29315613738895 0.621724975788495
6.31080245764372 0.64614071431121
6.32844877789849 0.669912365717855
6.34609509815327 0.693016233909332
6.36374141840804 0.715429288447372
6.38138773866281 0.737129187511779
6.39903405891759 0.758094300171246
6.41668037917236 0.77830372794553
6.43432669942714 0.797737325637519
6.45197301968191 0.816375721414399
6.46961933993668 0.834200336117918
6.48726566019146 0.851193401784495
6.50491198044623 0.867337979356715
6.52255830070101 0.882617975568547
6.54020462095578 0.897018158987464
6.55785094121055 0.910524175197462
6.57549726146533 0.923122561107861
6.5931435817201 0.934800758373598
6.61078990197487 0.945547125913667
6.62843622222965 0.955350951515195
6.64608254248442 0.964202462511612
6.6637288627392 0.972092835524257
6.68137518299397 0.979014205257715
6.69902150324874 0.984959672340111
6.71666782350352 0.989923310200557
6.73431414375829 0.993900170976888
6.75196046401307 0.996886290447793
6.76960678426784 0.998878691984444
6.78725310452261 0.999875389517657
6.80489942477739 0.999875389517657
6.82254574503216 0.998878691984444
6.84019206528694 0.996886290447793
6.85783838554171 0.993900170976888
6.87548470579648 0.989923310200557
6.89313102605126 0.984959672340111
6.91077734630603 0.979014205257715
6.9284236665608 0.972092835524257
6.94606998681558 0.964202462511612
6.96371630707035 0.955350951515195
6.98136262732513 0.945547125913667
6.9990089475799 0.934800758373598
7.01665526783467 0.923122561107861
7.03430158808945 0.910524175197462
7.05194790834422 0.897018158987464
7.069594228599 0.882617975568547
7.08724054885377 0.867337979356715
7.10488686910854 0.851193401784495
7.12253318936332 0.834200336117918
7.14017950961809 0.816375721414399
7.15782582987286 0.79773732563752
7.17547215012764 0.778303727945529
7.19311847038241 0.758094300171246
7.21076479063719 0.737129187511779
7.22841111089196 0.715429288447372
7.24605743114673 0.693016233909331
7.26370375140151 0.669912365717855
7.28135007165628 0.646140714311209
7.29899639191106 0.621724975788496
7.31664271216583 0.596689488288856
7.3342890324206 0.571059207730696
7.35193535267538 0.54485968293507
7.36958167293015 0.518117030158078
7.38722799318493 0.490857907057593
7.4048743134397 0.463109486120348
7.42252063369447 0.434899427575792
7.44016695394925 0.40625585182379
7.45781327420402 0.377207311403576
7.47545959445879 0.347782762531983
7.49310591471357 0.318011536239237
7.51075223496834 0.287923309131167
7.52839855522312 0.257548073806896
7.54604487547789 0.22691610896159
7.56369119573266 0.196057949203977
7.58133751598744 0.1650043546188
7.59898383624221 0.133786280104478
7.61663015649698 0.102434844516614
7.63427647675176 0.0709812996480145
7.65192279700653 0.0394569990762545
7.66956911726131 0.00789336690971378
7.68721543751608 -0.0236781335366247
7.70486175777086 -0.0552260311045084
7.72250807802563 -0.0867188781635496
7.7401543982804 -0.118125281958909
7.75780071853518 -0.14941393590426
7.77544703878995 -0.180553650788902
7.79309335904472 -0.21151338586782
7.8107396792995 -0.242262279803784
7.82838599955427 -0.272769681430602
7.84603231980905 -0.303005180306873
7.86367864006382 -0.332938637029759
7.88132496031859 -0.362540213278625
7.89897128057337 -0.391780401558494
7.91661760082814 -0.420630054613784
7.93426392108291 -0.449060414482919
7.95191024133769 -0.47704314116489
7.96955656159246 -0.504550340869177
7.98720288184724 -0.531554593820901
8.00484920210201 -0.558028981593442
8.02249552235678 -0.583947113941307
8.04014184261156 -0.609283155106516
8.05778816286633 -0.634011849572239
8.07543448312111 -0.658108547238037
8.09308080337588 -0.681549227991635
8.11072712363065 -0.704310525652671
8.12837344388543 -0.726369751264639
8.1460197641402 -0.74770491571171
8.16366608439498 -0.768294751637971
8.18131240464975 -0.788118734647192
8.19895872490452 -0.807157103761986
8.2166050451593 -0.825390881121977
8.23425136541407 -0.84280189090135
8.25189768566884 -0.859372777426911
8.26954400592362 -0.875087022478594
8.28719032617839 -0.88992896175518
8.30483664643317 -0.903883800488824
8.32248296668794 -0.916937628192788
8.34012928694271 -0.92907743252773
8.35777560719749 -0.940291112272676
8.37542192745226 -0.950567489387783
8.39306824770703 -0.959896320156857
8.41071456796181 -0.968268305398507
8.42836088821658 -0.975675099735774
8.44600720847136 -0.98210931991498
8.46365352872613 -0.987564552165523
8.48129984898091 -0.992035358593258
8.49894616923568 -0.995517282601106
8.51659248949045 -0.998006853331493
8.53423880974523 -0.999501589126174
8.55188513 -1
8.56712023209598 -0.999501589126174
8.58235533419196 -0.998006853331493
8.59759043628794 -0.995517282601106
8.61282553838392 -0.992035358593258
8.6280606404799 -0.987564552165524
8.64329574257588 -0.98210931991498
8.65853084467186 -0.975675099735773
8.67376594676784 -0.968268305398507
8.68900104886382 -0.959896320156857
8.7042361509598 -0.950567489387783
8.71947125305578 -0.940291112272675
8.73470635515176 -0.92907743252773
8.74994145724774 -0.916937628192788
8.76517655934372 -0.903883800488824
8.7804116614397 -0.889928961755181
8.79564676353568 -0.875087022478594
8.81088186563166 -0.859372777426912
8.82611696772764 -0.84280189090135
8.84135206982362 -0.825390881121977
8.8565871719196 -0.807157103761986
8.87182227401558 -0.788118734647193
8.88705737611156 -0.76829475163797
8.90229247820754 -0.747704915711708
8.91752758030352 -0.726369751264638
8.9327626823995 -0.704310525652673
8.94799778449548 -0.681549227991634
8.96323288659146 -0.658108547238038
8.97846798868744 -0.634011849572238
8.99370309078342 -0.609283155106516
9.0089381928794 -0.583947113941307
9.02417329497538 -0.558028981593441
9.03940839707136 -0.531554593820902
9.05464349916734 -0.504550340869177
9.06987860126332 -0.477043141164889
9.0851137033593 -0.449060414482919
9.10034880545528 -0.420630054613785
9.11558390755126 -0.391780401558494
9.13081900964724 -0.362540213278624
9.14605411174322 -0.33293863702976
9.1612892138392 -0.303005180306871
9.17652431593518 -0.272769681430604
9.19175941803116 -0.242262279803784
9.20699452012714 -0.211513385867819
9.22222962222312 -0.180553650788901
9.2374647243191 -0.14941393590426
9.25269982641507 -0.11812528195891
9.26793492851106 -0.0867188781635518
9.28317003060704 -0.0552260311045084
9.29840513270302 -0.0236781335366237
9.313640234799 0.00789336690971442
9.32887533689498 0.0394569990762547
9.34411043899095 0.0709812996480147
9.35934554108693 0.102434844516613
9.37458064318291 0.133786280104479
9.3898157452789 0.1650043546188
9.40505084737488 0.19605794920398
9.42028594947085 0.226916108961589
9.43552105156683 0.257548073806896
9.45075615366281 0.287923309131166
9.46599125575879 0.318011536239239
9.48122635785477 0.347782762531984
9.49646145995075 0.377207311403574
9.51169656204673 0.406255851823788
9.52693166414271 0.434899427575793
9.54216676623869 0.463109486120348
9.55740186833467 0.490857907057595
9.57263697043065 0.518117030158079
9.58787207252663 0.544859682935069
9.60310717462261 0.571059207730694
9.61834227671859 0.596689488288856
9.63357737881457 0.621724975788496
9.64881248091055 0.646140714311211
9.66404758300653 0.669912365717854
9.67928268510251 0.693016233909331
9.69451778719849 0.715429288447371
9.70975288929447 0.737129187511779
9.72498799139045 0.758094300171246
9.74022309348643 0.778303727945529
9.75545819558241 0.797737325637519
9.77069329767839 0.816375721414399
9.78592839977437 0.834200336117918
9.80116350187035 0.851193401784495
9.81639860396633 0.867337979356715
9.83163370606231 0.882617975568546
9.84686880815829 0.897018158987463
9.86210391025427 0.910524175197462
9.87733901235025 0.923122561107861
9.89257411444623 0.934800758373597
9.90780921654221 0.945547125913667
9.92304431863819 0.955350951515194
9.93827942073417 0.964202462511612
9.95351452283015 0.972092835524257
9.96874962492613 0.979014205257715
9.98398472702211 0.984959672340111
9.99921982911809 0.989923310200557
10.0144549312141 0.993900170976888
10.0296900333101 0.996886290447793
10.044925135406 0.998878691984444
10.060160237502 0.999875389517657
10.075395339598 0.999875389517657
10.090630441694 0.998878691984444
10.1058655437899 0.996886290447793
10.1211006458859 0.993900170976888
10.1363357479819 0.989923310200557
10.1515708500779 0.984959672340111
10.1668059521739 0.979014205257715
10.1820410542698 0.972092835524257
10.1972761563658 0.964202462511612
10.2125112584618 0.955350951515195
10.2277463605578 0.945547125913668
10.2429814626538 0.934800758373599
10.2582165647497 0.923122561107861
10.2734516668457 0.910524175197462
10.2886867689417 0.897018158987463
10.3039218710377 0.882617975568546
10.3191569731337 0.867337979356714
10.3343920752296 0.851193401784495
10.3496271773256 0.834200336117918
10.3648622794216 0.816375721414399
10.3800973815176 0.797737325637519
10.3953324836136 0.778303727945531
10.4105675857095 0.758094300171246
10.4258026878055 0.737129187511779
10.4410377899015 0.715429288447371
10.4562728919975 0.693016233909331
10.4715079940935 0.669912365717854
10.4867430961894 0.646140714311211
10.5019781982854 0.621724975788496
10.5172133003814 0.596689488288856
10.5324484024774 0.571059207730694
10.5476835045734 0.54485968293507
10.5629186066693 0.518117030158079
10.5781537087653 0.490857907057595
10.5933888108613 0.463109486120348
10.6086239129573 0.434899427575792
10.6238590150533 0.406255851823788
10.6390941171492 0.377207311403578
10.6543292192452 0.347782762531983
10.6695643213412 0.318011536239239
10.6847994234372 0.287923309131167
10.7000345255332 0.257548073806896
10.7152696276291 0.226916108961593
10.7305047297251 0.196057949203976
10.7457398318211 0.165004354618801
10.7609749339171 0.133786280104479
10.7762100360131 0.102434844516613
10.791445138109 0.0709812996480145
10.806680240205 0.0394569990762509
10.821915342301 0.00789336690971467
10.837150444397 -0.0236781335366239
10.852385546493 -0.0552260311045084
10.8676206485889 -0.0867188781635514
10.8828557506849 -0.11812528195891
10.8980908527809 -0.14941393590426
10.9133259548769 -0.180553650788901
10.9285610569729 -0.211513385867818
10.9437961590688 -0.242262279803784
10.9590312611648 -0.272769681430604
10.9742663632608 -0.303005180306871
10.9895014653568 -0.33293863702976
11.0047365674528 -0.362540213278624
11.0199716695487 -0.391780401558494
11.0352067716447 -0.420630054613785
11.0504418737407 -0.449060414482918
11.0656769758367 -0.477043141164889
11.0809120779327 -0.504550340869177
11.0961471800286 -0.531554593820901
11.1113822821246 -0.558028981593441
11.1266173842206 -0.583947113941307
11.1418524863166 -0.609283155106519
11.1570875884126 -0.634011849572238
11.1723226905085 -0.658108547238037
11.1875577926045 -0.681549227991635
11.2027928947005 -0.704310525652672
11.2180279967965 -0.726369751264641
11.2332630988925 -0.747704915711709
11.2484982009884 -0.76829475163797
11.2637333030844 -0.788118734647193
11.2789684051804 -0.807157103761984
11.2942035072764 -0.825390881121977
11.3094386093724 -0.84280189090135
11.3246737114683 -0.859372777426911
11.3399088135643 -0.875087022478594
11.3551439156603 -0.889928961755181
11.3703790177563 -0.903883800488824
11.3856141198523 -0.916937628192788
11.4008492219482 -0.92907743252773
11.4160843240442 -0.940291112272675
11.4313194261402 -0.950567489387783
11.4465545282362 -0.959896320156858
11.4617896303322 -0.968268305398507
11.4770247324281 -0.975675099735773
11.4922598345241 -0.98210931991498
11.5074949366201 -0.987564552165524
11.5227300387161 -0.992035358593258
11.5379651408121 -0.995517282601106
11.553200242908 -0.998006853331493
11.568435345004 -0.999501589126174
11.5836704471 -1
11.5917099249568 -0.999501589126174
11.5997494028136 -0.998006853331494
11.6077888806704 -0.995517282601106
11.6158283585271 -0.992035358593258
11.6238678363839 -0.987564552165524
11.6319073142407 -0.982109319914981
11.6399467920975 -0.975675099735774
11.6479862699543 -0.968268305398508
11.6560257478111 -0.959896320156856
11.6640652256678 -0.950567489387782
11.6721047035246 -0.940291112272676
11.6801441813814 -0.929077432527731
11.6881836592382 -0.91693762819279
11.696223137095 -0.903883800488822
11.7042626149518 -0.889928961755179
11.7123020928085 -0.875087022478593
11.7203415706653 -0.859372777426912
11.7283810485221 -0.842801890901352
11.7364205263789 -0.825390881121978
11.7444600042357 -0.807157103761984
11.7524994820925 -0.788118734647192
11.7605389599492 -0.768294751637971
11.768578437806 -0.74770491571171
11.7766179156628 -0.726369751264641
11.7846573935196 -0.70431052565267
11.7926968713764 -0.681549227991632
11.8007363492332 -0.658108547238037
11.8087758270899 -0.634011849572239
11.8168153049467 -0.609283155106518
11.8248547828035 -0.583947113941309
11.8328942606603 -0.558028981593438
11.8409337385171 -0.5315545938209
11.8489732163739 -0.504550340869177
11.8570126942307 -0.477043141164891
11.8650521720874 -0.449060414482922
11.8730916499442 -0.420630054613781
11.881131127801 -0.391780401558491
11.8891706056578 -0.362540213278624
11.8972100835146 -0.332938637029761
11.9052495613714 -0.303005180306874
11.9132890392281 -0.272769681430606
11.9213285170849 -0.242262279803781
11.9293679949417 -0.211513385867818
11.9374074727985 -0.180553650788902
11.9454469506553 -0.149413935904262
11.9534864285121 -0.11812528195891
11.9615259063688 -0.0867188781635474
11.9695653842256 -0.0552260311045059
11.9776048620824 -0.0236781335366232
11.9856443399392 0.00789336690971309
11.993683817796 0.0394569990762511
12.0017232956528 0.0709812996480131
12.0097627735095 0.102434844516616
12.0178022513663 0.133786280104481
12.0258417292231 0.1650043546188
12.0338812070799 0.196057949203977
12.0419206849367 0.226916108961588
12.0499601627935 0.2575480738069
12.0579996406503 0.287923309131169
12.066039118507 0.318011536239239
12.0740785963638 0.347782762531982
12.0821180742206 0.377207311403575
12.0901575520774 0.406255851823786
12.0981970299342 0.434899427575796
12.106236507791 0.463109486120349
12.1142759856477 0.490857907057594
12.1223154635045 0.518117030158076
12.1303549413613 0.544859682935069
12.1383944192181 0.571059207730692
12.1464338970749 0.596689488288858
12.1544733749317 0.621724975788496
12.1625128527884 0.64614071431121
12.1705523306452 0.669912365717854
12.178591808502 0.69301623390933
12.1866312863588 0.715429288447373
12.1946707642156 0.73712918751178
12.2027102420724 0.758094300171246
12.2107497199291 0.778303727945529
12.2187891977859 0.797737325637518
12.2268286756427 0.816375721414401
12.2348681534995 0.834200336117919
12.2429076313563 0.851193401784495
12.2509471092131 0.867337979356715
12.2589865870698 0.882617975568546
12.2670260649266 0.897018158987462
12.2750655427834 0.910524175197463
12.2831050206402 0.923122561107861
12.291144498497 0.934800758373598
12.2991839763538 0.945547125913667
12.3072234542106 0.955350951515194
12.3152629320673 0.964202462511613
12.3233024099241 0.972092835524258
12.3313418877809 0.979014205257715
12.3393813656377 0.98495967234011
12.3474208434945 0.989923310200557
12.3554603213513 0.993900170976888
12.363499799208 0.996886290447793
12.3715392770648 0.998878691984444
12.3795787549216 0.999875389517657
12.3876182327784 0.999875389517657
12.3956577106352 0.998878691984444
12.403697188492 0.996886290447793
12.4117366663487 0.993900170976888
12.4197761442055 0.989923310200557
12.4278156220623 0.984959672340111
12.4358550999191 0.979014205257715
12.4438945777759 0.972092835524258
12.4519340556327 0.964202462511611
12.4599735334894 0.955350951515194
12.4680130113462 0.945547125913667
12.476052489203 0.934800758373598
12.4840919670598 0.923122561107861
12.4921314449166 0.910524175197464
12.5001709227734 0.897018158987462
12.5082104006302 0.882617975568546
12.5162498784869 0.867337979356715
12.5242893563437 0.851193401784495
12.5323288342005 0.834200336117919
12.5403683120573 0.816375721414397
12.5484077899141 0.797737325637518
12.5564472677709 0.778303727945529
12.5644867456276 0.758094300171246
12.5725262234844 0.73712918751178
12.5805657013412 0.715429288447373
12.588605179198 0.69301623390933
12.5966446570548 0.669912365717854
12.6046841349116 0.646140714311209
12.6127236127683 0.621724975788496
12.6207630906251 0.596689488288858
12.6288025684819 0.571059207730698
12.6368420463387 0.544859682935069
12.6448815241955 0.518117030158077
12.6529210020523 0.490857907057595
12.660960479909 0.46310948612035
12.6689999577658 0.43489942757579
12.6770394356226 0.406255851823786
12.6850789134794 0.377207311403575
12.6931183913362 0.347782762531982
12.701157869193 0.31801153623924
12.7091973470497 0.287923309131168
12.7172368249065 0.2575480738069
12.7252763027633 0.226916108961588
12.7333157806201 0.196057949203977
12.7413552584769 0.1650043546188
12.7493947363337 0.133786280104481
12.7574342141905 0.102434844516617
12.7654736920472 0.0709812996480127
12.773513169904 0.0394569990762509
12.7815526477608 0.00789336690971289
12.7895921256176 -0.023678133536623
12.7976316034744 -0.0552260311045057
12.8056710813312 -0.0867188781635469
12.8137105591879 -0.11812528195891
12.8217500370447 -0.149413935904261
12.8297895149015 -0.180553650788901
12.8378289927583 -0.211513385867818
12.8458684706151 -0.24226227980378
12.8539079484719 -0.272769681430606
12.8619474263286 -0.303005180306875
12.8699869041854 -0.332938637029761
12.8780263820422 -0.362540213278624
12.886065859899 -0.39178040155849
12.8941053377558 -0.420630054613781
12.9021448156126 -0.449060414482922
12.9101842934693 -0.47704314116489
12.9182237713261 -0.504550340869177
12.9262632491829 -0.5315545938209
12.9343027270397 -0.558028981593438
12.9423422048965 -0.583947113941308
12.9503816827533 -0.609283155106518
12.9584211606101 -0.634011849572239
12.9664606384668 -0.658108547238037
12.9745001163236 -0.681549227991632
12.9825395941804 -0.70431052565267
12.9905790720372 -0.726369751264641
12.998618549894 -0.747704915711709
13.0066580277508 -0.768294751637971
13.0146975056075 -0.788118734647192
13.0227369834643 -0.807157103761984
13.0307764613211 -0.825390881121978
13.0388159391779 -0.842801890901352
13.0468554170347 -0.859372777426912
13.0548948948915 -0.875087022478593
13.0629343727482 -0.889928961755179
13.070973850605 -0.903883800488822
13.0790133284618 -0.91693762819279
13.0870528063186 -0.929077432527731
13.0950922841754 -0.940291112272675
13.1031317620322 -0.950567489387782
13.1111712398889 -0.959896320156856
13.1192107177457 -0.968268305398508
13.1272501956025 -0.975675099735774
13.1352896734593 -0.98210931991498
13.1433291513161 -0.987564552165524
13.1513686291729 -0.992035358593258
13.1594081070296 -0.995517282601106
13.1674475848864 -0.998006853331494
13.1754870627432 -0.999501589126174
13.1835265406 -1
13.2017170256266 -0.999501589126174
13.2199075106533 -0.998006853331493
13.2380979956799 -0.995517282601106
13.2562884807065 -0.992035358593258
13.2744789657332 -0.987564552165524
13.2926694507598 -0.982109319914981
13.3108599357864 -0.975675099735773
13.3290504208131 -0.968268305398507
13.3472409058397 -0.959896320156857
13.3654313908663 -0.950567489387783
13.383621875893 -0.940291112272676
13.4018123609196 -0.92907743252773
13.4200028459462 -0.916937628192789
13.4381933309729 -0.903883800488824
13.4563838159995 -0.889928961755181
13.4745743010261 -0.875087022478594
13.4927647860528 -0.859372777426911
13.5109552710794 -0.84280189090135
13.529145756106 -0.825390881121976
13.5473362411327 -0.807157103761986
13.5655267261593 -0.788118734647192
13.5837172111859 -0.76829475163797
13.6019076962126 -0.747704915711709
13.6200981812392 -0.72636975126464
13.6382886662658 -0.704310525652673
13.6564791512925 -0.681549227991633
13.6746696363191 -0.658108547238037
13.6928601213457 -0.634011849572239
13.7110506063724 -0.609283155106517
13.729241091399 -0.583947113941305
13.7474315764256 -0.558028981593439
13.7656220614523 -0.531554593820901
13.7838125464789 -0.504550340869178
13.8020030315055 -0.477043141164891
13.8201935165322 -0.449060414482919
13.8383840015588 -0.420630054613784
13.8565744865854 -0.391780401558493
13.8747649716121 -0.362540213278625
13.8929554566387 -0.332938637029763
13.9111459416653 -0.303005180306872
13.929336426692 -0.272769681430603
13.9475269117186 -0.242262279803784
13.9657173967452 -0.21151338586782
13.9839078817719 -0.180553650788904
14.0020983667985 -0.14941393590426
14.0202888518251 -0.118125281958908
14.0384793368518 -0.0867188781635514
14.0566698218784 -0.0552260311045093
14.074860306905 -0.0236781335366228
14.0930507919317 0.00789336690971375
14.1112412769583 0.0394569990762527
14.1294317619849 0.0709812996480151
14.1476222470116 0.102434844516612
14.1658127320382 0.13378628010448
14.1840032170648 0.1650043546188
14.2021937020915 0.196057949203978
14.2203841871181 0.226916108961589
14.2385746721447 0.257548073806898
14.2567651571714 0.287923309131167
14.274955642198 0.318011536239238
14.2931461272246 0.347782762531982
14.3113366122513 0.377207311403575
14.3295270972779 0.40625585182379
14.3477175823045 0.434899427575793
14.3659080673312 0.463109486120348
14.3840985523578 0.490857907057593
14.4022890373844 0.518117030158079
14.4204795224111 0.544859682935071
14.4386700074377 0.571059207730695
14.4568604924643 0.596689488288855
14.475050977491 0.621724975788494
14.4932414625176 0.646140714311209
14.5114319475442 0.669912365717856
14.5296224325709 0.693016233909332
14.5478129175975 0.715429288447371
14.5660034026241 0.73712918751178
14.5841938876508 0.758094300171246
14.6023843726774 0.77830372794553
14.620574857704 0.797737325637519
14.6387653427307 0.816375721414398
14.6569558277573 0.834200336117916
14.6751463127839 0.851193401784495
14.6933367978106 0.867337979356715
14.7115272828372 0.882617975568546
14.7297177678638 0.897018158987463
14.7479082528905 0.910524175197463
14.7660987379171 0.923122561107861
14.7842892229437 0.934800758373598
14.8024797079704 0.945547125913667
14.820670192997 0.955350951515194
14.8388606780236 0.964202462511612
14.8570511630503 0.972092835524257
14.8752416480769 0.979014205257714
14.8934321331035 0.98495967234011
14.9116226181302 0.989923310200557
14.9298131031568 0.993900170976888
14.9480035881834 0.996886290447793
14.9661940732101 0.998878691984444
14.9843845582367 0.999875389517657
15.0025750432633 0.999875389517657
15.02076552829 0.998878691984444
15.0389560133166 0.996886290447793
15.0571464983432 0.993900170976888
15.0753369833698 0.989923310200557
15.0935274683965 0.98495967234011
15.1117179534231 0.979014205257715
15.1299084384497 0.972092835524257
15.1480989234764 0.964202462511612
15.166289408503 0.955350951515195
15.1844798935296 0.945547125913667
15.2026703785563 0.934800758373598
15.2208608635829 0.923122561107861
15.2390513486096 0.910524175197462
15.2572418336362 0.897018158987463
15.2754323186628 0.882617975568547
15.2936228036894 0.867337979356715
15.3118132887161 0.851193401784495
15.3300037737427 0.834200336117919
15.3481942587693 0.816375721414399
15.366384743796 0.797737325637519
15.3845752288226 0.77830372794553
15.4027657138492 0.758094300171246
15.4209561988759 0.737129187511778
15.4391466839025 0.715429288447371
15.4573371689291 0.693016233909332
15.4755276539558 0.669912365717856
15.4937181389824 0.646140714311211
15.511908624009 0.621724975788495
15.5300991090357 0.596689488288856
15.5482895940623 0.571059207730695
15.5664800790889 0.544859682935072
15.5846705641156 0.518117030158076
15.6028610491422 0.490857907057593
15.6210515341688 0.463109486120348
15.6392420191955 0.434899427575794
15.6574325042221 0.40625585182379
15.6756229892487 0.377207311403578
15.6938134742754 0.347782762531982
15.712003959302 0.318011536239239
15.7301944443286 0.287923309131167
15.7483849293553 0.257548073806895
15.7665754143819 0.22691610896159
15.7847658994085 0.196057949203978
15.8029563844352 0.1650043546188
15.8211468694618 0.13378628010448
15.8393373544884 0.102434844516615
15.8575278395151 0.0709812996480189
15.8757183245417 0.0394569990762527
15.8939088095683 0.00789336690971467
15.912099294595 -0.0236781335366256
15.9302897796216 -0.0552260311045084
15.9484802646482 -0.0867188781635514
15.9666707496749 -0.118125281958907
15.9848612347015 -0.14941393590426
16.0030517197281 -0.1805536507889
16.0212422047548 -0.211513385867818
16.0394326897814 -0.24226227980378
16.057623174808 -0.272769681430606
16.0758136598347 -0.303005180306874
16.0940041448613 -0.332938637029763
16.1121946298879 -0.362540213278625
16.1303851149146 -0.391780401558493
16.1485755999412 -0.420630054613784
16.1667660849678 -0.449060414482918
16.1849565699945 -0.477043141164888
16.2031470550211 -0.504550340869175
16.2213375400477 -0.531554593820904
16.2395280250744 -0.558028981593442
16.257718510101 -0.583947113941307
16.2759089951276 -0.609283155106517
16.2940994801543 -0.634011849572239
16.3122899651809 -0.658108547238037
16.3304804502075 -0.681549227991633
16.3486709352342 -0.704310525652671
16.3668614202608 -0.726369751264638
16.3850519052874 -0.747704915711711
16.4032423903141 -0.768294751637972
16.4214328753407 -0.788118734647194
16.4396233603673 -0.807157103761986
16.457813845394 -0.825390881121976
16.4760043304206 -0.84280189090135
16.4941948154472 -0.859372777426911
16.5123853004739 -0.875087022478593
16.5305757855005 -0.889928961755179
16.5487662705271 -0.903883800488822
16.5669567555538 -0.91693762819279
16.5851472405804 -0.929077432527731
16.603337725607 -0.940291112272676
16.6215282106337 -0.950567489387783
16.6397186956603 -0.959896320156857
16.6579091806869 -0.968268305398507
16.6760996657136 -0.975675099735773
16.6942901507402 -0.98210931991498
16.7124806357668 -0.987564552165523
16.7306711207935 -0.992035358593257
16.7488616058201 -0.995517282601106
16.7670520908467 -0.998006853331493
16.7852425758734 -0.999501589126174
16.8034330609 -1
16.8116266289774 -0.999501589126174
16.8198201970548 -0.998006853331494
16.8280137651322 -0.995517282601106
16.8362073332096 -0.992035358593257
16.8444009012869 -0.987564552165524
16.8525944693643 -0.98210931991498
16.8607880374417 -0.975675099735772
16.8689816055191 -0.968268305398508
16.8771751735965 -0.959896320156857
16.8853687416739 -0.950567489387781
16.8935623097513 -0.940291112272677
16.9017558778286 -0.92907743252773
16.909949445906 -0.916937628192786
16.9181430139834 -0.903883800488825
16.9263365820608 -0.889928961755179
16.9345301501382 -0.875087022478591
16.9427237182156 -0.859372777426913
16.950917286293 -0.842801890901349
16.9591108543704 -0.825390881121972
16.9673044224477 -0.807157103761987
16.9754979905251 -0.788118734647191
16.9836915586025 -0.768294751637975
16.9918851266799 -0.74770491571171
17.0000786947573 -0.726369751264638
17.0082722628347 -0.704310525652677
17.0164658309121 -0.681549227991635
17.0246593989894 -0.658108547238035
17.0328529670668 -0.634011849572243
17.0410465351442 -0.609283155106518
17.0492401032216 -0.583947113941303
17.057433671299 -0.558028981593445
17.0656272393764 -0.531554593820902
17.0738208074538 -0.504550340869174
17.0820143755312 -0.477043141164894
17.0902079436085 -0.449060414482921
17.0984015116859 -0.420630054613781
17.1065950797633 -0.391780401558498
17.1147886478407 -0.362540213278625
17.1229822159181 -0.332938637029757
17.1311757839955 -0.303005180306877
17.1393693520729 -0.272769681430603
17.1475629201503 -0.242262279803779
17.1557564882276 -0.211513385867823
17.163950056305 -0.180553650788902
17.1721436243824 -0.149413935904256
17.1803371924598 -0.118125281958912
17.1885307605372 -0.0867188781635498
17.1967243286146 -0.0552260311045028
17.204917896692 -0.0236781335366277
17.2131114647693 0.00789336690971442
17.2213050328467 0.0394569990762585
17.2294986009241 0.0709812996480124
17.2376921690015 0.102434844516615
17.2458857370789 0.133786280104485
17.2540793051563 0.165004354618796
17.2622728732337 0.19605794920398
17.2704664413111 0.226916108961597
17.2786600093884 0.257548073806894
17.2868535774658 0.287923309131169
17.2950471455432 0.318011536239232
17.3032407136206 0.34778276253198
17.311434281698 0.377207311403578
17.3196278497754 0.406255851823783
17.3278214178528 0.434899427575791
17.3360149859302 0.46310948612035
17.3442085540075 0.490857907057588
17.3524021220849 0.518117030158076
17.3605956901623 0.544859682935073
17.3687892582397 0.57105920773069
17.3769828263171 0.596689488288855
17.3851763943945 0.621724975788498
17.3933699624719 0.646140714311205
17.4015635305492 0.669912365717855
17.4097570986266 0.693016233909335
17.417950666704 0.715429288447368
17.4261442347814 0.737129187511779
17.4343378028588 0.758094300171248
17.4425313709362 0.778303727945527
17.4507249390136 0.797737325637519
17.458918507091 0.816375721414402
17.4671120751683 0.834200336117915
17.4753056432457 0.851193401784495
17.4834992113231 0.867337979356717
17.4916927794005 0.882617975568545
17.4998863474779 0.897018158987464
17.5080799155553 0.910524175197464
17.5162734836327 0.923122561107859
17.5244670517101 0.934800758373599
17.5326606197874 0.945547125913669
17.5408541878648 0.955350951515194
17.5490477559422 0.964202462511612
17.5572413240196 0.972092835524258
17.565434892097 0.979014205257714
17.5736284601744 0.984959672340111
17.5818220282518 0.989923310200558
17.5900155963291 0.993900170976888
17.5982091644065 0.996886290447793
17.6064027324839 0.998878691984444
17.6145963005613 0.999875389517657
17.6227898686387 0.999875389517657
17.6309834367161 0.998878691984444
17.6391770047935 0.996886290447793
17.6473705728709 0.993900170976888
17.6555641409482 0.989923310200558
17.6637577090256 0.984959672340111
17.671951277103 0.979014205257714
17.6801448451804 0.972092835524258
17.6883384132578 0.964202462511612
17.6965319813352 0.955350951515194
17.7047255494126 0.945547125913669
17.7129191174899 0.934800758373599
17.7211126855673 0.923122561107859
17.7293062536447 0.910524175197464
17.7374998217221 0.897018158987464
17.7456933897995 0.882617975568545
17.7538869578769 0.867337979356717
17.7620805259543 0.851193401784495
17.7702740940317 0.834200336117915
17.778467662109 0.816375721414402
17.7866612301864 0.797737325637519
17.7948547982638 0.778303727945527
17.8030483663412 0.758094300171248
17.8112419344186 0.737129187511779
17.819435502496 0.715429288447368
17.8276290705734 0.693016233909335
17.8358226386508 0.669912365717854
17.8440162067281 0.646140714311206
17.8522097748055 0.621724975788498
17.8604033428829 0.596689488288855
17.8685969109603 0.571059207730691
17.8767904790377 0.544859682935073
17.8849840471151 0.518117030158076
17.8931776151925 0.490857907057588
17.9013711832698 0.463109486120351
17.9095647513472 0.434899427575792
17.9177583194246 0.406255851823796
17.925951887502 0.377207311403578
17.9341454555794 0.347782762531981
17.9423390236568 0.318011536239232
17.9505325917342 0.287923309131169
17.9587261598116 0.257548073806894
17.9669197278889 0.226916108961597
17.9751132959663 0.19605794920398
17.9833068640437 0.165004354618796
17.9915004321211 0.133786280104472
17.9996940001985 0.102434844516615
18.0078875682759 0.0709812996480127
18.0160811363533 0.0394569990762589
18.0242747044307 0.00789336690971467
18.032468272508 -0.0236781335366274
18.0406618405854 -0.0552260311045022
18.0488554086628 -0.0867188781635496
18.0570489767402 -0.118125281958912
18.0652425448176 -0.149413935904256
18.073436112895 -0.180553650788901
18.0816296809724 -0.211513385867823
18.0898232490497 -0.242262279803779
18.0980168171271 -0.272769681430603
18.1062103852045 -0.303005180306877
18.1144039532819 -0.332938637029757
18.1225975213593 -0.362540213278625
18.1307910894367 -0.391780401558498
18.1389846575141 -0.42063005461378
18.1471782255915 -0.44906041448292
18.1553717936688 -0.477043141164894
18.1635653617462 -0.504550340869174
18.1717589298236 -0.531554593820902
18.179952497901 -0.558028981593445
18.1881460659784 -0.583947113941303
18.1963396340558 -0.609283155106517
18.2045332021332 -0.634011849572243
18.2127267702106 -0.658108547238035
18.2209203382879 -0.681549227991635
18.2291139063653 -0.704310525652676
18.2373074744427 -0.726369751264637
18.2455010425201 -0.74770491571171
18.2536946105975 -0.768294751637975
18.2618881786749 -0.788118734647191
18.2700817467523 -0.807157103761986
18.2782753148296 -0.82539088112198
18.286468882907 -0.842801890901349
18.2946624509844 -0.859372777426913
18.3028560190618 -0.875087022478591
18.3110495871392 -0.889928961755179
18.3192431552166 -0.903883800488825
18.327436723294 -0.916937628192792
18.3356302913714 -0.92907743252773
18.3438238594487 -0.940291112272677
18.3520174275261 -0.950567489387781
18.3602109956035 -0.959896320156857
18.3684045636809 -0.968268305398508
18.3765981317583 -0.975675099735772
18.3847916998357 -0.98210931991498
18.3929852679131 -0.987564552165524
18.4011788359905 -0.992035358593257
18.4093724040678 -0.995517282601106
18.4175659721452 -0.998006853331494
18.4257595402226 -0.999501589126174
18.4339531083 -1
18.4499528026995 -0.999501589126174
18.465952497099 -0.998006853331494
18.4819521914985 -0.995517282601106
18.497951885898 -0.992035358593258
18.5139515802975 -0.987564552165524
18.529951274697 -0.98210931991498
18.5459509690965 -0.975675099735774
18.561950663496 -0.968268305398508
18.5779503578955 -0.959896320156856
18.593950052295 -0.950567489387782
18.6099497466945 -0.940291112272675
18.625949441094 -0.929077432527731
18.6419491354935 -0.916937628192789
18.657948829893 -0.903883800488825
18.6739485242925 -0.889928961755179
18.689948218692 -0.875087022478593
18.7059479130915 -0.859372777426912
18.721947607491 -0.842801890901351
18.7379473018905 -0.825390881121977
18.7539469962899 -0.807157103761987
18.7699466906894 -0.788118734647191
18.7859463850889 -0.76829475163797
18.8019460794884 -0.747704915711709
18.8179457738879 -0.72636975126464
18.8339454682874 -0.704310525652673
18.8499451626869 -0.681549227991636
18.8659448570864 -0.658108547238036
18.8819445514859 -0.634011849572238
18.8979442458854 -0.609283155106517
18.9139439402849 -0.583947113941307
18.9299436346844 -0.558028981593442
18.9459433290839 -0.531554593820904
18.9619430234834 -0.504550340869175
18.9779427178829 -0.477043141164888
18.9939424122824 -0.44906041448292
19.0099421066819 -0.420630054613785
19.0259418010814 -0.391780401558495
19.0419414954809 -0.362540213278621
19.0579411898804 -0.332938637029759
19.0739408842799 -0.303005180306871
19.0899405786794 -0.272769681430603
19.1059402730789 -0.242262279803784
19.1219399674784 -0.211513385867821
19.1379396618779 -0.180553650788899
19.1539393562774 -0.149413935904259
19.1699390506769 -0.118125281958907
19.1859387450764 -0.0867188781635509
19.2019384394759 -0.0552260311045095
19.2179381338754 -0.0236781335366265
19.2339378282749 0.00789336690971642
19.2499375226744 0.0394569990762547
19.2659372170739 0.0709812996480169
19.2819369114734 0.102434844516613
19.2979366058729 0.133786280104477
19.3139363002724 0.165004354618796
19.3299359946719 0.196057949203981
19.3459356890714 0.226916108961592
19.3619353834709 0.257548073806897
19.3779350778704 0.287923309131166
19.3939347722698 0.318011536239237
19.4099344666693 0.34778276253198
19.4259341610688 0.377207311403579
19.4419338554683 0.40625585182379
19.4579335498678 0.434899427575793
19.4739332442673 0.463109486120347
19.4899329386668 0.490857907057592
19.5059326330663 0.518117030158075
19.5219323274658 0.544859682935073
19.5379320218653 0.571059207730696
19.5539317162648 0.596689488288856
19.5699314106643 0.621724975788494
19.5859311050638 0.646140714311208
19.6019307994633 0.669912365717858
19.6179304938628 0.693016233909334
19.6339301882623 0.715429288447372
19.6499298826618 0.737129187511779
19.6659295770613 0.758094300171245
19.6819292714608 0.778303727945528
19.6979289658603 0.797737325637517
19.7139286602598 0.816375721414401
19.7299283546593 0.834200336117918
19.7459280490588 0.851193401784494
19.7619277434583 0.867337979356714
19.7779274378578 0.882617975568546
19.7939271322573 0.897018158987465
19.8099268266568 0.910524175197463
19.8259265210563 0.923122561107861
19.8419262154558 0.934800758373598
19.8579259098553 0.945547125913667
19.8739256042548 0.955350951515194
19.8899252986543 0.964202462511613
19.9059249930538 0.972092835524257
19.9219246874533 0.979014205257715
19.9379243818528 0.98495967234011
19.9539240762523 0.989923310200557
19.9699237706518 0.993900170976888
19.9859234650513 0.996886290447793
20.0019231594508 0.998878691984444
20.0179228538503 0.999875389517657
20.0339225482497 0.999875389517657
20.0499222426492 0.998878691984444
20.0659219370487 0.996886290447793
20.0819216314482 0.993900170976888
20.0979213258477 0.989923310200557
20.1139210202472 0.984959672340111
20.1299207146467 0.979014205257715
20.1459204090462 0.972092835524257
20.1619201034457 0.964202462511613
20.1779197978452 0.955350951515194
20.1939194922447 0.945547125913667
20.2099191866442 0.934800758373598
20.2259188810437 0.923122561107861
20.2419185754432 0.910524175197463
20.2579182698427 0.897018158987465
20.2739179642422 0.882617975568546
20.2899176586417 0.867337979356714
20.3059173530412 0.851193401784495
20.3219170474407 0.834200336117918
20.3379167418402 0.816375721414401
20.3539164362397 0.797737325637517
20.3699161306392 0.778303727945528
20.3859158250387 0.758094300171245
20.4019155194382 0.737129187511779
20.4179152138377 0.715429288447372
20.4339149082372 0.693016233909334
20.4499146026367 0.669912365717858
20.4659142970362 0.646140714311208
20.4819139914357 0.621724975788495
20.4979136858352 0.596689488288856
20.5139133802347 0.571059207730696
20.5299130746342 0.544859682935073
20.5459127690337 0.518117030158075
20.5619124634332 0.490857907057592
20.5779121578327 0.463109486120348
20.5939118522322 0.434899427575794
20.6099115466317 0.40625585182379
20.6259112410312 0.377207311403579
20.6419109354307 0.34778276253198
20.6579106298302 0.318011536239236
20.6739103242296 0.287923309131166
20.6899100186291 0.257548073806897
20.7059097130286 0.226916108961592
20.7219094074281 0.196057949203975
20.7379091018276 0.165004354618797
20.7539087962271 0.133786280104478
20.7699084906266 0.102434844516613
20.7859081850261 0.0709812996480171
20.8019078794256 0.0394569990762554
20.8179075738251 0.00789336690971644
20.8339072682246 -0.0236781335366265
20.8499069626241 -0.0552260311045093
20.8659066570236 -0.0867188781635505
20.8819063514231 -0.118125281958907
20.8979060458226 -0.149413935904259
20.9139057402221 -0.180553650788906
20.9299054346216 -0.211513385867821
20.9459051290211 -0.242262279803784
20.9619048234206 -0.272769681430603
20.9779045178201 -0.303005180306871
20.9939042122196 -0.332938637029759
21.0099039066191 -0.362540213278621
21.0259036010186 -0.391780401558495
21.0419032954181 -0.420630054613785
21.0579029898176 -0.449060414482919
21.0739026842171 -0.477043141164888
21.0899023786166 -0.504550340869175
21.1059020730161 -0.531554593820904
21.1219017674156 -0.558028981593442
21.1379014618151 -0.583947113941307
21.1539011562146 -0.609283155106516
21.1699008506141 -0.634011849572238
21.1859005450136 -0.658108547238035
21.2019002394131 -0.681549227991631
21.2178999338126 -0.704310525652673
21.2338996282121 -0.72636975126464
21.2498993226116 -0.747704915711709
21.2658990170111 -0.768294751637969
21.2818987114106 -0.78811873464719
21.2978984058101 -0.807157103761987
21.3138981002095 -0.825390881121977
21.329897794609 -0.842801890901351
21.3458974890085 -0.859372777426911
21.361897183408 -0.875087022478592
21.3778968778075 -0.889928961755179
21.393896572207 -0.903883800488825
21.4098962666065 -0.91693762819279
21.425895961006 -0.92907743252773
21.4418956554055 -0.940291112272675
21.457895349805 -0.950567489387782
21.4738950442045 -0.959896320156858
21.489894738604 -0.968268305398508
21.5058944330035 -0.975675099735774
21.521894127403 -0.98210931991498
21.5378938218025 -0.987564552165524
21.553893516202 -0.992035358593258
21.5698932106015 -0.995517282601106
21.585892905001 -0.998006853331493
21.6018925994005 -0.999501589126174
21.6178922938 -1
21.6255259831699 -0.999501589126174
21.6331596725397 -0.998006853331494
21.6407933619095 -0.995517282601106
21.6484270512794 -0.992035358593257
21.6560607406492 -0.987564552165525
21.6636944300191 -0.982109319914981
21.6713281193889 -0.975675099735773
21.6789618087588 -0.968268305398506
21.6865954981286 -0.959896320156858
21.6942291874985 -0.950567489387783
21.7018628768683 -0.940291112272674
21.7094965662382 -0.929077432527733
21.717130255608 -0.916937628192789
21.7247639449779 -0.903883800488822
21.7323976343477 -0.889928961755183
21.7400313237176 -0.875087022478595
21.7476650130874 -0.859372777426911
21.7552987024573 -0.842801890901347
21.7629323918271 -0.825390881121978
21.770566081197 -0.807157103761985
21.7781997705668 -0.788118734647189
21.7858334599367 -0.768294751637974
21.7934671493065 -0.74770491571171
21.8011008386764 -0.726369751264637
21.8087345280462 -0.704310525652677
21.8163682174161 -0.681549227991636
21.8240019067859 -0.658108547238036
21.8316355961558 -0.634011849572234
21.8392692855256 -0.60928315510652
21.8469029748955 -0.583947113941306
21.8545366642653 -0.558028981593436
21.8621703536352 -0.531554593820906
21.869804043005 -0.504550340869178
21.8774377323749 -0.477043141164886
21.8850714217447 -0.449060414482926
21.8927051111146 -0.420630054613786
21.9003388004844 -0.391780401558491
21.9079724898543 -0.362540213278618
21.9156061792241 -0.332938637029765
21.923239868594 -0.303005180306872
21.9308735579638 -0.272769681430598
21.9385072473337 -0.242262279803788
21.9461409367035 -0.21151338586782
21.9537746260734 -0.180553650788898
21.9614083154432 -0.149413935904267
21.9690420048131 -0.11812528195891
21.9766756941829 -0.0867188781635485
21.9843093835528 -0.0552260311045013
21.9919430729226 -0.0236781335366274
21.9995767622925 0.00789336690971442
22.0072104516623 0.0394569990762585
22.0148441410322 0.0709812996480111
22.022477830402 0.102434844516613
22.0301115197719 0.133786280104483
22.0377452091417 0.165004354618793
22.0453788985116 0.196057949203976
22.0530125878814 0.226916108961593
22.0606462772513 0.257548073806904
22.0682799666211 0.287923309131163
22.075913655991 0.318011536239239
22.0835473453608 0.347782762531988
22.0911810347307 0.377207311403572
22.0988147241005 0.406255851823789
22.1064484134704 0.434899427575797
22.1140821028402 0.463109486120343
22.1217157922101 0.490857907057592
22.1293494815799 0.51811703015808
22.1369831709497 0.544859682935064
22.1446168603196 0.571059207730693
22.1522505496894 0.596689488288857
22.1598842390593 0.6217249757885
22.1675179284291 0.646140714311206
22.175151617799 0.669912365717855
22.1827853071688 0.693016233909335
22.1904189965387 0.715429288447367
22.1980526859085 0.737129187511778
22.2056863752784 0.758094300171248
22.2133200646482 0.778303727945535
22.2209537540181 0.797737325637518
22.2285874433879 0.8163757214144
22.2362211327578 0.834200336117921
22.2438548221276 0.851193401784492
22.2514885114975 0.867337979356715
22.2591222008673 0.882617975568549
22.2667558902372 0.897018158987461
22.274389579607 0.910524175197462
22.2820232689769 0.923122561107862
22.2896569583467 0.934800758373596
22.2972906477166 0.945547125913666
22.3049243370864 0.955350951515195
22.3125580264563 0.964202462511613
22.3201917158261 0.972092835524256
22.327825405196 0.979014205257715
22.3354590945658 0.984959672340111
22.3430927839357 0.989923310200556
22.3507264733055 0.993900170976888
22.3583601626754 0.996886290447793
22.3659938520452 0.998878691984443
22.3736275414151 0.999875389517657
22.3812612307849 0.999875389517657
22.3888949201548 0.998878691984443
22.3965286095246 0.996886290447794
22.4041622988945 0.993900170976888
22.4117959882643 0.989923310200556
22.4194296776342 0.984959672340111
22.427063367004 0.979014205257715
22.4346970563739 0.972092835524256
22.4423307457437 0.964202462511613
22.4499644351136 0.955350951515195
22.4575981244834 0.945547125913667
22.4652318138533 0.934800758373596
22.4728655032231 0.923122561107862
22.480499192593 0.910524175197462
22.4881328819628 0.897018158987461
22.4957665713327 0.882617975568549
22.5034002607025 0.867337979356715
22.5110339500724 0.851193401784493
22.5186676394422 0.834200336117921
22.5263013288121 0.8163757214144
22.5339350181819 0.797737325637518
22.5415687075518 0.778303727945526
22.5492023969216 0.758094300171247
22.5568360862915 0.737129187511778
22.5644697756613 0.715429288447367
22.5721034650312 0.693016233909335
22.579737154401 0.669912365717855
22.5873708437709 0.646140714311207
22.5950045331407 0.6217249757885
22.6026382225106 0.596689488288858
22.6102719118804 0.571059207730692
22.6179056012502 0.544859682935077
22.6255392906201 0.51811703015808
22.63317297999 0.490857907057593
22.6408066693598 0.463109486120343
22.6484403587296 0.434899427575797
22.6560740480995 0.406255851823789
22.6637077374693 0.377207311403571
22.6713414268392 0.347782762531987
22.678975116209 0.31801153623924
22.6866088055789 0.287923309131164
22.6942424949487 0.25754807380689
22.7018761843186 0.226916108961593
22.7095098736884 0.196057949203976
22.7171435630583 0.165004354618794
22.7247772524281 0.133786280104484
22.732410941798 0.102434844516613
22.7400446311678 0.0709812996480118
22.7476783205377 0.0394569990762589
22.7553120099075 0.00789336690971467
22.7629456992774 -0.0236781335366274
22.7705793886472 -0.0552260311045013
22.7782130780171 -0.0867188781635478
22.7858467673869 -0.11812528195891
22.7934804567568 -0.149413935904267
22.8011141461266 -0.180553650788898
22.8087478354965 -0.211513385867819
22.8163815248663 -0.242262279803788
22.8240152142362 -0.272769681430598
22.831648903606 -0.303005180306871
22.8392825929759 -0.332938637029764
22.8469162823457 -0.362540213278618
22.8545499717156 -0.391780401558491
22.8621836610854 -0.420630054613786
22.8698173504553 -0.449060414482926
22.8774510398251 -0.477043141164886
22.885084729195 -0.504550340869178
22.8927184185648 -0.531554593820906
22.9003521079347 -0.558028981593436
22.9079857973045 -0.583947113941306
22.9156194866744 -0.60928315510652
22.9232531760442 -0.634011849572234
22.9308868654141 -0.658108547238035
22.9385205547839 -0.681549227991635
22.9461542441538 -0.704310525652677
22.9537879335236 -0.726369751264637
22.9614216228935 -0.747704915711709
22.9690553122633 -0.768294751637974
22.9766890016332 -0.788118734647189
22.984322691003 -0.807157103761985
22.9919563803729 -0.825390881121978
22.9995900697427 -0.842801890901347
23.0072237591126 -0.859372777426911
23.0148574484824 -0.875087022478595
23.0224911378523 -0.889928961755183
23.0301248272221 -0.903883800488822
23.037758516592 -0.916937628192789
23.0453922059618 -0.929077432527733
23.0530258953317 -0.940291112272674
23.0606595847015 -0.950567489387782
23.0682932740714 -0.959896320156858
23.0759269634412 -0.968268305398506
23.0835606528111 -0.975675099735773
23.0911943421809 -0.982109319914981
23.0988280315508 -0.987564552165523
23.1064617209206 -0.992035358593257
23.1140954102905 -0.995517282601106
23.1217290996603 -0.998006853331494
23.1293627890302 -0.999501589126174
23.1369964784 -1
23.156408556398 -0.999501589126174
23.175820634396 -0.998006853331494
23.195232712394 -0.995517282601106
23.214644790392 -0.992035358593258
23.2340568683899 -0.987564552165524
23.2534689463879 -0.98210931991498
23.2728810243859 -0.975675099735773
23.2922931023839 -0.968268305398508
23.3117051803819 -0.959896320156857
23.3311172583799 -0.950567489387782
23.3505293363779 -0.940291112272676
23.3699414143759 -0.92907743252773
23.3893534923739 -0.916937628192788
23.4087655703719 -0.903883800488824
23.4281776483699 -0.88992896175518
23.4475897263678 -0.875087022478592
23.4670018043658 -0.859372777426913
23.4864138823638 -0.84280189090135
23.5058259603618 -0.825390881121975
23.5252380383598 -0.807157103761986
23.5446501163578 -0.788118734647192
23.5640621943558 -0.768294751637973
23.5834742723538 -0.74770491571171
23.6028863503518 -0.726369751264639
23.6222984283497 -0.704310525652674
23.6417105063477 -0.681549227991634
23.6611225843457 -0.658108547238037
23.6805346623437 -0.634011849572241
23.6999467403417 -0.609283155106517
23.7193588183397 -0.583947113941305
23.7387708963377 -0.558028981593442
23.7581829743357 -0.531554593820902
23.7775950523337 -0.504550340869176
23.7970071303317 -0.477043141164892
23.8164192083296 -0.44906041448292
23.8358312863276 -0.420630054613783
23.8552433643256 -0.391780401558495
23.8746554423236 -0.362540213278625
23.8940675203216 -0.332938637029759
23.9134795983196 -0.303005180306874
23.9328916763176 -0.272769681430603
23.9523037543156 -0.242262279803781
23.9717158323136 -0.211513385867821
23.9911279103116 -0.180553650788902
24.0105399883095 -0.149413935904259
24.0299520663075 -0.11812528195891
24.0493641443055 -0.0867188781635505
24.0687762223035 -0.0552260311045059
24.0881883003015 -0.0236781335366254
24.1076003782995 0.00789336690971375
24.1270124562975 0.0394569990762551
24.1464245342955 0.0709812996480144
24.1658366122935 0.102434844516614
24.1852486902915 0.133786280104481
24.2046607682894 0.165004354618798
24.2240728462874 0.196057949203979
24.2434849242854 0.226916108961593
24.2628970022834 0.257548073806896
24.2823090802814 0.287923309131167
24.3017211582794 0.318011536239241
24.3211332362774 0.347782762531982
24.3405453142754 0.377207311403577
24.3599573922734 0.406255851823786
24.3793694702714 0.434899427575792
24.3987815482693 0.463109486120349
24.4181936262673 0.490857907057591
24.4376057042653 0.518117030158077
24.4570177822633 0.544859682935072
24.4764298602613 0.571059207730693
24.4958419382593 0.596689488288855
24.5152540162573 0.621724975788496
24.5346660942553 0.646140714311208
24.5540781722533 0.669912365717855
24.5734902502513 0.693016233909333
24.5929023282492 0.71542928844737
24.6123144062472 0.737129187511779
24.6317264842452 0.758094300171246
24.6511385622432 0.778303727945529
24.6705506402412 0.797737325637519
24.6899627182392 0.8163757214144
24.7093747962372 0.834200336117916
24.7287868742352 0.851193401784495
24.7481989522332 0.867337979356716
24.7676110302312 0.882617975568546
24.7870231082291 0.897018158987464
24.8064351862271 0.910524175197463
24.8258472642251 0.92312256110786
24.8452593422231 0.934800758373598
24.8646714202211 0.945547125913668
24.8840834982191 0.955350951515194
24.9034955762171 0.964202462511612
24.9229076542151 0.972092835524256
24.9423197322131 0.979014205257714
24.9617318102111 0.984959672340111
24.981143888209 0.989923310200557
25.000555966207 0.993900170976888
25.019968044205 0.996886290447793
25.039380122203 0.998878691984444
25.058792200201 0.999875389517657
25.078204278199 0.999875389517657
25.097616356197 0.998878691984443
25.117028434195 0.996886290447793
25.136440512193 0.993900170976888
25.155852590191 0.989923310200558
25.1752646681889 0.984959672340111
25.1946767461869 0.979014205257714
25.2140888241849 0.972092835524258
25.2335009021829 0.964202462511612
25.2529129801809 0.955350951515194
25.2723250581789 0.945547125913668
25.2917371361769 0.934800758373598
25.3111492141749 0.92312256110786
25.3305612921729 0.910524175197463
25.3499733701709 0.897018158987464
25.3693854481688 0.882617975568546
25.3887975261668 0.867337979356716
25.4082096041648 0.851193401784495
25.4276216821628 0.834200336117917
25.4470337601608 0.8163757214144
25.4664458381588 0.79773732563752
25.4858579161568 0.778303727945529
25.5052699941548 0.758094300171247
25.5246820721528 0.737129187511779
25.5440941501508 0.71542928844737
25.5635062281487 0.693016233909333
25.5829183061467 0.669912365717855
25.6023303841447 0.646140714311208
25.6217424621427 0.621724975788497
25.6411545401407 0.596689488288856
25.6605666181387 0.571059207730693
25.6799786961367 0.544859682935072
25.6993907741347 0.518117030158077
25.7188028521327 0.490857907057596
25.7382149301307 0.463109486120349
25.7576270081286 0.434899427575792
25.7770390861266 0.406255851823786
25.7964511641246 0.377207311403577
25.8158632421226 0.347782762531982
25.8352753201206 0.318011536239235
25.8546873981186 0.287923309131167
25.8740994761166 0.257548073806896
25.8935115541146 0.226916108961587
25.9129236321126 0.196057949203979
25.9323357101106 0.165004354618798
25.9517477881085 0.133786280104482
25.9711598661065 0.102434844516614
25.9905719441045 0.0709812996480145
26.0099840221025 0.0394569990762501
26.0293961001005 0.00789336690971378
26.0488081780985 -0.0236781335366256
26.0682202560965 -0.0552260311045057
26.0876323340945 -0.0867188781635496
26.1070444120925 -0.11812528195891
26.1264564900905 -0.149413935904259
26.1458685680884 -0.180553650788901
26.1652806460864 -0.211513385867821
26.1846927240844 -0.242262279803781
26.2041048020824 -0.272769681430602
26.2235168800804 -0.303005180306875
26.2429289580784 -0.332938637029759
26.2623410360764 -0.362540213278624
26.2817531140744 -0.391780401558495
26.3011651920724 -0.420630054613783
26.3205772700704 -0.44906041448292
26.3399893480683 -0.477043141164892
26.3594014260663 -0.504550340869176
26.3788135040643 -0.531554593820901
26.3982255820623 -0.558028981593442
26.4176376600603 -0.583947113941305
26.4370497380583 -0.609283155106517
26.4564618160563 -0.63401184957224
26.4758738940543 -0.658108547238037
26.4952859720523 -0.681549227991634
26.5146980500503 -0.704310525652674
26.5341101280482 -0.726369751264639
26.5535222060462 -0.747704915711709
26.5729342840442 -0.768294751637972
26.5923463620422 -0.788118734647191
26.6117584400402 -0.807157103761986
26.6311705180382 -0.825390881121975
26.6505825960362 -0.84280189090135
26.6699946740342 -0.859372777426912
26.6894067520322 -0.875087022478595
26.7088188300302 -0.88992896175518
26.7282309080281 -0.903883800488824
26.7476429860261 -0.916937628192788
26.7670550640241 -0.92907743252773
26.7864671420221 -0.940291112272676
26.8058792200201 -0.950567489387782
26.8252912980181 -0.959896320156857
26.8447033760161 -0.968268305398507
26.8641154540141 -0.975675099735773
26.8835275320121 -0.98210931991498
26.9029396100101 -0.987564552165524
26.922351688008 -0.992035358593258
26.941763766006 -0.995517282601106
26.961175844004 -0.998006853331493
26.980587922002 -0.999501589126174
27 -1
