0 -1
0.0179680729778894 -0.999501589126174
0.0359361459557789 -0.998006853331493
0.0539042189336683 -0.995517282601106
0.0718722919115578 -0.992035358593258
0.0898403648894472 -0.987564552165524
0.107808437867337 -0.98210931991498
0.125776510845226 -0.975675099735774
0.143744583823116 -0.968268305398507
0.161712656801005 -0.959896320156857
0.179680729778894 -0.950567489387783
0.197648802756784 -0.940291112272676
0.215616875734673 -0.929077432527731
0.233584948712563 -0.916937628192789
0.251553021690452 -0.903883800488824
0.269521094668342 -0.88992896175518
0.287489167646231 -0.875087022478594
0.305457240624121 -0.859372777426912
0.32342531360201 -0.842801890901351
0.341393386579899 -0.825390881121976
0.359361459557789 -0.807157103761985
0.377329532535678 -0.788118734647192
0.395297605513568 -0.768294751637971
0.413265678491457 -0.747704915711709
0.431233751469347 -0.726369751264639
0.449201824447236 -0.704310525652672
0.467169897425126 -0.681549227991634
0.485137970403015 -0.658108547238038
0.503106043380905 -0.634011849572239
0.521074116358794 -0.609283155106517
0.539042189336683 -0.583947113941306
0.557010262314573 -0.55802898159344
0.574978335292462 -0.531554593820901
0.592946408270352 -0.504550340869177
0.610914481248241 -0.47704314116489
0.628882554226131 -0.44906041448292
0.64685062720402 -0.420630054613784
0.66481870018191 -0.391780401558493
0.682786773159799 -0.362540213278625
0.700754846137688 -0.332938637029761
0.718722919115578 -0.303005180306873
0.736690992093467 -0.272769681430603
0.754659065071357 -0.242262279803783
0.772627138049246 -0.211513385867819
0.790595211027136 -0.180553650788902
0.808563284005025 -0.149413935904261
0.826531356982914 -0.118125281958908
0.844499429960804 -0.0867188781635509
0.862467502938694 -0.0552260311045079
0.880435575916583 -0.0236781335366241
0.898403648894472 0.00789336690971309
0.916371721872362 0.0394569990762527
0.934339794850251 0.0709812996480158
0.952307867828141 0.102434844516613
0.97027594080603 0.133786280104479
0.98824401378392 0.165004354618799
1.00621208676181 0.196057949203978
1.0241801597397 0.22691610896159
1.04214823271759 0.257548073806897
1.06011630569548 0.287923309131166
1.07808437867337 0.318011536239238
1.09605245165126 0.347782762531982
1.11402052462915 0.377207311403576
1.13198859760704 0.406255851823789
1.14995667058492 0.434899427575793
1.16792474356281 0.463109486120348
1.1858928165407 0.490857907057594
1.20386088951859 0.518117030158077
1.22182896249648 0.54485968293507
1.23979703547437 0.571059207730695
1.25776510845226 0.596689488288856
1.27573318143015 0.621724975788495
1.29370125440804 0.64614071431121
1.31166932738593 0.669912365717855
1.32963740036382 0.693016233909331
1.34760547334171 0.715429288447371
1.3655735463196 0.737129187511779
1.38354161929749 0.758094300171246
1.40150969227538 0.77830372794553
1.41947776525327 0.797737325637519
1.43744583823116 0.816375721414399
1.45541391120905 0.834200336117917
1.47338198418693 0.851193401784495
1.49135005716482 0.867337979356715
1.50931813014271 0.882617975568547
1.5272862031206 0.897018158987464
1.54525427609849 0.910524175197462
1.56322234907638 0.923122561107861
1.58119042205427 0.934800758373598
1.59915849503216 0.945547125913667
1.61712656801005 0.955350951515195
1.63509464098794 0.964202462511612
1.65306271396583 0.972092835524257
1.67103078694372 0.979014205257715
1.68899885992161 0.98495967234011
1.7069669328995 0.989923310200557
1.72493500587739 0.993900170976888
1.74290307885528 0.996886290447793
1.76087115183317 0.998878691984444
1.77883922481106 0.999875389517657
1.79680729778894 0.999875389517657
1.81477537076683 0.998878691984444
1.83274344374472 0.996886290447793
1.85071151672261 0.993900170976888
1.8686795897005 0.989923310200557
1.88664766267839 0.984959672340111
1.90461573565628 0.979014205257715
1.92258380863417 0.972092835524257
1.94055188161206 0.964202462511612
1.95851995458995 0.955350951515195
1.97648802756784 0.945547125913667
1.99445610054573 0.934800758373598
2.01242417352362 0.923122561107861
2.03039224650151 0.910524175197462
2.0483603194794 0.897018158987463
2.06632839245729 0.882617975568547
2.08429646543518 0.867337979356715
2.10226453841307 0.851193401784495
2.12023261139095 0.834200336117918
2.13820068436884 0.816375721414399
2.15616875734673 0.79773732563752
2.17413683032462 0.77830372794553
2.19210490330251 0.758094300171246
2.2100729762804 0.737129187511779
2.22804104925829 0.715429288447371
2.24600912223618 0.693016233909332
2.26397719521407 0.669912365717855
2.28194526819196 0.646140714311209
2.29991334116985 0.621724975788495
2.31788141414774 0.596689488288856
2.33584948712563 0.571059207730694
2.35381756010352 0.54485968293507
2.37178563308141 0.518117030158078
2.3897537060593 0.490857907057594
2.40772177903719 0.463109486120348
2.42568985201508 0.434899427575794
2.44365792499296 0.406255851823789
2.46162599797085 0.377207311403576
2.47959407094874 0.347782762531982
2.49756214392663 0.318011536239239
2.51553021690452 0.287923309131167
2.53349828988241 0.257548073806896
2.5514663628603 0.22691610896159
2.56943443583819 0.196057949203978
2.58740250881608 0.165004354618799
2.60537058179397 0.13378628010448
2.62333865477186 0.102434844516614
2.64130672774975 0.0709812996480153
2.65927480072764 0.0394569990762536
2.67724287370553 0.00789336690971378
2.69521094668342 -0.0236781335366239
2.71317901966131 -0.0552260311045084
2.7311470926392 -0.0867188781635505
2.74911516561709 -0.118125281958908
2.76708323859498 -0.149413935904261
2.78505131157286 -0.180553650788902
2.80301938455075 -0.211513385867819
2.82098745752864 -0.242262279803783
2.83895553050653 -0.272769681430602
2.85692360348442 -0.303005180306872
2.87489167646231 -0.332938637029761
2.8928597494402 -0.362540213278624
2.91082782241809 -0.391780401558493
2.92879589539598 -0.420630054613784
2.94676396837387 -0.449060414482921
2.96473204135176 -0.477043141164889
2.98270011432965 -0.504550340869178
3.00066818730754 -0.531554593820902
3.01863626028543 -0.55802898159344
3.03660433326332 -0.583947113941306
3.05457240624121 -0.609283155106517
3.0725404792191 -0.634011849572238
3.09050855219699 -0.658108547238037
3.10847662517487 -0.681549227991634
3.12644469815276 -0.704310525652672
3.14441277113065 -0.726369751264639
3.16238084410854 -0.747704915711709
3.18034891708643 -0.76829475163797
3.19831699006432 -0.788118734647193
3.21628506304221 -0.807157103761985
3.2342531360201 -0.825390881121977
3.25222120899799 -0.84280189090135
3.27018928197588 -0.859372777426912
3.28815735495377 -0.875087022478593
3.30612542793166 -0.88992896175518
3.32409350090955 -0.903883800488824
3.34206157388744 -0.916937628192789
3.36002964686533 -0.92907743252773
3.37799771984322 -0.940291112272675
3.39596579282111 -0.950567489387783
3.41393386579899 -0.959896320156857
3.43190193877688 -0.968268305398507
3.44987001175477 -0.975675099735774
3.46783808473266 -0.98210931991498
3.48580615771055 -0.987564552165524
3.50377423068844 -0.992035358593258
3.52174230366633 -0.995517282601106
3.53971037664422 -0.998006853331493
3.55767844962211 -0.999501589126174
3.5756465226 -1
3.58348356750402 -0.999501589126174
3.59132061240804 -0.998006853331493
3.59915765731206 -0.995517282601106
3.60699470221608 -0.992035358593258
3.6148317471201 -0.987564552165524
3.62266879202412 -0.982109319914981
3.63050583692814 -0.975675099735773
3.63834288183216 -0.968268305398507
3.64617992673618 -0.959896320156857
3.6540169716402 -0.950567489387783
3.66185401654422 -0.940291112272676
3.66969106144824 -0.92907743252773
3.67752810635226 -0.916937628192789
3.68536515125628 -0.903883800488824
3.6932021961603 -0.88992896175518
3.70103924106432 -0.875087022478594
3.70887628596834 -0.859372777426912
3.71671333087236 -0.842801890901351
3.72455037577638 -0.825390881121976
3.7323874206804 -0.807157103761985
3.74022446558442 -0.788118734647192
3.74806151048844 -0.768294751637971
3.75589855539246 -0.747704915711709
3.76373560029648 -0.72636975126464
3.7715726452005 -0.704310525652672
3.77940969010452 -0.681549227991634
3.78724673500854 -0.658108547238038
3.79508377991256 -0.634011849572238
3.80292082481658 -0.609283155106517
3.8107578697206 -0.583947113941307
3.81859491462462 -0.55802898159344
3.82643195952864 -0.531554593820902
3.83426900443266 -0.504550340869177
3.84210604933668 -0.47704314116489
3.8499430942407 -0.449060414482921
3.85778013914472 -0.420630054613784
3.86561718404874 -0.391780401558494
3.87345422895276 -0.362540213278624
3.88129127385678 -0.332938637029761
3.8891283187608 -0.303005180306873
3.89696536366482 -0.272769681430603
3.90480240856884 -0.242262279803783
3.91263945347286 -0.21151338586782
3.92047649837688 -0.180553650788902
3.9283135432809 -0.149413935904261
3.93615058818492 -0.118125281958907
3.94398763308894 -0.0867188781635507
3.95182467799296 -0.0552260311045088
3.95966172289699 -0.0236781335366237
3.967498767801 0.00789336690971287
3.97533581270502 0.0394569990762518
3.98317285760905 0.070981299648016
3.99100990251307 0.102434844516613
3.99884694741709 0.13378628010448
4.00668399232111 0.165004354618797
4.01452103722513 0.196057949203977
4.02235808212915 0.226916108961591
4.03019512703317 0.257548073806898
4.03803217193719 0.287923309131166
4.04586921684121 0.318011536239238
4.05370626174523 0.347782762531983
4.06154330664925 0.377207311403575
4.06938035155327 0.406255851823789
4.07721739645729 0.434899427575794
4.08505444136131 0.463109486120347
4.09289148626533 0.490857907057593
4.10072853116935 0.518117030158078
4.10856557607337 0.544859682935072
4.11640262097739 0.571059207730694
4.12423966588141 0.596689488288856
4.13207671078543 0.621724975788494
4.13991375568945 0.646140714311209
4.14775080059347 0.669912365717855
4.15558784549749 0.693016233909333
4.16342489040151 0.71542928844737
4.17126193530553 0.737129187511779
4.17909898020955 0.758094300171246
4.18693602511357 0.778303727945529
4.19477307001759 0.797737325637519
4.20261011492161 0.8163757214144
4.21044715982563 0.834200336117918
4.21828420472965 0.851193401784494
4.22612124963367 0.867337979356715
4.23395829453769 0.882617975568548
4.24179533944171 0.897018158987463
4.24963238434573 0.910524175197462
4.25746942924975 0.923122561107861
4.26530647415377 0.934800758373598
4.27314351905779 0.945547125913667
4.28098056396181 0.955350951515195
4.28881760886583 0.964202462511611
4.29665465376985 0.972092835524257
4.30449169867387 0.979014205257715
4.31232874357789 0.98495967234011
4.32016578848191 0.989923310200557
4.32800283338593 0.993900170976888
4.33583987828995 0.996886290447793
4.34367692319397 0.998878691984444
4.35151396809799 0.999875389517657
4.35935101300201 0.999875389517657
4.36718805790603 0.998878691984444
4.37502510281005 0.996886290447793
4.38286214771407 0.993900170976888
4.39069919261809 0.989923310200557
4.39853623752211 0.984959672340111
4.40637328242613 0.979014205257714
4.41421032733015 0.972092835524257
4.42204737223417 0.964202462511612
4.42988441713819 0.955350951515195
4.43772146204221 0.945547125913668
4.44555850694623 0.934800758373598
4.45339555185025 0.923122561107861
4.46123259675427 0.910524175197462
4.46906964165829 0.897018158987464
4.47690668656231 0.882617975568547
4.48474373146633 0.867337979356714
4.49258077637035 0.851193401784495
4.50041782127437 0.834200336117918
4.50825486617839 0.816375721414399
4.51609191108241 0.79773732563752
4.52392895598643 0.77830372794553
4.53176600089045 0.758094300171245
4.53960304579447 0.73712918751178
4.54744009069849 0.715429288447372
4.55527713560251 0.693016233909332
4.56311418050653 0.669912365717854
4.57095122541055 0.64614071431121
4.57878827031457 0.621724975788495
4.58662531521859 0.596689488288855
4.59446236012261 0.571059207730696
4.60229940502663 0.54485968293507
4.61013644993065 0.518117030158076
4.61797349483467 0.490857907057595
4.62581053973869 0.463109486120348
4.63364758464271 0.434899427575792
4.64148462954673 0.40625585182379
4.64932167445075 0.377207311403576
4.65715871935477 0.347782762531982
4.66499576425879 0.318011536239237
4.67283280916281 0.287923309131167
4.68066985406683 0.257548073806896
4.68850689897085 0.226916108961592
4.69634394387487 0.196057949203979
4.70418098877889 0.165004354618799
4.71201803368291 0.133786280104478
4.71985507858694 0.102434844516611
4.72769212349095 0.0709812996480162
4.73552916839497 0.0394569990762518
4.74336621329899 0.00789336690971555
4.75120325820301 -0.023678133536623
4.75904030310704 -0.0552260311045084
4.76687734801106 -0.0867188781635523
4.77471439291508 -0.118125281958907
4.7825514378191 -0.149413935904261
4.79038848272311 -0.1805536507889
4.79822552762714 -0.211513385867818
4.80606257253116 -0.242262279803783
4.81389961743518 -0.272769681430604
4.8217366623392 -0.303005180306875
4.82957370724322 -0.332938637029761
4.83741075214724 -0.362540213278626
4.84524779705126 -0.391780401558492
4.85308484195528 -0.420630054613784
4.8609218868593 -0.449060414482921
4.86875893176332 -0.47704314116489
4.87659597666734 -0.504550340869177
4.88443302157136 -0.531554593820901
4.89227006647538 -0.558028981593442
4.9001071113794 -0.583947113941305
4.90794415628342 -0.609283155106517
4.91578120118744 -0.63401184957224
4.92361824609146 -0.658108547238037
4.93145529099548 -0.681549227991633
4.9392923358995 -0.704310525652673
4.94712938080352 -0.726369751264638
4.95496642570754 -0.747704915711708
4.96280347061156 -0.768294751637971
4.97064051551558 -0.788118734647193
4.9784775604196 -0.807157103761985
4.98631460532362 -0.825390881121976
4.99415165022764 -0.842801890901349
5.00198869513166 -0.859372777426911
5.00982574003568 -0.875087022478594
5.0176627849397 -0.889928961755181
5.02549982984372 -0.903883800488825
5.03333687474774 -0.916937628192789
5.04117391965176 -0.92907743252773
5.04901096455578 -0.940291112272675
5.0568480094598 -0.950567489387783
5.06468505436382 -0.959896320156857
5.07252209926784 -0.968268305398508
5.08035914417186 -0.975675099735773
5.08819618907588 -0.982109319914981
5.0960332339799 -0.987564552165523
5.10387027888392 -0.992035358593258
5.11170732378794 -0.995517282601106
5.11954436869196 -0.998006853331493
5.12738141359598 -0.999501589126174
5.1352184585 -1
5.15142494958593 -0.999501589126174
5.16763144067186 -0.998006853331493
5.18383793175779 -0.995517282601106
5.20004442284372 -0.992035358593258
5.21625091392965 -0.987564552165524
5.23245740501558 -0.98210931991498
5.24866389610151 -0.975675099735774
5.26487038718744 -0.968268305398507
5.28107687827337 -0.959896320156857
5.2972833693593 -0.950567489387783
5.31348986044523 -0.940291112272676
5.32969635153116 -0.929077432527731
5.34590284261709 -0.916937628192789
5.36210933370301 -0.903883800488824
5.37831582478894 -0.88992896175518
5.39452231587487 -0.875087022478594
5.4107288069608 -0.859372777426912
5.42693529804673 -0.842801890901351
5.44314178913266 -0.825390881121976
5.45934828021859 -0.807157103761985
5.47555477130452 -0.788118734647193
5.49176126239045 -0.768294751637971
5.50796775347638 -0.747704915711709
5.52417424456231 -0.72636975126464
5.54038073564824 -0.704310525652672
5.55658722673417 -0.681549227991634
5.5727937178201 -0.658108547238038
5.58900020890603 -0.634011849572239
5.60520669999196 -0.609283155106517
5.62141319107789 -0.583947113941306
5.63761968216382 -0.55802898159344
5.65382617324975 -0.531554593820902
5.67003266433568 -0.504550340869178
5.68623915542161 -0.47704314116489
5.70244564650754 -0.449060414482921
5.71865213759347 -0.420630054613785
5.7348586286794 -0.391780401558494
5.75106511976533 -0.362540213278625
5.76727161085126 -0.332938637029761
5.78347810193719 -0.303005180306873
5.79968459302312 -0.272769681430604
5.81589108410904 -0.242262279803784
5.83209757519497 -0.21151338586782
5.8483040662809 -0.180553650788903
5.86451055736683 -0.149413935904261
5.88071704845276 -0.118125281958908
5.89692353953869 -0.0867188781635514
5.91313003062462 -0.0552260311045086
5.92933652171055 -0.0236781335366245
5.94554301279648 0.00789336690971287
5.96174950388241 0.0394569990762523
5.97795599496834 0.0709812996480156
5.99416248605427 0.102434844516613
6.0103689771402 0.133786280104478
6.02657546822613 0.165004354618799
6.04278195931206 0.196057949203977
6.05898845039799 0.22691610896159
6.07519494148392 0.257548073806896
6.09140143256985 0.287923309131166
6.10760792365578 0.318011536239238
6.12381441474171 0.347782762531982
6.14002090582764 0.377207311403575
6.15622739691357 0.406255851823788
6.1724338879995 0.434899427575793
6.18864037908543 0.463109486120347
6.20484687017136 0.490857907057595
6.22105336125729 0.518117030158078
6.23725985234322 0.54485968293507
6.25346634342915 0.571059207730694
6.26967283451507 0.596689488288855
6.285879325601 0.621724975788495
6.30208581668693 0.646140714311211
6.31829230777286 0.669912365717856
6.33449879885879 0.693016233909331
6.35070528994472 0.715429288447371
6.36691178103065 0.737129187511778
6.38311827211658 0.758094300171246
6.39932476320251 0.778303727945531
6.41553125428844 0.79773732563752
6.43173774537437 0.8163757214144
6.4479442364603 0.834200336117918
6.46415072754623 0.851193401784495
6.48035721863216 0.867337979356715
6.49656370971809 0.882617975568546
6.51277020080402 0.897018158987463
6.52897669188995 0.910524175197462
6.54518318297588 0.923122561107861
6.56138967406181 0.934800758373599
6.57759616514774 0.945547125913667
6.59380265623367 0.955350951515195
6.6100091473196 0.964202462511612
6.62621563840553 0.972092835524257
6.64242212949146 0.979014205257715
6.65862862057739 0.984959672340111
6.67483511166332 0.989923310200557
6.69104160274925 0.993900170976888
6.70724809383518 0.996886290447793
6.72345458492111 0.998878691984444
6.73966107600704 0.999875389517657
6.75586756709296 0.999875389517657
6.77207405817889 0.998878691984444
6.78828054926482 0.996886290447793
6.80448704035075 0.993900170976888
6.82069353143668 0.989923310200557
6.83690002252261 0.98495967234011
6.85310651360854 0.979014205257714
6.86931300469447 0.972092835524257
6.8855194957804 0.964202462511612
6.90172598686633 0.955350951515194
6.91793247795226 0.945547125913667
6.93413896903819 0.934800758373598
6.95034546012412 0.923122561107861
6.96655195121005 0.910524175197462
6.98275844229598 0.897018158987463
6.99896493338191 0.882617975568547
7.01517142446784 0.867337979356714
7.03137791555377 0.851193401784494
7.0475844066397 0.834200336117917
7.06379089772563 0.816375721414399
7.07999738881156 0.797737325637519
7.09620387989749 0.77830372794553
7.11241037098342 0.758094300171245
7.12861686206935 0.737129187511778
7.14482335315528 0.715429288447371
7.16102984424121 0.693016233909332
7.17723633532714 0.669912365717855
7.19344282641307 0.646140714311209
7.20964931749899 0.621724975788495
7.22585580858492 0.596689488288856
7.24206229967085 0.571059207730694
7.25826879075678 0.54485968293507
7.27447528184271 0.518117030158077
7.29068177292864 0.490857907057593
7.30688826401457 0.463109486120348
7.3230947551005 0.434899427575792
7.33930124618643 0.406255851823789
7.35550773727236 0.377207311403576
7.37171422835829 0.347782762531982
7.38792071944422 0.318011536239238
7.40412721053015 0.287923309131167
7.42033370161608 0.257548073806896
7.43654019270201 0.22691610896159
7.45274668378794 0.196057949203978
7.46895317487387 0.165004354618799
7.4851596659598 0.133786280104479
7.50136615704573 0.102434844516613
7.51757264813166 0.0709812996480153
7.53377913921759 0.0394569990762527
7.54998563030352 0.00789336690971289
7.56619212138945 -0.0236781335366247
7.58239861247538 -0.0552260311045084
7.59860510356131 -0.0867188781635514
7.61481159464724 -0.118125281958908
7.63101808573317 -0.14941393590426
7.6472245768191 -0.180553650788902
7.66343106790502 -0.211513385867819
7.67963755899095 -0.242262279803783
7.69584405007688 -0.272769681430603
7.71205054116281 -0.303005180306873
7.72825703224874 -0.332938637029761
7.74446352333467 -0.362540213278625
7.7606700144206 -0.391780401558494
7.77687650550653 -0.420630054613784
7.79308299659246 -0.449060414482921
7.80928948767839 -0.47704314116489
7.82549597876432 -0.504550340869178
7.84170246985025 -0.531554593820902
7.85790896093618 -0.55802898159344
7.87411545202211 -0.583947113941307
7.89032194310804 -0.609283155106517
7.90652843419397 -0.634011849572239
7.9227349252799 -0.658108547238038
7.93894141636583 -0.681549227991634
7.95514790745176 -0.704310525652672
7.97135439853769 -0.726369751264639
7.98756088962362 -0.747704915711709
8.00376738070955 -0.768294751637971
8.01997387179548 -0.788118734647192
8.03618036288141 -0.807157103761985
8.05238685396734 -0.825390881121976
8.06859334505327 -0.84280189090135
8.0847998361392 -0.859372777426912
8.10100632722513 -0.875087022478593
8.11721281831105 -0.88992896175518
8.13341930939698 -0.903883800488824
8.14962580048291 -0.916937628192789
8.16583229156884 -0.92907743252773
8.18203878265477 -0.940291112272676
8.1982452737407 -0.950567489387783
8.21445176482663 -0.959896320156857
8.23065825591256 -0.968268305398507
8.24686474699849 -0.975675099735774
8.26307123808442 -0.98210931991498
8.27927772917035 -0.987564552165524
8.29548422025628 -0.992035358593258
8.31169071134221 -0.995517282601106
8.32789720242814 -0.998006853331493
8.34410369351407 -0.999501589126174
8.3603101846 -1
8.3663975148799 -0.999501589126174
8.3724848451598 -0.998006853331493
8.3785721754397 -0.995517282601106
8.3846595057196 -0.992035358593258
8.3907468359995 -0.987564552165524
8.3968341662794 -0.982109319914981
8.4029214965593 -0.975675099735774
8.4090088268392 -0.968268305398506
8.41509615711909 -0.959896320156857
8.421183487399 -0.950567489387782
8.42727081767889 -0.940291112272676
8.43335814795879 -0.92907743252773
8.43944547823869 -0.91693762819279
8.44553280851859 -0.903883800488823
8.45162013879849 -0.889928961755178
8.45770746907839 -0.875087022478594
8.46379479935829 -0.85937277742691
8.46988212963819 -0.842801890901352
8.47596945991809 -0.825390881121975
8.48205679019799 -0.807157103761987
8.48814412047789 -0.788118734647192
8.49423145075779 -0.768294751637974
8.50031878103769 -0.747704915711709
8.50640611131759 -0.726369751264637
8.51249344159749 -0.704310525652673
8.51858077187739 -0.681549227991632
8.52466810215729 -0.65810854723804
8.53075543243719 -0.634011849572238
8.53684276271708 -0.60928315510652
8.54293009299698 -0.583947113941306
8.54901742327688 -0.558028981593437
8.55510475355678 -0.531554593820903
8.56119208383668 -0.504550340869175
8.56727941411658 -0.477043141164892
8.57336674439648 -0.449060414482919
8.57945407467638 -0.420630054613788
8.58554140495628 -0.391780401558493
8.59162873523618 -0.362540213278621
8.59771606551608 -0.332938637029763
8.60380339579598 -0.30300518030687
8.60989072607588 -0.272769681430606
8.61597805635578 -0.242262279803782
8.62206538663568 -0.211513385867823
8.62815271691558 -0.180553650788902
8.63424004719548 -0.149413935904257
8.64032737747538 -0.118125281958909
8.64641470775528 -0.0867188781635478
8.65250203803518 -0.0552260311045106
8.65858936831508 -0.0236781335366225
8.66467669859497 0.00789336690970954
8.67076402887487 0.0394569990762531
8.67685135915477 0.0709812996480202
8.68293868943467 0.102434844516612
8.68902601971457 0.133786280104482
8.69511334999447 0.165004354618797
8.70120068027437 0.19605794920398
8.70728801055427 0.226916108961587
8.71337534083417 0.257548073806897
8.71946267111407 0.287923309131162
8.72555000139397 0.318011536239238
8.73163733167387 0.347782762531985
8.73772466195377 0.377207311403574
8.74381199223367 0.406255851823791
8.74989932251357 0.43489942757579
8.75598665279347 0.463109486120348
8.76207398307337 0.49085790705759
8.76816131335327 0.518117030158077
8.77424864363317 0.544859682935073
8.78033597391306 0.571059207730693
8.78642330419297 0.596689488288858
8.79251063447286 0.621724975788493
8.79859796475276 0.64614071431121
8.80468529503266 0.669912365717852
8.81077262531256 0.693016233909332
8.81685995559246 0.715429288447374
8.82294728587236 0.737129187511778
8.82903461615226 0.758094300171247
8.83512194643216 0.778303727945528
8.84120927671206 0.79773732563752
8.84729660699196 0.816375721414397
8.85338393727186 0.834200336117917
8.85947126755176 0.851193401784497
8.86555859783166 0.867337979356714
8.87164592811156 0.882617975568548
8.87773325839146 0.897018158987462
8.88382058867136 0.910524175197463
8.88990791895126 0.923122561107859
8.89599524923116 0.934800758373598
8.90208257951106 0.945547125913668
8.90816990979095 0.955350951515194
8.91425724007085 0.964202462511613
8.92034457035075 0.972092835524256
8.92643190063065 0.979014205257715
8.93251923091055 0.98495967234011
8.93860656119045 0.989923310200557
8.94469389147035 0.993900170976887
8.95078122175025 0.996886290447793
8.95686855203015 0.998878691984444
8.96295588231005 0.999875389517657
8.96904321258995 0.999875389517657
8.97513054286985 0.998878691984444
8.98121787314975 0.996886290447793
8.98730520342965 0.993900170976887
8.99339253370955 0.989923310200557
8.99947986398945 0.98495967234011
9.00556719426935 0.979014205257715
9.01165452454925 0.972092835524256
9.01774185482915 0.964202462511613
9.02382918510905 0.955350951515194
9.02991651538894 0.945547125913669
9.03600384566884 0.934800758373598
9.04209117594874 0.923122561107859
9.04817850622864 0.910524175197463
9.05426583650854 0.897018158987463
9.06035316678844 0.882617975568548
9.06644049706834 0.867337979356714
9.07252782734824 0.851193401784497
9.07861515762814 0.834200336117917
9.08470248790804 0.816375721414397
9.09078981818794 0.79773732563752
9.09687714846784 0.778303727945528
9.10296447874774 0.758094300171247
9.10905180902764 0.737129187511778
9.11513913930754 0.715429288447374
9.12122646958744 0.693016233909332
9.12731379986734 0.669912365717852
9.13340113014724 0.646140714311211
9.13948846042714 0.621724975788493
9.14557579070703 0.596689488288858
9.15166312098694 0.571059207730694
9.15775045126683 0.544859682935073
9.16383778154673 0.518117030158077
9.16992511182663 0.490857907057598
9.17601244210653 0.463109486120349
9.18209977238643 0.43489942757579
9.18818710266633 0.406255851823791
9.19427443294623 0.377207311403574
9.20036176322613 0.347782762531986
9.20644909350603 0.318011536239238
9.21253642378593 0.287923309131162
9.21862375406583 0.257548073806897
9.22471108434573 0.226916108961587
9.23079841462563 0.19605794920398
9.23688574490553 0.165004354618798
9.24297307518543 0.133786280104483
9.24906040546533 0.102434844516612
9.25514773574523 0.0709812996480207
9.26123506602513 0.0394569990762527
9.26732239630503 0.00789336690971022
9.27340972658492 -0.0236781335366221
9.27949705686482 -0.0552260311045101
9.28558438714472 -0.0867188781635478
9.29167171742462 -0.118125281958909
9.29775904770452 -0.149413935904257
9.30384637798442 -0.180553650788902
9.30993370826432 -0.211513385867823
9.31602103854422 -0.242262279803782
9.32210836882412 -0.272769681430606
9.32819569910402 -0.30300518030687
9.33428302938392 -0.332938637029762
9.34037035966382 -0.362540213278621
9.34645768994372 -0.391780401558493
9.35254502022362 -0.420630054613788
9.35863235050352 -0.449060414482919
9.36471968078342 -0.477043141164892
9.37080701106332 -0.504550340869175
9.37689434134322 -0.531554593820903
9.38298167162312 -0.558028981593437
9.38906900190302 -0.583947113941307
9.39515633218291 -0.609283155106512
9.40124366246281 -0.634011849572238
9.40733099274271 -0.65810854723804
9.41341832302261 -0.681549227991632
9.41950565330251 -0.704310525652673
9.42559298358241 -0.726369751264637
9.43168031386231 -0.747704915711709
9.43776764414221 -0.768294751637973
9.44385497442211 -0.788118734647192
9.44994230470201 -0.807157103761987
9.45602963498191 -0.825390881121975
9.46211696526181 -0.842801890901351
9.46820429554171 -0.85937277742691
9.47429162582161 -0.875087022478594
9.48037895610151 -0.889928961755178
9.48646628638141 -0.903883800488823
9.49255361666131 -0.91693762819279
9.49864094694121 -0.92907743252773
9.50472827722111 -0.940291112272676
9.51081560750101 -0.950567489387782
9.51690293778091 -0.959896320156857
9.52299026806081 -0.968268305398508
9.5290775983407 -0.975675099735773
9.5351649286206 -0.982109319914981
9.5412522589005 -0.987564552165524
9.5473395891804 -0.992035358593258
9.5534269194603 -0.995517282601106
9.5595142497402 -0.998006853331493
9.5656015800201 -0.999501589126174
9.5716889103 -1
9.58165257740905 -0.999501589126174
9.59161624451809 -0.998006853331493
9.60157991162714 -0.995517282601106
9.61154357873618 -0.992035358593258
9.62150724584523 -0.987564552165524
9.63147091295427 -0.98210931991498
9.64143458006332 -0.975675099735774
9.65139824717236 -0.968268305398507
9.66136191428141 -0.959896320156857
9.67132558139045 -0.950567489387782
9.6812892484995 -0.940291112272676
9.69125291560854 -0.92907743252773
9.70121658271759 -0.916937628192789
9.71118024982663 -0.903883800488822
9.72114391693568 -0.88992896175518
9.73110758404472 -0.875087022478595
9.74107125115377 -0.859372777426912
9.75103491826281 -0.842801890901352
9.76099858537186 -0.825390881121976
9.7709622524809 -0.807157103761987
9.78092591958995 -0.788118734647192
9.790889586699 -0.768294751637972
9.80085325380804 -0.747704915711708
9.81081692091709 -0.72636975126464
9.82078058802613 -0.704310525652671
9.83074425513518 -0.681549227991634
9.84070792224422 -0.658108547238036
9.85067158935327 -0.634011849572239
9.86063525646231 -0.609283155106515
9.87059892357136 -0.583947113941306
9.8805625906804 -0.558028981593442
9.89052625778945 -0.531554593820901
9.90048992489849 -0.504550340869179
9.91045359200754 -0.477043141164889
9.92041725911658 -0.449060414482922
9.93038092622563 -0.420630054613784
9.94034459333467 -0.391780401558495
9.95030826044372 -0.362540213278623
9.96027192755276 -0.332938637029762
9.97023559466181 -0.303005180306871
9.98019926177085 -0.272769681430604
9.9901629288799 -0.242262279803781
10.0001265959889 -0.21151338586782
10.010090263098 -0.1805536507889
10.020053930207 -0.149413935904261
10.0300175973161 -0.118125281958905
10.0399812644251 -0.0867188781635507
10.0499449315342 -0.0552260311045106
10.0599085986432 -0.0236781335366234
10.0698722657523 0.00789336690971109
10.0798359328613 0.0394569990762536
10.0897995999704 0.0709812996480142
10.0997632670794 0.102434844516615
10.1097269341884 0.133786280104478
10.1196906012975 0.165004354618801
10.1296542684065 0.196057949203977
10.1396179355156 0.226916108961592
10.1495816026246 0.257548073806896
10.1595452697337 0.287923309131169
10.1695089368427 0.318011536239238
10.1794726039518 0.34778276253198
10.1894362710608 0.377207311403576
10.1993999381698 0.406255851823787
10.2093636052789 0.434899427575793
10.2193272723879 0.463109486120346
10.229290939497 0.490857907057594
10.239254606606 0.518117030158076
10.2492182737151 0.544859682935072
10.2591819408241 0.571059207730694
10.2691456079332 0.596689488288857
10.2791092750422 0.621724975788494
10.2890729421513 0.646140714311211
10.2990366092603 0.669912365717855
10.3090002763693 0.693016233909333
10.3189639434784 0.715429288447371
10.3289276105874 0.737129187511781
10.3388912776965 0.758094300171245
10.3488549448055 0.778303727945528
10.3588186119146 0.79773732563752
10.3687822790236 0.816375721414398
10.3787459461327 0.834200336117918
10.3887096132417 0.851193401784494
10.3986732803508 0.867337979356715
10.4086369474598 0.882617975568546
10.4186006145688 0.897018158987464
10.4285642816779 0.910524175197462
10.4385279487869 0.923122561107861
10.448491615896 0.934800758373598
10.458455283005 0.945547125913668
10.4684189501141 0.955350951515195
10.4783826172231 0.964202462511611
10.4883462843322 0.972092835524257
10.4983099514412 0.979014205257714
10.5082736185503 0.984959672340111
10.5182372856593 0.989923310200557
10.5282009527683 0.993900170976888
10.5381646198774 0.996886290447793
10.5481282869864 0.998878691984444
10.5580919540955 0.999875389517657
10.5680556212045 0.999875389517657
10.5780192883136 0.998878691984444
10.5879829554226 0.996886290447793
10.5979466225317 0.993900170976888
10.6079102896407 0.989923310200557
10.6178739567497 0.984959672340111
10.6278376238588 0.979014205257714
10.6378012909678 0.972092835524257
10.6477649580769 0.964202462511612
10.6577286251859 0.955350951515195
10.667692292295 0.945547125913668
10.677655959404 0.934800758373598
10.6876196265131 0.923122561107862
10.6975832936221 0.910524175197462
10.7075469607312 0.897018158987464
10.7175106278402 0.882617975568546
10.7274742949492 0.867337979356715
10.7374379620583 0.851193401784494
10.7474016291673 0.834200336117918
10.7573652962764 0.816375721414398
10.7673289633854 0.79773732563752
10.7772926304945 0.778303727945532
10.7872562976035 0.758094300171246
10.7972199647126 0.737129187511777
10.8071836318216 0.715429288447371
10.8171472989307 0.693016233909334
10.8271109660397 0.669912365717855
10.8370746331487 0.646140714311211
10.8470383002578 0.621724975788495
10.8570019673668 0.596689488288857
10.8669656344759 0.571059207730694
10.8769293015849 0.544859682935072
10.886892968694 0.518117030158076
10.896856635803 0.490857907057595
10.9068203029121 0.463109486120347
10.9167839700211 0.434899427575794
10.9267476371302 0.406255851823786
10.9367113042392 0.377207311403576
10.9466749713482 0.347782762531985
10.9566386384573 0.318011536239238
10.9666023055663 0.287923309131163
10.9765659726754 0.257548073806896
10.9865296397844 0.226916108961592
10.9964933068935 0.196057949203977
11.0064569740025 0.165004354618802
11.0164206411116 0.133786280104478
11.0263843082206 0.102434844516615
11.0363479753296 0.0709812996480145
11.0463116424387 0.0394569990762536
11.0562753095477 0.00789336690971111
11.0662389766568 -0.0236781335366239
11.0762026437658 -0.0552260311045101
11.0861663108749 -0.0867188781635505
11.0961299779839 -0.118125281958911
11.106093645093 -0.14941393590426
11.116057312202 -0.180553650788899
11.1260209793111 -0.211513385867819
11.1359846464201 -0.24226227980378
11.1459483135291 -0.272769681430604
11.1559119806382 -0.303005180306871
11.1658756477472 -0.332938637029763
11.1758393148563 -0.362540213278623
11.1858029819653 -0.391780401558495
11.1957666490744 -0.420630054613784
11.2057303161834 -0.449060414482921
11.2156939832925 -0.477043141164889
11.2256576504015 -0.504550340869179
11.2356213175106 -0.531554593820901
11.2455849846196 -0.558028981593437
11.2555486517286 -0.583947113941307
11.2655123188377 -0.609283155106519
11.2754759859467 -0.634011849572239
11.2854396530558 -0.658108547238036
11.2954033201648 -0.681549227991635
11.3053669872739 -0.704310525652671
11.3153306543829 -0.72636975126464
11.325294321492 -0.747704915711708
11.335257988601 -0.768294751637971
11.3452216557101 -0.788118734647191
11.3551853228191 -0.807157103761987
11.3651489899281 -0.825390881121976
11.3751126570372 -0.842801890901352
11.3850763241462 -0.859372777426912
11.3950399912553 -0.875087022478595
11.4050036583643 -0.88992896175518
11.4149673254734 -0.903883800488822
11.4249309925824 -0.916937628192789
11.4348946596915 -0.929077432527731
11.4448583268005 -0.940291112272676
11.4548219939095 -0.950567489387782
11.4647856610186 -0.959896320156857
11.4747493281276 -0.968268305398507
11.4847129952367 -0.975675099735774
11.4946766623457 -0.98210931991498
11.5046403294548 -0.987564552165524
11.5146039965638 -0.992035358593258
11.5245676636729 -0.995517282601106
11.5345313307819 -0.998006853331493
11.544494997891 -0.999501589126174
11.554458665 -1
11.5697413491221 -0.999501589126174
11.5850240332442 -0.998006853331493
11.6003067173663 -0.995517282601106
11.6155894014884 -0.992035358593258
11.6308720856106 -0.987564552165524
11.6461547697327 -0.98210931991498
11.6614374538548 -0.975675099735774
11.6767201379769 -0.968268305398507
11.692002822099 -0.959896320156857
11.7072855062211 -0.950567489387782
11.7225681903432 -0.940291112272676
11.7378508744653 -0.929077432527731
11.7531335585874 -0.916937628192789
11.7684162427095 -0.903883800488823
11.7836989268317 -0.889928961755181
11.7989816109538 -0.875087022478594
11.8142642950759 -0.859372777426912
11.829546979198 -0.84280189090135
11.8448296633201 -0.825390881121977
11.8601123474422 -0.807157103761986
11.8753950315643 -0.788118734647192
11.8906777156864 -0.76829475163797
11.9059603998085 -0.74770491571171
11.9212430839307 -0.72636975126464
11.9365257680528 -0.704310525652672
11.9518084521749 -0.681549227991633
11.967091136297 -0.658108547238039
11.9823738204191 -0.634011849572239
11.9976565045412 -0.609283155106517
12.0129391886633 -0.583947113941306
12.0282218727854 -0.558028981593439
12.0435045569075 -0.531554593820902
12.0587872410296 -0.504550340869177
12.0740699251518 -0.477043141164889
12.0893526092739 -0.449060414482919
12.104635293396 -0.420630054613785
12.1199179775181 -0.391780401558494
12.1352006616402 -0.362540213278624
12.1504833457623 -0.33293863702976
12.1657660298844 -0.303005180306874
12.1810487140065 -0.272769681430604
12.1963313981286 -0.242262279803783
12.2116140822508 -0.211513385867818
12.2268967663729 -0.180553650788904
12.242179450495 -0.149413935904262
12.2574621346171 -0.118125281958908
12.2727448187392 -0.0867188781635494
12.2880275028613 -0.0552260311045097
12.3033101869834 -0.0236781335366248
12.3185928711055 0.00789336690971331
12.3338755552276 0.0394569990762536
12.3491582393497 0.0709812996480142
12.3644409234719 0.102434844516612
12.379723607594 0.133786280104479
12.3950062917161 0.1650043546188
12.4102889758382 0.19605794920398
12.4255716599603 0.226916108961589
12.4408543440824 0.257548073806896
12.4561370282045 0.287923309131167
12.4714197123266 0.31801153623924
12.4867023964487 0.347782762531981
12.5019850805709 0.377207311403576
12.517267764693 0.40625585182379
12.5325504488151 0.434899427575794
12.5478331329372 0.463109486120347
12.5631158170593 0.490857907057594
12.5783985011814 0.518117030158078
12.5936811853035 0.544859682935072
12.6089638694256 0.571059207730694
12.6242465535477 0.596689488288855
12.6395292376698 0.621724975788495
12.654811921792 0.646140714311211
12.6700946059141 0.669912365717854
12.6853772900362 0.693016233909331
12.7006599741583 0.715429288447372
12.7159426582804 0.73712918751178
12.7312253424025 0.758094300171247
12.7465080265246 0.778303727945529
12.7617907106467 0.797737325637519
12.7770733947688 0.8163757214144
12.792356078891 0.834200336117916
12.8076387630131 0.851193401784494
12.8229214471352 0.867337979356715
12.8382041312573 0.882617975568547
12.8534868153794 0.897018158987464
12.8687694995015 0.910524175197462
12.8840521836236 0.923122561107861
12.8993348677457 0.934800758373599
12.9146175518678 0.945547125913668
12.9299002359899 0.955350951515194
12.9451829201121 0.964202462511612
12.9604656042342 0.972092835524257
12.9757482883563 0.979014205257715
12.9910309724784 0.98495967234011
13.0063136566005 0.989923310200557
13.0215963407226 0.993900170976888
13.0368790248447 0.996886290447793
13.0521617089668 0.998878691984444
13.0674443930889 0.999875389517657
13.0827270772111 0.999875389517657
13.0980097613332 0.998878691984444
13.1132924454553 0.996886290447793
13.1285751295774 0.993900170976888
13.1438578136995 0.989923310200557
13.1591404978216 0.98495967234011
13.1744231819437 0.979014205257715
13.1897058660658 0.972092835524257
13.2049885501879 0.964202462511612
13.2202712343101 0.955350951515194
13.2355539184322 0.945547125913668
13.2508366025543 0.934800758373599
13.2661192866764 0.923122561107861
13.2814019707985 0.910524175197462
13.2966846549206 0.897018158987463
13.3119673390427 0.882617975568547
13.3272500231648 0.867337979356715
13.3425327072869 0.851193401784494
13.357815391409 0.834200336117917
13.3730980755312 0.8163757214144
13.3883807596533 0.79773732563752
13.4036634437754 0.778303727945529
13.4189461278975 0.758094300171245
13.4342288120196 0.73712918751178
13.4495114961417 0.715429288447372
13.4647941802638 0.693016233909332
13.4800768643859 0.669912365717854
13.495359548508 0.646140714311211
13.5106422326302 0.621724975788496
13.5259249167523 0.596689488288856
13.5412076008744 0.571059207730694
13.5564902849965 0.544859682935072
13.5717729691186 0.518117030158078
13.5870556532407 0.490857907057594
13.6023383373628 0.463109486120347
13.6176210214849 0.434899427575792
13.632903705607 0.40625585182379
13.6481863897291 0.377207311403576
13.6634690738513 0.347782762531982
13.6787517579734 0.31801153623924
13.6940344420955 0.287923309131167
13.7093171262176 0.257548073806896
13.7245998103397 0.22691610896159
13.7398824944618 0.196057949203976
13.7551651785839 0.1650043546188
13.770447862706 0.133786280104479
13.7857305468281 0.102434844516612
13.8010132309503 0.070981299648018
13.8162959150724 0.0394569990762545
13.8315785991945 0.00789336690971378
13.8468612833166 -0.0236781335366247
13.8621439674387 -0.0552260311045093
13.8774266515608 -0.0867188781635487
13.8927093356829 -0.118125281958907
13.907992019805 -0.149413935904261
13.9232747039271 -0.180553650788903
13.9385573880492 -0.211513385867821
13.9538400721714 -0.242262279803783
13.9691227562935 -0.272769681430603
13.9844054404156 -0.303005180306874
13.9996881245377 -0.332938637029759
14.0149708086598 -0.362540213278624
14.0302534927819 -0.391780401558493
14.045536176904 -0.420630054613785
14.0608188610261 -0.449060414482921
14.0761015451482 -0.477043141164889
14.0913842292704 -0.504550340869177
14.1066669133925 -0.531554593820902
14.1219495975146 -0.558028981593439
14.1372322816367 -0.583947113941305
14.1525149657588 -0.609283155106517
14.1677976498809 -0.63401184957224
14.183080334003 -0.658108547238039
14.1983630181251 -0.681549227991633
14.2136457022472 -0.704310525652672
14.2289283863693 -0.72636975126464
14.2442110704915 -0.74770491571171
14.2594937546136 -0.768294751637972
14.2747764387357 -0.788118734647192
14.2900591228578 -0.807157103761986
14.3053418069799 -0.825390881121977
14.320624491102 -0.84280189090135
14.3359071752241 -0.859372777426912
14.3511898593462 -0.875087022478594
14.3664725434683 -0.889928961755181
14.3817552275905 -0.903883800488824
14.3970379117126 -0.916937628192789
14.4123205958347 -0.929077432527731
14.4276032799568 -0.940291112272676
14.4428859640789 -0.950567489387782
14.458168648201 -0.959896320156857
14.4734513323231 -0.968268305398507
14.4887340164452 -0.975675099735774
14.5040167005673 -0.982109319914981
14.5192993846894 -0.987564552165524
14.5345820688116 -0.992035358593258
14.5498647529337 -0.995517282601106
14.5651474370558 -0.998006853331493
14.5804301211779 -0.999501589126174
14.5957128053 -1
14.6028393924879 -0.999501589126174
14.6099659796759 -0.998006853331493
14.6170925668638 -0.995517282601106
14.6242191540518 -0.992035358593258
14.6313457412397 -0.987564552165524
14.6384723284276 -0.982109319914981
14.6455989156156 -0.975675099735774
14.6527255028035 -0.968268305398506
14.6598520899915 -0.959896320156857
14.6669786771794 -0.950567489387782
14.6741052643673 -0.940291112272676
14.6812318515553 -0.92907743252773
14.6883584387432 -0.91693762819279
14.6954850259312 -0.903883800488823
14.7026116131191 -0.889928961755179
14.709738200307 -0.875087022478594
14.716864787495 -0.859372777426911
14.7239913746829 -0.842801890901352
14.7311179618709 -0.825390881121975
14.7382445490588 -0.807157103761987
14.7453711362467 -0.788118734647192
14.7524977234347 -0.768294751637973
14.7596243106226 -0.747704915711709
14.7667508978106 -0.726369751264637
14.7738774849985 -0.704310525652673
14.7810040721864 -0.681549227991632
14.7881306593744 -0.65810854723804
14.7952572465623 -0.634011849572238
14.8023838337503 -0.60928315510652
14.8095104209382 -0.583947113941307
14.8166370081261 -0.558028981593438
14.8237635953141 -0.531554593820903
14.830890182502 -0.504550340869176
14.8380167696899 -0.477043141164892
14.8451433568779 -0.449060414482919
14.8522699440658 -0.420630054613787
14.8593965312538 -0.391780401558493
14.8665231184417 -0.362540213278621
14.8736497056296 -0.332938637029762
14.8807762928176 -0.303005180306871
14.8879028800055 -0.272769681430605
14.8950294671935 -0.242262279803782
14.9021560543814 -0.211513385867822
14.9092826415693 -0.180553650788902
14.9164092287573 -0.149413935904257
14.9235358159452 -0.118125281958909
14.9306624031332 -0.0867188781635483
14.9377889903211 -0.0552260311045102
14.944915577509 -0.0236781335366228
14.952042164697 0.00789336690970998
14.9591687518849 0.0394569990762529
14.9662953390729 0.0709812996480198
14.9734219262608 0.102434844516613
14.9805485134487 0.133786280104482
14.9876751006367 0.165004354618798
14.9948016878246 0.19605794920398
15.0019282750126 0.226916108961587
15.0090548622005 0.257548073806897
15.0161814493884 0.287923309131163
15.0233080365764 0.318011536239238
15.0304346237643 0.347782762531985
15.0375612109523 0.377207311403574
15.0446877981402 0.406255851823791
15.0518143853281 0.434899427575791
15.0589409725161 0.463109486120348
15.066067559704 0.49085790705759
15.073194146892 0.518117030158077
15.0803207340799 0.544859682935073
15.0874473212678 0.571059207730694
15.0945739084558 0.596689488288858
15.1017004956437 0.621724975788493
15.1088270828317 0.64614071431121
15.1159536700196 0.669912365717853
15.1230802572075 0.693016233909331
15.1302068443955 0.715429288447373
15.1373334315834 0.737129187511778
15.1444600187714 0.758094300171247
15.1515866059593 0.778303727945529
15.1587131931472 0.79773732563752
15.1658397803352 0.816375721414397
15.1729663675231 0.834200336117917
15.1800929547111 0.851193401784496
15.187219541899 0.867337979356714
15.1943461290869 0.882617975568548
15.2014727162749 0.897018158987463
15.2085993034628 0.910524175197463
15.2157258906508 0.92312256110786
15.2228524778387 0.934800758373598
15.2299790650266 0.945547125913668
15.2371056522146 0.955350951515195
15.2442322394025 0.964202462511612
15.2513588265905 0.972092835524257
15.2584854137784 0.979014205257715
15.2656120009663 0.98495967234011
15.2727385881543 0.989923310200557
15.2798651753422 0.993900170976887
15.2869917625301 0.996886290447793
15.2941183497181 0.998878691984444
15.301244936906 0.999875389517657
15.308371524094 0.999875389517657
15.3154981112819 0.998878691984444
15.3226246984698 0.996886290447793
15.3297512856578 0.993900170976888
15.3368778728457 0.989923310200557
15.3440044600337 0.98495967234011
15.3511310472216 0.979014205257715
15.3582576344095 0.972092835524257
15.3653842215975 0.964202462511612
15.3725108087854 0.955350951515195
15.3796373959734 0.945547125913668
15.3867639831613 0.934800758373598
15.3938905703492 0.92312256110786
15.4010171575372 0.910524175197463
15.4081437447251 0.897018158987463
15.4152703319131 0.882617975568548
15.422396919101 0.867337979356714
15.4295235062889 0.851193401784496
15.4366500934769 0.834200336117918
15.4437766806648 0.816375721414397
15.4509032678528 0.79773732563752
15.4580298550407 0.778303727945528
15.4651564422286 0.758094300171247
15.4722830294166 0.737129187511778
15.4794096166045 0.715429288447374
15.4865362037925 0.693016233909332
15.4936627909804 0.669912365717853
15.5007893781683 0.646140714311211
15.5079159653563 0.621724975788493
15.5150425525442 0.596689488288857
15.5221691397322 0.571059207730694
15.5292957269201 0.544859682935073
15.536422314108 0.518117030158077
15.543548901296 0.490857907057598
15.5506754884839 0.463109486120349
15.5578020756719 0.434899427575791
15.5649286628598 0.40625585182379
15.5720552500477 0.377207311403575
15.5791818372357 0.347782762531985
15.5863084244236 0.318011536239238
15.5934350116116 0.287923309131162
15.6005615987995 0.257548073806897
15.6076881859874 0.226916108961588
15.6148147731754 0.19605794920398
15.6219413603633 0.165004354618798
15.6290679475513 0.133786280104482
15.6361945347392 0.102434844516612
15.6433211219271 0.0709812996480198
15.6504477091151 0.0394569990762536
15.657574296303 0.00789336690971022
15.664700883491 -0.0236781335366221
15.6718274706789 -0.0552260311045101
15.6789540578668 -0.0867188781635478
15.6860806450548 -0.118125281958909
15.6932072322427 -0.149413935904257
15.7003338194307 -0.180553650788902
15.7074604066186 -0.211513385867822
15.7145869938065 -0.242262279803782
15.7217135809945 -0.272769681430605
15.7288401681824 -0.303005180306871
15.7359667553704 -0.332938637029762
15.7430933425583 -0.362540213278621
15.7502199297462 -0.391780401558493
15.7573465169342 -0.420630054613788
15.7644731041221 -0.449060414482919
15.77159969131 -0.477043141164891
15.778726278498 -0.504550340869175
15.7858528656859 -0.531554593820903
15.7929794528739 -0.558028981593437
15.8001060400618 -0.583947113941307
15.8072326272497 -0.609283155106513
15.8143592144377 -0.634011849572238
15.8214858016256 -0.658108547238039
15.8286123888136 -0.681549227991633
15.8357389760015 -0.704310525652673
15.8428655631894 -0.726369751264637
15.8499921503774 -0.747704915711709
15.8571187375653 -0.768294751637973
15.8642453247533 -0.788118734647192
15.8713719119412 -0.807157103761987
15.8784984991291 -0.825390881121975
15.8856250863171 -0.842801890901351
15.892751673505 -0.85937277742691
15.899878260693 -0.875087022478594
15.9070048478809 -0.889928961755182
15.9141314350688 -0.903883800488823
15.9212580222568 -0.91693762819279
15.9283846094447 -0.92907743252773
15.9355111966327 -0.940291112272676
15.9426377838206 -0.950567489387782
15.9497643710085 -0.959896320156857
15.9568909581965 -0.968268305398508
15.9640175453844 -0.975675099735773
15.9711441325724 -0.982109319914979
15.9782707197603 -0.987564552165524
15.9853973069482 -0.992035358593258
15.9925238941362 -0.995517282601106
15.9996504813241 -0.998006853331493
16.0067770685121 -0.999501589126174
16.0139036557 -1
16.0321942612854 -0.999501589126174
16.0504848668709 -0.998006853331493
16.0687754724563 -0.995517282601106
16.0870660780417 -0.992035358593258
16.1053566836271 -0.987564552165524
16.1236472892126 -0.982109319914981
16.141937894798 -0.975675099735774
16.1602285003834 -0.968268305398508
16.1785191059688 -0.959896320156857
16.1968097115543 -0.950567489387783
16.2151003171397 -0.940291112272675
16.2333909227251 -0.92907743252773
16.2516815283106 -0.916937628192788
16.269972133896 -0.903883800488822
16.2882627394814 -0.889928961755182
16.3065533450668 -0.875087022478595
16.3248439506523 -0.859372777426913
16.3431345562377 -0.842801890901351
16.3614251618231 -0.825390881121977
16.3797157674085 -0.807157103761985
16.398006372994 -0.788118734647192
16.4162969785794 -0.76829475163797
16.4345875841648 -0.747704915711708
16.4528781897503 -0.726369751264638
16.4711687953357 -0.70431052565267
16.4894594009211 -0.681549227991636
16.5077500065065 -0.658108547238039
16.526040612092 -0.63401184957224
16.5443312176774 -0.609283155106517
16.5626218232628 -0.583947113941306
16.5809124288482 -0.55802898159344
16.5992030344337 -0.5315545938209
16.6174936400191 -0.504550340869176
16.6357842456045 -0.477043141164887
16.6540748511899 -0.449060414482923
16.6723654567754 -0.420630054613786
16.6906560623608 -0.391780401558495
16.7089466679462 -0.362540213278626
16.7272372735317 -0.332938637029761
16.7455278791171 -0.303005180306873
16.7638184847025 -0.272769681430603
16.7821090902879 -0.242262279803782
16.8003996958734 -0.211513385867817
16.8186903014588 -0.1805536507889
16.8369809070442 -0.149413935904258
16.8552715126296 -0.11812528195891
16.8735621182151 -0.0867188781635525
16.8918527238005 -0.0552260311045093
16.9101433293859 -0.0236781335366245
16.9284339349714 0.00789336690971353
16.9467245405568 0.0394569990762534
16.9650151461422 0.0709812996480171
16.9833057517276 0.102434844516615
17.0015963573131 0.133786280104481
17.0198869628985 0.165004354618796
17.0381775684839 0.196057949203976
17.0564681740693 0.226916108961589
17.0747587796548 0.257548073806896
17.0930493852402 0.287923309131166
17.1113399908256 0.318011536239238
17.1296305964111 0.347782762531983
17.1479212019965 0.377207311403577
17.1662118075819 0.406255851823791
17.1845024131673 0.434899427575795
17.2027930187528 0.46310948612035
17.2210836243382 0.490857907057592
17.2393742299236 0.518117030158076
17.257664835509 0.54485968293507
17.2759554410945 0.571059207730694
17.2942460466799 0.596689488288856
17.3125366522653 0.621724975788496
17.3308272578508 0.646140714311211
17.3491178634362 0.669912365717857
17.3674084690216 0.693016233909334
17.385699074607 0.715429288447369
17.4039896801925 0.737129187511777
17.4222802857779 0.758094300171244
17.4405708913633 0.778303727945529
17.4588614969487 0.797737325637519
17.4771521025342 0.816375721414399
17.4954427081196 0.834200336117918
17.513733313705 0.851193401784495
17.5320239192905 0.867337979356716
17.5503145248759 0.882617975568548
17.5686051304613 0.897018158987462
17.5868957360467 0.910524175197461
17.6051863416322 0.92312256110786
17.6234769472176 0.934800758373598
17.641767552803 0.945547125913667
17.6600581583884 0.955350951515195
17.6783487639739 0.964202462511612
17.6966393695593 0.972092835524257
17.7149299751447 0.979014205257715
17.7332205807302 0.984959672340111
17.7515111863156 0.989923310200557
17.769801791901 0.993900170976888
17.7880923974864 0.996886290447793
17.8063830030719 0.998878691984444
17.8246736086573 0.999875389517657
17.8429642142427 0.999875389517657
17.8612548198281 0.998878691984444
17.8795454254136 0.996886290447793
17.897836030999 0.993900170976888
17.9161266365844 0.989923310200557
17.9344172421698 0.984959672340111
17.9527078477553 0.979014205257715
17.9709984533407 0.972092835524257
17.9892890589261 0.964202462511612
18.0075796645116 0.955350951515195
18.025870270097 0.945547125913667
18.0441608756824 0.934800758373598
18.0624514812678 0.92312256110786
18.0807420868533 0.910524175197462
18.0990326924387 0.897018158987462
18.1173232980241 0.882617975568548
18.1356139036095 0.867337979356716
18.153904509195 0.851193401784495
18.1721951147804 0.834200336117918
18.1904857203658 0.816375721414399
18.2087763259513 0.797737325637519
18.2270669315367 0.778303727945529
18.2453575371221 0.758094300171245
18.2636481427075 0.737129187511777
18.281938748293 0.715429288447369
18.3002293538784 0.693016233909334
18.3185199594638 0.669912365717857
18.3368105650492 0.646140714311211
18.3551011706347 0.621724975788496
18.3733917762201 0.596689488288856
18.3916823818055 0.571059207730694
18.409972987391 0.54485968293507
18.4282635929764 0.518117030158076
18.4465541985618 0.490857907057592
18.4648448041472 0.463109486120351
18.4831354097327 0.434899427575796
18.5014260153181 0.40625585182379
18.5197166209035 0.377207311403578
18.5380072264889 0.347782762531983
18.5562978320744 0.318011536239239
18.5745884376598 0.287923309131167
18.5928790432452 0.257548073806896
18.6111696488307 0.226916108961589
18.6294602544161 0.196057949203976
18.6477508600015 0.165004354618796
18.6660414655869 0.133786280104482
18.6843320711724 0.102434844516616
18.7026226767578 0.0709812996480171
18.7209132823432 0.0394569990762536
18.7392038879286 0.00789336690971378
18.7574944935141 -0.0236781335366247
18.7757850990995 -0.0552260311045093
18.7940757046849 -0.0867188781635523
18.8123663102703 -0.118125281958904
18.8306569158558 -0.149413935904258
18.8489475214412 -0.180553650788899
18.8672381270266 -0.211513385867818
18.8855287326121 -0.242262279803782
18.9038193381975 -0.272769681430602
18.9221099437829 -0.303005180306873
18.9404005493683 -0.332938637029761
18.9586911549538 -0.362540213278625
18.9769817605392 -0.391780401558495
18.9952723661246 -0.420630054613786
19.0135629717101 -0.449060414482922
19.0318535772955 -0.477043141164893
19.0501441828809 -0.504550340869175
19.0684347884663 -0.5315545938209
19.0867253940518 -0.558028981593439
19.1050159996372 -0.583947113941306
19.1233066052226 -0.609283155106517
19.141597210808 -0.63401184957224
19.1598878163935 -0.658108547238039
19.1781784219789 -0.681549227991635
19.1964690275643 -0.70431052565267
19.2147596331497 -0.726369751264638
19.2330502387352 -0.747704915711707
19.2513408443206 -0.76829475163797
19.269631449906 -0.788118734647192
19.2879220554915 -0.807157103761985
19.3062126610769 -0.825390881121977
19.3245032666623 -0.842801890901351
19.3427938722477 -0.859372777426912
19.3610844778332 -0.875087022478595
19.3793750834186 -0.889928961755179
19.397665689004 -0.903883800488822
19.4159562945894 -0.916937628192788
19.4342469001749 -0.92907743252773
19.4525375057603 -0.940291112272675
19.4708281113457 -0.950567489387783
19.4891187169312 -0.959896320156857
19.5074093225166 -0.968268305398508
19.525699928102 -0.975675099735774
19.5439905336874 -0.982109319914981
19.5622811392729 -0.987564552165523
19.5805717448583 -0.992035358593258
19.5988623504437 -0.995517282601106
19.6171529560291 -0.998006853331493
19.6354435616146 -0.999501589126174
19.6537341672 -1
19.6735220549482 -0.999501589126174
19.6933099426965 -0.998006853331493
19.7130978304447 -0.995517282601106
19.732885718193 -0.992035358593258
19.7526736059412 -0.987564552165524
19.7724614936894 -0.98210931991498
19.7922493814377 -0.975675099735773
19.8120372691859 -0.968268305398508
19.8318251569342 -0.959896320156858
19.8516130446824 -0.950567489387782
19.8714009324307 -0.940291112272676
19.8911888201789 -0.929077432527731
19.9109767079271 -0.916937628192788
19.9307645956754 -0.903883800488823
19.9505524834236 -0.88992896175518
19.9703403711719 -0.875087022478595
19.9901282589201 -0.859372777426911
20.0099161466683 -0.84280189090135
20.0297040344166 -0.825390881121977
20.0494919221648 -0.807157103761987
20.0692798099131 -0.788118734647191
20.0890676976613 -0.768294751637971
20.1088555854095 -0.74770491571171
20.1286434731578 -0.726369751264637
20.148431360906 -0.704310525652671
20.1682192486543 -0.681549227991634
20.1880071364025 -0.658108547238039
20.2077950241508 -0.634011849572237
20.227582911899 -0.609283155106516
20.2473707996472 -0.583947113941307
20.2671586873955 -0.558028981593442
20.2869465751437 -0.5315545938209
20.306734462892 -0.504550340869177
20.3265223506402 -0.477043141164891
20.3463102383884 -0.449060414482923
20.3660981261367 -0.420630054613783
20.3858860138849 -0.391780401558493
20.4056739016332 -0.362540213278626
20.4254617893814 -0.332938637029759
20.4452496771296 -0.303005180306872
20.4650375648779 -0.272769681430604
20.4848254526261 -0.242262279803785
20.5046133403744 -0.211513385867817
20.5244012281226 -0.180553650788902
20.5441891158709 -0.149413935904262
20.5639770036191 -0.118125281958911
20.5837648913673 -0.0867188781635496
20.6035527791156 -0.0552260311045082
20.6233406668638 -0.0236781335366257
20.6431285546121 0.00789336690971553
20.6629164423603 0.0394569990762536
20.6827043301085 0.0709812996480153
20.7024922178568 0.102434844516611
20.722280105605 0.133786280104481
20.7420679933533 0.1650043546188
20.7618558811015 0.196057949203977
20.7816437688497 0.226916108961587
20.801431656598 0.257548073806898
20.8212195443462 0.287923309131166
20.8410074320945 0.318011536239237
20.8607953198427 0.347782762531985
20.880583207591 0.377207311403577
20.9003710953392 0.406255851823788
20.9201589830874 0.434899427575791
20.9399468708357 0.46310948612035
20.9597347585839 0.490857907057594
20.9795226463322 0.518117030158076
20.9993105340804 0.544859682935068
21.0190984218286 0.571059207730696
21.0388863095769 0.596689488288856
21.0586741973251 0.621724975788494
21.0784620850734 0.646140714311212
21.0982499728216 0.669912365717856
21.1180378605698 0.693016233909331
21.1378257483181 0.71542928844737
21.1576136360663 0.73712918751178
21.1774015238146 0.758094300171246
21.1971894115628 0.778303727945529
21.2169772993111 0.797737325637518
21.2367651870593 0.8163757214144
21.2565530748075 0.834200336117918
21.2763409625558 0.851193401784494
21.296128850304 0.867337979356716
21.3159167380523 0.882617975568548
21.3357046258005 0.897018158987463
21.3554925135487 0.910524175197461
21.375280401297 0.923122561107862
21.3950682890452 0.934800758373599
21.4148561767935 0.945547125913667
21.4346440645417 0.955350951515194
21.45443195229 0.964202462511612
21.4742198400382 0.972092835524257
21.4940077277864 0.979014205257714
21.5137956155347 0.984959672340111
21.5335835032829 0.989923310200557
21.5533713910312 0.993900170976888
21.5731592787794 0.996886290447793
21.5929471665276 0.998878691984444
21.6127350542759 0.999875389517657
21.6325229420241 0.999875389517657
21.6523108297724 0.998878691984444
21.6720987175206 0.996886290447793
21.6918866052688 0.993900170976888
21.7116744930171 0.989923310200557
21.7314623807653 0.98495967234011
21.7512502685136 0.979014205257714
21.7710381562618 0.972092835524257
21.79082604401 0.964202462511612
21.8106139317583 0.955350951515194
21.8304018195065 0.945547125913667
21.8501897072548 0.934800758373598
21.869977595003 0.923122561107862
21.8897654827513 0.910524175197462
21.9095533704995 0.897018158987463
21.9293412582477 0.882617975568547
21.949129145996 0.867337979356713
21.9689170337442 0.851193401784494
21.9887049214925 0.834200336117918
22.0084928092407 0.8163757214144
22.0282806969889 0.797737325637518
22.0480685847372 0.77830372794553
22.0678564724854 0.758094300171246
22.0876443602337 0.737129187511781
22.1074322479819 0.71542928844737
22.1272201357302 0.693016233909332
22.1470080234784 0.669912365717856
22.1667959112266 0.646140714311207
22.1865837989749 0.621724975788495
22.2063716867231 0.596689488288856
22.2261595744714 0.571059207730696
22.2459474622196 0.544859682935073
22.2657353499678 0.518117030158076
22.2855232377161 0.490857907057595
22.3053111254643 0.46310948612035
22.3250990132126 0.434899427575791
22.3448869009608 0.406255851823789
22.364674788709 0.377207311403577
22.3844626764573 0.347782762531985
22.4042505642055 0.318011536239237
22.4240384519538 0.287923309131167
22.443826339702 0.257548073806898
22.4636142274503 0.226916108961588
22.4834021151985 0.196057949203977
22.5031900029467 0.1650043546188
22.522977890695 0.133786280104481
22.5427657784432 0.102434844516611
22.5625536661915 0.0709812996480153
22.5823415539397 0.0394569990762536
22.6021294416879 0.00789336690971022
22.6219173294362 -0.0236781335366256
22.6417052171844 -0.0552260311045084
22.6614931049327 -0.0867188781635487
22.6812809926809 -0.118125281958905
22.7010688804291 -0.149413935904262
22.7208567681774 -0.180553650788901
22.7406446559256 -0.211513385867818
22.7604325436739 -0.242262279803786
22.7802204314221 -0.272769681430603
22.8000083191704 -0.303005180306872
22.8197962069186 -0.332938637029759
22.8395840946668 -0.362540213278626
22.8593719824151 -0.391780401558494
22.8791598701633 -0.420630054613783
22.8989477579116 -0.449060414482922
22.9187356456598 -0.477043141164891
22.938523533408 -0.504550340869177
22.9583114211563 -0.5315545938209
22.9780993089045 -0.558028981593442
22.9978871966528 -0.583947113941307
23.017675084401 -0.609283155106516
23.0374629721492 -0.634011849572237
23.0572508598975 -0.658108547238039
23.0770387476457 -0.681549227991634
23.096826635394 -0.704310525652671
23.1166145231422 -0.726369751264638
23.1364024108905 -0.74770491571171
23.1561902986387 -0.768294751637971
23.1759781863869 -0.788118734647191
23.1957660741352 -0.807157103761987
23.2155539618834 -0.825390881121977
23.2353418496317 -0.84280189090135
23.2551297373799 -0.859372777426911
23.2749176251281 -0.875087022478595
23.2947055128764 -0.889928961755181
23.3144934006246 -0.903883800488823
23.3342812883729 -0.916937628192788
23.3540691761211 -0.929077432527731
23.3738570638693 -0.940291112272675
23.3936449516176 -0.950567489387782
23.4134328393658 -0.959896320156858
23.4332207271141 -0.968268305398507
23.4530086148623 -0.975675099735774
23.4727965026106 -0.98210931991498
23.4925843903588 -0.987564552165524
23.512372278107 -0.992035358593258
23.5321601658553 -0.995517282601106
23.5519480536035 -0.998006853331493
23.5717359413518 -0.999501589126174
23.5915238291 -1
23.6086518500593 -0.999501589126174
23.6257798710186 -0.998006853331493
23.6429078919779 -0.995517282601106
23.6600359129372 -0.992035358593258
23.6771639338965 -0.987564552165524
23.6942919548558 -0.98210931991498
23.7114199758151 -0.975675099735774
23.7285479967744 -0.968268305398507
23.7456760177337 -0.959896320156858
23.762804038693 -0.950567489387783
23.7799320596523 -0.940291112272675
23.7970600806116 -0.929077432527731
23.8141881015709 -0.916937628192788
23.8313161225302 -0.903883800488825
23.8484441434894 -0.88992896175518
23.8655721644487 -0.875087022478593
23.882700185408 -0.859372777426913
23.8998282063673 -0.84280189090135
23.9169562273266 -0.825390881121978
23.9340842482859 -0.807157103761986
23.9512122692452 -0.788118734647191
23.9683402902045 -0.768294751637972
23.9854683111638 -0.747704915711709
24.0025963321231 -0.726369751264642
24.0197243530824 -0.704310525652672
24.0368523740417 -0.681549227991632
24.053980395001 -0.658108547238039
24.0711084159603 -0.634011849572238
24.0882364369196 -0.609283155106514
24.1053644578789 -0.583947113941307
24.1224924788382 -0.558028981593439
24.1396204997975 -0.531554593820903
24.1567485207568 -0.504550340869177
24.1738765417161 -0.477043141164887
24.1910045626754 -0.449060414482921
24.2081325836347 -0.420630054613783
24.225260604594 -0.391780401558495
24.2423886255533 -0.362540213278624
24.2595166465126 -0.332938637029758
24.2766446674719 -0.303005180306873
24.2937726884312 -0.272769681430601
24.3109007093905 -0.242262279803785
24.3280287303498 -0.211513385867819
24.345156751309 -0.180553650788899
24.3622847722683 -0.149413935904262
24.3794127932276 -0.118125281958907
24.3965408141869 -0.0867188781635529
24.4136688351462 -0.0552260311045079
24.4307968561055 -0.023678133536621
24.4479248770648 0.0078933669097122
24.4650528980241 0.0394569990762545
24.4821809189834 0.0709812996480136
24.4993089399427 0.102434844516614
24.516436960902 0.133786280104482
24.5335649818613 0.165004354618798
24.5506930028206 0.19605794920398
24.5678210237799 0.226916108961588
24.5849490447392 0.257548073806897
24.6020770656985 0.287923309131169
24.6192050866578 0.318011536239237
24.6363331076171 0.347782762531984
24.6534611285764 0.377207311403574
24.6705891495357 0.406255851823789
24.687717170495 0.434899427575795
24.7048451914543 0.463109486120347
24.7219732124136 0.490857907057595
24.7391012333729 0.518117030158075
24.7562292543322 0.54485968293507
24.7733572752915 0.571059207730697
24.7904852962508 0.596689488288855
24.8076133172101 0.621724975788496
24.8247413381693 0.646140714311207
24.8418693591286 0.669912365717855
24.8589973800879 0.693016233909333
24.8761254010472 0.71542928844737
24.8932534220065 0.73712918751178
24.9103814429658 0.758094300171244
24.9275094639251 0.77830372794553
24.9446374848844 0.797737325637521
24.9617655058437 0.816375721414398
24.978893526803 0.834200336117918
24.9960215477623 0.851193401784493
25.0131495687216 0.867337979356714
25.0302775896809 0.882617975568548
25.0474056106402 0.897018158987463
25.0645336315995 0.910524175197463
25.0816616525588 0.92312256110786
25.0987896735181 0.934800758373598
25.1159176944774 0.945547125913668
25.1330457154367 0.955350951515194
25.150173736396 0.964202462511612
25.1673017573553 0.972092835524256
25.1844297783146 0.979014205257714
25.2015577992739 0.984959672340111
25.2186858202332 0.989923310200557
25.2358138411925 0.993900170976888
25.2529418621518 0.996886290447793
25.2700698831111 0.998878691984444
25.2871979040704 0.999875389517657
25.3043259250296 0.999875389517657
25.3214539459889 0.998878691984444
25.3385819669482 0.996886290447793
25.3557099879075 0.993900170976888
25.3728380088668 0.989923310200557
25.3899660298261 0.984959672340111
25.4070940507854 0.979014205257714
25.4242220717447 0.972092835524256
25.441350092704 0.964202462511612
25.4584781136633 0.955350951515194
25.4756061346226 0.945547125913668
25.4927341555819 0.934800758373598
25.5098621765412 0.92312256110786
25.5269901975005 0.910524175197463
25.5441182184598 0.897018158987463
25.5612462394191 0.882617975568548
25.5783742603784 0.867337979356715
25.5955022813377 0.851193401784496
25.612630302297 0.834200336117918
25.6297583232563 0.816375721414398
25.6468863442156 0.797737325637521
25.6640143651749 0.77830372794553
25.6811423861342 0.758094300171248
25.6982704070935 0.73712918751178
25.7153984280528 0.71542928844737
25.7325264490121 0.693016233909334
25.7496544699714 0.669912365717855
25.7667824909307 0.646140714311208
25.7839105118899 0.621724975788497
25.8010385328492 0.596689488288855
25.8181665538085 0.571059207730697
25.8352945747678 0.54485968293507
25.8524225957271 0.518117030158076
25.8695506166864 0.490857907057595
25.8866786376457 0.463109486120347
25.903806658605 0.434899427575796
25.9209346795643 0.406255851823789
25.9380627005236 0.377207311403574
25.9551907214829 0.347782762531983
25.9723187424422 0.318011536239237
25.9894467634015 0.287923309131169
26.0065747843608 0.257548073806897
26.0237028053201 0.226916108961588
26.0408308262794 0.19605794920398
26.0579588472387 0.165004354618798
26.075086868198 0.133786280104482
26.0922148891573 0.102434844516614
26.1093429101166 0.0709812996480136
26.1264709310759 0.0394569990762545
26.1435989520352 0.007893366909712
26.1607269729945 -0.0236781335366274
26.1778549939538 -0.0552260311045075
26.1949830149131 -0.0867188781635531
26.2121110358724 -0.118125281958906
26.2292390568317 -0.149413935904261
26.246367077791 -0.180553650788899
26.2634950987503 -0.211513385867818
26.2806231197095 -0.242262279803786
26.2977511406688 -0.272769681430601
26.3148791616281 -0.303005180306873
26.3320071825874 -0.332938637029764
26.3491352035467 -0.362540213278624
26.366263224506 -0.391780401558495
26.3833912454653 -0.420630054613782
26.4005192664246 -0.449060414482921
26.4176472873839 -0.477043141164893
26.4347753083432 -0.504550340869176
26.4519033293025 -0.531554593820903
26.4690313502618 -0.558028981593438
26.4861593712211 -0.583947113941307
26.5032873921804 -0.609283155106519
26.5204154131397 -0.634011849572238
26.537543434099 -0.658108547238039
26.5546714550583 -0.681549227991633
26.5717994760176 -0.704310525652672
26.5889274969769 -0.726369751264641
26.6060555179362 -0.747704915711708
26.6231835388955 -0.768294751637972
26.6403115598548 -0.78811873464719
26.6574395808141 -0.807157103761985
26.6745676017734 -0.825390881121978
26.6916956227327 -0.84280189090135
26.708823643692 -0.859372777426913
26.7259516646513 -0.875087022478592
26.7430796856106 -0.88992896175518
26.7602077065699 -0.903883800488825
26.7773357275291 -0.916937628192789
26.7944637484884 -0.929077432527731
26.8115917694477 -0.940291112272675
26.828719790407 -0.950567489387783
26.8458478113663 -0.959896320156858
26.8629758323256 -0.968268305398507
26.8801038532849 -0.975675099735774
26.8972318742442 -0.98210931991498
26.9143598952035 -0.987564552165524
26.9314879161628 -0.992035358593258
26.9486159371221 -0.995517282601106
26.9657439580814 -0.998006853331493
26.9828719790407 -0.999501589126174
27 -1
