0 -1
0.00882185697135678 -0.999501589126174
0.0176437139427136 -0.998006853331493
0.0264655709140704 -0.995517282601106
0.0352874278854271 -0.992035358593258
0.0441092848567839 -0.987564552165524
0.0529311418281407 -0.98210931991498
0.0617529987994975 -0.975675099735774
0.0705748557708543 -0.968268305398507
0.0793967127422111 -0.959896320156857
0.0882185697135678 -0.950567489387783
0.0970404266849246 -0.940291112272676
0.105862283656281 -0.929077432527731
0.114684140627638 -0.916937628192789
0.123505997598995 -0.903883800488824
0.132327854570352 -0.88992896175518
0.141149711541709 -0.875087022478594
0.149971568513065 -0.859372777426912
0.158793425484422 -0.842801890901351
0.167615282455779 -0.825390881121976
0.176437139427136 -0.807157103761985
0.185258996398492 -0.788118734647192
0.194080853369849 -0.768294751637971
0.202902710341206 -0.747704915711709
0.211724567312563 -0.726369751264639
0.22054642428392 -0.704310525652672
0.229368281255276 -0.681549227991634
0.238190138226633 -0.658108547238038
0.24701199519799 -0.634011849572239
0.255833852169347 -0.609283155106517
0.264655709140704 -0.583947113941306
0.27347756611206 -0.55802898159344
0.282299423083417 -0.531554593820901
0.291121280054774 -0.504550340869177
0.299943137026131 -0.47704314116489
0.308764993997487 -0.44906041448292
0.317586850968844 -0.420630054613784
0.326408707940201 -0.391780401558493
0.335230564911558 -0.362540213278625
0.344052421882915 -0.332938637029761
0.352874278854271 -0.303005180306873
0.361696135825628 -0.272769681430603
0.370517992796985 -0.242262279803783
0.379339849768342 -0.211513385867819
0.388161706739699 -0.180553650788902
0.396983563711055 -0.149413935904261
0.405805420682412 -0.118125281958908
0.414627277653769 -0.0867188781635509
0.423449134625126 -0.0552260311045082
0.432270991596482 -0.0236781335366241
0.441092848567839 0.00789336690971331
0.449914705539196 0.0394569990762529
0.458736562510553 0.070981299648016
0.46755841948191 0.102434844516613
0.476380276453266 0.133786280104479
0.485202133424623 0.165004354618799
0.49402399039598 0.196057949203978
0.502845847367337 0.22691610896159
0.511667704338693 0.257548073806897
0.52048956131005 0.287923309131166
0.529311418281407 0.318011536239238
0.538133275252764 0.347782762531982
0.546955132224121 0.377207311403576
0.555776989195477 0.406255851823789
0.564598846166834 0.434899427575793
0.573420703138191 0.463109486120348
0.582242560109548 0.490857907057594
0.591064417080905 0.518117030158077
0.599886274052261 0.54485968293507
0.608708131023618 0.571059207730694
0.617529987994975 0.596689488288856
0.626351844966332 0.621724975788495
0.635173701937689 0.64614071431121
0.643995558909045 0.669912365717855
0.652817415880402 0.693016233909331
0.661639272851759 0.715429288447371
0.670461129823116 0.737129187511779
0.679282986794472 0.758094300171245
0.688104843765829 0.77830372794553
0.696926700737186 0.797737325637519
0.705748557708543 0.816375721414399
0.714570414679899 0.834200336117917
0.723392271651256 0.851193401784494
0.732214128622613 0.867337979356715
0.74103598559397 0.882617975568547
0.749857842565327 0.897018158987464
0.758679699536683 0.910524175197462
0.76750155650804 0.923122561107861
0.776323413479397 0.934800758373598
0.785145270450754 0.945547125913667
0.793967127422111 0.955350951515195
0.802788984393467 0.964202462511612
0.811610841364824 0.972092835524257
0.820432698336181 0.979014205257714
0.829254555307538 0.98495967234011
0.838076412278895 0.989923310200557
0.846898269250251 0.993900170976888
0.855720126221608 0.996886290447793
0.864541983192965 0.998878691984444
0.873363840164322 0.999875389517657
0.882185697135678 0.999875389517657
0.891007554107035 0.998878691984444
0.899829411078392 0.996886290447793
0.908651268049749 0.993900170976888
0.917473125021106 0.989923310200557
0.926294981992462 0.984959672340111
0.935116838963819 0.979014205257715
0.943938695935176 0.972092835524257
0.952760552906533 0.964202462511612
0.961582409877889 0.955350951515195
0.970404266849246 0.945547125913667
0.979226123820603 0.934800758373598
0.98804798079196 0.923122561107861
0.996869837763317 0.910524175197462
1.00569169473467 0.897018158987464
1.01451355170603 0.882617975568547
1.02333540867739 0.867337979356715
1.03215726564874 0.851193401784495
1.0409791226201 0.834200336117918
1.04980097959146 0.816375721414399
1.05862283656281 0.797737325637519
1.06744469353417 0.77830372794553
1.07626655050553 0.758094300171246
1.08508840747688 0.737129187511779
1.09391026444824 0.715429288447372
1.1027321214196 0.693016233909332
1.11155397839095 0.669912365717855
1.12037583536231 0.64614071431121
1.12919769233367 0.621724975788495
1.13801954930503 0.596689488288856
1.14684140627638 0.571059207730695
1.15566326324774 0.54485968293507
1.1644851202191 0.518117030158078
1.17330697719045 0.490857907057594
1.18212883416181 0.463109486120348
1.19095069113317 0.434899427575793
1.19977254810452 0.40625585182379
1.20859440507588 0.377207311403576
1.21741626204724 0.347782762531983
1.22623811901859 0.318011536239238
1.23505997598995 0.287923309131167
1.24388183296131 0.257548073806896
1.25270368993266 0.22691610896159
1.26152554690402 0.196057949203979
1.27034740387538 0.165004354618799
1.27916926084673 0.133786280104478
1.28799111781809 0.102434844516614
1.29681297478945 0.0709812996480162
1.3056348317608 0.0394569990762536
1.31445668873216 0.00789336690971378
1.32327854570352 -0.0236781335366239
1.33210040267487 -0.0552260311045084
1.34092225964623 -0.0867188781635505
1.34974411661759 -0.118125281958908
1.35856597358894 -0.14941393590426
1.3673878305603 -0.180553650788902
1.37620968753166 -0.211513385867818
1.38503154450302 -0.242262279803783
1.39385340147437 -0.272769681430602
1.40267525844573 -0.303005180306872
1.41149711541709 -0.332938637029761
1.42031897238844 -0.362540213278625
1.4291408293598 -0.391780401558492
1.43796268633116 -0.420630054613784
1.44678454330251 -0.449060414482919
1.45560640027387 -0.47704314116489
1.46442825724523 -0.504550340869178
1.47325011421658 -0.531554593820901
1.48207197118794 -0.558028981593441
1.4908938281593 -0.583947113941307
1.49971568513065 -0.609283155106517
1.50853754210201 -0.634011849572238
1.51735939907337 -0.658108547238037
1.52618125604472 -0.681549227991633
1.53500311301608 -0.704310525652672
1.54382496998744 -0.726369751264639
1.55264682695879 -0.747704915711709
1.56146868393015 -0.76829475163797
1.57029054090151 -0.788118734647192
1.57911239787286 -0.807157103761985
1.58793425484422 -0.825390881121976
1.59675611181558 -0.84280189090135
1.60557796878693 -0.859372777426912
1.61439982575829 -0.875087022478593
1.62322168272965 -0.889928961755181
1.63204353970101 -0.903883800488824
1.64086539667236 -0.916937628192789
1.64968725364372 -0.92907743252773
1.65850911061508 -0.940291112272675
1.66733096758643 -0.950567489387783
1.67615282455779 -0.959896320156857
1.68497468152915 -0.968268305398507
1.6937965385005 -0.975675099735774
1.70261839547186 -0.98210931991498
1.71144025244322 -0.987564552165524
1.72026210941457 -0.992035358593258
1.72908396638593 -0.995517282601106
1.73790582335729 -0.998006853331493
1.74672768032864 -0.999501589126174
1.7555495373 -1
1.76262996308744 -0.999501589126174
1.76971038887487 -0.998006853331493
1.77679081466231 -0.995517282601106
1.78387124044975 -0.992035358593258
1.79095166623719 -0.987564552165524
1.79803209202462 -0.98210931991498
1.80511251781206 -0.975675099735774
1.8121929435995 -0.968268305398507
1.81927336938693 -0.959896320156857
1.82635379517437 -0.950567489387783
1.83343422096181 -0.940291112272676
1.84051464674925 -0.92907743252773
1.84759507253668 -0.916937628192789
1.85467549832412 -0.903883800488823
1.86175592411156 -0.88992896175518
1.868836349899 -0.875087022478594
1.87591677568643 -0.859372777426912
1.88299720147387 -0.842801890901351
1.89007762726131 -0.825390881121976
1.89715805304874 -0.807157103761985
1.90423847883618 -0.788118734647192
1.91131890462362 -0.768294751637971
1.91839933041106 -0.747704915711709
1.92547975619849 -0.72636975126464
1.93256018198593 -0.704310525652672
1.93964060777337 -0.681549227991634
1.9467210335608 -0.658108547238038
1.95380145934824 -0.634011849572238
1.96088188513568 -0.609283155106517
1.96796231092312 -0.583947113941306
1.97504273671055 -0.55802898159344
1.98212316249799 -0.531554593820901
1.98920358828543 -0.504550340869177
1.99628401407286 -0.47704314116489
2.0033644398603 -0.449060414482921
2.01044486564774 -0.420630054613784
2.01752529143518 -0.391780401558493
2.02460571722261 -0.362540213278625
2.03168614301005 -0.332938637029762
2.03876656879749 -0.303005180306872
2.04584699458492 -0.272769681430603
2.05292742037236 -0.242262279803784
2.0600078461598 -0.21151338586782
2.06708827194724 -0.180553650788902
2.07416869773467 -0.149413935904261
2.08124912352211 -0.118125281958909
2.08832954930955 -0.0867188781635503
2.09540997509699 -0.0552260311045082
2.10249040088442 -0.0236781335366245
2.10957082667186 0.0078933669097142
2.1166512524593 0.0394569990762531
2.12373167824673 0.0709812996480158
2.13081210403417 0.102434844516613
2.13789252982161 0.133786280104478
2.14497295560905 0.165004354618799
2.15205338139648 0.196057949203978
2.15913380718392 0.226916108961589
2.16621423297136 0.257548073806897
2.17329465875879 0.287923309131166
2.18037508454623 0.318011536239238
2.18745551033367 0.347782762531983
2.19453593612111 0.377207311403576
2.20161636190854 0.406255851823789
2.20869678769598 0.434899427575792
2.21577721348342 0.463109486120348
2.22285763927085 0.490857907057594
2.22993806505829 0.518117030158077
2.23701849084573 0.54485968293507
2.24409891663317 0.571059207730695
2.2511793424206 0.596689488288856
2.25825976820804 0.621724975788495
2.26534019399548 0.64614071431121
2.27242061978291 0.669912365717855
2.27950104557035 0.693016233909331
2.28658147135779 0.715429288447371
2.29366189714523 0.737129187511779
2.30074232293266 0.758094300171245
2.3078227487201 0.778303727945529
2.31490317450754 0.797737325637519
2.32198360029497 0.816375721414399
2.32906402608241 0.834200336117917
2.33614445186985 0.851193401784494
2.34322487765729 0.867337979356715
2.35030530344472 0.882617975568547
2.35738572923216 0.897018158987463
2.3644661550196 0.910524175197463
2.37154658080704 0.923122561107861
2.37862700659447 0.934800758373598
2.38570743238191 0.945547125913667
2.39278785816935 0.955350951515194
2.39986828395678 0.964202462511612
2.40694870974422 0.972092835524257
2.41402913553166 0.979014205257714
2.4211095613191 0.984959672340111
2.42818998710653 0.989923310200557
2.43527041289397 0.993900170976888
2.44235083868141 0.996886290447793
2.44943126446884 0.998878691984444
2.45651169025628 0.999875389517657
2.46359211604372 0.999875389517657
2.47067254183116 0.998878691984444
2.47775296761859 0.996886290447793
2.48483339340603 0.993900170976888
2.49191381919347 0.989923310200557
2.4989942449809 0.98495967234011
2.50607467076834 0.979014205257715
2.51315509655578 0.972092835524257
2.52023552234322 0.964202462511612
2.52731594813065 0.955350951515195
2.53439637391809 0.945547125913667
2.54147679970553 0.934800758373598
2.54855722549296 0.923122561107861
2.5556376512804 0.910524175197462
2.56271807706784 0.897018158987464
2.56979850285528 0.882617975568547
2.57687892864271 0.867337979356714
2.58395935443015 0.851193401784495
2.59103978021759 0.834200336117918
2.59812020600503 0.816375721414399
2.60520063179246 0.797737325637519
2.6122810575799 0.77830372794553
2.61936148336734 0.758094300171245
2.62644190915477 0.737129187511779
2.63352233494221 0.715429288447371
2.64060276072965 0.693016233909331
2.64768318651709 0.669912365717855
2.65476361230452 0.646140714311209
2.66184403809196 0.621724975788495
2.6689244638794 0.596689488288856
2.67600488966683 0.571059207730694
2.68308531545427 0.54485968293507
2.69016574124171 0.518117030158078
2.69724616702915 0.490857907057593
2.70432659281658 0.463109486120348
2.71140701860402 0.434899427575793
2.71848744439146 0.406255851823788
2.72556787017889 0.377207311403576
2.73264829596633 0.347782762531982
2.73972872175377 0.318011536239237
2.74680914754121 0.287923309131168
2.75388957332864 0.257548073806896
2.76096999911608 0.22691610896159
2.76805042490352 0.196057949203979
2.77513085069095 0.165004354618799
2.78221127647839 0.133786280104479
2.78929170226583 0.102434844516614
2.79637212805327 0.0709812996480145
2.8034525538407 0.0394569990762518
2.81053297962814 0.00789336690971378
2.81761340541558 -0.023678133536623
2.82469383120301 -0.0552260311045066
2.83177425699045 -0.0867188781635505
2.83885468277789 -0.118125281958907
2.84593510856533 -0.14941393590426
2.85301553435276 -0.180553650788902
2.8600959601402 -0.211513385867818
2.86717638592764 -0.242262279803782
2.87425681171508 -0.272769681430603
2.88133723750251 -0.303005180306872
2.88841766328995 -0.33293863702976
2.89549808907739 -0.362540213278625
2.90257851486482 -0.391780401558493
2.90965894065226 -0.420630054613784
2.9167393664397 -0.449060414482919
2.92381979222714 -0.477043141164888
2.93090021801457 -0.504550340869178
2.93798064380201 -0.531554593820901
2.94506106958945 -0.558028981593439
2.95214149537688 -0.583947113941307
2.95922192116432 -0.609283155106517
2.96630234695176 -0.634011849572238
2.9733827727392 -0.658108547238038
2.98046319852663 -0.681549227991633
2.98754362431407 -0.704310525652672
2.99462405010151 -0.72636975126464
3.00170447588894 -0.747704915711708
3.00878490167638 -0.768294751637971
3.01586532746382 -0.788118734647192
3.02294575325126 -0.807157103761985
3.03002617903869 -0.825390881121976
3.03710660482613 -0.842801890901351
3.04418703061357 -0.859372777426911
3.05126745640101 -0.875087022478594
3.05834788218844 -0.889928961755181
3.06542830797588 -0.903883800488823
3.07250873376332 -0.916937628192789
3.07958915955075 -0.929077432527731
3.08666958533819 -0.940291112272675
3.09375001112563 -0.950567489387783
3.10083043691307 -0.959896320156857
3.1079108627005 -0.968268305398507
3.11499128848794 -0.975675099735774
3.12207171427538 -0.98210931991498
3.12915214006281 -0.987564552165524
3.13623256585025 -0.992035358593258
3.14331299163769 -0.995517282601106
3.15039341742513 -0.998006853331493
3.15747384321256 -0.999501589126174
3.164554269 -1
3.18165323833116 -0.999501589126174
3.19875220766231 -0.998006853331493
3.21585117699347 -0.995517282601106
3.23295014632462 -0.992035358593258
3.25004911565578 -0.987564552165524
3.26714808498693 -0.98210931991498
3.28424705431809 -0.975675099735774
3.30134602364925 -0.968268305398507
3.3184449929804 -0.959896320156857
3.33554396231156 -0.950567489387783
3.35264293164271 -0.940291112272676
3.36974190097387 -0.929077432527731
3.38684087030503 -0.916937628192789
3.40393983963618 -0.903883800488824
3.42103880896734 -0.88992896175518
3.43813777829849 -0.875087022478593
3.45523674762965 -0.859372777426912
3.4723357169608 -0.842801890901351
3.48943468629196 -0.825390881121976
3.50653365562312 -0.807157103761985
3.52363262495427 -0.788118734647193
3.54073159428543 -0.768294751637971
3.55783056361658 -0.747704915711709
3.57492953294774 -0.72636975126464
3.59202850227889 -0.704310525652672
3.60912747161005 -0.681549227991634
3.62622644094121 -0.658108547238037
3.64332541027236 -0.634011849572239
3.66042437960352 -0.609283155106517
3.67752334893467 -0.583947113941307
3.69462231826583 -0.55802898159344
3.71172128759698 -0.531554593820902
3.72882025692814 -0.504550340869177
3.7459192262593 -0.47704314116489
3.76301819559045 -0.44906041448292
3.78011716492161 -0.420630054613784
3.79721613425276 -0.391780401558493
3.81431510358392 -0.362540213278624
3.83141407291508 -0.332938637029761
3.84851304224623 -0.303005180306873
3.86561201157739 -0.272769681430603
3.88271098090854 -0.242262279803783
3.8998099502397 -0.211513385867819
3.91690891957085 -0.180553650788902
3.93400788890201 -0.149413935904261
3.95110685823317 -0.118125281958908
3.96820582756432 -0.0867188781635505
3.98530479689548 -0.0552260311045079
4.00240376622663 -0.0236781335366234
4.01950273555779 0.00789336690971353
4.03660170488894 0.0394569990762529
4.0537006742201 0.0709812996480156
4.07079964355126 0.102434844516613
4.08789861288241 0.13378628010448
4.10499758221357 0.1650043546188
4.12209655154472 0.196057949203978
4.13919552087588 0.22691610896159
4.15629449020703 0.257548073806896
4.17339345953819 0.287923309131167
4.19049242886935 0.318011536239237
4.2075913982005 0.347782762531983
4.22469036753166 0.377207311403576
4.24178933686281 0.406255851823789
4.25888830619397 0.434899427575793
4.27598727552513 0.463109486120347
4.29308624485628 0.490857907057594
4.31018521418744 0.518117030158078
4.32728418351859 0.54485968293507
4.34438315284975 0.571059207730694
4.3614821221809 0.596689488288855
4.37858109151206 0.621724975788496
4.39568006084322 0.64614071431121
4.41277903017437 0.669912365717855
4.42987799950553 0.693016233909332
4.44697696883668 0.715429288447371
4.46407593816784 0.737129187511779
4.48117490749899 0.758094300171245
4.49827387683015 0.77830372794553
4.51537284616131 0.797737325637519
4.53247181549246 0.816375721414399
4.54957078482362 0.834200336117917
4.56666975415477 0.851193401784494
4.58376872348593 0.867337979356715
4.60086769281709 0.882617975568547
4.61796666214824 0.897018158987464
4.6350656314794 0.910524175197462
4.65216460081055 0.923122561107861
4.66926357014171 0.934800758373599
4.68636253947286 0.945547125913667
4.70346150880402 0.955350951515195
4.72056047813518 0.964202462511612
4.73765944746633 0.972092835524257
4.75475841679749 0.979014205257715
4.77185738612864 0.984959672340111
4.7889563554598 0.989923310200557
4.80605532479095 0.993900170976888
4.82315429412211 0.996886290447793
4.84025326345327 0.998878691984444
4.85735223278442 0.999875389517657
4.87445120211558 0.999875389517657
4.89155017144673 0.998878691984444
4.90864914077789 0.996886290447793
4.92574811010905 0.993900170976888
4.9428470794402 0.989923310200557
4.95994604877136 0.984959672340111
4.97704501810251 0.979014205257715
4.99414398743367 0.972092835524257
5.01124295676482 0.964202462511612
5.02834192609598 0.955350951515195
5.04544089542714 0.945547125913667
5.06253986475829 0.934800758373599
5.07963883408945 0.923122561107861
5.0967378034206 0.910524175197462
5.11383677275176 0.897018158987464
5.13093574208291 0.882617975568547
5.14803471141407 0.867337979356715
5.16513368074523 0.851193401784494
5.18223265007638 0.834200336117917
5.19933161940754 0.816375721414399
5.21643058873869 0.79773732563752
5.23352955806985 0.77830372794553
5.25062852740101 0.758094300171245
5.26772749673216 0.73712918751178
5.28482646606332 0.715429288447371
5.30192543539447 0.693016233909332
5.31902440472563 0.669912365717855
5.33612337405678 0.64614071431121
5.35322234338794 0.621724975788496
5.3703213127191 0.596689488288856
5.38742028205025 0.571059207730696
5.40451925138141 0.544859682935071
5.42161822071256 0.518117030158076
5.43871719004372 0.490857907057595
5.45581615937487 0.463109486120348
5.47291512870603 0.434899427575795
5.49001409803719 0.406255851823789
5.50711306736834 0.377207311403576
5.5242120366995 0.347782762531983
5.54131100603065 0.318011536239238
5.55840997536181 0.287923309131167
5.57550894469296 0.257548073806896
5.59260791402412 0.22691610896159
5.60970688335528 0.196057949203979
5.62680585268643 0.165004354618798
5.64390482201759 0.13378628010448
5.66100379134874 0.102434844516613
5.6781027606799 0.0709812996480162
5.69520173001106 0.0394569990762527
5.71230069934221 0.00789336690971378
5.72939966867337 -0.023678133536623
5.74649863800452 -0.0552260311045084
5.76359760733568 -0.0867188781635514
5.78069657666683 -0.118125281958908
5.79779554599799 -0.149413935904261
5.81489451532915 -0.180553650788901
5.8319934846603 -0.21151338586782
5.84909245399146 -0.242262279803782
5.86619142332261 -0.272769681430603
5.88329039265377 -0.303005180306872
5.90038936198492 -0.332938637029761
5.91748833131608 -0.362540213278624
5.93458730064724 -0.391780401558492
5.95168626997839 -0.420630054613784
5.96878523930955 -0.449060414482921
5.9858842086407 -0.47704314116489
6.00298317797186 -0.504550340869178
6.02008214730301 -0.531554593820901
6.03718111663417 -0.558028981593441
6.05428008596533 -0.583947113941305
6.07137905529648 -0.609283155106517
6.08847802462764 -0.634011849572238
6.10557699395879 -0.658108547238037
6.12267596328995 -0.681549227991634
6.13977493262111 -0.704310525652672
6.15687390195226 -0.726369751264639
6.17397287128342 -0.747704915711709
6.19107184061457 -0.768294751637971
6.20817080994573 -0.788118734647193
6.22526977927688 -0.807157103761985
6.24236874860804 -0.825390881121977
6.2594677179392 -0.84280189090135
6.27656668727035 -0.859372777426912
6.29366565660151 -0.875087022478593
6.31076462593266 -0.88992896175518
6.32786359526382 -0.903883800488824
6.34496256459497 -0.916937628192789
6.36206153392613 -0.92907743252773
6.37916050325729 -0.940291112272676
6.39625947258844 -0.950567489387783
6.4133584419196 -0.959896320156857
6.43045741125075 -0.968268305398507
6.44755638058191 -0.975675099735774
6.46465534991307 -0.98210931991498
6.48175431924422 -0.987564552165524
6.49885328857538 -0.992035358593258
6.51595225790653 -0.995517282601106
6.53305122723769 -0.998006853331493
6.55015019656884 -0.999501589126174
6.5672491659 -1
6.58533210730754 -0.999501589126174
6.60341504871508 -0.998006853331493
6.62149799012261 -0.995517282601106
6.63958093153015 -0.992035358593258
6.65766387293769 -0.987564552165524
6.67574681434523 -0.98210931991498
6.69382975575276 -0.975675099735774
6.7119126971603 -0.968268305398507
6.72999563856784 -0.959896320156857
6.74807857997538 -0.950567489387783
6.76616152138291 -0.940291112272676
6.78424446279045 -0.92907743252773
6.80232740419799 -0.916937628192789
6.82041034560553 -0.903883800488824
6.83849328701307 -0.88992896175518
6.8565762284206 -0.875087022478594
6.87465916982814 -0.859372777426912
6.89274211123568 -0.84280189090135
6.91082505264322 -0.825390881121976
6.92890799405075 -0.807157103761986
6.94699093545829 -0.788118734647192
6.96507387686583 -0.768294751637971
6.98315681827337 -0.747704915711709
7.0012397596809 -0.726369751264639
7.01932270108844 -0.704310525652672
7.03740564249598 -0.681549227991634
7.05548858390352 -0.658108547238037
7.07357152531106 -0.634011849572239
7.09165446671859 -0.609283155106517
7.10973740812613 -0.583947113941306
7.12782034953367 -0.55802898159344
7.14590329094121 -0.531554593820902
7.16398623234874 -0.504550340869177
7.18206917375628 -0.477043141164889
7.20015211516382 -0.44906041448292
7.21823505657136 -0.420630054613783
7.23631799797889 -0.391780401558493
7.25440093938643 -0.362540213278625
7.27248388079397 -0.332938637029762
7.29056682220151 -0.303005180306872
7.30864976360905 -0.272769681430603
7.32673270501658 -0.242262279803784
7.34481564642412 -0.211513385867818
7.36289858783166 -0.180553650788902
7.3809815292392 -0.149413935904261
7.39906447064673 -0.118125281958909
7.41714741205427 -0.0867188781635505
7.43523035346181 -0.0552260311045086
7.45331329486935 -0.0236781335366248
7.47139623627688 0.00789336690971353
7.48947917768442 0.0394569990762525
7.50756211909196 0.0709812996480151
7.5256450604995 0.102434844516614
7.54372800190704 0.133786280104479
7.56181094331457 0.165004354618799
7.57989388472211 0.196057949203978
7.59797682612965 0.22691610896159
7.61605976753719 0.257548073806896
7.63414270894472 0.287923309131167
7.65222565035226 0.318011536239238
7.6703085917598 0.347782762531982
7.68839153316734 0.377207311403577
7.70647447457487 0.406255851823789
7.72455741598241 0.434899427575793
7.74264035738995 0.463109486120348
7.76072329879749 0.490857907057594
7.77880624020503 0.518117030158077
7.79688918161256 0.544859682935071
7.8149721230201 0.571059207730695
7.83305506442764 0.596689488288855
7.85113800583518 0.621724975788496
7.86922094724271 0.64614071431121
7.88730388865025 0.669912365717855
7.90538683005779 0.693016233909332
7.92346977146533 0.715429288447372
7.94155271287286 0.737129187511779
7.9596356542804 0.758094300171246
7.97771859568794 0.77830372794553
7.99580153709548 0.797737325637519
8.01388447850302 0.8163757214144
8.03196741991055 0.834200336117917
8.05005036131809 0.851193401784495
8.06813330272563 0.867337979356715
8.08621624413317 0.882617975568546
8.1042991855407 0.897018158987464
8.12238212694824 0.910524175197463
8.14046506835578 0.92312256110786
8.15854800976332 0.934800758373598
8.17663095117085 0.945547125913667
8.19471389257839 0.955350951515195
8.21279683398593 0.964202462511612
8.23087977539347 0.972092835524257
8.248962716801 0.979014205257714
8.26704565820854 0.984959672340111
8.28512859961608 0.989923310200557
8.30321154102362 0.993900170976888
8.32129448243116 0.996886290447793
8.33937742383869 0.998878691984444
8.35746036524623 0.999875389517657
8.37554330665377 0.999875389517657
8.39362624806131 0.998878691984444
8.41170918946884 0.996886290447793
8.42979213087638 0.993900170976888
8.44787507228392 0.989923310200557
8.46595801369146 0.984959672340111
8.484040955099 0.979014205257714
8.50212389650653 0.972092835524257
8.52020683791407 0.964202462511612
8.53828977932161 0.955350951515195
8.55637272072915 0.945547125913667
8.57445566213668 0.934800758373598
8.59253860354422 0.92312256110786
8.61062154495176 0.910524175197463
8.6287044863593 0.897018158987464
8.64678742776684 0.882617975568546
8.66487036917437 0.867337979356714
8.68295331058191 0.851193401784495
8.70103625198945 0.834200336117917
8.71911919339698 0.8163757214144
8.73720213480452 0.797737325637519
8.75528507621206 0.778303727945529
8.7733680176196 0.758094300171246
8.79145095902714 0.737129187511779
8.80953390043467 0.715429288447373
8.82761684184221 0.693016233909333
8.84569978324975 0.669912365717855
8.86378272465729 0.646140714311209
8.88186566606482 0.621724975788496
8.89994860747236 0.596689488288856
8.9180315488799 0.571059207730696
8.93611449028744 0.544859682935071
8.95419743169498 0.518117030158077
8.97228037310251 0.490857907057592
8.99036331451005 0.463109486120348
9.00844625591759 0.434899427575793
9.02652919732513 0.40625585182379
9.04461213873266 0.377207311403576
9.0626950801402 0.347782762531982
9.08077802154774 0.318011536239237
9.09886096295528 0.287923309131167
9.11694390436281 0.257548073806896
9.13502684577035 0.226916108961591
9.15310978717789 0.196057949203979
9.17119272858543 0.165004354618798
9.18927566999296 0.13378628010448
9.2073586114005 0.102434844516614
9.22544155280804 0.0709812996480153
9.24352449421558 0.0394569990762545
9.26160743562312 0.00789336690971289
9.27969037703065 -0.0236781335366247
9.29777331843819 -0.0552260311045066
9.31585625984573 -0.0867188781635505
9.33393920125327 -0.118125281958909
9.3520221426608 -0.14941393590426
9.37010508406834 -0.180553650788902
9.38818802547588 -0.211513385867819
9.40627096688342 -0.242262279803782
9.42435390829096 -0.272769681430603
9.44243684969849 -0.303005180306871
9.46051979110603 -0.33293863702976
9.47860273251357 -0.362540213278624
9.49668567392111 -0.391780401558495
9.51476861532865 -0.420630054613786
9.53285155673618 -0.44906041448292
9.55093449814372 -0.477043141164888
9.56901743955126 -0.504550340869176
9.58710038095879 -0.531554593820901
9.60518332236633 -0.558028981593441
9.62326626377387 -0.583947113941307
9.64134920518141 -0.609283155106517
9.65943214658894 -0.634011849572237
9.67751508799648 -0.658108547238037
9.69559802940402 -0.681549227991634
9.71368097081156 -0.704310525652673
9.7317639122191 -0.726369751264639
9.74984685362663 -0.747704915711709
9.76792979503417 -0.768294751637969
9.78601273644171 -0.788118734647192
9.80409567784925 -0.807157103761986
9.82217861925679 -0.825390881121977
9.84026156066432 -0.84280189090135
9.85834450207186 -0.859372777426912
9.8764274434794 -0.875087022478593
9.89451038488694 -0.88992896175518
9.91259332629447 -0.903883800488824
9.93067626770201 -0.916937628192789
9.94875920910955 -0.92907743252773
9.96684215051709 -0.940291112272676
9.98492509192462 -0.950567489387782
10.0030080333322 -0.959896320156857
10.0210909747397 -0.968268305398507
10.0391739161472 -0.975675099735774
10.0572568575548 -0.98210931991498
10.0753397989623 -0.987564552165524
10.0934227403698 -0.992035358593258
10.1115056817774 -0.995517282601106
10.1295886231849 -0.998006853331493
10.1476715645925 -0.999501589126174
10.165754506 -1
10.1746039583563 -0.999501589126174
10.1834534107126 -0.998006853331494
10.1923028630688 -0.995517282601106
10.2011523154251 -0.992035358593258
10.2100017677814 -0.987564552165523
10.2188512201377 -0.982109319914981
10.227700672494 -0.975675099735774
10.2365501248503 -0.968268305398507
10.2453995772065 -0.959896320156856
10.2542490295628 -0.950567489387784
10.2630984819191 -0.940291112272676
10.2719479342754 -0.92907743252773
10.2807973866317 -0.916937628192788
10.2896468389879 -0.903883800488824
10.2984962913442 -0.88992896175518
10.3073457437005 -0.875087022478593
10.3161951960568 -0.859372777426914
10.3250446484131 -0.842801890901351
10.3338941007693 -0.825390881121976
10.3427435531256 -0.807157103761984
10.3515930054819 -0.788118734647194
10.3604424578382 -0.768294751637971
10.3692919101945 -0.747704915711709
10.3781413625508 -0.726369751264638
10.386990814907 -0.704310525652674
10.3958402672633 -0.681549227991634
10.4046897196196 -0.658108547238037
10.4135391719759 -0.634011849572236
10.4223886243322 -0.609283155106518
10.4312380766884 -0.583947113941306
10.4400875290447 -0.558028981593439
10.448936981401 -0.531554593820904
10.4577864337573 -0.504550340869178
10.4666358861136 -0.477043141164889
10.4754853384699 -0.449060414482918
10.4843347908261 -0.420630054613787
10.4931842431824 -0.391780401558494
10.5020336955387 -0.362540213278624
10.510883147895 -0.332938637029759
10.5197326002513 -0.303005180306875
10.5285820526075 -0.272769681430604
10.5374315049638 -0.242262279803782
10.5462809573201 -0.211513385867816
10.5551304096764 -0.180553650788904
10.5639798620327 -0.149413935904261
10.5728293143889 -0.118125281958907
10.5816787667452 -0.086718878163554
10.5905282191015 -0.0552260311045095
10.5993776714578 -0.0236781335366239
10.6082271238141 0.00789336690971531
10.6170765761704 0.03945699907625
10.6259260285266 0.0709812996480149
10.6347754808829 0.102434844516614
10.6436249332392 0.133786280104481
10.6524743855955 0.165004354618797
10.6613238379518 0.196057949203978
10.670173290308 0.226916108961591
10.6790227426643 0.257548073806899
10.6878721950206 0.287923309131165
10.6967216473769 0.318011536239238
10.7055710997332 0.347782762531984
10.7144205520894 0.377207311403573
10.7232700044457 0.406255851823788
10.732119456802 0.434899427575793
10.7409689091583 0.463109486120349
10.7498183615146 0.490857907057592
10.7586678138709 0.518117030158076
10.7675172662271 0.544859682935071
10.7763667185834 0.571059207730697
10.7852161709397 0.596689488288854
10.794065623296 0.621724975788495
10.8029150756523 0.646140714311211
10.8117645280085 0.669912365717852
10.8206139803648 0.69301623390933
10.8294634327211 0.715429288447371
10.8383128850774 0.73712918751178
10.8471623374337 0.758094300171247
10.8560117897899 0.778303727945529
10.8648612421462 0.797737325637519
10.8737106945025 0.8163757214144
10.8825601468588 0.834200336117916
10.8914095992151 0.851193401784494
10.9002590515714 0.867337979356715
10.9091085039276 0.882617975568548
10.9179579562839 0.897018158987463
10.9268074086402 0.910524175197462
10.9356568609965 0.923122561107861
10.9445063133528 0.934800758373599
10.953355765709 0.945547125913666
10.9622052180653 0.955350951515195
10.9710546704216 0.964202462511612
10.9799041227779 0.972092835524256
10.9887535751342 0.979014205257714
10.9976030274905 0.984959672340111
11.0064524798467 0.989923310200557
11.015301932203 0.993900170976888
11.0241513845593 0.996886290447793
11.0330008369156 0.998878691984444
11.0418502892719 0.999875389517657
11.0506997416281 0.999875389517657
11.0595491939844 0.998878691984444
11.0683986463407 0.996886290447793
11.077248098697 0.993900170976888
11.0860975510533 0.989923310200557
11.0949470034095 0.984959672340111
11.1037964557658 0.979014205257714
11.1126459081221 0.972092835524256
11.1214953604784 0.964202462511612
11.1303448128347 0.955350951515195
11.139194265191 0.945547125913667
11.1480437175472 0.934800758373599
11.1568931699035 0.923122561107861
11.1657426222598 0.910524175197462
11.1745920746161 0.897018158987463
11.1834415269724 0.882617975568548
11.1922909793286 0.867337979356715
11.2011404316849 0.851193401784494
11.2099898840412 0.834200336117916
11.2188393363975 0.816375721414401
11.2276887887538 0.79773732563752
11.2365382411101 0.778303727945529
11.2453876934663 0.758094300171247
11.2542371458226 0.73712918751178
11.2630865981789 0.715429288447371
11.2719360505352 0.693016233909331
11.2807855028915 0.669912365717857
11.2896349552477 0.646140714311211
11.298484407604 0.621724975788495
11.3073338599603 0.596689488288854
11.3161833123166 0.571059207730696
11.3250327646729 0.544859682935071
11.3338822170291 0.518117030158077
11.3427316693854 0.490857907057591
11.3515811217417 0.46310948612035
11.360430574098 0.434899427575793
11.3692800264543 0.406255851823788
11.3781294788106 0.377207311403573
11.3869789311668 0.347782762531984
11.3958283835231 0.318011536239238
11.4046778358794 0.287923309131165
11.4135272882357 0.257548073806899
11.422376740592 0.226916108961591
11.4312261929482 0.196057949203978
11.4400756453045 0.165004354618797
11.4489250976608 0.133786280104481
11.4577745500171 0.102434844516614
11.4666240023734 0.0709812996480153
11.4754734547296 0.0394569990762501
11.4843229070859 0.00789336690971555
11.4931723594422 -0.0236781335366239
11.5020218117985 -0.0552260311045093
11.5108712641548 -0.0867188781635478
11.5197207165111 -0.118125281958906
11.5285701688673 -0.14941393590426
11.5374196212236 -0.180553650788904
11.5462690735799 -0.211513385867816
11.5551185259362 -0.242262279803781
11.5639679782925 -0.272769681430603
11.5728174306487 -0.303005180306875
11.581666883005 -0.332938637029759
11.5905163353613 -0.362540213278624
11.5993657877176 -0.391780401558494
11.6082152400739 -0.420630054613787
11.6170646924301 -0.449060414482918
11.6259141447864 -0.47704314116489
11.6347635971427 -0.504550340869178
11.643613049499 -0.531554593820904
11.6524625018553 -0.558028981593439
11.6613119542116 -0.583947113941306
11.6701614065678 -0.609283155106518
11.6790108589241 -0.634011849572236
11.6878603112804 -0.658108547238037
11.6967097636367 -0.681549227991634
11.705559215993 -0.704310525652673
11.7144086683492 -0.726369751264638
11.7232581207055 -0.747704915711708
11.7321075730618 -0.768294751637971
11.7409570254181 -0.788118734647194
11.7498064777744 -0.807157103761984
11.7586559301307 -0.825390881121976
11.7675053824869 -0.842801890901351
11.7763548348432 -0.859372777426911
11.7852042871995 -0.875087022478593
11.7940537395558 -0.88992896175518
11.8029031919121 -0.903883800488824
11.8117526442683 -0.91693762819279
11.8206020966246 -0.92907743252773
11.8294515489809 -0.940291112272676
11.8383010013372 -0.950567489387783
11.8471504536935 -0.959896320156856
11.8559999060497 -0.968268305398507
11.864849358406 -0.975675099735774
11.8736988107623 -0.982109319914981
11.8825482631186 -0.987564552165523
11.8913977154749 -0.992035358593258
11.9002471678312 -0.995517282601106
11.9090966201874 -0.998006853331494
11.9179460725437 -0.999501589126174
11.9267955249 -1
11.9456045002849 -0.999501589126174
11.9644134756698 -0.998006853331493
11.9832224510548 -0.995517282601106
12.0020314264397 -0.992035358593258
12.0208404018246 -0.987564552165524
12.0396493772095 -0.98210931991498
12.0584583525945 -0.975675099735774
12.0772673279794 -0.968268305398508
12.0960763033643 -0.959896320156857
12.1148852787492 -0.950567489387783
12.1336942541342 -0.940291112272676
12.1525032295191 -0.929077432527731
12.171312204904 -0.916937628192789
12.1901211802889 -0.903883800488823
12.2089301556739 -0.88992896175518
12.2277391310588 -0.875087022478593
12.2465481064437 -0.859372777426912
12.2653570818286 -0.84280189090135
12.2841660572136 -0.825390881121975
12.3029750325985 -0.807157103761984
12.3217840079834 -0.788118734647193
12.3405929833683 -0.768294751637971
12.3594019587533 -0.74770491571171
12.3782109341382 -0.72636975126464
12.3970199095231 -0.704310525652672
12.415828884908 -0.681549227991634
12.434637860293 -0.658108547238038
12.4534468356779 -0.634011849572238
12.4722558110628 -0.609283155106516
12.4910647864477 -0.583947113941306
12.5098737618327 -0.558028981593439
12.5286827372176 -0.531554593820901
12.5474917126025 -0.504550340869179
12.5663006879874 -0.477043141164891
12.5851096633724 -0.449060414482921
12.6039186387573 -0.420630054613785
12.6227276141422 -0.391780401558494
12.6415365895271 -0.362540213278625
12.6603455649121 -0.332938637029761
12.679154540297 -0.303005180306873
12.6979635156819 -0.272769681430603
12.7167724910668 -0.242262279803783
12.7355814664518 -0.211513385867818
12.7543904418367 -0.180553650788901
12.7731994172216 -0.14941393590426
12.7920083926065 -0.118125281958907
12.8108173679915 -0.0867188781635494
12.8296263433764 -0.0552260311045093
12.8484353187613 -0.023678133536625
12.8672442941462 0.00789336690971242
12.8860532695312 0.039456999076252
12.9048622449161 0.0709812996480156
12.923671220301 0.102434844516613
12.9424801956859 0.133786280104479
12.9612891710709 0.1650043546188
12.9800981464558 0.196057949203979
12.9989071218407 0.226916108961591
13.0177160972256 0.257548073806898
13.0365250726106 0.287923309131165
13.0553340479955 0.318011536239237
13.0741430233804 0.347782762531981
13.0929519987653 0.377207311403575
13.1117609741503 0.406255851823788
13.1305699495352 0.434899427575792
13.1493789249201 0.463109486120347
13.168187900305 0.490857907057594
13.1869968756899 0.518117030158078
13.2058058510749 0.54485968293507
13.2246148264598 0.571059207730695
13.2434238018447 0.596689488288857
13.2622327772296 0.621724975788496
13.2810417526146 0.646140714311211
13.2998507279995 0.669912365717856
13.3186597033844 0.693016233909331
13.3374686787693 0.71542928844737
13.3562776541543 0.737129187511779
13.3750866295392 0.758094300171245
13.3938956049241 0.77830372794553
13.412704580309 0.797737325637519
13.431513555694 0.816375721414399
13.4503225310789 0.834200336117918
13.4691315064638 0.851193401784495
13.4879404818487 0.867337979356715
13.5067494572337 0.882617975568547
13.5255584326186 0.897018158987463
13.5443674080035 0.910524175197461
13.5631763833884 0.92312256110786
13.5819853587734 0.934800758373598
13.6007943341583 0.945547125913667
13.6196033095432 0.955350951515195
13.6384122849281 0.964202462511612
13.6572212603131 0.972092835524257
13.676030235698 0.979014205257715
13.6948392110829 0.984959672340111
13.7136481864678 0.989923310200557
13.7324571618528 0.993900170976888
13.7512661372377 0.996886290447793
13.7700751126226 0.998878691984444
13.7888840880075 0.999875389517657
13.8076930633925 0.999875389517657
13.8265020387774 0.998878691984444
13.8453110141623 0.996886290447793
13.8641199895472 0.993900170976888
13.8829289649322 0.989923310200557
13.9017379403171 0.984959672340111
13.920546915702 0.979014205257715
13.9393558910869 0.972092835524257
13.9581648664719 0.964202462511612
13.9769738418568 0.955350951515195
13.9957828172417 0.945547125913667
14.0145917926266 0.934800758373598
14.0334007680116 0.923122561107861
14.0522097433965 0.910524175197463
14.0710187187814 0.897018158987464
14.0898276941663 0.882617975568547
14.1086366695513 0.867337979356715
14.1274456449362 0.851193401784495
14.1462546203211 0.834200336117918
14.165063595706 0.816375721414399
14.183872571091 0.797737325637519
14.2026815464759 0.77830372794553
14.2214905218608 0.758094300171245
14.2402994972457 0.737129187511778
14.2591084726307 0.715429288447371
14.2779174480156 0.693016233909331
14.2967264234005 0.669912365717854
14.3155353987854 0.646140714311211
14.3343443741704 0.621724975788497
14.3531533495553 0.596689488288856
14.3719623249402 0.571059207730696
14.3907713003251 0.544859682935071
14.4095802757101 0.518117030158078
14.428389251095 0.490857907057594
14.4471982264799 0.463109486120348
14.4660072018648 0.434899427575792
14.4848161772497 0.406255851823789
14.5036251526347 0.377207311403576
14.5224341280196 0.347782762531984
14.5412431034045 0.31801153623924
14.5600520787894 0.287923309131168
14.5788610541744 0.257548073806898
14.5976700295593 0.22691610896159
14.6164790049442 0.196057949203979
14.6352879803291 0.1650043546188
14.6540969557141 0.133786280104479
14.672905931099 0.102434844516613
14.6917149064839 0.0709812996480162
14.7105238818688 0.0394569990762527
14.7293328572538 0.00789336690971289
14.7481418326387 -0.0236781335366247
14.7669508080236 -0.0552260311045093
14.7857597834085 -0.0867188781635523
14.8045687587935 -0.118125281958907
14.8233777341784 -0.149413935904263
14.8421867095633 -0.180553650788901
14.8609956849482 -0.211513385867818
14.8798046603332 -0.242262279803782
14.8986136357181 -0.272769681430602
14.917422611103 -0.303005180306872
14.9362315864879 -0.332938637029761
14.9550405618729 -0.362540213278624
14.9738495372578 -0.391780401558494
14.9926585126427 -0.420630054613783
15.0114674880276 -0.449060414482921
15.0302764634126 -0.477043141164888
15.0490854387975 -0.504550340869176
15.0678944141824 -0.531554593820901
15.0867033895673 -0.558028981593439
15.1055123649523 -0.583947113941305
15.1243213403372 -0.609283155106516
15.1431303157221 -0.634011849572238
15.161939291107 -0.658108547238037
15.180748266492 -0.681549227991634
15.1995572418769 -0.704310525652672
15.2183662172618 -0.72636975126464
15.2371751926467 -0.747704915711709
15.2559841680317 -0.768294751637971
15.2747931434166 -0.788118734647193
15.2936021188015 -0.807157103761986
15.3124110941864 -0.825390881121975
15.3312200695714 -0.842801890901351
15.3500290449563 -0.859372777426911
15.3688380203412 -0.875087022478593
15.3876469957261 -0.88992896175518
15.4064559711111 -0.903883800488824
15.425264946496 -0.916937628192789
15.4440739218809 -0.92907743252773
15.4628828972658 -0.940291112272676
15.4816918726508 -0.950567489387783
15.5005008480357 -0.959896320156856
15.5193098234206 -0.968268305398507
15.5381187988055 -0.975675099735773
15.5569277741905 -0.98210931991498
15.5757367495754 -0.987564552165524
15.5945457249603 -0.992035358593258
15.6133547003452 -0.995517282601106
15.6321636757302 -0.998006853331493
15.6509726511151 -0.999501589126174
15.6697816265 -1
15.6796308777342 -0.999501589126174
15.6894801289683 -0.998006853331493
15.6993293802025 -0.995517282601106
15.7091786314367 -0.992035358593258
15.7190278826709 -0.987564552165524
15.728877133905 -0.98210931991498
15.7387263851392 -0.975675099735773
15.7485756363734 -0.968268305398508
15.7584248876075 -0.959896320156858
15.7682741388417 -0.950567489387782
15.7781233900759 -0.940291112272676
15.7879726413101 -0.929077432527731
15.7978218925442 -0.916937628192788
15.8076711437784 -0.903883800488823
15.8175203950126 -0.889928961755181
15.8273696462467 -0.875087022478595
15.8372188974809 -0.859372777426911
15.8470681487151 -0.842801890901351
15.8569173999492 -0.825390881121977
15.8667666511834 -0.807157103761984
15.8766159024176 -0.788118734647192
15.8864651536518 -0.768294751637971
15.8963144048859 -0.74770491571171
15.9061636561201 -0.726369751264638
15.9160129073543 -0.704310525652672
15.9258621585884 -0.681549227991635
15.9357114098226 -0.65810854723804
15.9455606610568 -0.634011849572238
15.955409912291 -0.609283155106517
15.9652591635251 -0.583947113941308
15.9751084147593 -0.558028981593438
15.9849576659935 -0.531554593820901
15.9948069172276 -0.504550340869178
16.0046561684618 -0.477043141164887
16.014505419696 -0.449060414482924
16.0243546709302 -0.420630054613784
16.0342039221643 -0.391780401558489
16.0440531733985 -0.362540213278627
16.0539024246327 -0.33293863702976
16.0637516758668 -0.303005180306868
16.073600927101 -0.272769681430605
16.0834501783352 -0.242262279803781
16.0932994295693 -0.211513385867824
16.1031486808035 -0.180553650788903
16.1129979320377 -0.149413935904258
16.1228471832719 -0.118125281958912
16.132696434506 -0.0867188781635507
16.1425456857402 -0.0552260311045039
16.1523949369744 -0.0236781335366272
16.1622441882085 0.00789336690971442
16.1720934394427 0.0394569990762578
16.1819426906769 0.0709812996480138
16.1917919419111 0.102434844516615
16.2016411931452 0.133786280104474
16.2114904443794 0.165004354618798
16.2213396956136 0.196057949203981
16.2311889468477 0.226916108961586
16.2410381980819 0.257548073806896
16.2508874493161 0.28792330913117
16.2607367005503 0.318011536239235
16.2705859517844 0.347782762531983
16.2804352030186 0.37720731140358
16.2902844542528 0.406255851823787
16.3001337054869 0.434899427575795
16.3099829567211 0.463109486120343
16.3198322079553 0.490857907057592
16.3296814591894 0.51811703015808
16.3395307104236 0.544859682935066
16.3493799616578 0.571059207730694
16.359229212892 0.596689488288859
16.3690784641261 0.621724975788493
16.3789277153603 0.64614071431121
16.3887769665945 0.669912365717859
16.3986262178286 0.69301623390933
16.4084754690628 0.715429288447372
16.418324720297 0.737129187511783
16.4281739715312 0.758094300171244
16.4380232227653 0.778303727945532
16.4478724739995 0.797737325637516
16.4577217252337 0.816375721414399
16.4675709764678 0.834200336117919
16.477420227702 0.851193401784493
16.4872694789362 0.867337979356715
16.4971187301704 0.882617975568549
16.5069679814045 0.897018158987462
16.5168172326387 0.910524175197463
16.5266664838729 0.923122561107863
16.536515735107 0.934800758373598
16.5463649863412 0.945547125913668
16.5562142375754 0.955350951515193
16.5660634888095 0.964202462511611
16.5759127400437 0.972092835524258
16.5857619912779 0.979014205257714
16.5956112425121 0.984959672340111
16.6054604937462 0.989923310200558
16.6153097449804 0.993900170976887
16.6251589962146 0.996886290447793
16.6350082474487 0.998878691984444
16.6448574986829 0.999875389517657
16.6547067499171 0.999875389517657
16.6645560011513 0.998878691984444
16.6744052523854 0.996886290447793
16.6842545036196 0.993900170976887
16.6941037548538 0.989923310200558
16.7039530060879 0.984959672340111
16.7138022573221 0.979014205257714
16.7236515085563 0.972092835524258
16.7335007597905 0.964202462511612
16.7433500110246 0.955350951515193
16.7531992622588 0.945547125913668
16.763048513493 0.934800758373598
16.7728977647271 0.923122561107863
16.7827470159613 0.910524175197463
16.7925962671955 0.897018158987462
16.8024455184296 0.882617975568549
16.8122947696638 0.867337979356715
16.822144020898 0.851193401784493
16.8319932721322 0.83420033611792
16.8418425233663 0.816375721414399
16.8516917746005 0.797737325637517
16.8615410258347 0.778303727945532
16.8713902770688 0.758094300171244
16.881239528303 0.737129187511783
16.8910887795372 0.715429288447372
16.9009380307714 0.69301623390933
16.9107872820055 0.669912365717859
16.9206365332397 0.64614071431121
16.9304857844739 0.621724975788493
16.940335035708 0.596689488288859
16.9501842869422 0.571059207730695
16.9600335381764 0.544859682935067
16.9698827894106 0.51811703015808
16.9797320406447 0.490857907057592
16.9895812918789 0.463109486120353
16.9994305431131 0.434899427575795
17.0092797943472 0.406255851823786
17.0191290455814 0.37720731140358
17.0289782968156 0.347782762531983
17.0388275480497 0.318011536239235
17.0486767992839 0.28792330913117
17.0585260505181 0.257548073806896
17.0683753017523 0.226916108961586
17.0782245529864 0.196057949203982
17.0880738042206 0.165004354618798
17.0979230554548 0.133786280104474
17.1077723066889 0.102434844516616
17.1176215579231 0.0709812996480136
17.1274708091573 0.039456999076258
17.1373200603915 0.00789336690971378
17.1471693116256 -0.0236781335366265
17.1570185628598 -0.0552260311045039
17.166867814094 -0.0867188781635505
17.1767170653281 -0.118125281958912
17.1865663165623 -0.149413935904257
17.1964155677965 -0.180553650788903
17.2062648190307 -0.211513385867824
17.2161140702648 -0.242262279803781
17.225963321499 -0.272769681430605
17.2358125727332 -0.303005180306867
17.2456618239673 -0.33293863702976
17.2555110752015 -0.362540213278626
17.2653603264357 -0.391780401558489
17.2752095776698 -0.420630054613784
17.285058828904 -0.449060414482924
17.2949080801382 -0.477043141164886
17.3047573313724 -0.504550340869178
17.3146065826065 -0.531554593820906
17.3244558338407 -0.558028981593438
17.3343050850749 -0.583947113941307
17.344154336309 -0.609283155106521
17.3540035875432 -0.634011849572238
17.3638528387774 -0.658108547238039
17.3737020900116 -0.681549227991631
17.3835513412457 -0.704310525652671
17.3934005924799 -0.726369751264642
17.4032498437141 -0.747704915711706
17.4130990949482 -0.768294751637971
17.4229483461824 -0.788118734647195
17.4327975974166 -0.807157103761984
17.4426468486508 -0.825390881121977
17.4524960998849 -0.842801890901353
17.4623453511191 -0.859372777426911
17.4721946023533 -0.875087022478595
17.4820438535874 -0.889928961755178
17.4918931048216 -0.903883800488823
17.5017423560558 -0.91693762819279
17.5115916072899 -0.929077432527729
17.5214408585241 -0.940291112272676
17.5312901097583 -0.950567489387784
17.5411393609925 -0.959896320156856
17.5509886122266 -0.968268305398508
17.5608378634608 -0.975675099735775
17.570687114695 -0.98210931991498
17.5805363659291 -0.987564552165524
17.5903856171633 -0.992035358593257
17.6002348683975 -0.995517282601106
17.6100841196317 -0.998006853331494
17.6199333708658 -0.999501589126174
17.6297826221 -1
17.6487022745744 -0.999501589126174
17.6676219270487 -0.998006853331493
17.6865415795231 -0.995517282601106
17.7054612319975 -0.992035358593258
17.7243808844719 -0.987564552165523
17.7433005369462 -0.982109319914981
17.7622201894206 -0.975675099735773
17.781139841895 -0.968268305398508
17.8000594943693 -0.959896320156857
17.8189791468437 -0.950567489387783
17.8378987993181 -0.940291112272675
17.8568184517925 -0.929077432527731
17.8757381042668 -0.916937628192788
17.8946577567412 -0.903883800488825
17.9135774092156 -0.88992896175518
17.9324970616899 -0.875087022478595
17.9514167141643 -0.859372777426912
17.9703363666387 -0.842801890901352
17.9892560191131 -0.825390881121976
18.0081756715874 -0.807157103761984
18.0270953240618 -0.788118734647193
18.0460149765362 -0.768294751637969
18.0649346290106 -0.74770491571171
18.0838542814849 -0.726369751264638
18.1027739339593 -0.704310525652673
18.1216935864337 -0.681549227991633
18.140613238908 -0.658108547238039
18.1595328913824 -0.634011849572238
18.1784525438568 -0.609283155106518
18.1973721963312 -0.583947113941305
18.2162918488055 -0.558028981593442
18.2352115012799 -0.531554593820901
18.2541311537543 -0.50455034086918
18.2730508062286 -0.477043141164889
18.291970458703 -0.449060414482923
18.3108901111774 -0.420630054613784
18.3298097636518 -0.39178040155849
18.3487294161261 -0.362540213278625
18.3676490686005 -0.332938637029759
18.3865687210749 -0.303005180306873
18.4054883735492 -0.272769681430601
18.4244080260236 -0.242262279803784
18.443327678498 -0.211513385867817
18.4622473309724 -0.180553650788903
18.4811669834467 -0.149413935904259
18.5000866359211 -0.11812528195891
18.5190062883955 -0.0867188781635496
18.5379259408698 -0.0552260311045102
18.5568455933442 -0.0236781335366232
18.5757652458186 0.00789336690971087
18.594684898293 0.0394569990762531
18.6136045507673 0.0709812996480133
18.6325242032417 0.102434844516613
18.6514438557161 0.133786280104482
18.6703635081905 0.165004354618799
18.6892831606648 0.196057949203981
18.7082028131392 0.22691610896159
18.7271224656136 0.257548073806899
18.7460421180879 0.287923309131166
18.7649617705623 0.31801153623924
18.7838814230367 0.347782762531981
18.8028010755111 0.377207311403578
18.8217207279854 0.406255851823788
18.8406403804598 0.434899427575794
18.8595600329342 0.463109486120346
18.8784796854085 0.490857907057595
18.8973993378829 0.518117030158076
18.9163189903573 0.544859682935071
18.9352386428317 0.571059207730693
18.954158295306 0.596689488288856
18.9730779477804 0.621724975788498
18.9919976002548 0.64614071431121
19.0109172527291 0.669912365717853
19.0298369052035 0.693016233909331
19.0487565576779 0.715429288447373
19.0676762101523 0.737129187511778
19.0865958626266 0.758094300171247
19.105515515101 0.778303727945529
19.1244351675754 0.79773732563752
19.1433548200497 0.816375721414399
19.1622744725241 0.834200336117918
19.1811941249985 0.851193401784494
19.2001137774729 0.867337979356715
19.2190334299472 0.882617975568546
19.2379530824216 0.897018158987464
19.256872734896 0.910524175197461
19.2757923873704 0.923122561107861
19.2947120398447 0.934800758373597
19.3136316923191 0.945547125913667
19.3325513447935 0.955350951515194
19.3514709972678 0.964202462511612
19.3703906497422 0.972092835524258
19.3893103022166 0.979014205257714
19.408229954691 0.984959672340111
19.4271496071653 0.989923310200557
19.4460692596397 0.993900170976888
19.4649889121141 0.996886290447793
19.4839085645884 0.998878691984444
19.5028282170628 0.999875389517657
19.5217478695372 0.999875389517657
19.5406675220116 0.998878691984444
19.5595871744859 0.996886290447793
19.5785068269603 0.993900170976888
19.5974264794347 0.989923310200557
19.616346131909 0.984959672340111
19.6352657843834 0.979014205257715
19.6541854368578 0.972092835524258
19.6731050893322 0.964202462511612
19.6920247418065 0.955350951515194
19.7109443942809 0.945547125913667
19.7298640467553 0.934800758373598
19.7487836992296 0.923122561107861
19.767703351704 0.910524175197461
19.7866230041784 0.897018158987464
19.8055426566528 0.882617975568546
19.8244623091271 0.867337979356715
19.8433819616015 0.851193401784494
19.8623016140759 0.834200336117918
19.8812212665503 0.816375721414398
19.9001409190246 0.797737325637521
19.919060571499 0.778303727945529
19.9379802239734 0.758094300171247
19.9568998764477 0.737129187511778
19.9758195289221 0.715429288447373
19.9947391813965 0.693016233909332
20.0136588338709 0.669912365717853
20.0325784863452 0.64614071431121
20.0514981388196 0.621724975788498
20.070417791294 0.596689488288856
20.0893374437683 0.571059207730693
20.1082570962427 0.544859682935071
20.1271767487171 0.518117030158076
20.1460964011915 0.490857907057595
20.1650160536658 0.463109486120347
20.1839357061402 0.434899427575795
20.2028553586146 0.406255851823788
20.2217750110889 0.377207311403577
20.2406946635633 0.347782762531981
20.2596143160377 0.31801153623924
20.2785339685121 0.287923309131166
20.2974536209864 0.257548073806899
20.3163732734608 0.22691610896159
20.3352929259352 0.196057949203975
20.3542125784095 0.1650043546188
20.3731322308839 0.133786280104482
20.3920518833583 0.102434844516613
20.4109715358327 0.0709812996480136
20.429891188307 0.0394569990762536
20.4488108407814 0.00789336690971111
20.4677304932558 -0.023678133536623
20.4866501457302 -0.0552260311045101
20.5055697982045 -0.0867188781635487
20.5244894506789 -0.118125281958909
20.5434091031533 -0.14941393590426
20.5623287556276 -0.180553650788904
20.581248408102 -0.211513385867817
20.6001680605764 -0.242262279803784
20.6190877130508 -0.272769681430601
20.6380073655251 -0.303005180306873
20.6569270179995 -0.332938637029759
20.6758466704739 -0.362540213278624
20.6947663229482 -0.39178040155849
20.7136859754226 -0.420630054613784
20.732605627897 -0.449060414482922
20.7515252803714 -0.47704314116489
20.7704449328457 -0.504550340869179
20.7893645853201 -0.531554593820901
20.8082842377945 -0.558028981593442
20.8272038902688 -0.583947113941305
20.8461235427432 -0.609283155106518
20.8650431952176 -0.634011849572238
20.883962847692 -0.658108547238039
20.9028825001663 -0.681549227991633
20.9218021526407 -0.704310525652673
20.9407218051151 -0.726369751264638
20.9596414575894 -0.747704915711709
20.9785611100638 -0.768294751637969
20.9974807625382 -0.788118734647193
21.0164004150126 -0.807157103761984
21.0353200674869 -0.825390881121976
21.0542397199613 -0.842801890901352
21.0731593724357 -0.859372777426912
21.0920790249101 -0.875087022478595
21.1109986773844 -0.88992896175518
21.1299183298588 -0.903883800488824
21.1488379823332 -0.916937628192789
21.1677576348075 -0.929077432527731
21.1866772872819 -0.940291112272675
21.2055969397563 -0.950567489387783
21.2245165922307 -0.959896320156857
21.243436244705 -0.968268305398508
21.2623558971794 -0.975675099735773
21.2812755496538 -0.98210931991498
21.3001952021281 -0.987564552165523
21.3191148546025 -0.992035358593258
21.3380345070769 -0.995517282601106
21.3569541595513 -0.998006853331493
21.3758738120256 -0.999501589126174
21.3947934645 -1
21.4131151364623 -0.999501589126174
21.4314368084246 -0.998006853331493
21.4497584803869 -0.995517282601106
21.4680801523492 -0.992035358593258
21.4864018243116 -0.987564552165523
21.5047234962739 -0.98210931991498
21.5230451682362 -0.975675099735774
21.5413668401985 -0.968268305398508
21.5596885121608 -0.959896320156858
21.5780101841231 -0.950567489387783
21.5963318560854 -0.940291112272676
21.6146535280477 -0.929077432527731
21.6329752000101 -0.916937628192789
21.6512968719724 -0.903883800488823
21.6696185439347 -0.88992896175518
21.687940215897 -0.875087022478593
21.7062618878593 -0.859372777426911
21.7245835598216 -0.842801890901349
21.7429052317839 -0.825390881121975
21.7612269037462 -0.807157103761984
21.7795485757085 -0.788118734647194
21.7978702476709 -0.768294751637972
21.8161919196332 -0.74770491571171
21.8345135915955 -0.72636975126464
21.8528352635578 -0.704310525652673
21.8711569355201 -0.681549227991634
21.8894786074824 -0.658108547238037
21.9078002794447 -0.634011849572238
21.926121951407 -0.609283155106516
21.9444436233693 -0.583947113941305
21.9627652953317 -0.558028981593439
21.981086967294 -0.531554593820899
21.9994086392563 -0.50455034086918
22.0177303112186 -0.477043141164892
22.0360519831809 -0.449060414482922
22.0543736551432 -0.420630054613786
22.0726953271055 -0.391780401558494
22.0910169990678 -0.362540213278625
22.1093386710302 -0.332938637029762
22.1276603429925 -0.303005180306873
22.1459820149548 -0.272769681430603
22.1643036869171 -0.242262279803782
22.1826253588794 -0.211513385867818
22.2009470308417 -0.1805536507889
22.219268702804 -0.149413935904259
22.2375903747663 -0.118125281958905
22.2559120467286 -0.0867188781635536
22.274233718691 -0.0552260311045106
22.2925553906533 -0.0236781335366261
22.3108770626156 0.00789336690971198
22.3291987345779 0.0394569990762518
22.3475204065402 0.0709812996480153
22.3658420785025 0.102434844516613
22.3841637504648 0.133786280104479
22.4024854224271 0.1650043546188
22.4208070943894 0.196057949203979
22.4391287663518 0.226916108961592
22.4574504383141 0.257548073806899
22.4757721102764 0.287923309131169
22.4940937822387 0.318011536239236
22.512415454201 0.34778276253198
22.5307371261633 0.377207311403574
22.5490587981256 0.406255851823787
22.5673804700879 0.434899427575792
22.5857021420503 0.463109486120347
22.6040238140126 0.490857907057594
22.6223454859749 0.518117030158078
22.6406671579372 0.544859682935071
22.6589888298995 0.571059207730696
22.6773105018618 0.596689488288857
22.6956321738241 0.621724975788497
22.7139538457864 0.646140714311212
22.7322755177487 0.669912365717858
22.7505971897111 0.69301623390933
22.7689188616734 0.71542928844737
22.7872405336357 0.737129187511778
22.805562205598 0.758094300171245
22.8238838775603 0.778303727945529
22.8422055495226 0.797737325637519
22.8605272214849 0.816375721414399
22.8788488934472 0.834200336117918
22.8971705654095 0.851193401784495
22.9154922373719 0.867337979356715
22.9338139093342 0.882617975568548
22.9521355812965 0.897018158987465
22.9704572532588 0.910524175197461
22.9887789252211 0.92312256110786
23.0071005971834 0.934800758373597
23.0254222691457 0.945547125913667
23.043743941108 0.955350951515194
23.0620656130704 0.964202462511611
23.0803872850327 0.972092835524257
23.098708956995 0.979014205257715
23.1170306289573 0.984959672340111
23.1353523009196 0.989923310200557
23.1536739728819 0.993900170976888
23.1719956448442 0.996886290447793
23.1903173168065 0.998878691984444
23.2086389887688 0.999875389517657
23.2269606607312 0.999875389517657
23.2452823326935 0.998878691984444
23.2636040046558 0.996886290447793
23.2819256766181 0.993900170976888
23.3002473485804 0.989923310200557
23.3185690205427 0.984959672340111
23.336890692505 0.979014205257715
23.3552123644673 0.972092835524257
23.3735340364296 0.964202462511612
23.391855708392 0.955350951515194
23.4101773803543 0.945547125913667
23.4284990523166 0.934800758373598
23.4468207242789 0.923122561107862
23.4651423962412 0.910524175197463
23.4834640682035 0.897018158987465
23.5017857401658 0.882617975568548
23.5201074121281 0.867337979356716
23.5384290840905 0.851193401784495
23.5567507560528 0.834200336117918
23.5750724280151 0.816375721414399
23.5933940999774 0.797737325637519
23.6117157719397 0.77830372794553
23.630037443902 0.758094300171245
23.6483591158643 0.737129187511778
23.6666807878266 0.71542928844737
23.6850024597889 0.69301623390933
23.7033241317513 0.669912365717853
23.7216458037136 0.646140714311207
23.7399674756759 0.621724975788497
23.7582891476382 0.596689488288858
23.7766108196005 0.571059207730696
23.7949324915628 0.544859682935071
23.8132541635251 0.518117030158078
23.8315758354874 0.490857907057594
23.8498975074498 0.463109486120348
23.8682191794121 0.434899427575792
23.8865408513744 0.406255851823788
23.9048625233367 0.377207311403574
23.923184195299 0.347782762531981
23.9415058672613 0.318011536239241
23.9598275392236 0.28792330913117
23.9781492111859 0.257548073806899
23.9964708831482 0.226916108961592
24.0147925551106 0.19605794920398
24.0331142270729 0.1650043546188
24.0514358990352 0.133786280104479
24.0697575709975 0.102434844516614
24.0880792429598 0.0709812996480162
24.1064009149221 0.0394569990762518
24.1247225868844 0.007893366909712
24.1430442588467 -0.0236781335366256
24.161365930809 -0.055226031104511
24.1796876027714 -0.0867188781635531
24.1980092747337 -0.118125281958905
24.216330946696 -0.149413935904259
24.2346526186583 -0.1805536507889
24.2529742906206 -0.211513385867817
24.2712959625829 -0.242262279803782
24.2896176345452 -0.272769681430602
24.3079393065075 -0.303005180306872
24.3262609784699 -0.332938637029762
24.3445826504322 -0.362540213278626
24.3629043223945 -0.391780401558494
24.3812259943568 -0.420630054613785
24.3995476663191 -0.449060414482922
24.4178693382814 -0.477043141164886
24.4361910102437 -0.504550340869175
24.454512682206 -0.531554593820899
24.4728343541683 -0.558028981593438
24.4911560261307 -0.583947113941305
24.509477698093 -0.609283155106516
24.5277993700553 -0.634011849572238
24.5461210420176 -0.658108547238037
24.5644427139799 -0.681549227991634
24.5827643859422 -0.704310525652672
24.6010860579045 -0.72636975126464
24.6194077298668 -0.74770491571171
24.6377294018291 -0.768294751637972
24.6560510737915 -0.788118734647194
24.6743727457538 -0.807157103761984
24.6926944177161 -0.825390881121975
24.7110160896784 -0.842801890901349
24.7293377616407 -0.859372777426911
24.747659433603 -0.875087022478593
24.7659811055653 -0.88992896175518
24.7843027775276 -0.903883800488824
24.80262444949 -0.916937628192789
24.8209461214523 -0.92907743252773
24.8392677934146 -0.940291112272676
24.8575894653769 -0.950567489387783
24.8759111373392 -0.959896320156858
24.8942328093015 -0.968268305398506
24.9125544812638 -0.975675099735773
24.9308761532261 -0.98210931991498
24.9491978251884 -0.987564552165523
24.9675194971508 -0.992035358593258
24.9858411691131 -0.995517282601106
25.0041628410754 -0.998006853331493
25.0224845130377 -0.999501589126174
25.040806185 -1
25.0506513800503 -0.999501589126174
25.0604965751005 -0.998006853331493
25.0703417701508 -0.995517282601106
25.080186965201 -0.992035358593258
25.0900321602513 -0.987564552165523
25.0998773553015 -0.98210931991498
25.1097225503518 -0.975675099735774
25.119567745402 -0.968268305398506
25.1294129404523 -0.959896320156857
25.1392581355025 -0.950567489387784
25.1491033305528 -0.940291112272674
25.158948525603 -0.929077432527731
25.1687937206533 -0.91693762819279
25.1786389157035 -0.903883800488822
25.1884841107538 -0.889928961755181
25.198329305804 -0.875087022478596
25.2081745008543 -0.85937277742691
25.2180196959045 -0.842801890901351
25.2278648909548 -0.825390881121979
25.237710086005 -0.807157103761984
25.2475552810553 -0.788118734647193
25.2574004761055 -0.768294751637974
25.2672456711558 -0.747704915711707
25.277090866206 -0.72636975126464
25.2869360612563 -0.704310525652675
25.2967812563065 -0.681549227991632
25.3066264513568 -0.658108547238038
25.316471646407 -0.634011849572242
25.3263168414573 -0.609283155106515
25.3361620365075 -0.583947113941307
25.3460072315578 -0.558028981593444
25.355852426608 -0.531554593820899
25.3656976216583 -0.504550340869179
25.3755428167085 -0.477043141164894
25.3853880117588 -0.449060414482918
25.395233206809 -0.420630054613786
25.4050784018593 -0.391780401558498
25.4149235969095 -0.362540213278622
25.4247687919598 -0.332938637029763
25.43461398701 -0.303005180306878
25.4444591820603 -0.272769681430601
25.4543043771106 -0.242262279803785
25.4641495721608 -0.211513385867824
25.4739947672111 -0.1805536507889
25.4838399622613 -0.149413935904263
25.4936851573116 -0.118125281958914
25.5035303523618 -0.0867188781635487
25.5133755474121 -0.0552260311045099
25.5232207424623 -0.0236781335366297
25.5330659375126 0.00789336690971509
25.5429111325628 0.0394569990762507
25.5527563276131 0.0709812996480213
25.5626015226633 0.102434844516615
25.5724467177136 0.133786280104477
25.5822919127638 0.165004354618805
25.5921371078141 0.19605794920398
25.6019823028643 0.226916108961588
25.6118274979146 0.257548073806902
25.6216726929648 0.287923309131168
25.6315178880151 0.318011536239236
25.6413630830653 0.347782762531987
25.6512082781156 0.377207311403577
25.6610534731658 0.406255851823787
25.6708986682161 0.434899427575798
25.6807438632663 0.463109486120349
25.6905890583166 0.490857907057591
25.7004342533668 0.518117030158082
25.7102794484171 0.544859682935071
25.7201246434673 0.571059207730693
25.7299698385176 0.59668948828886
25.7398150335678 0.621724975788496
25.7496602286181 0.646140714311207
25.7595054236683 0.669912365717859
25.7693506187186 0.693016233909332
25.7791958137688 0.715429288447369
25.7890410088191 0.737129187511782
25.7988862038693 0.758094300171246
25.8087313989196 0.778303727945528
25.8185765939699 0.797737325637522
25.8284217890201 0.8163757214144
25.8382669840704 0.834200336117916
25.8481121791206 0.851193401784497
25.8579573741709 0.867337979356715
25.8678025692211 0.882617975568545
25.8776477642714 0.897018158987465
25.8874929593216 0.910524175197463
25.8973381543719 0.92312256110786
25.9071833494221 0.9348007583736
25.9170285444724 0.945547125913667
25.9268737395226 0.955350951515194
25.9367189345729 0.964202462511613
25.9465641296231 0.972092835524257
25.9564093246734 0.979014205257714
25.9662545197236 0.984959672340111
25.9760997147739 0.989923310200557
25.9859449098241 0.993900170976887
25.9957901048744 0.996886290447793
26.0056352999246 0.998878691984444
26.0154804949749 0.999875389517657
26.0253256900251 0.999875389517657
26.0351708850754 0.998878691984444
26.0450160801256 0.996886290447794
26.0548612751759 0.993900170976887
26.0647064702261 0.989923310200557
26.0745516652764 0.984959672340111
26.0843968603266 0.979014205257714
26.0942420553769 0.972092835524257
26.1040872504271 0.964202462511613
26.1139324454774 0.955350951515194
26.1237776405276 0.945547125913667
26.1336228355779 0.9348007583736
26.1434680306281 0.92312256110786
26.1533132256784 0.910524175197462
26.1631584207286 0.897018158987466
26.1730036157789 0.882617975568545
26.1828488108291 0.867337979356715
26.1926940058794 0.851193401784497
26.2025392009296 0.834200336117916
26.2123843959799 0.816375721414399
26.2222295910301 0.797737325637522
26.2320747860804 0.778303727945528
26.2419199811307 0.758094300171246
26.2517651761809 0.737129187511782
26.2616103712312 0.71542928844737
26.2714555662814 0.693016233909333
26.2813007613317 0.669912365717859
26.2911459563819 0.646140714311208
26.3009911514322 0.621724975788497
26.3108363464824 0.59668948828886
26.3206815415327 0.571059207730693
26.3305267365829 0.544859682935072
26.3403719316332 0.518117030158082
26.3502171266834 0.490857907057591
26.3600623217337 0.463109486120349
26.3699075167839 0.434899427575797
26.3797527118342 0.406255851823787
26.3895979068844 0.377207311403577
26.3994431019347 0.347782762531987
26.4092882969849 0.318011536239236
26.4191334920352 0.287923309131168
26.4289786870854 0.257548073806902
26.4388238821357 0.226916108961588
26.4486690771859 0.19605794920398
26.4585142722362 0.165004354618805
26.4683594672864 0.133786280104478
26.4782046623367 0.102434844516616
26.4880498573869 0.0709812996480216
26.4978950524372 0.0394569990762509
26.5077402474874 0.00789336690971467
26.5175854425377 -0.0236781335366185
26.5274306375879 -0.0552260311045101
26.5372758326382 -0.0867188781635487
26.5471210276884 -0.118125281958902
26.5569662227387 -0.149413935904262
26.5668114177889 -0.180553650788899
26.5766566128392 -0.211513385867824
26.5865018078894 -0.242262279803785
26.5963470029397 -0.272769681430601
26.60619219799 -0.303005180306877
26.6160373930402 -0.332938637029763
26.6258825880905 -0.362540213278622
26.6357277831407 -0.391780401558487
26.645572978191 -0.420630054613785
26.6554181732412 -0.449060414482917
26.6652633682915 -0.477043141164894
26.6751085633417 -0.504550340869178
26.684953758392 -0.531554593820899
26.6947989534422 -0.558028981593444
26.7046441484925 -0.583947113941307
26.7144893435427 -0.609283155106515
26.724334538593 -0.634011849572242
26.7341797336432 -0.658108547238039
26.7440249286935 -0.681549227991632
26.7538701237437 -0.704310525652676
26.763715318794 -0.72636975126464
26.7735605138442 -0.747704915711707
26.7834057088945 -0.768294751637973
26.7932509039447 -0.788118734647193
26.803096098995 -0.807157103761983
26.8129412940452 -0.825390881121979
26.8227864890955 -0.842801890901351
26.8326316841457 -0.859372777426911
26.842476879196 -0.875087022478596
26.8523220742462 -0.889928961755181
26.8621672692965 -0.903883800488822
26.8720124643467 -0.91693762819279
26.881857659397 -0.92907743252773
26.8917028544472 -0.940291112272674
26.9015480494975 -0.950567489387784
26.9113932445477 -0.959896320156857
26.921238439598 -0.968268305398506
26.9310836346482 -0.975675099735774
26.9409288296985 -0.98210931991498
26.9507740247487 -0.987564552165523
26.960619219799 -0.992035358593258
26.9704644148492 -0.995517282601106
26.9803096098995 -0.998006853331493
26.9901548049497 -0.999501589126174
27 -1
