0 -1
0.00809367518341709 -0.999501589126174
0.0161873503668342 -0.998006853331493
0.0242810255502513 -0.995517282601106
0.0323747007336683 -0.992035358593258
0.0404683759170854 -0.987564552165524
0.0485620511005025 -0.98210931991498
0.0566557262839196 -0.975675099735774
0.0647494014673367 -0.968268305398507
0.0728430766507538 -0.959896320156857
0.0809367518341709 -0.950567489387783
0.0890304270175879 -0.940291112272676
0.097124102201005 -0.929077432527731
0.105217777384422 -0.916937628192789
0.113311452567839 -0.903883800488824
0.121405127751256 -0.88992896175518
0.129498802934673 -0.875087022478594
0.13759247811809 -0.859372777426912
0.145686153301508 -0.842801890901351
0.153779828484925 -0.825390881121976
0.161873503668342 -0.807157103761985
0.169967178851759 -0.788118734647192
0.178060854035176 -0.768294751637971
0.186154529218593 -0.747704915711709
0.19424820440201 -0.726369751264639
0.202341879585427 -0.704310525652672
0.210435554768844 -0.681549227991634
0.218529229952261 -0.658108547238038
0.226622905135678 -0.634011849572239
0.234716580319095 -0.609283155106517
0.242810255502513 -0.583947113941306
0.25090393068593 -0.55802898159344
0.258997605869347 -0.531554593820901
0.267091281052764 -0.504550340869177
0.275184956236181 -0.47704314116489
0.283278631419598 -0.44906041448292
0.291372306603015 -0.420630054613784
0.299465981786432 -0.391780401558493
0.307559656969849 -0.362540213278625
0.315653332153266 -0.332938637029761
0.323747007336683 -0.303005180306873
0.3318406825201 -0.272769681430603
0.339934357703518 -0.242262279803783
0.348028032886935 -0.211513385867819
0.356121708070352 -0.180553650788903
0.364215383253769 -0.149413935904261
0.372309058437186 -0.118125281958908
0.380402733620603 -0.0867188781635509
0.38849640880402 -0.0552260311045082
0.396590083987437 -0.0236781335366241
0.404683759170854 0.00789336690971309
0.412777434354271 0.0394569990762527
0.420871109537688 0.0709812996480158
0.428964784721106 0.102434844516614
0.437058459904523 0.133786280104479
0.44515213508794 0.165004354618799
0.453245810271357 0.196057949203978
0.461339485454774 0.22691610896159
0.469433160638191 0.257548073806896
0.477526835821608 0.287923309131166
0.485620511005025 0.318011536239238
0.493714186188442 0.347782762531982
0.501807861371859 0.377207311403576
0.509901536555276 0.406255851823789
0.517995211738693 0.434899427575793
0.526088886922111 0.463109486120348
0.534182562105528 0.490857907057594
0.542276237288945 0.518117030158077
0.550369912472362 0.54485968293507
0.558463587655779 0.571059207730695
0.566557262839196 0.596689488288856
0.574650938022613 0.621724975788495
0.58274461320603 0.64614071431121
0.590838288389447 0.669912365717855
0.598931963572864 0.693016233909332
0.607025638756281 0.715429288447371
0.615119313939698 0.737129187511779
0.623212989123116 0.758094300171245
0.631306664306533 0.77830372794553
0.63940033948995 0.797737325637519
0.647494014673367 0.816375721414399
0.655587689856784 0.834200336117917
0.663681365040201 0.851193401784494
0.671775040223618 0.867337979356715
0.679868715407035 0.882617975568547
0.687962390590452 0.897018158987463
0.696056065773869 0.910524175197462
0.704149740957286 0.923122561107861
0.712243416140703 0.934800758373598
0.72033709132412 0.945547125913667
0.728430766507538 0.955350951515195
0.736524441690955 0.964202462511612
0.744618116874372 0.972092835524257
0.752711792057789 0.979014205257714
0.760805467241206 0.98495967234011
0.768899142424623 0.989923310200557
0.77699281760804 0.993900170976888
0.785086492791457 0.996886290447793
0.793180167974874 0.998878691984444
0.801273843158291 0.999875389517657
0.809367518341709 0.999875389517657
0.817461193525126 0.998878691984444
0.825554868708543 0.996886290447793
0.83364854389196 0.993900170976888
0.841742219075377 0.989923310200557
0.849835894258794 0.984959672340111
0.857929569442211 0.979014205257714
0.866023244625628 0.972092835524257
0.874116919809045 0.964202462511612
0.882210594992462 0.955350951515195
0.890304270175879 0.945547125913667
0.898397945359297 0.934800758373598
0.906491620542713 0.923122561107861
0.914585295726131 0.910524175197462
0.922678970909548 0.897018158987464
0.930772646092965 0.882617975568547
0.938866321276382 0.867337979356715
0.946959996459799 0.851193401784495
0.955053671643216 0.834200336117918
0.963147346826633 0.816375721414399
0.97124102201005 0.79773732563752
0.979334697193467 0.77830372794553
0.987428372376884 0.758094300171246
0.995522047560301 0.737129187511779
1.00361572274372 0.715429288447371
1.01170939792714 0.693016233909332
1.01980307311055 0.669912365717855
1.02789674829397 0.64614071431121
1.03599042347739 0.621724975788495
1.0440840986608 0.596689488288856
1.05217777384422 0.571059207730695
1.06027144902764 0.54485968293507
1.06836512421106 0.518117030158078
1.07645879939447 0.490857907057594
1.08455247457789 0.463109486120348
1.09264614976131 0.434899427575793
1.10073982494472 0.406255851823789
1.10883350012814 0.377207311403576
1.11692717531156 0.347782762531982
1.12502085049497 0.318011536239239
1.13311452567839 0.287923309131167
1.14120820086181 0.257548073806896
1.14930187604523 0.22691610896159
1.15739555122864 0.196057949203978
1.16548922641206 0.1650043546188
1.17358290159548 0.133786280104479
1.18167657677889 0.102434844516614
1.18977025196231 0.0709812996480162
1.19786392714573 0.0394569990762527
1.20595760232915 0.00789336690971378
1.21405127751256 -0.023678133536623
1.22214495269598 -0.0552260311045075
1.2302386278794 -0.0867188781635505
1.23833230306281 -0.118125281958908
1.24642597824623 -0.14941393590426
1.25451965342965 -0.180553650788901
1.26261332861307 -0.211513385867818
1.27070700379648 -0.242262279803783
1.2788006789799 -0.272769681430602
1.28689435416332 -0.303005180306871
1.29498802934673 -0.332938637029762
1.30308170453015 -0.362540213278624
1.31117537971357 -0.391780401558493
1.31926905489698 -0.420630054613784
1.3273627300804 -0.449060414482919
1.33545640526382 -0.47704314116489
1.34355008044724 -0.504550340869177
1.35164375563065 -0.531554593820901
1.35973743081407 -0.558028981593439
1.36783110599749 -0.583947113941306
1.3759247811809 -0.609283155106516
1.38401845636432 -0.634011849572239
1.39211213154774 -0.658108547238037
1.40020580673116 -0.681549227991634
1.40829948191457 -0.704310525652672
1.41639315709799 -0.726369751264639
1.42448683228141 -0.747704915711708
1.43258050746482 -0.768294751637971
1.44067418264824 -0.788118734647192
1.44876785783166 -0.807157103761985
1.45686153301508 -0.825390881121976
1.46495520819849 -0.84280189090135
1.47304888338191 -0.859372777426912
1.48114255856533 -0.875087022478594
1.48923623374874 -0.889928961755181
1.49732990893216 -0.903883800488824
1.50542358411558 -0.916937628192789
1.51351725929899 -0.92907743252773
1.52161093448241 -0.940291112272675
1.52970460966583 -0.950567489387783
1.53779828484925 -0.959896320156857
1.54589196003266 -0.968268305398507
1.55398563521608 -0.975675099735774
1.5620793103995 -0.98210931991498
1.57017298558291 -0.987564552165524
1.57826666076633 -0.992035358593258
1.58636033594975 -0.995517282601106
1.59445401113317 -0.998006853331493
1.60254768631658 -0.999501589126174
1.6106413615 -1
1.63071873050452 -0.999501589126174
1.65079609950905 -0.998006853331493
1.67087346851357 -0.995517282601106
1.69095083751809 -0.992035358593258
1.71102820652261 -0.987564552165524
1.73110557552714 -0.98210931991498
1.75118294453166 -0.975675099735774
1.77126031353618 -0.968268305398507
1.7913376825407 -0.959896320156857
1.81141505154523 -0.950567489387783
1.83149242054975 -0.940291112272676
1.85156978955427 -0.929077432527731
1.87164715855879 -0.916937628192789
1.89172452756332 -0.903883800488823
1.91180189656784 -0.88992896175518
1.93187926557236 -0.875087022478594
1.95195663457688 -0.859372777426912
1.97203400358141 -0.842801890901351
1.99211137258593 -0.825390881121976
2.01218874159045 -0.807157103761985
2.03226611059497 -0.788118734647192
2.0523434795995 -0.768294751637971
2.07242084860402 -0.747704915711709
2.09249821760854 -0.726369751264639
2.11257558661307 -0.704310525652672
2.13265295561759 -0.681549227991634
2.15273032462211 -0.658108547238037
2.17280769362663 -0.634011849572239
2.19288506263116 -0.609283155106517
2.21296243163568 -0.583947113941306
2.2330398006402 -0.55802898159344
2.25311716964472 -0.531554593820901
2.27319453864925 -0.504550340869177
2.29327190765377 -0.477043141164889
2.31334927665829 -0.44906041448292
2.33342664566281 -0.420630054613784
2.35350401466734 -0.391780401558493
2.37358138367186 -0.362540213278624
2.39365875267638 -0.332938637029761
2.4137361216809 -0.303005180306873
2.43381349068543 -0.272769681430603
2.45389085968995 -0.242262279803783
2.47396822869447 -0.211513385867819
2.494045597699 -0.180553650788902
2.51412296670352 -0.149413935904261
2.53420033570804 -0.118125281958908
2.55427770471256 -0.0867188781635505
2.57435507371709 -0.0552260311045079
2.59443244272161 -0.0236781335366237
2.61450981172613 0.00789336690971353
2.63458718073065 0.0394569990762531
2.65466454973518 0.0709812996480162
2.6747419187397 0.102434844516614
2.69481928774422 0.133786280104479
2.71489665674874 0.1650043546188
2.73497402575327 0.196057949203978
2.75505139475779 0.22691610896159
2.77512876376231 0.257548073806897
2.79520613276683 0.287923309131167
2.81528350177136 0.318011536239239
2.83536087077588 0.347782762531983
2.8554382397804 0.377207311403576
2.87551560878492 0.406255851823789
2.89559297778945 0.434899427575793
2.91567034679397 0.463109486120348
2.93574771579849 0.490857907057594
2.95582508480302 0.518117030158078
2.97590245380754 0.544859682935071
2.99597982281206 0.571059207730694
3.01605719181658 0.596689488288856
3.03613456082111 0.621724975788495
3.05621192982563 0.64614071431121
3.07628929883015 0.669912365717856
3.09636666783467 0.693016233909332
3.1164440368392 0.715429288447371
3.13652140584372 0.737129187511779
3.15659877484824 0.758094300171246
3.17667614385276 0.77830372794553
3.19675351285729 0.79773732563752
3.21683088186181 0.816375721414399
3.23690825086633 0.834200336117917
3.25698561987085 0.851193401784495
3.27706298887538 0.867337979356715
3.2971403578799 0.882617975568547
3.31721772688442 0.897018158987464
3.33729509588894 0.910524175197462
3.35737246489347 0.923122561107861
3.37744983389799 0.934800758373599
3.39752720290251 0.945547125913667
3.41760457190703 0.955350951515195
3.43768194091156 0.964202462511612
3.45775930991608 0.972092835524257
3.4778366789206 0.979014205257714
3.49791404792513 0.984959672340111
3.51799141692965 0.989923310200557
3.53806878593417 0.993900170976888
3.55814615493869 0.996886290447793
3.57822352394322 0.998878691984444
3.59830089294774 0.999875389517657
3.61837826195226 0.999875389517657
3.63845563095678 0.998878691984444
3.65853299996131 0.996886290447793
3.67861036896583 0.993900170976888
3.69868773797035 0.989923310200557
3.71876510697487 0.984959672340111
3.7388424759794 0.979014205257715
3.75891984498392 0.972092835524257
3.77899721398844 0.964202462511612
3.79907458299296 0.955350951515195
3.81915195199749 0.945547125913667
3.83922932100201 0.934800758373598
3.85930669000653 0.923122561107861
3.87938405901106 0.910524175197462
3.89946142801558 0.897018158987463
3.9195387970201 0.882617975568547
3.93961616602462 0.867337979356715
3.95969353502915 0.851193401784495
3.97977090403367 0.834200336117918
3.99984827303819 0.816375721414399
4.01992564204271 0.79773732563752
4.04000301104724 0.778303727945529
4.06008038005176 0.758094300171246
4.08015774905628 0.737129187511778
4.1002351180608 0.715429288447372
4.12031248706533 0.693016233909331
4.14038985606985 0.669912365717856
4.16046722507437 0.646140714311209
4.18054459407889 0.621724975788496
4.20062196308342 0.596689488288856
4.22069933208794 0.571059207730695
4.24077670109246 0.54485968293507
4.26085407009698 0.518117030158078
4.28093143910151 0.490857907057593
4.30100880810603 0.463109486120348
4.32108617711055 0.434899427575794
4.34116354611507 0.40625585182379
4.3612409151196 0.377207311403575
4.38131828412412 0.347782762531983
4.40139565312864 0.318011536239238
4.42147302213317 0.287923309131167
4.44155039113769 0.257548073806896
4.46162776014221 0.226916108961591
4.48170512914673 0.196057949203977
4.50178249815126 0.1650043546188
4.52185986715578 0.133786280104478
4.5419372361603 0.102434844516614
4.56201460516482 0.0709812996480162
4.58209197416935 0.0394569990762527
4.60216934317387 0.00789336690971289
4.62224671217839 -0.0236781335366239
4.64232408118291 -0.0552260311045093
4.66240145018744 -0.0867188781635496
4.68247881919196 -0.118125281958907
4.70255618819648 -0.14941393590426
4.72263355720101 -0.180553650788904
4.74271092620553 -0.211513385867818
4.76278829521005 -0.242262279803784
4.78286566421457 -0.272769681430603
4.80294303321909 -0.303005180306872
4.82302040222362 -0.33293863702976
4.84309777122814 -0.362540213278626
4.86317514023266 -0.391780401558493
4.88325250923719 -0.420630054613784
4.90332987824171 -0.44906041448292
4.92340724724623 -0.47704314116489
4.94348461625075 -0.504550340869177
4.96356198525528 -0.531554593820902
4.9836393542598 -0.55802898159344
5.00371672326432 -0.583947113941306
5.02379409226884 -0.609283155106516
5.04387146127337 -0.634011849572238
5.06394883027789 -0.658108547238037
5.08402619928241 -0.681549227991635
5.10410356828693 -0.704310525652672
5.12418093729146 -0.726369751264639
5.14425830629598 -0.747704915711709
5.1643356753005 -0.768294751637971
5.18441304430502 -0.788118734647192
5.20449041330955 -0.807157103761986
5.22456778231407 -0.825390881121976
5.24464515131859 -0.84280189090135
5.26472252032312 -0.859372777426912
5.28479988932764 -0.875087022478594
5.30487725833216 -0.88992896175518
5.32495462733668 -0.903883800488824
5.34503199634121 -0.916937628192789
5.36510936534573 -0.92907743252773
5.38518673435025 -0.940291112272675
5.40526410335477 -0.950567489387783
5.4253414723593 -0.959896320156857
5.44541884136382 -0.968268305398508
5.46549621036834 -0.975675099735774
5.48557357937286 -0.98210931991498
5.50565094837739 -0.987564552165524
5.52572831738191 -0.992035358593258
5.54580568638643 -0.995517282601106
5.56588305539095 -0.998006853331493
5.58596042439548 -0.999501589126174
5.6060377934 -1
5.62542030880905 -0.999501589126174
5.64480282421809 -0.998006853331493
5.66418533962714 -0.995517282601106
5.68356785503618 -0.992035358593258
5.70295037044523 -0.987564552165524
5.72233288585427 -0.982109319914981
5.74171540126332 -0.975675099735774
5.76109791667236 -0.968268305398507
5.78048043208141 -0.959896320156857
5.79986294749045 -0.950567489387783
5.8192454628995 -0.940291112272676
5.83862797830854 -0.92907743252773
5.85801049371759 -0.916937628192789
5.87739300912663 -0.903883800488824
5.89677552453568 -0.88992896175518
5.91615803994472 -0.875087022478594
5.93554055535377 -0.859372777426912
5.95492307076281 -0.842801890901351
5.97430558617186 -0.825390881121976
5.9936881015809 -0.807157103761985
6.01307061698995 -0.788118734647192
6.03245313239899 -0.768294751637971
6.05183564780804 -0.747704915711709
6.07121816321709 -0.726369751264639
6.09060067862613 -0.704310525652672
6.10998319403518 -0.681549227991634
6.12936570944422 -0.658108547238038
6.14874822485327 -0.634011849572239
6.16813074026231 -0.609283155106516
6.18751325567136 -0.583947113941307
6.2068957710804 -0.55802898159344
6.22627828648945 -0.531554593820901
6.24566080189849 -0.504550340869178
6.26504331730754 -0.47704314116489
6.28442583271658 -0.44906041448292
6.30380834812563 -0.420630054613784
6.32319086353467 -0.391780401558493
6.34257337894372 -0.362540213278625
6.36195589435276 -0.332938637029761
6.38133840976181 -0.303005180306873
6.40072092517085 -0.272769681430604
6.4201034405799 -0.242262279803784
6.43948595598894 -0.211513385867819
6.45886847139799 -0.180553650788902
6.47825098680703 -0.149413935904262
6.49763350221608 -0.118125281958908
6.51701601762513 -0.0867188781635507
6.53639853303417 -0.0552260311045077
6.55578104844322 -0.0236781335366248
6.57516356385226 0.00789336690971309
6.59454607926131 0.0394569990762527
6.61392859467035 0.0709812996480162
6.6333111100794 0.102434844516614
6.65269362548844 0.133786280104479
6.67207614089749 0.165004354618799
6.69145865630653 0.196057949203978
6.71084117171558 0.226916108961589
6.73022368712462 0.257548073806896
6.74960620253367 0.287923309131167
6.76898871794271 0.318011536239239
6.78837123335176 0.347782762531983
6.8077537487608 0.377207311403576
6.82713626416985 0.406255851823789
6.84651877957889 0.434899427575792
6.86590129498794 0.463109486120347
6.88528381039698 0.490857907057594
6.90466632580603 0.518117030158078
6.92404884121508 0.544859682935071
6.94343135662412 0.571059207730694
6.96281387203317 0.596689488288856
6.98219638744221 0.621724975788495
7.00157890285126 0.646140714311209
7.0209614182603 0.669912365717855
7.04034393366935 0.693016233909332
7.05972644907839 0.715429288447372
7.07910896448744 0.737129187511779
7.09849147989648 0.758094300171245
7.11787399530553 0.77830372794553
7.13725651071457 0.797737325637519
7.15663902612362 0.816375721414399
7.17602154153266 0.834200336117917
7.19540405694171 0.851193401784495
7.21478657235075 0.867337979356715
7.2341690877598 0.882617975568546
7.25355160316884 0.897018158987463
7.27293411857789 0.910524175197462
7.29231663398693 0.92312256110786
7.31169914939598 0.934800758373598
7.33108166480502 0.945547125913667
7.35046418021407 0.955350951515195
7.36984669562312 0.964202462511612
7.38922921103216 0.972092835524257
7.40861172644121 0.979014205257714
7.42799424185025 0.984959672340111
7.4473767572593 0.989923310200557
7.46675927266834 0.993900170976888
7.48614178807739 0.996886290447793
7.50552430348643 0.998878691984444
7.52490681889548 0.999875389517657
7.54428933430452 0.999875389517657
7.56367184971357 0.998878691984444
7.58305436512261 0.996886290447793
7.60243688053166 0.993900170976888
7.6218193959407 0.989923310200557
7.64120191134975 0.984959672340111
7.66058442675879 0.979014205257715
7.67996694216784 0.972092835524257
7.69934945757688 0.964202462511611
7.71873197298593 0.955350951515195
7.73811448839497 0.945547125913667
7.75749700380402 0.934800758373599
7.77687951921306 0.923122561107861
7.79626203462211 0.910524175197462
7.81564455003116 0.897018158987463
7.8350270654402 0.882617975568547
7.85440958084925 0.867337979356714
7.87379209625829 0.851193401784495
7.89317461166734 0.834200336117917
7.91255712707638 0.816375721414399
7.93193964248543 0.79773732563752
7.95132215789447 0.77830372794553
7.97070467330352 0.758094300171246
7.99008718871256 0.737129187511779
8.00946970412161 0.715429288447373
8.02885221953065 0.693016233909333
8.0482347349397 0.669912365717856
8.06761725034874 0.64614071431121
8.08699976575779 0.621724975788495
8.10638228116683 0.596689488288856
8.12576479657588 0.571059207730695
8.14514731198492 0.54485968293507
8.16452982739397 0.518117030158077
8.18391234280302 0.490857907057592
8.20329485821206 0.463109486120349
8.2226773736211 0.434899427575793
8.24205988903015 0.40625585182379
8.2614424044392 0.377207311403576
8.28082491984824 0.347782762531982
8.30020743525729 0.318011536239238
8.31958995066633 0.287923309131167
8.33897246607538 0.257548073806898
8.35835498148442 0.226916108961591
8.37773749689347 0.196057949203979
8.39712001230251 0.1650043546188
8.41650252771156 0.133786280104479
8.4358850431206 0.102434844516613
8.45526755852965 0.0709812996480145
8.47465007393869 0.0394569990762518
8.49403258934774 0.00789336690971467
8.51341510475678 -0.023678133536623
8.53279762016583 -0.0552260311045075
8.55218013557487 -0.0867188781635505
8.57156265098392 -0.118125281958908
8.59094516639296 -0.149413935904262
8.61032768180201 -0.1805536507889
8.62971019721105 -0.211513385867818
8.6490927126201 -0.242262279803782
8.66847522802914 -0.272769681430602
8.68785774343819 -0.303005180306872
8.70724025884724 -0.332938637029761
8.72662277425628 -0.362540213278624
8.74600528966533 -0.391780401558494
8.76538780507437 -0.420630054613785
8.78477032048342 -0.449060414482921
8.80415283589246 -0.477043141164889
8.82353535130151 -0.504550340869177
8.84291786671055 -0.531554593820901
8.8623003821196 -0.558028981593439
8.88168289752864 -0.583947113941307
8.90106541293769 -0.609283155106515
8.92044792834673 -0.634011849572238
8.93983044375578 -0.658108547238036
8.95921295916482 -0.681549227991633
8.97859547457387 -0.704310525652672
8.99797798998291 -0.726369751264639
9.01736050539196 -0.747704915711709
9.036743020801 -0.768294751637971
9.05612553621005 -0.788118734647193
9.0755080516191 -0.807157103761986
9.09489056702814 -0.825390881121975
9.11427308243718 -0.84280189090135
9.13365559784623 -0.859372777426911
9.15303811325528 -0.875087022478594
9.17242062866432 -0.88992896175518
9.19180314407337 -0.903883800488824
9.21118565948241 -0.916937628192788
9.23056817489146 -0.92907743252773
9.2499506903005 -0.940291112272675
9.26933320570955 -0.950567489387782
9.28871572111859 -0.959896320156857
9.30809823652764 -0.968268305398507
9.32748075193668 -0.975675099735774
9.34686326734573 -0.98210931991498
9.36624578275477 -0.987564552165524
9.38562829816382 -0.992035358593258
9.40501081357286 -0.995517282601106
9.42439332898191 -0.998006853331494
9.44377584439095 -0.999501589126174
9.4631583598 -1
9.48007985663065 -0.999501589126174
9.49700135346131 -0.998006853331493
9.51392285029196 -0.995517282601106
9.53084434712261 -0.992035358593258
9.54776584395327 -0.987564552165524
9.56468734078392 -0.98210931991498
9.58160883761457 -0.975675099735774
9.59853033444523 -0.968268305398507
9.61545183127588 -0.959896320156857
9.63237332810653 -0.950567489387783
9.64929482493719 -0.940291112272675
9.66621632176784 -0.92907743252773
9.68313781859849 -0.916937628192788
9.70005931542915 -0.903883800488823
9.7169808122598 -0.88992896175518
9.73390230909045 -0.875087022478594
9.7508238059211 -0.859372777426912
9.76774530275176 -0.842801890901351
9.78466679958241 -0.825390881121975
9.80158829641307 -0.807157103761985
9.81850979324372 -0.788118734647192
9.83543129007437 -0.768294751637971
9.85235278690502 -0.747704915711709
9.86927428373568 -0.72636975126464
9.88619578056633 -0.704310525652673
9.90311727739699 -0.681549227991633
9.92003877422764 -0.658108547238037
9.93696027105829 -0.634011849572238
9.95388176788894 -0.609283155106517
9.9708032647196 -0.583947113941306
9.98772476155025 -0.558028981593441
10.0046462583809 -0.531554593820902
10.0215677552116 -0.504550340869179
10.0384892520422 -0.477043141164889
10.0554107488729 -0.449060414482919
10.0723322457035 -0.420630054613784
10.0892537425342 -0.391780401558493
10.1061752393648 -0.362540213278625
10.1230967361955 -0.332938637029762
10.1400182330261 -0.303005180306874
10.1569397298568 -0.272769681430602
10.1738612266874 -0.242262279803782
10.1907827235181 -0.211513385867818
10.2077042203487 -0.180553650788902
10.2246257171794 -0.149413935904261
10.24154721401 -0.118125281958909
10.2584687108407 -0.086718878163552
10.2753902076714 -0.0552260311045066
10.292311704502 -0.0236781335366228
10.3092332013327 0.00789336690971398
10.3261546981633 0.0394569990762529
10.343076194994 0.0709812996480156
10.3599976918246 0.102434844516613
10.3769191886553 0.133786280104478
10.3938406854859 0.165004354618798
10.4107621823166 0.196057949203979
10.4276836791472 0.226916108961591
10.4446051759779 0.257548073806897
10.4615266728085 0.287923309131166
10.4784481696392 0.318011536239238
10.4953696664698 0.347782762531981
10.5122911633005 0.377207311403574
10.5292126601312 0.406255851823787
10.5461341569618 0.434899427575794
10.5630556537925 0.463109486120348
10.5799771506231 0.490857907057594
10.5968986474538 0.518117030158077
10.6138201442844 0.54485968293507
10.6307416411151 0.571059207730694
10.6476631379457 0.596689488288854
10.6645846347764 0.621724975788496
10.681506131607 0.64614071431121
10.6984276284377 0.669912365717855
10.7153491252683 0.693016233909331
10.732270622099 0.715429288447371
10.7491921189296 0.737129187511778
10.7661136157603 0.758094300171245
10.783035112591 0.778303727945531
10.7999566094216 0.79773732563752
10.8168781062523 0.816375721414399
10.8337996030829 0.834200336117917
10.8507210999136 0.851193401784494
10.8676425967442 0.867337979356714
10.8845640935749 0.882617975568546
10.9014855904055 0.897018158987464
10.9184070872362 0.910524175197463
10.9353285840668 0.923122561107861
10.9522500808975 0.934800758373598
10.9691715777281 0.945547125913667
10.9860930745588 0.955350951515195
11.0030145713894 0.964202462511611
11.0199360682201 0.972092835524257
11.0368575650508 0.979014205257715
11.0537790618814 0.984959672340111
11.0707005587121 0.989923310200557
11.0876220555427 0.993900170976888
11.1045435523734 0.996886290447793
11.121465049204 0.998878691984444
11.1383865460347 0.999875389517657
11.1553080428653 0.999875389517657
11.172229539696 0.998878691984444
11.1891510365266 0.996886290447793
11.2060725333573 0.993900170976888
11.2229940301879 0.989923310200557
11.2399155270186 0.984959672340111
11.2568370238492 0.979014205257714
11.2737585206799 0.972092835524257
11.2906800175106 0.964202462511612
11.3076015143412 0.955350951515195
11.3245230111719 0.945547125913667
11.3414445080025 0.934800758373598
11.3583660048332 0.923122561107861
11.3752875016638 0.910524175197463
11.3922089984945 0.897018158987464
11.4091304953251 0.882617975568546
11.4260519921558 0.867337979356714
11.4429734889864 0.851193401784494
11.4598949858171 0.834200336117918
11.4768164826477 0.816375721414399
11.4937379794784 0.79773732563752
11.510659476309 0.778303727945531
11.5275809731397 0.758094300171245
11.5445024699704 0.737129187511778
11.561423966801 0.715429288447371
11.5783454636317 0.693016233909332
11.5952669604623 0.669912365717855
11.612188457293 0.64614071431121
11.6291099541236 0.621724975788497
11.6460314509543 0.596689488288855
11.6629529477849 0.571059207730694
11.6798744446156 0.54485968293507
11.6967959414462 0.518117030158077
11.7137174382769 0.490857907057594
11.7306389351075 0.463109486120348
11.7475604319382 0.434899427575794
11.7644819287688 0.406255851823787
11.7814034255995 0.377207311403575
11.7983249224302 0.347782762531982
11.8152464192608 0.318011536239238
11.8321679160915 0.287923309131167
11.8490894129221 0.257548073806897
11.8660109097528 0.226916108961591
11.8829324065834 0.19605794920398
11.8998539034141 0.165004354618801
11.9167754002447 0.133786280104478
11.9336968970754 0.102434844516613
11.950618393906 0.0709812996480153
11.9675398907367 0.0394569990762536
11.9844613875673 0.00789336690971378
12.001382884398 -0.023678133536623
12.0183043812286 -0.0552260311045066
12.0352258780593 -0.0867188781635514
12.0521473748899 -0.118125281958909
12.0690688717206 -0.149413935904261
12.0859903685513 -0.180553650788902
12.1029118653819 -0.211513385867818
12.1198333622126 -0.242262279803782
12.1367548590432 -0.272769681430601
12.1536763558739 -0.303005180306874
12.1705978527045 -0.332938637029762
12.1875193495352 -0.362540213278626
12.2044408463658 -0.391780401558493
12.2213623431965 -0.420630054613784
12.2382838400271 -0.449060414482922
12.2552053368578 -0.477043141164889
12.2721268336884 -0.504550340869179
12.2890483305191 -0.531554593820903
12.3059698273497 -0.55802898159344
12.3228913241804 -0.583947113941306
12.3398128210111 -0.609283155106517
12.3567343178417 -0.634011849572238
12.3736558146724 -0.658108547238037
12.390577311503 -0.681549227991635
12.4074988083337 -0.704310525652671
12.4244203051643 -0.72636975126464
12.441341801995 -0.747704915711709
12.4582632988256 -0.768294751637971
12.4751847956563 -0.788118734647193
12.4921062924869 -0.807157103761985
12.5090277893176 -0.825390881121977
12.5259492861482 -0.842801890901349
12.5428707829789 -0.859372777426912
12.5597922798095 -0.875087022478594
12.5767137766402 -0.889928961755181
12.5936352734709 -0.903883800488823
12.6105567703015 -0.916937628192788
12.6274782671322 -0.92907743252773
12.6443997639628 -0.940291112272675
12.6613212607935 -0.950567489387783
12.6782427576241 -0.959896320156857
12.6951642544548 -0.968268305398507
12.7120857512854 -0.975675099735773
12.7290072481161 -0.98210931991498
12.7459287449467 -0.987564552165524
12.7628502417774 -0.992035358593258
12.779771738608 -0.995517282601106
12.7966932354387 -0.998006853331493
12.8136147322693 -0.999501589126174
12.8305362291 -1
12.8362080940839 -0.999501589126174
12.8418799590678 -0.998006853331493
12.8475518240518 -0.995517282601106
12.8532236890357 -0.992035358593258
12.8588955540196 -0.987564552165523
12.8645674190035 -0.98210931991498
12.8702392839874 -0.975675099735773
12.8759111489714 -0.968268305398507
12.8815830139553 -0.959896320156856
12.8872548789392 -0.950567489387783
12.8929267439231 -0.940291112272674
12.898598608907 -0.929077432527731
12.904270473891 -0.916937628192787
12.9099423388749 -0.903883800488824
12.9156142038588 -0.889928961755179
12.9212860688427 -0.875087022478594
12.9269579338266 -0.85937277742691
12.9326297988106 -0.842801890901351
12.9383016637945 -0.825390881121974
12.9439735287784 -0.807157103761986
12.9496453937623 -0.78811873464719
12.9553172587462 -0.768294751637972
12.9609891237302 -0.747704915711707
12.9666609887141 -0.726369751264641
12.972332853698 -0.70431052565267
12.9780047186819 -0.681549227991635
12.9836765836658 -0.658108547238035
12.9893484486497 -0.63401184957224
12.9950203136337 -0.609283155106515
13.0006921786176 -0.583947113941308
13.0063640436015 -0.558028981593438
13.0120359085854 -0.531554593820904
13.0177077735693 -0.504550340869175
13.0233796385533 -0.477043141164892
13.0290515035372 -0.449060414482918
13.0347233685211 -0.420630054613787
13.040395233505 -0.391780401558491
13.0460670984889 -0.362540213278627
13.0517389634729 -0.332938637029759
13.0574108284568 -0.303005180306876
13.0630826934407 -0.272769681430601
13.0687545584246 -0.242262279803786
13.0744264234085 -0.211513385867817
13.0800982883925 -0.180553650788906
13.0857701533764 -0.149413935904259
13.0914420183603 -0.118125281958911
13.0971138833442 -0.0867188781635494
13.1027857483281 -0.0552260311045117
13.1084576133121 -0.0236781335366228
13.114129478296 0.00789336690970954
13.1198013432799 0.0394569990762538
13.1254732082638 0.070981299648012
13.1311450732477 0.102434844516614
13.1368169382317 0.133786280104475
13.1424888032156 0.1650043546188
13.1481606681995 0.196057949203974
13.1538325331834 0.226916108961591
13.1595043981673 0.257548073806892
13.1651762631513 0.287923309131167
13.1708481281352 0.318011536239234
13.1765199931191 0.347782762531983
13.182191858103 0.377207311403572
13.1878637230869 0.406255851823789
13.1935355880709 0.434899427575789
13.1992074530548 0.463109486120348
13.2048793180387 0.490857907057589
13.2105511830226 0.518117030158078
13.2162230480065 0.544859682935074
13.2218949129905 0.571059207730694
13.2275667779744 0.59668948828886
13.2332386429583 0.621724975788495
13.2389105079422 0.646140714311213
13.2445823729261 0.669912365717855
13.2502542379101 0.693016233909335
13.255926102894 0.715429288447371
13.2615979678779 0.737129187511782
13.2672698328618 0.758094300171245
13.2729416978457 0.778303727945532
13.2786135628296 0.797737325637519
13.2842854278136 0.816375721414401
13.2899572927975 0.834200336117917
13.2956291577814 0.851193401784497
13.3013010227653 0.867337979356714
13.3069728877492 0.882617975568549
13.3126447527332 0.897018158987463
13.3183166177171 0.910524175197464
13.323988482701 0.92312256110786
13.3296603476849 0.934800758373599
13.3353322126688 0.945547125913667
13.3410040776528 0.955350951515196
13.3466759426367 0.964202462511611
13.3523478076206 0.972092835524258
13.3580196726045 0.979014205257714
13.3636915375884 0.984959672340111
13.3693634025724 0.989923310200557
13.3750352675563 0.993900170976888
13.3807071325402 0.996886290447793
13.3863789975241 0.998878691984444
13.392050862508 0.999875389517657
13.397722727492 0.999875389517657
13.4033945924759 0.998878691984444
13.4090664574598 0.996886290447793
13.4147383224437 0.993900170976888
13.4204101874276 0.989923310200557
13.4260820524116 0.984959672340111
13.4317539173955 0.979014205257714
13.4374257823794 0.972092835524258
13.4430976473633 0.964202462511611
13.4487695123472 0.955350951515196
13.4544413773312 0.945547125913667
13.4601132423151 0.9348007583736
13.465785107299 0.92312256110786
13.4714569722829 0.910524175197464
13.4771288372668 0.897018158987463
13.4828007022508 0.882617975568549
13.4884725672347 0.867337979356714
13.4941444322186 0.851193401784496
13.4998162972025 0.834200336117917
13.5054881621864 0.816375721414402
13.5111600271704 0.797737325637519
13.5168318921543 0.778303727945533
13.5225037571382 0.758094300171245
13.5281756221221 0.737129187511782
13.533847487106 0.715429288447371
13.5395193520899 0.693016233909335
13.5451912170739 0.669912365717855
13.5508630820578 0.646140714311213
13.5565349470417 0.621724975788495
13.5622068120256 0.596689488288852
13.5678786770095 0.571059207730695
13.5735505419935 0.544859682935075
13.5792224069774 0.518117030158078
13.5848942719613 0.490857907057589
13.5905661369452 0.463109486120348
13.5962380019291 0.434899427575798
13.6019098669131 0.406255851823789
13.607581731897 0.377207311403572
13.6132535968809 0.347782762531983
13.6189254618648 0.318011536239235
13.6245973268487 0.287923309131167
13.6302691918327 0.257548073806892
13.6359410568166 0.226916108961591
13.6416129218005 0.196057949203974
13.6472847867844 0.1650043546188
13.6529566517683 0.133786280104475
13.6586285167523 0.102434844516614
13.6643003817362 0.0709812996480127
13.6699722467201 0.0394569990762545
13.675644111704 0.00789336690971022
13.6813159766879 -0.0236781335366221
13.6869878416719 -0.0552260311045119
13.6926597066558 -0.0867188781635487
13.6983315716397 -0.118125281958912
13.7040034366236 -0.14941393590426
13.7096753016075 -0.180553650788906
13.7153471665915 -0.211513385867818
13.7210190315754 -0.242262279803786
13.7266908965593 -0.272769681430601
13.7323627615432 -0.303005180306875
13.7380346265271 -0.332938637029759
13.7437064915111 -0.362540213278627
13.749378356495 -0.39178040155849
13.7550502214789 -0.420630054613787
13.7607220864628 -0.449060414482918
13.7663939514467 -0.477043141164892
13.7720658164307 -0.504550340869175
13.7777376814146 -0.531554593820904
13.7834095463985 -0.558028981593438
13.7890814113824 -0.583947113941307
13.7947532763663 -0.609283155106515
13.8004251413503 -0.63401184957224
13.8060970063342 -0.658108547238035
13.8117688713181 -0.681549227991635
13.817440736302 -0.70431052565267
13.8231126012859 -0.726369751264641
13.8287844662698 -0.747704915711707
13.8344563312538 -0.768294751637972
13.8401281962377 -0.78811873464719
13.8458000612216 -0.807157103761986
13.8514719262055 -0.825390881121974
13.8571437911894 -0.842801890901351
13.8628156561734 -0.85937277742691
13.8684875211573 -0.875087022478594
13.8741593861412 -0.889928961755179
13.8798312511251 -0.903883800488824
13.885503116109 -0.916937628192787
13.891174981093 -0.929077432527731
13.8968468460769 -0.940291112272674
13.9025187110608 -0.950567489387783
13.9081905760447 -0.959896320156856
13.9138624410286 -0.968268305398507
13.9195343060126 -0.975675099735773
13.9252061709965 -0.98210931991498
13.9308780359804 -0.987564552165525
13.9365499009643 -0.992035358593258
13.9422217659482 -0.995517282601106
13.9478936309322 -0.998006853331493
13.9535654959161 -0.999501589126174
13.9592373609 -1
13.9772315031945 -0.999501589126174
13.9952256454889 -0.998006853331493
14.0132197877834 -0.995517282601106
14.0312139300779 -0.992035358593258
14.0492080723724 -0.987564552165524
14.0672022146668 -0.98210931991498
14.0851963569613 -0.975675099735773
14.1031904992558 -0.968268305398508
14.1211846415503 -0.959896320156857
14.1391787838447 -0.950567489387783
14.1571729261392 -0.940291112272676
14.1751670684337 -0.929077432527731
14.1931612107281 -0.916937628192788
14.2111553530226 -0.903883800488824
14.2291494953171 -0.88992896175518
14.2471436376116 -0.875087022478593
14.265137779906 -0.859372777426913
14.2831319222005 -0.842801890901351
14.301126064495 -0.825390881121976
14.3191202067894 -0.807157103761986
14.3371143490839 -0.788118734647193
14.3551084913784 -0.76829475163797
14.3731026336729 -0.74770491571171
14.3910967759673 -0.72636975126464
14.4090909182618 -0.704310525652672
14.4270850605563 -0.681549227991635
14.4450792028508 -0.658108547238038
14.4630733451452 -0.634011849572238
14.4810674874397 -0.609283155106516
14.4990616297342 -0.583947113941307
14.5170557720286 -0.55802898159344
14.5350499143231 -0.5315545938209
14.5530440566176 -0.504550340869178
14.5710381989121 -0.477043141164889
14.5890323412065 -0.449060414482919
14.607026483501 -0.420630054613785
14.6250206257955 -0.391780401558493
14.6430147680899 -0.362540213278623
14.6610089103844 -0.332938637029762
14.6790030526789 -0.303005180306873
14.6969971949734 -0.272769681430602
14.7149913372678 -0.242262279803784
14.7329854795623 -0.211513385867819
14.7509796218568 -0.180553650788901
14.7689737641513 -0.149413935904262
14.7869679064457 -0.118125281958908
14.8049620487402 -0.0867188781635498
14.8229561910347 -0.0552260311045093
14.8409503333291 -0.0236781335366241
14.8589444756236 0.0078933669097142
14.8769386179181 0.0394569990762518
14.8949327602126 0.0709812996480158
14.912926902507 0.102434844516614
14.9309210448015 0.133786280104478
14.948915187096 0.165004354618799
14.9669093293905 0.196057949203979
14.9849034716849 0.226916108961589
15.0028976139794 0.257548073806896
15.0208917562739 0.287923309131167
15.0388858985683 0.318011536239237
15.0568800408628 0.347782762531982
15.0748741831573 0.377207311403577
15.0928683254518 0.406255851823788
15.1108624677462 0.434899427575793
15.1288566100407 0.463109486120348
15.1468507523352 0.490857907057595
15.1648448946296 0.518117030158077
15.1828390369241 0.544859682935071
15.2008331792186 0.571059207730694
15.2188273215131 0.596689488288855
15.2368214638075 0.621724975788495
15.254815606102 0.646140714311211
15.2728097483965 0.669912365717855
15.290803890691 0.693016233909332
15.3087980329854 0.71542928844737
15.3267921752799 0.737129187511779
15.3447863175744 0.758094300171246
15.3627804598688 0.778303727945531
15.3807746021633 0.797737325637519
15.3987687444578 0.816375721414399
15.4167628867523 0.834200336117917
15.4347570290467 0.851193401784494
15.4527511713412 0.867337979356715
15.4707453136357 0.882617975568548
15.4887394559301 0.897018158987463
15.5067335982246 0.910524175197462
15.5247277405191 0.92312256110786
15.5427218828136 0.934800758373598
15.560716025108 0.945547125913667
15.5787101674025 0.955350951515195
15.596704309697 0.964202462511611
15.6146984519915 0.972092835524257
15.6326925942859 0.979014205257715
15.6506867365804 0.98495967234011
15.6686808788749 0.989923310200557
15.6866750211693 0.993900170976888
15.7046691634638 0.996886290447793
15.7226633057583 0.998878691984444
15.7406574480528 0.999875389517657
15.7586515903472 0.999875389517657
15.7766457326417 0.998878691984444
15.7946398749362 0.996886290447793
15.8126340172307 0.993900170976888
15.8306281595251 0.989923310200557
15.8486223018196 0.98495967234011
15.8666164441141 0.979014205257715
15.8846105864085 0.972092835524257
15.902604728703 0.964202462511612
15.9205988709975 0.955350951515195
15.938593013292 0.945547125913667
15.9565871555864 0.934800758373598
15.9745812978809 0.923122561107861
15.9925754401754 0.910524175197462
16.0105695824698 0.897018158987463
16.0285637247643 0.882617975568546
16.0465578670588 0.867337979356713
16.0645520093533 0.851193401784496
16.0825461516477 0.834200336117918
16.1005402939422 0.816375721414399
16.1185344362367 0.797737325637519
16.1365285785312 0.778303727945529
16.1545227208256 0.758094300171244
16.1725168631201 0.737129187511781
16.1905110054146 0.715429288447372
16.208505147709 0.693016233909332
16.2264992900035 0.669912365717855
16.244493432298 0.646140714311209
16.2624875745925 0.621724975788493
16.2804817168869 0.596689488288858
16.2984758591814 0.571059207730696
16.3164700014759 0.544859682935071
16.3344641437704 0.518117030158077
16.3524582860648 0.490857907057592
16.3704524283593 0.463109486120346
16.3884465706538 0.43489942757579
16.4064407129482 0.406255851823791
16.4244348552427 0.377207311403577
16.4424289975372 0.347782762531982
16.4604231398317 0.318011536239237
16.4784172821261 0.287923309131164
16.4964114244206 0.2575480738069
16.5144055667151 0.226916108961592
16.5323997090095 0.196057949203979
16.550393851304 0.1650043546188
16.5683879935985 0.133786280104478
16.586382135893 0.102434844516611
16.6043762781874 0.0709812996480127
16.6223704204819 0.0394569990762545
16.6403645627764 0.00789336690971467
16.6583587050709 -0.0236781335366239
16.6763528473653 -0.0552260311045093
16.6943469896598 -0.0867188781635523
16.7123411319543 -0.118125281958904
16.7303352742487 -0.149413935904259
16.7483294165432 -0.180553650788901
16.7663235588377 -0.211513385867819
16.7843177011322 -0.242262279803784
16.8023118434266 -0.272769681430605
16.8203059857211 -0.303005180306876
16.8383001280156 -0.332938637029759
16.85629427031 -0.362540213278623
16.8742884126045 -0.391780401558493
16.892282554899 -0.420630054613785
16.9102766971935 -0.449060414482922
16.9282708394879 -0.477043141164892
16.9462649817824 -0.504550340869175
16.9642591240769 -0.531554593820901
16.9822532663714 -0.55802898159344
17.0002474086658 -0.583947113941307
17.0182415509603 -0.609283155106518
17.0362356932548 -0.634011849572241
17.0542298355492 -0.658108547238035
17.0722239778437 -0.681549227991632
17.0902181201382 -0.704310525652671
17.1082122624327 -0.726369751264639
17.1262064047271 -0.74770491571171
17.1442005470216 -0.768294751637972
17.1621946893161 -0.78811873464719
17.1801888316106 -0.807157103761984
17.198182973905 -0.825390881121976
17.2161771161995 -0.84280189090135
17.234171258494 -0.859372777426912
17.2521654007884 -0.875087022478595
17.2701595430829 -0.889928961755179
17.2881536853774 -0.903883800488823
17.3061478276719 -0.916937628192788
17.3241419699663 -0.92907743252773
17.3421361122608 -0.940291112272676
17.3601302545553 -0.950567489387783
17.3781243968497 -0.959896320156858
17.3961185391442 -0.968268305398507
17.4141126814387 -0.975675099735773
17.4321068237332 -0.98210931991498
17.4501009660276 -0.987564552165524
17.4680951083221 -0.992035358593258
17.4860892506166 -0.995517282601106
17.5040833929111 -0.998006853331493
17.5220775352055 -0.999501589126174
17.5400716775 -1
17.548790836394 -0.999501589126174
17.5575099952879 -0.998006853331494
17.5662291541819 -0.995517282601106
17.5749483130759 -0.992035358593257
17.5836674719698 -0.987564552165524
17.5923866308638 -0.982109319914981
17.6011057897578 -0.975675099735773
17.6098249486518 -0.968268305398508
17.6185441075457 -0.959896320156857
17.6272632664397 -0.950567489387782
17.6359824253337 -0.940291112272677
17.6447015842276 -0.929077432527731
17.6534207431216 -0.916937628192787
17.6621399020156 -0.903883800488826
17.6708590609095 -0.889928961755181
17.6795782198035 -0.875087022478592
17.6882973786975 -0.859372777426915
17.6970165375915 -0.842801890901351
17.7057356964854 -0.825390881121975
17.7144548553794 -0.807157103761989
17.7231740142734 -0.788118734647193
17.7318931731673 -0.768294751637969
17.7406123320613 -0.747704915711713
17.7493314909553 -0.726369751264641
17.7580506498492 -0.704310525652671
17.7667698087432 -0.681549227991629
17.7754889676372 -0.658108547238039
17.7842081265312 -0.634011849572237
17.7929272854251 -0.609283155106512
17.8016464443191 -0.583947113941308
17.8103656032131 -0.558028981593439
17.819084762107 -0.531554593820897
17.827803921001 -0.50455034086918
17.836523079895 -0.477043141164888
17.8452422387889 -0.449060414482915
17.8539613976829 -0.420630054613787
17.8626805565769 -0.391780401558492
17.8713997154709 -0.36254021327862
17.8801188743648 -0.332938637029764
17.8888380332588 -0.303005180306872
17.8975571921528 -0.272769681430598
17.9062763510467 -0.242262279803787
17.9149955099407 -0.211513385867819
17.9237146688347 -0.180553650788898
17.9324338277286 -0.149413935904265
17.9411529866226 -0.118125281958908
17.9498721455166 -0.0867188781635463
17.9585913044106 -0.0552260311045124
17.9673104633045 -0.0236781335366239
17.9760296221985 0.00789336690971753
17.9847487810925 0.0394569990762483
17.9934679399864 0.0709812996480156
18.0021870988804 0.102434844516617
18.0109062577744 0.133786280104474
18.0196254166683 0.165004354618799
18.0283445755623 0.196057949203981
18.0370637344563 0.226916108961585
18.0457828933502 0.257548073806896
18.0545020522442 0.28792330913117
18.0632212111382 0.318011536239233
18.0719403700322 0.347782762531982
18.0806595289261 0.377207311403579
18.0893786878201 0.406255851823784
18.0980978467141 0.434899427575792
18.106817005608 0.46310948612035
18.115536164502 0.490857907057589
18.124255323396 0.518117030158076
18.1329744822899 0.544859682935073
18.1416936411839 0.57105920773069
18.1504128000779 0.596689488288854
18.1591319589719 0.621724975788497
18.1678511178658 0.646140714311205
18.1765702767598 0.669912365717854
18.1852894356538 0.693016233909333
18.1940085945477 0.715429288447376
18.2027277534417 0.737129187511777
18.2114469123357 0.758094300171247
18.2201660712296 0.778303727945534
18.2288852301236 0.797737325637518
18.2376043890176 0.8163757214144
18.2463235479116 0.834200336117921
18.2550427068055 0.851193401784493
18.2637618656995 0.867337979356715
18.2724810245935 0.88261797556855
18.2812001834874 0.897018158987462
18.2899193423814 0.910524175197463
18.2986385012754 0.923122561107863
18.3073576601693 0.934800758373597
18.3160768190633 0.945547125913667
18.3247959779573 0.955350951515196
18.3335151368513 0.964202462511611
18.3422342957452 0.972092835524257
18.3509534546392 0.979014205257715
18.3596726135332 0.98495967234011
18.3683917724271 0.989923310200557
18.3771109313211 0.993900170976888
18.3858300902151 0.996886290447793
18.394549249109 0.998878691984444
18.403268408003 0.999875389517657
18.411987566897 0.999875389517657
18.420706725791 0.998878691984444
18.4294258846849 0.996886290447793
18.4381450435789 0.993900170976888
18.4468642024729 0.989923310200557
18.4555833613668 0.98495967234011
18.4643025202608 0.979014205257716
18.4730216791548 0.972092835524257
18.4817408380487 0.964202462511611
18.4904599969427 0.955350951515196
18.4991791558367 0.945547125913667
18.5078983147307 0.934800758373597
18.5166174736246 0.923122561107863
18.5253366325186 0.910524175197463
18.5340557914126 0.897018158987462
18.5427749503065 0.88261797556855
18.5514941092005 0.867337979356716
18.5602132680945 0.851193401784493
18.5689324269884 0.834200336117921
18.5776515858824 0.8163757214144
18.5863707447764 0.797737325637518
18.5950899036703 0.778303727945534
18.6038090625643 0.758094300171247
18.6125282214583 0.737129187511777
18.6212473803523 0.715429288447376
18.6299665392462 0.693016233909334
18.6386856981402 0.669912365717854
18.6474048570342 0.646140714311215
18.6561240159281 0.621724975788497
18.6648431748221 0.596689488288855
18.6735623337161 0.57105920773069
18.68228149261 0.544859682935073
18.691000651504 0.518117030158076
18.699719810398 0.490857907057589
18.708438969292 0.463109486120351
18.7171581281859 0.434899427575792
18.7258772870799 0.406255851823784
18.7345964459739 0.377207311403579
18.7433156048678 0.347782762531982
18.7520347637618 0.318011536239234
18.7607539226558 0.28792330913117
18.7694730815497 0.257548073806896
18.7781922404437 0.226916108961585
18.7869113993377 0.196057949203982
18.7956305582317 0.165004354618799
18.8043497171256 0.133786280104475
18.8130688760196 0.102434844516618
18.8217880349136 0.0709812996480162
18.8305071938075 0.0394569990762492
18.8392263527015 0.00789336690971733
18.8479455115955 -0.0236781335366239
18.8566646704894 -0.0552260311045119
18.8653838293834 -0.0867188781635461
18.8741029882774 -0.118125281958907
18.8828221471714 -0.149413935904265
18.8915413060653 -0.180553650788898
18.9002604649593 -0.211513385867818
18.9089796238533 -0.242262279803786
18.9176987827472 -0.272769681430599
18.9264179416412 -0.303005180306872
18.9351371005352 -0.332938637029764
18.9438562594291 -0.362540213278619
18.9525754183231 -0.391780401558491
18.9612945772171 -0.420630054613788
18.9700137361111 -0.449060414482927
18.978732895005 -0.477043141164888
18.987452053899 -0.504550340869179
18.996171212793 -0.531554593820896
19.0048903716869 -0.558028981593439
19.0136095305809 -0.583947113941308
19.0223286894749 -0.609283155106522
19.0310478483688 -0.634011849572237
19.0397670072628 -0.658108547238039
19.0484861661568 -0.681549227991629
19.0572053250508 -0.704310525652671
19.0659244839447 -0.726369751264641
19.0746436428387 -0.747704915711713
19.0833628017327 -0.768294751637969
19.0920819606266 -0.788118734647194
19.1008011195206 -0.807157103761989
19.1095202784146 -0.825390881121975
19.1182394373085 -0.842801890901351
19.1269585962025 -0.859372777426915
19.1356777550965 -0.875087022478592
19.1443969139905 -0.889928961755181
19.1531160728844 -0.903883800488826
19.1618352317784 -0.916937628192787
19.1705543906724 -0.929077432527731
19.1792735495663 -0.940291112272677
19.1879927084603 -0.950567489387782
19.1967118673543 -0.959896320156857
19.2054310262482 -0.968268305398508
19.2141501851422 -0.975675099735773
19.2228693440362 -0.98210931991498
19.2315885029302 -0.987564552165524
19.2403076618241 -0.992035358593257
19.2490268207181 -0.995517282601106
19.2577459796121 -0.998006853331494
19.266465138506 -0.999501589126174
19.2751842974 -1
19.2826761642106 -0.999501589126174
19.2901680310211 -0.998006853331494
19.2976598978317 -0.995517282601106
19.3051517646422 -0.992035358593257
19.3126436314528 -0.987564552165525
19.3201354982633 -0.982109319914981
19.3276273650739 -0.975675099735773
19.3351192318844 -0.968268305398509
19.342611098695 -0.959896320156857
19.3501029655055 -0.950567489387782
19.3575948323161 -0.940291112272678
19.3650866991266 -0.929077432527731
19.3725785659372 -0.916937628192788
19.3800704327477 -0.903883800488827
19.3875622995583 -0.889928961755181
19.3950541663688 -0.875087022478593
19.4025460331794 -0.859372777426908
19.4100378999899 -0.842801890901352
19.4175297668005 -0.825390881121975
19.4250216336111 -0.807157103761982
19.4325135004216 -0.788118734647195
19.4400053672322 -0.76829475163797
19.4474972340427 -0.747704915711705
19.4549891008533 -0.726369751264642
19.4624809676638 -0.704310525652672
19.4699728344744 -0.68154922799163
19.4774647012849 -0.658108547238041
19.4849565680955 -0.634011849572239
19.492448434906 -0.609283155106513
19.4999403017166 -0.58394711394131
19.5074321685271 -0.558028981593441
19.5149240353377 -0.531554593820898
19.5224159021482 -0.504550340869182
19.5299077689588 -0.477043141164891
19.5373996357693 -0.449060414482917
19.5448915025799 -0.42063005461379
19.5523833693905 -0.391780401558495
19.559875236201 -0.362540213278621
19.5673671030116 -0.332938637029768
19.5748589698221 -0.303005180306875
19.5823508366327 -0.2727696814306
19.5898427034432 -0.242262279803776
19.5973345702538 -0.211513385867822
19.6048264370643 -0.1805536507889
19.6123183038749 -0.149413935904254
19.6198101706854 -0.118125281958911
19.627302037496 -0.086718878163549
19.6347939043065 -0.0552260311045017
19.6422857711171 -0.0236781335366277
19.6497776379276 0.00789336690971442
19.6572695047382 0.0394569990762589
19.6647613715487 0.0709812996480118
19.6722532383593 0.102434844516614
19.6797451051699 0.133786280104485
19.6872369719804 0.165004354618795
19.694728838791 0.196057949203978
19.7022207056015 0.226916108961595
19.7097125724121 0.257548073806892
19.7172044392226 0.287923309131166
19.7246963060332 0.318011536239242
19.7321881728437 0.347782762531977
19.7396800396543 0.377207311403575
19.7471719064648 0.406255851823792
19.7546637732754 0.434899427575787
19.7621556400859 0.463109486120347
19.7696475068965 0.490857907057597
19.777139373707 0.518117030158071
19.7846312405176 0.544859682935069
19.7921231073281 0.571059207730697
19.7996149741387 0.59668948828885
19.8071068409492 0.621724975788493
19.8145987077598 0.646140714311212
19.8220905745704 0.669912365717861
19.8295824413809 0.69301623390933
19.8370743081915 0.715429288447373
19.844566175002 0.737129187511783
19.8520580418126 0.758094300171243
19.8595499086231 0.778303727945531
19.8670417754337 0.797737325637523
19.8745336422442 0.816375721414397
19.8820255090548 0.834200336117918
19.8895173758653 0.851193401784498
19.8970092426759 0.867337979356712
19.9045011094864 0.882617975568547
19.911992976297 0.897018158987466
19.9194848431075 0.91052417519746
19.9269767099181 0.923122561107861
19.9344685767286 0.9348007583736
19.9419604435392 0.945547125913665
19.9494523103497 0.955350951515195
19.9569441771603 0.964202462511613
19.9644360439709 0.972092835524256
19.9719279107814 0.979014205257714
19.979419777592 0.984959672340111
19.9869116444025 0.989923310200556
19.9944035112131 0.993900170976888
20.0018953780236 0.996886290447793
20.0093872448342 0.998878691984443
20.0168791116447 0.999875389517657
20.0243709784553 0.999875389517657
20.0318628452658 0.998878691984443
20.0393547120764 0.996886290447793
20.0468465788869 0.993900170976888
20.0543384456975 0.989923310200556
20.061830312508 0.984959672340111
20.0693221793186 0.979014205257714
20.0768140461291 0.972092835524256
20.0843059129397 0.964202462511613
20.0917977797503 0.955350951515195
20.0992896465608 0.945547125913665
20.1067815133714 0.9348007583736
20.1142733801819 0.923122561107861
20.1217652469925 0.91052417519746
20.129257113803 0.897018158987466
20.1367489806136 0.882617975568547
20.1442408474241 0.867337979356712
20.1517327142347 0.851193401784498
20.1592245810452 0.834200336117918
20.1667164478558 0.816375721414397
20.1742083146663 0.797737325637523
20.1817001814769 0.778303727945531
20.1891920482874 0.758094300171243
20.196683915098 0.737129187511784
20.2041757819085 0.715429288447373
20.2116676487191 0.69301623390933
20.2191595155296 0.669912365717861
20.2266513823402 0.646140714311211
20.2341432491508 0.621724975788493
20.2416351159613 0.596689488288851
20.2491269827719 0.571059207730697
20.2566188495824 0.544859682935069
20.264110716393 0.518117030158072
20.2716025832035 0.490857907057597
20.2790944500141 0.463109486120347
20.2865863168246 0.434899427575788
20.2940781836352 0.406255851823793
20.3015700504457 0.377207311403576
20.3090619172563 0.347782762531977
20.3165537840668 0.318011536239243
20.3240456508774 0.287923309131167
20.3315375176879 0.257548073806891
20.3390293844985 0.226916108961595
20.346521251309 0.196057949203979
20.3540131181196 0.165004354618795
20.3615049849301 0.133786280104485
20.3689968517407 0.102434844516614
20.3764887185513 0.0709812996480118
20.3839805853618 0.0394569990762589
20.3914724521724 0.00789336690971467
20.3989643189829 -0.0236781335366274
20.4064561857935 -0.0552260311045013
20.413948052604 -0.0867188781635487
20.4214399194146 -0.118125281958911
20.4289317862251 -0.149413935904269
20.4364236530357 -0.180553650788899
20.4439155198462 -0.211513385867821
20.4514073866568 -0.242262279803776
20.4588992534673 -0.272769681430601
20.4663911202779 -0.303005180306874
20.4738829870884 -0.332938637029768
20.481374853899 -0.362540213278621
20.4888667207095 -0.391780401558494
20.4963585875201 -0.42063005461379
20.5038504543307 -0.449060414482917
20.5113423211412 -0.47704314116489
20.5188341879518 -0.504550340869182
20.5263260547623 -0.531554593820898
20.5338179215729 -0.55802898159344
20.5413097883834 -0.58394711394131
20.548801655194 -0.609283155106513
20.5562935220045 -0.634011849572238
20.5637853888151 -0.658108547238041
20.5712772556256 -0.681549227991629
20.5787691224362 -0.704310525652672
20.5862609892467 -0.726369751264642
20.5937528560573 -0.747704915711705
20.6012447228678 -0.768294751637969
20.6087365896784 -0.788118734647194
20.6162284564889 -0.807157103761981
20.6237203232995 -0.825390881121975
20.6312121901101 -0.842801890901352
20.6387040569206 -0.859372777426908
20.6461959237312 -0.875087022478593
20.6536877905417 -0.889928961755181
20.6611796573523 -0.903883800488827
20.6686715241628 -0.916937628192787
20.6761633909734 -0.929077432527731
20.6836552577839 -0.940291112272678
20.6911471245945 -0.950567489387782
20.698638991405 -0.959896320156857
20.7061308582156 -0.968268305398509
20.7136227250261 -0.975675099735773
20.7211145918367 -0.982109319914981
20.7286064586472 -0.987564552165525
20.7360983254578 -0.992035358593257
20.7435901922683 -0.995517282601106
20.7510820590789 -0.998006853331494
20.7585739258894 -0.999501589126174
20.7660657927 -1
20.7819649067166 -0.999501589126174
20.7978640207332 -0.998006853331494
20.8137631347497 -0.995517282601106
20.8296622487663 -0.992035358593258
20.8455613627829 -0.987564552165523
20.8614604767995 -0.982109319914981
20.8773595908161 -0.975675099735774
20.8932587048327 -0.968268305398507
20.9091578188492 -0.959896320156856
20.9250569328658 -0.950567489387784
20.9409560468824 -0.940291112272676
20.956855160899 -0.92907743252773
20.9727542749156 -0.916937628192788
20.9886533889322 -0.903883800488825
21.0045525029487 -0.889928961755181
21.0204516169653 -0.875087022478593
21.0363507309819 -0.85937277742691
21.0522498449985 -0.842801890901352
21.0681489590151 -0.825390881121976
21.0840480730317 -0.807157103761984
21.0999471870482 -0.78811873464719
21.1158463010648 -0.768294751637972
21.1317454150814 -0.747704915711709
21.147644529098 -0.726369751264638
21.1635436431146 -0.704310525652674
21.1794427571312 -0.681549227991635
21.1953418711477 -0.658108547238037
21.2112409851643 -0.634011849572237
21.2271400991809 -0.609283155106519
21.2430392131975 -0.583947113941307
21.2589383272141 -0.55802898159344
21.2748374412307 -0.531554593820899
21.2907365552472 -0.50455034086918
21.3066356692638 -0.47704314116489
21.3225347832804 -0.449060414482919
21.338433897297 -0.420630054613782
21.3543330113136 -0.391780401558495
21.3702321253302 -0.362540213278625
21.3861312393467 -0.33293863702976
21.4020303533633 -0.30300518030687
21.4179294673799 -0.272769681430605
21.4338285813965 -0.242262279803783
21.4497276954131 -0.211513385867817
21.4656268094297 -0.180553650788899
21.4815259234462 -0.149413935904263
21.4974250374628 -0.118125281958908
21.5133241514794 -0.086718878163549
21.529223265496 -0.0552260311045113
21.5451223795126 -0.0236781335366254
21.5610214935291 0.00789336690971375
21.5769206075457 0.0394569990762551
21.5928197215623 0.0709812996480129
21.6087188355789 0.102434844516612
21.6246179495955 0.13378628010448
21.6405170636121 0.165004354618802
21.6564161776286 0.196057949203975
21.6723152916452 0.226916108961589
21.6882144056618 0.257548073806898
21.7041135196784 0.287923309131169
21.720012633695 0.318011536239236
21.7359117477116 0.347782762531982
21.7518108617281 0.377207311403577
21.7677099757447 0.406255851823792
21.7836090897613 0.434899427575791
21.7995082037779 0.463109486120348
21.8154073177945 0.490857907057595
21.8313064318111 0.518117030158081
21.8472055458276 0.544859682935069
21.8631046598442 0.571059207730695
21.8790037738608 0.596689488288858
21.8949028878774 0.621724975788493
21.910802001894 0.646140714311209
21.9267011159106 0.669912365717856
21.9426002299271 0.693016233909333
21.9584993439437 0.715429288447369
21.9743984579603 0.737129187511778
21.9902975719769 0.758094300171246
22.0061966859935 0.778303727945531
22.02209580001 0.797737325637518
22.0379949140266 0.816375721414399
22.0538940280432 0.834200336117918
22.0697931420598 0.851193401784496
22.0856922560764 0.867337979356714
22.101591370093 0.882617975568547
22.1174904841095 0.897018158987464
22.1333895981261 0.910524175197464
22.1492887121427 0.92312256110786
22.1651878261593 0.934800758373598
22.1810869401759 0.945547125913668
22.1969860541925 0.955350951515194
22.212885168209 0.964202462511611
22.2287842822256 0.972092835524257
22.2446833962422 0.979014205257715
22.2605825102588 0.98495967234011
22.2764816242754 0.989923310200557
22.292380738292 0.993900170976888
22.3082798523085 0.996886290447793
22.3241789663251 0.998878691984443
22.3400780803417 0.999875389517657
22.3559771943583 0.999875389517657
22.3718763083749 0.998878691984443
22.3877754223915 0.996886290447793
22.403674536408 0.993900170976888
22.4195736504246 0.989923310200557
22.4354727644412 0.98495967234011
22.4513718784578 0.979014205257715
22.4672709924744 0.972092835524257
22.483170106491 0.964202462511611
22.4990692205075 0.955350951515196
22.5149683345241 0.945547125913668
22.5308674485407 0.934800758373598
22.5467665625573 0.92312256110786
22.5626656765739 0.910524175197461
22.5785647905905 0.897018158987464
22.594463904607 0.882617975568547
22.6103630186236 0.867337979356714
22.6262621326402 0.851193401784496
22.6421612466568 0.834200336117918
22.6580603606734 0.816375721414399
22.67395947469 0.797737325637518
22.6898585887065 0.778303727945532
22.7057577027231 0.758094300171246
22.7216568167397 0.737129187511778
22.7375559307563 0.71542928844737
22.7534550447729 0.693016233909333
22.7693541587894 0.669912365717856
22.785253272806 0.646140714311209
22.8011523868226 0.621724975788493
22.8170515008392 0.596689488288858
22.8329506148558 0.571059207730695
22.8488497288724 0.544859682935069
22.8647488428889 0.518117030158081
22.8806479569055 0.490857907057595
22.8965470709221 0.463109486120348
22.9124461849387 0.434899427575792
22.9283452989553 0.406255851823786
22.9442444129719 0.377207311403578
22.9601435269884 0.347782762531982
22.976042641005 0.318011536239236
22.9919417550216 0.287923309131169
23.0078408690382 0.257548073806897
23.0237399830548 0.22691610896159
23.0396390970714 0.196057949203976
23.0555382110879 0.165004354618802
23.0714373251045 0.13378628010448
23.0873364391211 0.102434844516612
23.1032355531377 0.0709812996480127
23.1191346671543 0.0394569990762554
23.1350337811709 0.00789336690971378
23.1509328951874 -0.0236781335366256
23.166832009204 -0.055226031104511
23.1827311232206 -0.0867188781635487
23.1986302372372 -0.118125281958907
23.2145293512538 -0.149413935904262
23.2304284652704 -0.180553650788899
23.2463275792869 -0.211513385867818
23.2622266933035 -0.242262279803784
23.2781258073201 -0.272769681430605
23.2940249213367 -0.30300518030687
23.3099240353533 -0.332938637029759
23.3258231493698 -0.362540213278625
23.3417222633864 -0.391780401558495
23.357621377403 -0.420630054613782
23.3735204914196 -0.449060414482919
23.3894196054362 -0.47704314116489
23.4053187194528 -0.504550340869179
23.4212178334693 -0.531554593820899
23.4371169474859 -0.558028981593439
23.4530160615025 -0.583947113941307
23.4689151755191 -0.609283155106513
23.4848142895357 -0.634011849572237
23.5007134035523 -0.658108547238037
23.5166125175688 -0.681549227991635
23.5325116315854 -0.704310525652674
23.548410745602 -0.726369751264638
23.5643098596186 -0.747704915711709
23.5802089736352 -0.768294751637971
23.5961080876518 -0.78811873464719
23.6120072016683 -0.807157103761984
23.6279063156849 -0.825390881121977
23.6438054297015 -0.842801890901352
23.6597045437181 -0.859372777426914
23.6756036577347 -0.875087022478593
23.6915027717513 -0.889928961755181
23.7074018857678 -0.903883800488825
23.7233009997844 -0.916937628192787
23.739200113801 -0.92907743252773
23.7550992278176 -0.940291112272676
23.7709983418342 -0.950567489387784
23.7868974558508 -0.959896320156856
23.8027965698673 -0.968268305398507
23.8186956838839 -0.975675099735774
23.8345947979005 -0.98210931991498
23.8504939119171 -0.987564552165523
23.8663930259337 -0.992035358593258
23.8822921399503 -0.995517282601106
23.8981912539668 -0.998006853331494
23.9140903679834 -0.999501589126174
23.929989482 -1
23.9454166705327 -0.999501589126174
23.9608438590653 -0.998006853331493
23.976271047598 -0.995517282601106
23.9916982361307 -0.992035358593258
24.0071254246633 -0.987564552165523
24.022552613196 -0.98210931991498
24.0379798017286 -0.975675099735774
24.0534069902613 -0.968268305398508
24.068834178794 -0.959896320156857
24.0842613673266 -0.950567489387783
24.0996885558593 -0.940291112272676
24.115115744392 -0.92907743252773
24.1305429329246 -0.916937628192789
24.1459701214573 -0.903883800488824
24.16139730999 -0.889928961755179
24.1768244985226 -0.875087022478593
24.1922516870553 -0.859372777426913
24.2076788755879 -0.842801890901349
24.2231060641206 -0.825390881121976
24.2385332526533 -0.807157103761986
24.2539604411859 -0.788118734647194
24.2693876297186 -0.76829475163797
24.2848148182513 -0.747704915711709
24.3002420067839 -0.726369751264641
24.3156691953166 -0.70431052565267
24.3310963838492 -0.681549227991634
24.3465235723819 -0.658108547238039
24.3619507609146 -0.634011849572236
24.3773779494472 -0.609283155106516
24.3928051379799 -0.583947113941307
24.4082323265126 -0.558028981593443
24.4236595150452 -0.5315545938209
24.4390867035779 -0.504550340869178
24.4545138921106 -0.477043141164892
24.4699410806432 -0.449060414482918
24.4853682691759 -0.420630054613784
24.5007954577085 -0.391780401558496
24.5162226462412 -0.362540213278622
24.5316498347739 -0.332938637029761
24.5470770233065 -0.303005180306875
24.5625042118392 -0.2727696814306
24.5779314003719 -0.242262279803783
24.5933585889045 -0.21151338586782
24.6087857774372 -0.180553650788906
24.6242129659698 -0.14941393590426
24.6396401545025 -0.118125281958909
24.6550673430352 -0.0867188781635538
24.6704945315678 -0.0552260311045059
24.6859217201005 -0.0236781335366243
24.7013489086332 0.00789336690971065
24.7167760971658 0.0394569990762554
24.7322032856985 0.0709812996480162
24.7476304742312 0.102434844516612
24.7630576627638 0.133786280104482
24.7784848512965 0.1650043546188
24.7939120398291 0.196057949203977
24.8093392283618 0.226916108961587
24.8247664168945 0.257548073806898
24.8401936054271 0.287923309131166
24.8556207939598 0.318011536239236
24.8710479824925 0.347782762531984
24.8864751710251 0.377207311403576
24.9019023595578 0.406255851823787
24.9173295480905 0.434899427575795
24.9327567366231 0.463109486120348
24.9481839251558 0.490857907057592
24.9636111136884 0.51811703015808
24.9790383022211 0.544859682935071
24.9944654907538 0.571059207730694
25.0098926792864 0.596689488288853
25.0253198678191 0.621724975788496
25.0407470563518 0.64614071431121
25.0561742448844 0.669912365717853
25.0716014334171 0.693016233909333
25.0870286219497 0.715429288447371
25.1024558104824 0.737129187511777
25.1178829990151 0.758094300171247
25.1333101875477 0.77830372794553
25.1487373760804 0.797737325637518
25.1641645646131 0.816375721414401
25.1795917531457 0.834200336117918
25.1950189416784 0.851193401784494
25.2104461302111 0.867337979356713
25.2258733187437 0.882617975568548
25.2413005072764 0.897018158987463
25.256727695809 0.910524175197461
25.2721548843417 0.923122561107862
25.2875820728744 0.934800758373598
25.303009261407 0.945547125913666
25.3184364499397 0.955350951515196
25.3338636384724 0.964202462511612
25.349290827005 0.972092835524257
25.3647180155377 0.979014205257715
25.3801452040704 0.984959672340111
25.395572392603 0.989923310200557
25.4109995811357 0.993900170976887
25.4264267696683 0.996886290447793
25.441853958201 0.998878691984444
25.4572811467337 0.999875389517657
25.4727083352663 0.999875389517657
25.488135523799 0.998878691984444
25.5035627123317 0.996886290447793
25.5189899008643 0.993900170976887
25.534417089397 0.989923310200557
25.5498442779296 0.984959672340111
25.5652714664623 0.979014205257715
25.580698654995 0.972092835524257
25.5961258435276 0.964202462511612
25.6115530320603 0.955350951515196
25.626980220593 0.945547125913666
25.6424074091256 0.934800758373598
25.6578345976583 0.923122561107862
25.673261786191 0.910524175197461
25.6886889747236 0.897018158987463
25.7041161632563 0.882617975568548
25.7195433517889 0.867337979356713
25.7349705403216 0.851193401784494
25.7503977288543 0.834200336117918
25.7658249173869 0.816375721414397
25.7812521059196 0.797737325637518
25.7966792944523 0.77830372794553
25.8121064829849 0.758094300171247
25.8275336715176 0.737129187511777
25.8429608600503 0.715429288447372
25.8583880485829 0.693016233909334
25.8738152371156 0.669912365717854
25.8892424256482 0.646140714311209
25.9046696141809 0.621724975788497
25.9200968027136 0.596689488288854
25.9355239912462 0.571059207730694
25.9509511797789 0.544859682935072
25.9663783683116 0.518117030158074
25.9818055568442 0.490857907057592
25.9972327453769 0.463109486120348
26.0126599339095 0.434899427575796
26.0280871224422 0.406255851823787
26.0435143109749 0.377207311403576
26.0589414995075 0.347782762531985
26.0743686880402 0.318011536239235
26.0897958765729 0.287923309131166
26.1052230651055 0.257548073806898
26.1206502536382 0.226916108961594
26.1360774421709 0.196057949203977
26.1515046307035 0.1650043546188
26.1669318192362 0.133786280104475
26.1823590077688 0.102434844516612
26.1977861963015 0.0709812996480162
26.2132133848342 0.0394569990762554
26.2286405733668 0.00789336690971111
26.2440677618995 -0.0236781335366239
26.2594949504322 -0.0552260311045057
26.2749221389648 -0.086718878163554
26.2903493274975 -0.118125281958908
26.3057765160301 -0.14941393590426
26.3212037045628 -0.180553650788899
26.3366308930955 -0.21151338586782
26.3520580816281 -0.242262279803782
26.3674852701608 -0.2727696814306
26.3829124586935 -0.303005180306875
26.3983396472261 -0.33293863702976
26.4137668357588 -0.362540213278622
26.4291940242915 -0.391780401558495
26.4446212128241 -0.420630054613784
26.4600484013568 -0.449060414482918
26.4754755898894 -0.477043141164892
26.4909027784221 -0.504550340869178
26.5063299669548 -0.5315545938209
26.5217571554874 -0.558028981593437
26.5371843440201 -0.583947113941307
26.5526115325528 -0.609283155106516
26.5680387210854 -0.634011849572242
26.5834659096181 -0.658108547238039
26.5988930981508 -0.681549227991634
26.6143202866834 -0.704310525652671
26.6297474752161 -0.726369751264641
26.6451746637487 -0.747704915711709
26.6606018522814 -0.768294751637969
26.6760290408141 -0.788118734647195
26.6914562293467 -0.807157103761986
26.7068834178794 -0.825390881121975
26.7223106064121 -0.842801890901348
26.7377377949447 -0.859372777426912
26.7531649834774 -0.875087022478593
26.76859217201 -0.889928961755179
26.7840193605427 -0.903883800488824
26.7994465490754 -0.916937628192789
26.814873737608 -0.92907743252773
26.8303009261407 -0.940291112272677
26.8457281146734 -0.950567489387783
26.861155303206 -0.959896320156856
26.8765824917387 -0.968268305398508
26.8920096802714 -0.975675099735774
26.907436868804 -0.98210931991498
26.9228640573367 -0.987564552165523
26.9382912458693 -0.992035358593258
26.953718434402 -0.995517282601106
26.9691456229347 -0.998006853331493
26.9845728114673 -0.999501589126174
27 -1
