0 -1
0.018813841779397 -0.999501589126174
0.037627683558794 -0.998006853331493
0.056441525338191 -0.995517282601106
0.0752553671175879 -0.992035358593258
0.0940692088969849 -0.987564552165524
0.112883050676382 -0.98210931991498
0.131696892455779 -0.975675099735774
0.150510734235176 -0.968268305398507
0.169324576014573 -0.959896320156857
0.18813841779397 -0.950567489387783
0.206952259573367 -0.940291112272676
0.225766101352764 -0.929077432527731
0.244579943132161 -0.916937628192789
0.263393784911558 -0.903883800488824
0.282207626690955 -0.88992896175518
0.301021468470352 -0.875087022478594
0.319835310249749 -0.859372777426912
0.338649152029146 -0.842801890901351
0.357462993808543 -0.825390881121976
0.37627683558794 -0.807157103761985
0.395090677367337 -0.788118734647192
0.413904519146734 -0.768294751637971
0.432718360926131 -0.747704915711709
0.451532202705528 -0.726369751264639
0.470346044484925 -0.704310525652672
0.489159886264322 -0.681549227991634
0.507973728043719 -0.658108547238038
0.526787569823116 -0.634011849572239
0.545601411602513 -0.609283155106517
0.56441525338191 -0.583947113941306
0.583229095161306 -0.55802898159344
0.602042936940704 -0.531554593820901
0.6208567787201 -0.504550340869177
0.639670620499497 -0.47704314116489
0.658484462278894 -0.44906041448292
0.677298304058292 -0.420630054613784
0.696112145837689 -0.391780401558493
0.714925987617085 -0.362540213278625
0.733739829396482 -0.332938637029761
0.752553671175879 -0.303005180306873
0.771367512955276 -0.272769681430603
0.790181354734673 -0.242262279803783
0.80899519651407 -0.211513385867819
0.827809038293467 -0.180553650788902
0.846622880072864 -0.149413935904261
0.865436721852261 -0.118125281958908
0.884250563631658 -0.0867188781635507
0.903064405411055 -0.0552260311045082
0.921878247190452 -0.0236781335366239
0.940692088969849 0.00789336690971309
0.959505930749246 0.0394569990762525
0.978319772528643 0.070981299648016
0.99713361430804 0.102434844516613
1.01594745608744 0.133786280104479
1.03476129786683 0.165004354618799
1.05357513964623 0.196057949203978
1.07238898142563 0.22691610896159
1.09120282320503 0.257548073806897
1.11001666498442 0.287923309131166
1.12883050676382 0.318011536239238
1.14764434854322 0.347782762531982
1.16645819032261 0.377207311403576
1.18527203210201 0.406255851823789
1.20408587388141 0.434899427575793
1.2228997156608 0.463109486120348
1.2417135574402 0.490857907057594
1.2605273992196 0.518117030158078
1.27934124099899 0.54485968293507
1.29815508277839 0.571059207730694
1.31696892455779 0.596689488288856
1.33578276633719 0.621724975788495
1.35459660811658 0.64614071431121
1.37341044989598 0.669912365717855
1.39222429167538 0.693016233909332
1.41103813345477 0.715429288447371
1.42985197523417 0.737129187511779
1.44866581701357 0.758094300171246
1.46747965879296 0.77830372794553
1.48629350057236 0.797737325637519
1.50510734235176 0.816375721414399
1.52392118413116 0.834200336117917
1.54273502591055 0.851193401784495
1.56154886768995 0.867337979356715
1.58036270946935 0.882617975568547
1.59917655124874 0.897018158987464
1.61799039302814 0.910524175197462
1.63680423480754 0.923122561107861
1.65561807658693 0.934800758373598
1.67443191836633 0.945547125913667
1.69324576014573 0.955350951515195
1.71205960192513 0.964202462511612
1.73087344370452 0.972092835524257
1.74968728548392 0.979014205257714
1.76850112726332 0.984959672340111
1.78731496904271 0.989923310200557
1.80612881082211 0.993900170976888
1.82494265260151 0.996886290447793
1.8437564943809 0.998878691984444
1.8625703361603 0.999875389517657
1.8813841779397 0.999875389517657
1.9001980197191 0.998878691984444
1.91901186149849 0.996886290447793
1.93782570327789 0.993900170976888
1.95663954505729 0.989923310200557
1.97545338683668 0.984959672340111
1.99426722861608 0.979014205257715
2.01308107039548 0.972092835524257
2.03189491217487 0.964202462511612
2.05070875395427 0.955350951515195
2.06952259573367 0.945547125913667
2.08833643751307 0.934800758373598
2.10715027929246 0.923122561107861
2.12596412107186 0.910524175197462
2.14477796285126 0.897018158987463
2.16359180463065 0.882617975568547
2.18240564641005 0.867337979356715
2.20121948818945 0.851193401784495
2.22003332996884 0.834200336117918
2.23884717174824 0.816375721414399
2.25766101352764 0.797737325637519
2.27647485530704 0.77830372794553
2.29528869708643 0.758094300171246
2.31410253886583 0.737129187511779
2.33291638064523 0.715429288447371
2.35173022242462 0.693016233909332
2.37054406420402 0.669912365717855
2.38935790598342 0.646140714311209
2.40817174776281 0.621724975788495
2.42698558954221 0.596689488288856
2.44579943132161 0.571059207730695
2.464613273101 0.544859682935071
2.4834271148804 0.518117030158078
2.5022409566598 0.490857907057594
2.5210547984392 0.463109486120348
2.53986864021859 0.434899427575793
2.55868248199799 0.40625585182379
2.57749632377739 0.377207311403576
2.59631016555678 0.347782762531983
2.61512400733618 0.318011536239239
2.63393784911558 0.287923309131167
2.65275169089497 0.257548073806897
2.67156553267437 0.22691610896159
2.69037937445377 0.196057949203978
2.70919321623317 0.165004354618799
2.72800705801256 0.13378628010448
2.74682089979196 0.102434844516614
2.76563474157136 0.0709812996480162
2.78444858335075 0.0394569990762527
2.80326242513015 0.00789336690971289
2.82207626690955 -0.0236781335366239
2.84089010868894 -0.0552260311045084
2.85970395046834 -0.0867188781635496
2.87851779224774 -0.118125281958907
2.89733163402714 -0.149413935904261
2.91614547580653 -0.180553650788902
2.93495931758593 -0.211513385867819
2.95377315936533 -0.242262279803783
2.97258700114472 -0.272769681430602
2.99140084292412 -0.303005180306871
3.01021468470352 -0.332938637029761
3.02902852648291 -0.362540213278625
3.04784236826231 -0.391780401558493
3.06665621004171 -0.420630054613784
3.08547005182111 -0.44906041448292
3.1042838936005 -0.477043141164889
3.1230977353799 -0.504550340869177
3.1419115771593 -0.531554593820901
3.16072541893869 -0.558028981593441
3.17953926071809 -0.583947113941306
3.19835310249749 -0.609283155106517
3.21716694427688 -0.634011849572238
3.23598078605628 -0.658108547238037
3.25479462783568 -0.681549227991634
3.27360846961508 -0.704310525652672
3.29242231139447 -0.72636975126464
3.31123615317387 -0.747704915711709
3.33004999495327 -0.768294751637971
3.34886383673266 -0.788118734647192
3.36767767851206 -0.807157103761985
3.38649152029146 -0.825390881121976
3.40530536207085 -0.842801890901351
3.42411920385025 -0.859372777426912
3.44293304562965 -0.875087022478593
3.46174688740905 -0.88992896175518
3.48056072918844 -0.903883800488823
3.49937457096784 -0.916937628192789
3.51818841274724 -0.92907743252773
3.53700225452663 -0.940291112272676
3.55581609630603 -0.950567489387783
3.57462993808543 -0.959896320156857
3.59344377986482 -0.968268305398507
3.61225762164422 -0.975675099735774
3.63107146342362 -0.98210931991498
3.64988530520302 -0.987564552165524
3.66869914698241 -0.992035358593258
3.68751298876181 -0.995517282601106
3.70632683054121 -0.998006853331493
3.7251406723206 -0.999501589126174
3.7439545141 -1
3.75988405834422 -0.999501589126174
3.77581360258844 -0.998006853331493
3.79174314683266 -0.995517282601106
3.80767269107688 -0.992035358593258
3.82360223532111 -0.987564552165524
3.83953177956533 -0.98210931991498
3.85546132380955 -0.975675099735774
3.87139086805377 -0.968268305398507
3.88732041229799 -0.959896320156857
3.90324995654221 -0.950567489387783
3.91917950078643 -0.940291112272676
3.93510904503065 -0.929077432527731
3.95103858927487 -0.916937628192789
3.9669681335191 -0.903883800488824
3.98289767776332 -0.88992896175518
3.99882722200754 -0.875087022478594
4.01475676625176 -0.859372777426912
4.03068631049598 -0.84280189090135
4.0466158547402 -0.825390881121976
4.06254539898442 -0.807157103761985
4.07847494322864 -0.788118734647192
4.09440448747286 -0.76829475163797
4.11033403171709 -0.747704915711708
4.12626357596131 -0.726369751264639
4.14219312020553 -0.704310525652672
4.15812266444975 -0.681549227991633
4.17405220869397 -0.658108547238037
4.18998175293819 -0.634011849572238
4.20591129718241 -0.609283155106516
4.22184084142663 -0.583947113941306
4.23777038567085 -0.55802898159344
4.25369992991508 -0.531554593820901
4.2696294741593 -0.504550340869177
4.28555901840352 -0.477043141164889
4.30148856264774 -0.44906041448292
4.31741810689196 -0.420630054613784
4.33334765113618 -0.391780401558493
4.3492771953804 -0.362540213278624
4.36520673962462 -0.33293863702976
4.38113628386884 -0.303005180306872
4.39706582811307 -0.272769681430603
4.41299537235729 -0.242262279803783
4.42892491660151 -0.211513385867818
4.44485446084573 -0.180553650788901
4.46078400508995 -0.14941393590426
4.47671354933417 -0.118125281958907
4.49264309357839 -0.0867188781635501
4.50857263782261 -0.0552260311045075
4.52450218206683 -0.0236781335366234
4.54043172631106 0.00789336690971398
4.55636127055528 0.0394569990762534
4.5722908147995 0.0709812996480164
4.58822035904372 0.102434844516614
4.60414990328794 0.13378628010448
4.62007944753216 0.1650043546188
4.63600899177638 0.196057949203978
4.6519385360206 0.226916108961591
4.66786808026482 0.257548073806897
4.68379762450905 0.287923309131167
4.69972716875327 0.318011536239239
4.71565671299749 0.347782762531983
4.73158625724171 0.377207311403577
4.74751580148593 0.406255851823789
4.76344534573015 0.434899427575793
4.77937488997437 0.463109486120348
4.79530443421859 0.490857907057594
4.81123397846281 0.518117030158078
4.82716352270704 0.544859682935071
4.84309306695126 0.571059207730695
4.85902261119548 0.596689488288856
4.8749521554397 0.621724975788496
4.89088169968392 0.64614071431121
4.90681124392814 0.669912365717856
4.92274078817236 0.693016233909332
4.93867033241658 0.715429288447372
4.9545998766608 0.737129187511779
4.97052942090503 0.758094300171246
4.98645896514925 0.77830372794553
5.00238850939347 0.79773732563752
5.01831805363769 0.816375721414399
5.03424759788191 0.834200336117918
5.05017714212613 0.851193401784495
5.06610668637035 0.867337979356715
5.08203623061457 0.882617975568547
5.09796577485879 0.897018158987464
5.11389531910302 0.910524175197462
5.12982486334724 0.923122561107861
5.14575440759146 0.934800758373598
5.16168395183568 0.945547125913667
5.1776134960799 0.955350951515195
5.19354304032412 0.964202462511612
5.20947258456834 0.972092835524257
5.22540212881256 0.979014205257715
5.24133167305678 0.984959672340111
5.25726121730101 0.989923310200557
5.27319076154523 0.993900170976888
5.28912030578945 0.996886290447793
5.30504985003367 0.998878691984444
5.32097939427789 0.999875389517657
5.33690893852211 0.999875389517657
5.35283848276633 0.998878691984444
5.36876802701055 0.996886290447793
5.38469757125477 0.993900170976888
5.400627115499 0.989923310200557
5.41655665974322 0.98495967234011
5.43248620398744 0.979014205257714
5.44841574823166 0.972092835524257
5.46434529247588 0.964202462511612
5.4802748367201 0.955350951515195
5.49620438096432 0.945547125913667
5.51213392520854 0.934800758373598
5.52806346945276 0.923122561107861
5.54399301369699 0.910524175197462
5.55992255794121 0.897018158987463
5.57585210218543 0.882617975568547
5.59178164642965 0.867337979356715
5.60771119067387 0.851193401784495
5.62364073491809 0.834200336117917
5.63957027916231 0.816375721414399
5.65549982340653 0.797737325637519
5.67142936765075 0.77830372794553
5.68735891189498 0.758094300171246
5.7032884561392 0.737129187511779
5.71921800038342 0.715429288447371
5.73514754462764 0.693016233909332
5.75107708887186 0.669912365717855
5.76700663311608 0.646140714311209
5.7829361773603 0.621724975788495
5.79886572160452 0.596689488288856
5.81479526584874 0.571059207730695
5.83072481009297 0.54485968293507
5.84665435433719 0.518117030158077
5.86258389858141 0.490857907057594
5.87851344282563 0.463109486120348
5.89444298706985 0.434899427575793
5.91037253131407 0.406255851823789
5.92630207555829 0.377207311403576
5.94223161980251 0.347782762531982
5.95816116404673 0.318011536239238
5.97409070829096 0.287923309131167
5.99002025253518 0.257548073806896
6.0059497967794 0.22691610896159
6.02187934102362 0.196057949203978
6.03780888526784 0.1650043546188
6.05373842951206 0.133786280104479
6.06966797375628 0.102434844516613
6.0855975180005 0.0709812996480153
6.10152706224472 0.0394569990762527
6.11745660648895 0.00789336690971289
6.13338615073317 -0.0236781335366239
6.14931569497739 -0.0552260311045084
6.16524523922161 -0.0867188781635505
6.18117478346583 -0.118125281958908
6.19710432771005 -0.149413935904261
6.21303387195427 -0.180553650788902
6.22896341619849 -0.211513385867819
6.24489296044271 -0.242262279803783
6.26082250468694 -0.272769681430603
6.27675204893116 -0.303005180306873
6.29268159317538 -0.332938637029761
6.3086111374196 -0.362540213278624
6.32454068166382 -0.391780401558493
6.34047022590804 -0.420630054613784
6.35639977015226 -0.449060414482921
6.37232931439648 -0.47704314116489
6.3882588586407 -0.504550340869178
6.40418840288492 -0.531554593820901
6.42011794712915 -0.55802898159344
6.43604749137337 -0.583947113941306
6.45197703561759 -0.609283155106517
6.46790657986181 -0.634011849572238
6.48383612410603 -0.658108547238037
6.49976566835025 -0.681549227991633
6.51569521259447 -0.704310525652672
6.53162475683869 -0.726369751264639
6.54755430108291 -0.747704915711709
6.56348384532714 -0.768294751637971
6.57941338957136 -0.788118734647193
6.59534293381558 -0.807157103761986
6.6112724780598 -0.825390881121976
6.62720202230402 -0.842801890901351
6.64313156654824 -0.859372777426912
6.65906111079246 -0.875087022478594
6.67499065503668 -0.88992896175518
6.6909201992809 -0.903883800488824
6.70684974352513 -0.916937628192789
6.72277928776935 -0.92907743252773
6.73870883201357 -0.940291112272675
6.75463837625779 -0.950567489387783
6.77056792050201 -0.959896320156857
6.78649746474623 -0.968268305398507
6.80242700899045 -0.975675099735774
6.81835655323467 -0.98210931991498
6.83428609747889 -0.987564552165524
6.85021564172312 -0.992035358593258
6.86614518596734 -0.995517282601106
6.88207473021156 -0.998006853331493
6.89800427445578 -0.999501589126174
6.9139338187 -1
6.92938877460905 -0.999501589126174
6.94484373051809 -0.998006853331493
6.96029868642714 -0.995517282601106
6.97575364233618 -0.992035358593258
6.99120859824523 -0.987564552165524
7.00666355415427 -0.982109319914981
7.02211851006332 -0.975675099735774
7.03757346597236 -0.968268305398507
7.05302842188141 -0.959896320156857
7.06848337779045 -0.950567489387783
7.0839383336995 -0.940291112272675
7.09939328960854 -0.92907743252773
7.11484824551759 -0.916937628192788
7.13030320142663 -0.903883800488824
7.14575815733568 -0.88992896175518
7.16121311324472 -0.875087022478594
7.17666806915377 -0.859372777426912
7.19212302506281 -0.842801890901351
7.20757798097186 -0.825390881121976
7.22303293688091 -0.807157103761985
7.23848789278995 -0.788118734647192
7.25394284869899 -0.768294751637971
7.26939780460804 -0.747704915711709
7.28485276051709 -0.72636975126464
7.30030771642613 -0.704310525652672
7.31576267233518 -0.681549227991634
7.33121762824422 -0.658108547238037
7.34667258415327 -0.634011849572238
7.36212754006231 -0.609283155106516
7.37758249597136 -0.583947113941307
7.3930374518804 -0.558028981593441
7.40849240778945 -0.531554593820902
7.42394736369849 -0.504550340869178
7.43940231960754 -0.47704314116489
7.45485727551658 -0.44906041448292
7.47031223142563 -0.420630054613784
7.48576718733467 -0.391780401558493
7.50122214324372 -0.362540213278624
7.51667709915276 -0.332938637029762
7.53213205506181 -0.303005180306873
7.54758701097085 -0.272769681430604
7.5630419668799 -0.242262279803783
7.57849692278895 -0.211513385867819
7.59395187869799 -0.180553650788902
7.60940683460704 -0.149413935904261
7.62486179051608 -0.118125281958907
7.64031674642513 -0.0867188781635501
7.65577170233417 -0.055226031104509
7.67122665824322 -0.0236781335366245
7.68668161415226 0.00789336690971264
7.70213657006131 0.0394569990762525
7.71759152597035 0.0709812996480158
7.7330464818794 0.102434844516614
7.74850143778844 0.133786280104479
7.76395639369749 0.1650043546188
7.77941134960653 0.196057949203979
7.79486630551558 0.226916108961589
7.81032126142462 0.257548073806896
7.82577621733367 0.287923309131166
7.84123117324271 0.318011536239238
7.85668612915176 0.347782762531983
7.8721410850608 0.377207311403576
7.88759604096985 0.406255851823789
7.9030509968789 0.434899427575793
7.91850595278794 0.463109486120348
7.93396090869699 0.490857907057593
7.94941586460603 0.518117030158077
7.96487082051508 0.54485968293507
7.98032577642412 0.571059207730695
7.99578073233317 0.596689488288856
8.01123568824221 0.621724975788494
8.02669064415126 0.64614071431121
8.0421456000603 0.669912365717854
8.05760055596935 0.693016233909332
8.07305551187839 0.715429288447371
8.08851046778744 0.73712918751178
8.10396542369648 0.758094300171245
8.11942037960553 0.778303727945531
8.13487533551457 0.797737325637519
8.15033029142362 0.816375721414398
8.16578524733266 0.834200336117918
8.18124020324171 0.851193401784494
8.19669515915075 0.867337979356715
8.2121501150598 0.882617975568547
8.22760507096885 0.897018158987464
8.24306002687789 0.910524175197462
8.25851498278693 0.92312256110786
8.27396993869598 0.934800758373599
8.28942489460503 0.945547125913667
8.30487985051407 0.955350951515195
8.32033480642312 0.964202462511611
8.33578976233216 0.972092835524257
8.35124471824121 0.979014205257714
8.36669967415025 0.98495967234011
8.3821546300593 0.989923310200557
8.39760958596834 0.993900170976888
8.41306454187739 0.996886290447793
8.42851949778643 0.998878691984444
8.44397445369548 0.999875389517657
8.45942940960452 0.999875389517657
8.47488436551357 0.998878691984444
8.49033932142261 0.996886290447793
8.50579427733166 0.993900170976888
8.5212492332407 0.989923310200557
8.53670418914975 0.984959672340111
8.55215914505879 0.979014205257714
8.56761410096784 0.972092835524257
8.58306905687689 0.964202462511612
8.59852401278593 0.955350951515195
8.61397896869498 0.945547125913667
8.62943392460402 0.934800758373599
8.64488888051307 0.923122561107862
8.66034383642211 0.910524175197462
8.67579879233116 0.897018158987464
8.6912537482402 0.882617975568547
8.70670870414925 0.867337979356715
8.72216366005829 0.851193401784494
8.73761861596734 0.834200336117918
8.75307357187638 0.816375721414401
8.76852852778543 0.79773732563752
8.78398348369447 0.778303727945529
8.79943843960352 0.758094300171245
8.81489339551256 0.73712918751178
8.83034835142161 0.715429288447371
8.84580330733065 0.693016233909333
8.8612582632397 0.669912365717854
8.87671321914874 0.64614071431121
8.89216817505779 0.621724975788495
8.90762313096683 0.596689488288856
8.92307808687588 0.571059207730696
8.93853304278493 0.54485968293507
8.95398799869397 0.518117030158079
8.96944295460302 0.490857907057593
8.98489791051206 0.463109486120349
9.00035286642111 0.434899427575792
9.01580782233015 0.40625585182379
9.0312627782392 0.377207311403575
9.04671773414824 0.347782762531982
9.06217269005729 0.318011536239237
9.07762764596633 0.287923309131166
9.09308260187538 0.257548073806898
9.10853755778442 0.22691610896159
9.12399251369347 0.196057949203979
9.13944746960251 0.165004354618798
9.15490242551156 0.13378628010448
9.1703573814206 0.102434844516612
9.18581233732965 0.0709812996480162
9.20126729323869 0.0394569990762545
9.21672224914774 0.00789336690971289
9.23217720505679 -0.0236781335366256
9.24763216096583 -0.0552260311045093
9.26308711687487 -0.0867188781635505
9.27854207278392 -0.118125281958909
9.29399702869297 -0.14941393590426
9.30945198460201 -0.1805536507889
9.32490694051106 -0.211513385867819
9.3403618964201 -0.242262279803781
9.35581685232915 -0.272769681430603
9.37127180823819 -0.303005180306871
9.38672676414724 -0.332938637029762
9.40218172005628 -0.362540213278624
9.41763667596533 -0.391780401558495
9.43309163187437 -0.420630054613784
9.44854658778342 -0.449060414482922
9.46400154369246 -0.47704314116489
9.47945649960151 -0.504550340869176
9.49491145551055 -0.531554593820901
9.5103664114196 -0.558028981593439
9.52582136732864 -0.583947113941307
9.54127632323769 -0.609283155106516
9.55673127914674 -0.63401184957224
9.57218623505578 -0.658108547238037
9.58764119096482 -0.681549227991632
9.60309614687387 -0.704310525652672
9.61855110278291 -0.726369751264638
9.63400605869196 -0.74770491571171
9.64946101460101 -0.76829475163797
9.66491597051005 -0.788118734647193
9.6803709264191 -0.807157103761985
9.69582588232814 -0.825390881121975
9.71128083823719 -0.84280189090135
9.72673579414623 -0.859372777426913
9.74219075005528 -0.875087022478594
9.75764570596432 -0.889928961755179
9.77310066187337 -0.903883800488824
9.78855561778241 -0.916937628192788
9.80401057369146 -0.92907743252773
9.8194655296005 -0.940291112272675
9.83492048550955 -0.950567489387783
9.85037544141859 -0.959896320156857
9.86583039732764 -0.968268305398507
9.88128535323668 -0.975675099735774
9.89674030914573 -0.98210931991498
9.91219526505478 -0.987564552165524
9.92765022096382 -0.992035358593258
9.94310517687287 -0.995517282601106
9.95856013278191 -0.998006853331493
9.97401508869096 -0.999501589126174
9.9894700446 -1
10.0089670338487 -0.999501589126174
10.0284640230975 -0.998006853331493
10.0479610123462 -0.995517282601106
10.067458001595 -0.992035358593258
10.0869549908437 -0.987564552165524
10.1064519800925 -0.98210931991498
10.1259489693412 -0.975675099735773
10.14544595859 -0.968268305398507
10.1649429478387 -0.959896320156857
10.1844399370874 -0.950567489387783
10.2039369263362 -0.940291112272676
10.2234339155849 -0.929077432527731
10.2429309048337 -0.916937628192789
10.2624278940824 -0.903883800488824
10.2819248833312 -0.889928961755181
10.3014218725799 -0.875087022478593
10.3209188618286 -0.859372777426911
10.3404158510774 -0.84280189090135
10.3599128403261 -0.825390881121976
10.3794098295749 -0.807157103761985
10.3989068188236 -0.788118734647192
10.4184038080724 -0.768294751637971
10.4379007973211 -0.747704915711709
10.4573977865698 -0.72636975126464
10.4768947758186 -0.704310525652673
10.4963917650673 -0.681549227991635
10.5158887543161 -0.658108547238037
10.5353857435648 -0.634011849572238
10.5548827328136 -0.609283155106516
10.5743797220623 -0.583947113941306
10.5938767113111 -0.55802898159344
10.6133737005598 -0.531554593820902
10.6328706898085 -0.504550340869178
10.6523676790573 -0.47704314116489
10.671864668306 -0.449060414482921
10.6913616575548 -0.420630054613785
10.7108586468035 -0.391780401558492
10.7303556360523 -0.362540213278624
10.749852625301 -0.33293863702976
10.7693496145497 -0.303005180306872
10.7888466037985 -0.272769681430603
10.8083435930472 -0.242262279803783
10.827840582296 -0.211513385867819
10.8473375715447 -0.180553650788903
10.8668345607935 -0.149413935904262
10.8863315500422 -0.118125281958909
10.905828539291 -0.0867188781635523
10.9253255285397 -0.0552260311045068
10.9448225177884 -0.023678133536623
10.9643195070372 0.00789336690971375
10.9838164962859 0.0394569990762529
11.0033134855347 0.070981299648016
11.0228104747834 0.102434844516613
11.0423074640322 0.133786280104479
11.0618044532809 0.165004354618798
11.0813014425296 0.196057949203977
11.1007984317784 0.226916108961592
11.1202954210271 0.257548073806898
11.1397924102759 0.287923309131167
11.1592893995246 0.318011536239239
11.1787863887734 0.347782762531983
11.1982833780221 0.377207311403576
11.2177803672709 0.406255851823789
11.2372773565196 0.434899427575793
11.2567743457683 0.463109486120347
11.2762713350171 0.490857907057593
11.2957683242658 0.518117030158076
11.3152653135146 0.544859682935069
11.3347623027633 0.571059207730696
11.3542592920121 0.596689488288857
11.3737562812608 0.621724975788495
11.3932532705095 0.64614071431121
11.4127502597583 0.669912365717855
11.432247249007 0.693016233909332
11.4517442382558 0.715429288447371
11.4712412275045 0.737129187511779
11.4907382167533 0.758094300171245
11.510235206002 0.778303727945529
11.5297321952508 0.79773732563752
11.5492291844995 0.8163757214144
11.5687261737482 0.834200336117918
11.588223162997 0.851193401784495
11.6077201522457 0.867337979356715
11.6272171414945 0.882617975568547
11.6467141307432 0.897018158987463
11.666211119992 0.910524175197462
11.6857081092407 0.92312256110786
11.7052050984894 0.934800758373598
11.7247020877382 0.945547125913667
11.7441990769869 0.955350951515195
11.7636960662357 0.964202462511612
11.7831930554844 0.972092835524257
11.8026900447332 0.979014205257715
11.8221870339819 0.98495967234011
11.8416840232307 0.989923310200557
11.8611810124794 0.993900170976888
11.8806780017281 0.996886290447793
11.9001749909769 0.998878691984444
11.9196719802256 0.999875389517657
11.9391689694744 0.999875389517657
11.9586659587231 0.998878691984444
11.9781629479719 0.996886290447793
11.9976599372206 0.993900170976888
12.0171569264693 0.989923310200557
12.0366539157181 0.984959672340111
12.0561509049668 0.979014205257715
12.0756478942156 0.972092835524257
12.0951448834643 0.964202462511612
12.1146418727131 0.955350951515195
12.1341388619618 0.945547125913668
12.1536358512106 0.934800758373598
12.1731328404593 0.923122561107862
12.192629829708 0.910524175197462
12.2121268189568 0.897018158987463
12.2316238082055 0.882617975568547
12.2511207974543 0.867337979356715
12.270617786703 0.851193401784495
12.2901147759518 0.834200336117918
12.3096117652005 0.816375721414398
12.3291087544492 0.797737325637518
12.348605743698 0.778303727945529
12.3681027329467 0.758094300171245
12.3875997221955 0.737129187511778
12.4070967114442 0.715429288447371
12.426593700693 0.693016233909332
12.4460906899417 0.669912365717855
12.4655876791905 0.64614071431121
12.4850846684392 0.621724975788496
12.5045816576879 0.596689488288856
12.5240786469367 0.571059207730696
12.5435756361854 0.544859682935072
12.5630726254342 0.518117030158079
12.5825696146829 0.490857907057595
12.6020666039317 0.463109486120348
12.6215635931804 0.434899427575793
12.6410605824291 0.406255851823789
12.6605575716779 0.377207311403576
12.6800545609266 0.347782762531983
12.6995515501754 0.31801153623924
12.7190485394241 0.287923309131167
12.7385455286729 0.257548073806895
12.7580425179216 0.22691610896159
12.7775395071704 0.196057949203977
12.7970364964191 0.165004354618799
12.8165334856678 0.133786280104478
12.8360304749166 0.102434844516614
12.8555274641653 0.0709812996480162
12.8750244534141 0.0394569990762527
12.8945214426628 0.00789336690971467
12.9140184319116 -0.023678133536623
12.9335154211603 -0.0552260311045066
12.953012410409 -0.0867188781635523
12.9725093996578 -0.118125281958905
12.9920063889065 -0.149413935904259
13.0115033781553 -0.180553650788903
13.031000367404 -0.211513385867819
13.0504973566528 -0.242262279803783
13.0699943459015 -0.272769681430602
13.0894913351503 -0.303005180306872
13.108988324399 -0.332938637029763
13.1284853136477 -0.362540213278623
13.1479823028965 -0.391780401558495
13.1674792921452 -0.420630054613785
13.186976281394 -0.449060414482921
13.2064732706427 -0.47704314116489
13.2259702598915 -0.504550340869178
13.2454672491402 -0.531554593820901
13.2649642383889 -0.55802898159344
13.2844612276377 -0.583947113941305
13.3039582168864 -0.609283155106516
13.3234552061352 -0.634011849572238
13.3429521953839 -0.658108547238037
13.3624491846327 -0.681549227991633
13.3819461738814 -0.704310525652672
13.4014431631301 -0.726369751264638
13.4209401523789 -0.747704915711709
13.4404371416276 -0.768294751637971
13.4599341308764 -0.788118734647193
13.4794311201251 -0.807157103761985
13.4989281093739 -0.825390881121976
13.5184250986226 -0.842801890901351
13.5379220878714 -0.859372777426911
13.5574190771201 -0.875087022478594
13.5769160663688 -0.889928961755181
13.5964130556176 -0.903883800488824
13.6159100448663 -0.916937628192789
13.6354070341151 -0.929077432527731
13.6549040233638 -0.940291112272675
13.6744010126126 -0.950567489387783
13.6938980018613 -0.959896320156857
13.7133949911101 -0.968268305398507
13.7328919803588 -0.975675099735773
13.7523889696075 -0.98210931991498
13.7718859588563 -0.987564552165524
13.791382948105 -0.992035358593258
13.8108799373538 -0.995517282601106
13.8303769266025 -0.998006853331493
13.8498739158513 -0.999501589126174
13.8693709051 -1
13.8853888084508 -0.999501589126174
13.9014067118015 -0.998006853331493
13.9174246151523 -0.995517282601106
13.933442518503 -0.992035358593258
13.9494604218538 -0.987564552165524
13.9654783252045 -0.982109319914981
13.9814962285553 -0.975675099735774
13.997514131906 -0.968268305398508
14.0135320352568 -0.959896320156857
14.0295499386075 -0.950567489387783
14.0455678419583 -0.940291112272676
14.061585745309 -0.92907743252773
14.0776036486598 -0.916937628192789
14.0936215520106 -0.903883800488823
14.1096394553613 -0.88992896175518
14.1256573587121 -0.875087022478593
14.1416752620628 -0.859372777426911
14.1576931654136 -0.842801890901351
14.1737110687643 -0.825390881121977
14.1897289721151 -0.807157103761986
14.2057468754658 -0.788118734647193
14.2217647788166 -0.768294751637971
14.2377826821673 -0.747704915711709
14.2538005855181 -0.726369751264639
14.2698184888688 -0.704310525652672
14.2858363922196 -0.681549227991633
14.3018542955704 -0.658108547238037
14.3178721989211 -0.634011849572238
14.3338901022719 -0.609283155106515
14.3499080056226 -0.583947113941307
14.3659259089734 -0.558028981593441
14.3819438123241 -0.531554593820902
14.3979617156749 -0.504550340869178
14.4139796190256 -0.47704314116489
14.4299975223764 -0.44906041448292
14.4460154257271 -0.420630054613784
14.4620333290779 -0.391780401558493
14.4780512324286 -0.362540213278624
14.4940691357794 -0.33293863702976
14.5100870391302 -0.303005180306871
14.5261049424809 -0.272769681430601
14.5421228458317 -0.242262279803785
14.5581407491824 -0.21151338586782
14.5741586525332 -0.180553650788903
14.5901765558839 -0.149413935904262
14.6061944592347 -0.118125281958908
14.6222123625854 -0.0867188781635509
14.6382302659362 -0.0552260311045077
14.6542481692869 -0.0236781335366234
14.6702660726377 0.0078933669097142
14.6862839759884 0.0394569990762538
14.7023018793392 0.0709812996480175
14.7183197826899 0.102434844516612
14.7343376860407 0.133786280104478
14.7503555893915 0.165004354618798
14.7663734927422 0.196057949203977
14.782391396093 0.22691610896159
14.7984092994437 0.257548073806896
14.8144272027945 0.287923309131166
14.8304451061452 0.318011536239239
14.846463009496 0.347782762531983
14.8624809128467 0.377207311403577
14.8784988161975 0.40625585182379
14.8945167195482 0.434899427575794
14.910534622899 0.46310948612035
14.9265525262497 0.490857907057592
14.9425704296005 0.518117030158076
14.9585883329513 0.54485968293507
14.974606236302 0.571059207730694
14.9906241396528 0.596689488288856
15.0066420430035 0.621724975788495
15.0226599463543 0.64614071431121
15.038677849705 0.669912365717856
15.0546957530558 0.693016233909333
15.0707136564065 0.715429288447372
15.0867315597573 0.737129187511778
15.102749463108 0.758094300171244
15.1187673664588 0.778303727945529
15.1347852698095 0.797737325637519
15.1508031731603 0.816375721414399
15.1668210765111 0.834200336117917
15.1828389798618 0.851193401784495
15.1988568832126 0.867337979356715
15.2148747865633 0.882617975568547
15.2308926899141 0.897018158987464
15.2469105932648 0.910524175197463
15.2629284966156 0.923122561107861
15.2789463999663 0.934800758373599
15.2949643033171 0.945547125913667
15.3109822066678 0.955350951515194
15.3270001100186 0.964202462511611
15.3430180133693 0.972092835524257
15.3590359167201 0.979014205257714
15.3750538200709 0.98495967234011
15.3910717234216 0.989923310200557
15.4070896267724 0.993900170976888
15.4231075301231 0.996886290447793
15.4391254334739 0.998878691984444
15.4551433368246 0.999875389517657
15.4711612401754 0.999875389517657
15.4871791435261 0.998878691984444
15.5031970468769 0.996886290447793
15.5192149502276 0.993900170976888
15.5352328535784 0.989923310200557
15.5512507569291 0.984959672340111
15.5672686602799 0.979014205257715
15.5832865636307 0.972092835524257
15.5993044669814 0.964202462511612
15.6153223703322 0.955350951515194
15.6313402736829 0.945547125913667
15.6473581770337 0.934800758373598
15.6633760803844 0.92312256110786
15.6793939837352 0.910524175197463
15.6954118870859 0.897018158987464
15.7114297904367 0.882617975568547
15.7274476937874 0.867337979356715
15.7434655971382 0.851193401784495
15.7594835004889 0.834200336117918
15.7755014038397 0.816375721414399
15.7915193071905 0.797737325637519
15.8075372105412 0.778303727945529
15.823555113892 0.758094300171244
15.8395730172427 0.737129187511781
15.8555909205935 0.715429288447372
15.8716088239442 0.693016233909333
15.887626727295 0.669912365717856
15.9036446306457 0.64614071431121
15.9196625339965 0.621724975788495
15.9356804373472 0.596689488288856
15.951698340698 0.571059207730695
15.9677162440487 0.54485968293507
15.9837341473995 0.518117030158076
15.9997520507503 0.490857907057593
16.015769954101 0.463109486120347
16.0317878574518 0.434899427575792
16.0478057608025 0.406255851823787
16.0638236641533 0.377207311403574
16.079841567504 0.34778276253198
16.0958594708548 0.318011536239235
16.1118773742055 0.28792330913117
16.1278952775563 0.257548073806893
16.143913180907 0.226916108961594
16.1599310842578 0.196057949203981
16.1759489876085 0.165004354618802
16.1919668909593 0.133786280104481
16.2079847943101 0.102434844516616
16.2240026976608 0.070981299648018
16.2400206010116 0.0394569990762545
16.2560385043623 0.00789336690971467
16.2720564077131 -0.0236781335366239
16.2880743110638 -0.0552260311045075
16.3040922144146 -0.0867188781635505
16.3201101177653 -0.118125281958908
16.3361280211161 -0.149413935904261
16.3521459244668 -0.180553650788903
16.3681638278176 -0.21151338586782
16.3841817311683 -0.242262279803784
16.4001996345191 -0.272769681430605
16.4162175378699 -0.303005180306874
16.4322354412206 -0.332938637029764
16.4482533445714 -0.362540213278627
16.4642712479221 -0.391780401558495
16.4802891512729 -0.42063005461378
16.4963070546236 -0.449060414482923
16.5123249579744 -0.477043141164886
16.5283428613251 -0.504550340869181
16.5443607646759 -0.5315545938209
16.5603786680266 -0.558028981593438
16.5763965713774 -0.583947113941304
16.5924144747281 -0.609283155106515
16.6084323780789 -0.634011849572238
16.6244502814296 -0.658108547238036
16.6404681847804 -0.681549227991633
16.6564860881312 -0.704310525652672
16.6725039914819 -0.726369751264639
16.6885218948327 -0.747704915711709
16.7045397981834 -0.768294751637971
16.7205577015342 -0.788118734647193
16.7365756048849 -0.807157103761986
16.7525935082357 -0.825390881121977
16.7686114115864 -0.842801890901352
16.7846293149372 -0.859372777426913
16.8006472182879 -0.875087022478595
16.8166651216387 -0.889928961755181
16.8326830249894 -0.903883800488825
16.8487009283402 -0.91693762819279
16.864718831691 -0.929077432527732
16.8807367350417 -0.940291112272674
16.8967546383925 -0.950567489387782
16.9127725417432 -0.959896320156856
16.928790445094 -0.968268305398507
16.9448083484447 -0.975675099735773
16.9608262517955 -0.98210931991498
16.9768441551462 -0.987564552165524
16.992862058497 -0.992035358593258
17.0088799618477 -0.995517282601106
17.0248978651985 -0.998006853331493
17.0409157685492 -0.999501589126174
17.0569336719 -1
17.0658684208005 -0.999501589126174
17.074803169701 -0.998006853331493
17.0837379186015 -0.995517282601105
17.092672667502 -0.992035358593258
17.1016074164025 -0.987564552165523
17.110542165303 -0.98210931991498
17.1194769142035 -0.975675099735772
17.128411663104 -0.968268305398507
17.1373464120045 -0.959896320156855
17.146281160905 -0.950567489387783
17.1552159098055 -0.940291112272674
17.164150658706 -0.929077432527731
17.1730854076065 -0.916937628192786
17.182020156507 -0.903883800488824
17.1909549054075 -0.889928961755178
17.199889654308 -0.875087022478594
17.2088244032085 -0.859372777426909
17.217759152109 -0.842801890901351
17.2266939010096 -0.825390881121973
17.2356286499101 -0.807157103761986
17.2445633988106 -0.788118734647189
17.2534981477111 -0.768294751637971
17.2624328966116 -0.747704915711705
17.2713676455121 -0.72636975126464
17.2803023944126 -0.704310525652668
17.2892371433131 -0.681549227991634
17.2981718922136 -0.658108547238034
17.3071066411141 -0.634011849572239
17.3160413900146 -0.609283155106512
17.3249761389151 -0.583947113941307
17.3339108878156 -0.558028981593436
17.3428456367161 -0.531554593820902
17.3517803856166 -0.504550340869173
17.3607151345171 -0.477043141164891
17.3696498834176 -0.449060414482916
17.3785846323181 -0.420630054613785
17.3875193812186 -0.391780401558489
17.3964541301191 -0.362540213278626
17.4053888790196 -0.332938637029756
17.4143236279201 -0.303005180306874
17.4232583768206 -0.272769681430598
17.4321931257211 -0.242262279803784
17.4411278746216 -0.211513385867814
17.4500626235221 -0.180553650788904
17.4589973724226 -0.149413935904256
17.4679321213231 -0.118125281958909
17.4768668702236 -0.0867188781635461
17.4858016191241 -0.0552260311045097
17.4947363680246 -0.0236781335366194
17.5036711169251 0.00789336690971176
17.5126058658256 0.0394569990762574
17.5215406147261 0.0709812996480142
17.5304753636266 0.102434844516618
17.5394101125271 0.133786280104477
17.5483448614276 0.165004354618804
17.5572796103281 0.196057949203976
17.5662143592286 0.226916108961594
17.5751491081291 0.257548073806895
17.5840838570297 0.287923309131171
17.5930186059302 0.318011536239236
17.6019533548307 0.347782762531986
17.6108881037312 0.377207311403574
17.6198228526317 0.406255851823793
17.6287576015322 0.434899427575791
17.6376923504327 0.463109486120352
17.6466270993332 0.490857907057592
17.6555618482337 0.518117030158081
17.6644965971342 0.544859682935069
17.6734313460347 0.571059207730698
17.6823660949352 0.596689488288854
17.6913008438357 0.621724975788499
17.7002355927362 0.646140714311208
17.7091703416367 0.669912365717858
17.7181050905372 0.69301623390933
17.7270398394377 0.715429288447374
17.7359745883382 0.737129187511777
17.7449093372387 0.758094300171248
17.7538440861392 0.778303727945528
17.7627788350397 0.797737325637522
17.7717135839402 0.816375721414398
17.7806483328407 0.834200336117919
17.7895830817412 0.851193401784493
17.7985178306417 0.867337979356716
17.8074525795422 0.882617975568546
17.8163873284427 0.897018158987465
17.8253220773432 0.910524175197461
17.8342568262437 0.923122561107862
17.8431915751442 0.934800758373597
17.8521263240447 0.945547125913668
17.8610610729452 0.955350951515194
17.8699958218457 0.964202462511613
17.8789305707462 0.972092835524256
17.8878653196467 0.979014205257715
17.8968000685472 0.98495967234011
17.9057348174477 0.989923310200558
17.9146695663482 0.993900170976887
17.9236043152487 0.996886290447793
17.9325390641492 0.998878691984443
17.9414738130498 0.999875389517657
17.9504085619503 0.999875389517657
17.9593433108508 0.998878691984443
17.9682780597513 0.996886290447793
17.9772128086518 0.993900170976887
17.9861475575523 0.989923310200558
17.9950823064528 0.98495967234011
18.0040170553533 0.979014205257715
18.0129518042538 0.972092835524256
18.0218865531543 0.964202462511613
18.0308213020548 0.955350951515194
18.0397560509553 0.945547125913668
18.0486907998558 0.934800758373597
18.0576255487563 0.923122561107862
18.0665602976568 0.910524175197461
18.0754950465573 0.897018158987465
18.0844297954578 0.882617975568546
18.0933645443583 0.867337979356716
18.1022992932588 0.851193401784493
18.1112340421593 0.83420033611792
18.1201687910598 0.816375721414398
18.1291035399603 0.797737325637522
18.1380382888608 0.778303727945528
18.1469730377613 0.758094300171248
18.1559077866618 0.737129187511777
18.1648425355623 0.715429288447374
18.1737772844628 0.69301623390933
18.1827120333633 0.669912365717858
18.1916467822638 0.646140714311208
18.2005815311643 0.621724975788499
18.2095162800648 0.596689488288854
18.2184510289653 0.571059207730699
18.2273857778658 0.544859682935069
18.2363205267663 0.518117030158081
18.2452552756668 0.490857907057592
18.2541900245673 0.463109486120352
18.2631247734678 0.434899427575792
18.2720595223683 0.406255851823793
18.2809942712688 0.377207311403575
18.2899290201693 0.347782762531987
18.2988637690699 0.318011536239236
18.3077985179704 0.287923309131171
18.3167332668709 0.257548073806895
18.3256680157714 0.226916108961595
18.3346027646719 0.196057949203976
18.3435375135724 0.165004354618803
18.3524722624729 0.133786280104478
18.3614070113734 0.102434844516618
18.3703417602739 0.0709812996480145
18.3792765091744 0.039456999076258
18.3882112580749 0.007893366909712
18.3971460069754 -0.0236781335366194
18.4060807558759 -0.0552260311045101
18.4150155047764 -0.0867188781635461
18.4239502536769 -0.118125281958909
18.4328850025774 -0.149413935904255
18.4418197514779 -0.180553650788903
18.4507545003784 -0.211513385867814
18.4596892492789 -0.242262279803785
18.4686239981794 -0.272769681430598
18.4775587470799 -0.303005180306874
18.4864934959804 -0.332938637029757
18.4954282448809 -0.362540213278626
18.5043629937814 -0.391780401558488
18.5132977426819 -0.420630054613785
18.5222324915824 -0.449060414482915
18.5311672404829 -0.47704314116489
18.5401019893834 -0.504550340869173
18.5490367382839 -0.531554593820903
18.5579714871844 -0.558028981593436
18.5669062360849 -0.583947113941307
18.5758409849854 -0.609283155106512
18.5847757338859 -0.634011849572239
18.5937104827864 -0.658108547238033
18.6026452316869 -0.681549227991635
18.6115799805874 -0.704310525652668
18.6205147294879 -0.72636975126464
18.6294494783884 -0.747704915711705
18.6383842272889 -0.768294751637971
18.6473189761894 -0.788118734647189
18.65625372509 -0.807157103761986
18.6651884739905 -0.825390881121973
18.674123222891 -0.842801890901351
18.6830579717915 -0.859372777426909
18.691992720692 -0.875087022478594
18.7009274695925 -0.889928961755178
18.709862218493 -0.903883800488824
18.7187969673935 -0.916937628192786
18.727731716294 -0.92907743252773
18.7366664651945 -0.940291112272678
18.745601214095 -0.950567489387783
18.7545359629955 -0.959896320156855
18.763470711896 -0.968268305398507
18.7724054607965 -0.975675099735775
18.781340209697 -0.98210931991498
18.7902749585975 -0.987564552165523
18.799209707498 -0.992035358593258
18.8081444563985 -0.995517282601107
18.817079205299 -0.998006853331493
18.8260139541995 -0.999501589126174
18.8349487031 -1
18.8404655827693 -0.999501589126174
18.8459824624387 -0.998006853331493
18.851499342108 -0.995517282601105
18.8570162217774 -0.992035358593259
18.8625331014467 -0.987564552165525
18.8680499811161 -0.982109319914981
18.8735668607854 -0.975675099735774
18.8790837404548 -0.968268305398507
18.8846006201241 -0.959896320156856
18.8901174997935 -0.950567489387781
18.8956343794628 -0.940291112272672
18.9011512591322 -0.929077432527733
18.9066681388015 -0.916937628192791
18.9121850184709 -0.903883800488824
18.9177018981402 -0.88992896175518
18.9232187778095 -0.875087022478592
18.9287356574789 -0.859372777426909
18.9342525371482 -0.842801890901346
18.9397694168176 -0.825390881121981
18.9452862964869 -0.807157103761989
18.9508031761563 -0.788118734647194
18.9563200558256 -0.768294751637971
18.961836935495 -0.747704915711707
18.9673538151643 -0.726369751264636
18.9728706948337 -0.704310525652666
18.978387574503 -0.681549227991641
18.9839044541724 -0.658108547238043
18.9894213338417 -0.634011849572242
18.9949382135111 -0.609283155106518
19.0004550931804 -0.583947113941305
19.0059719728497 -0.558028981593437
19.0114888525191 -0.531554593820896
19.0170057321884 -0.504550340869169
19.0225226118578 -0.477043141164897
19.0280394915271 -0.449060414482925
19.0335563711965 -0.420630054613786
19.0390732508658 -0.391780401558493
19.0445901305352 -0.362540213278621
19.0501070102045 -0.332938637029756
19.0556238898739 -0.303005180306865
19.0611407695432 -0.272769681430612
19.0666576492126 -0.242262279803789
19.0721745288819 -0.211513385867822
19.0776914085513 -0.180553650788903
19.0832082882206 -0.149413935904259
19.08872516789 -0.118125281958903
19.0942420475593 -0.0867188781635432
19.0997589272286 -0.0552260311045179
19.105275806898 -0.0236781335366312
19.1107926865673 0.00789336690970887
19.1163095662367 0.0394569990762511
19.121826445906 0.0709812996480169
19.1273433255754 0.102434844516617
19.1328602052447 0.133786280104486
19.1383770849141 0.165004354618809
19.1438939645834 0.19605794920397
19.1494108442528 0.226916108961585
19.1549277239221 0.257548073806894
19.1604446035915 0.287923309131166
19.1659614832608 0.318011536239241
19.1714783629302 0.347782762531988
19.1769952425995 0.377207311403584
19.1825121222688 0.406255851823781
19.1880290019382 0.434899427575787
19.1935458816075 0.463109486120345
19.1990627612769 0.490857907057593
19.2045796409462 0.518117030158079
19.2100965206156 0.544859682935074
19.2156134002849 0.571059207730701
19.2211302799543 0.596689488288864
19.2266471596236 0.621724975788489
19.232164039293 0.646140714311206
19.2376809189623 0.669912365717854
19.2431977986317 0.693016233909332
19.248714678301 0.715429288447374
19.2542315579704 0.737129187511783
19.2597484376397 0.758094300171251
19.265265317309 0.778303727945525
19.2707821969784 0.797737325637516
19.2762990766477 0.816375721414397
19.2818159563171 0.834200336117917
19.2873328359864 0.851193401784496
19.2928497156558 0.867337979356717
19.2983665953251 0.882617975568551
19.3038834749945 0.897018158987459
19.3094003546638 0.910524175197459
19.3149172343332 0.923122561107859
19.3204341140025 0.934800758373598
19.3259509936719 0.945547125913668
19.3314678733412 0.955350951515196
19.3369847530106 0.964202462511613
19.3425016326799 0.972092835524259
19.3480185123492 0.979014205257713
19.3535353920186 0.98495967234011
19.3590522716879 0.989923310200557
19.3645691513573 0.993900170976888
19.3700860310266 0.996886290447793
19.375602910696 0.998878691984444
19.3811197903653 0.999875389517657
19.3866366700347 0.999875389517657
19.392153549704 0.998878691984444
19.3976704293734 0.996886290447793
19.4031873090427 0.993900170976888
19.4087041887121 0.989923310200557
19.4142210683814 0.98495967234011
19.4197379480508 0.979014205257713
19.4252548277201 0.972092835524259
19.4307717073894 0.964202462511614
19.4362885870588 0.955350951515196
19.4418054667281 0.945547125913668
19.4473223463975 0.934800758373598
19.4528392260668 0.923122561107859
19.4583561057362 0.91052417519746
19.4638729854055 0.89701815898746
19.4693898650749 0.882617975568551
19.4749067447442 0.867337979356717
19.4804236244136 0.851193401784496
19.4859405040829 0.834200336117918
19.4914573837523 0.816375721414398
19.4969742634216 0.797737325637516
19.502491143091 0.778303727945525
19.5080080227603 0.758094300171252
19.5135249024296 0.737129187511784
19.519041782099 0.715429288447374
19.5245586617683 0.693016233909332
19.5300755414377 0.669912365717854
19.535592421107 0.646140714311207
19.5411093007764 0.621724975788489
19.5466261804457 0.596689488288864
19.5521430601151 0.571059207730701
19.5576599397844 0.544859682935075
19.5631768194538 0.518117030158079
19.5686936991231 0.490857907057593
19.5742105787925 0.463109486120345
19.5797274584618 0.434899427575788
19.5852443381312 0.406255851823781
19.5907612178005 0.377207311403584
19.5962780974698 0.347782762531988
19.6017949771392 0.318011536239241
19.6073118568085 0.287923309131167
19.6128287364779 0.257548073806894
19.6183456161472 0.226916108961585
19.6238624958166 0.19605794920397
19.6293793754859 0.165004354618809
19.6348962551553 0.133786280104485
19.6404131348246 0.102434844516618
19.645930014494 0.070981299648018
19.6514468941633 0.0394569990762509
19.6569637738327 0.00789336690970934
19.662480653502 -0.023678133536631
19.6679975331714 -0.0552260311045181
19.6735144128407 -0.0867188781635434
19.6790312925101 -0.118125281958903
19.6845481721794 -0.149413935904259
19.6900650518487 -0.180553650788903
19.6955819315181 -0.211513385867823
19.7010988111874 -0.242262279803789
19.7066156908568 -0.272769681430611
19.7121325705261 -0.303005180306864
19.7176494501955 -0.332938637029755
19.7231663298648 -0.362540213278621
19.7286832095342 -0.391780401558492
19.7342000892035 -0.420630054613787
19.7397169688729 -0.449060414482924
19.7452338485422 -0.477043141164897
19.7507507282116 -0.504550340869169
19.7562676078809 -0.531554593820896
19.7617844875503 -0.558028981593437
19.7673013672196 -0.583947113941305
19.7728182468889 -0.609283155106517
19.7783351265583 -0.634011849572242
19.7838520062276 -0.658108547238043
19.789368885897 -0.68154922799164
19.7948857655663 -0.704310525652666
19.8004026452357 -0.726369751264636
19.805919524905 -0.747704915711707
19.8114364045744 -0.768294751637971
19.8169532842437 -0.788118734647194
19.8224701639131 -0.807157103761989
19.8279870435824 -0.825390881121981
19.8335039232518 -0.842801890901346
19.8390208029211 -0.859372777426909
19.8445376825905 -0.875087022478592
19.8500545622598 -0.88992896175518
19.8555714419291 -0.903883800488824
19.8610883215985 -0.91693762819279
19.8666052012678 -0.929077432527733
19.8721220809372 -0.940291112272679
19.8776389606065 -0.950567489387781
19.8831558402759 -0.959896320156856
19.8886727199452 -0.968268305398507
19.8941895996146 -0.975675099735774
19.8997064792839 -0.982109319914981
19.9052233589533 -0.987564552165525
19.9107402386226 -0.992035358593259
19.916257118292 -0.995517282601105
19.9217739979613 -0.998006853331493
19.9272908776307 -0.999501589126174
19.9328077573 -1
19.9428089277116 -0.999501589126174
19.9528100981231 -0.998006853331493
19.9628112685347 -0.995517282601106
19.9728124389462 -0.992035358593258
19.9828136093578 -0.987564552165523
19.9928147797693 -0.982109319914981
20.0028159501809 -0.975675099735773
20.0128171205925 -0.968268305398508
20.022818291004 -0.959896320156856
20.0328194614156 -0.950567489387784
20.0428206318271 -0.940291112272675
20.0528218022387 -0.929077432527732
20.0628229726503 -0.916937628192788
20.0728241430618 -0.903883800488825
20.0828253134734 -0.88992896175518
20.0928264838849 -0.875087022478596
20.1028276542965 -0.859372777426912
20.112828824708 -0.842801890901354
20.1228299951196 -0.825390881121976
20.1328311655312 -0.807157103761982
20.1428323359427 -0.788118734647193
20.1528335063543 -0.768294751637968
20.1628346767658 -0.74770491571171
20.1728358471774 -0.726369751264637
20.1828370175889 -0.704310525652674
20.1928381880005 -0.681549227991632
20.2028393584121 -0.65810854723804
20.2128405288236 -0.634011849572237
20.2228416992352 -0.609283155106519
20.2328428696467 -0.583947113941305
20.2428440400583 -0.558028981593443
20.2528452104699 -0.5315545938209
20.2628463808814 -0.504550340869182
20.272847551293 -0.477043141164889
20.2828487217045 -0.449060414482925
20.2928498921161 -0.420630054613784
20.3028510625276 -0.391780401558488
20.3128522329392 -0.362540213278625
20.3228534033508 -0.332938637029757
20.3328545737623 -0.303005180306874
20.3428557441739 -0.272769681430599
20.3528569145854 -0.242262279803785
20.362858084997 -0.211513385867816
20.3728592554085 -0.180553650788905
20.3828604258201 -0.149413935904258
20.3928615962317 -0.118125281958911
20.4028627666432 -0.0867188781635485
20.4128639370548 -0.0552260311045119
20.4228651074663 -0.0236781335366225
20.4328662778779 0.00789336690970909
20.4428674482894 0.0394569990762536
20.452868618701 0.0709812996480109
20.4628697891126 0.102434844516614
20.4728709595241 0.133786280104485
20.4828721299357 0.165004354618799
20.4928733003472 0.196057949203983
20.5028744707588 0.226916108961589
20.5128756411704 0.257548073806901
20.5228768115819 0.287923309131165
20.5328779819935 0.318011536239242
20.542879152405 0.34778276253198
20.5528803228166 0.377207311403579
20.5628814932281 0.406255851823786
20.5728826636397 0.434899427575795
20.5828838340513 0.463109486120345
20.5928850044628 0.490857907057595
20.6028861748744 0.518117030158074
20.6128873452859 0.544859682935072
20.6228885156975 0.571059207730691
20.632889686109 0.596689488288857
20.6428908565206 0.621724975788491
20.6528920269322 0.64614071431121
20.6628931973437 0.669912365717859
20.6728943677553 0.693016233909331
20.6828955381668 0.715429288447374
20.6928967085784 0.737129187511778
20.70289787899 0.758094300171248
20.7128990494015 0.778303727945529
20.7229002198131 0.797737325637522
20.7329013902246 0.816375721414398
20.7429025606362 0.834200336117919
20.7529037310477 0.851193401784493
20.7629049014593 0.867337979356716
20.7729060718709 0.882617975568545
20.7829072422824 0.897018158987464
20.792908412694 0.91052417519746
20.8029095831055 0.923122561107861
20.8129107535171 0.934800758373597
20.8229119239286 0.945547125913667
20.8329130943402 0.955350951515193
20.8429142647518 0.964202462511612
20.8529154351633 0.972092835524258
20.8629166055749 0.979014205257714
20.8729177759864 0.984959672340111
20.882918946398 0.989923310200557
20.8929201168095 0.993900170976888
20.9029212872211 0.996886290447793
20.9129224576327 0.998878691984444
20.9229236280442 0.999875389517657
20.9329247984558 0.999875389517657
20.9429259688673 0.998878691984444
20.9529271392789 0.996886290447793
20.9629283096905 0.993900170976888
20.972929480102 0.989923310200557
20.9829306505136 0.984959672340111
20.9929318209251 0.979014205257714
21.0029329913367 0.972092835524258
21.0129341617482 0.964202462511612
21.0229353321598 0.955350951515196
21.0329365025714 0.945547125913667
21.0429376729829 0.934800758373597
21.0529388433945 0.923122561107861
21.062940013806 0.910524175197461
21.0729411842176 0.897018158987464
21.0829423546291 0.882617975568545
21.0929435250407 0.867337979356716
21.1029446954523 0.851193401784493
21.1129458658638 0.834200336117919
21.1229470362754 0.816375721414398
21.1329482066869 0.797737325637522
21.1429493770985 0.778303727945529
21.15295054751 0.758094300171248
21.1629517179216 0.737129187511778
21.1729528883332 0.715429288447375
21.1829540587447 0.693016233909332
21.1929552291563 0.669912365717851
21.2029563995678 0.64614071431121
21.2129575699794 0.621724975788491
21.222958740391 0.596689488288857
21.2329599108025 0.571059207730691
21.2429610812141 0.544859682935071
21.2529622516256 0.518117030158075
21.2629634220372 0.490857907057595
21.2729645924487 0.463109486120344
21.2829657628603 0.434899427575796
21.2929669332719 0.406255851823786
21.3029681036834 0.377207311403579
21.312969274095 0.347782762531981
21.3229704445065 0.318011536239242
21.3329716149181 0.287923309131165
21.3429727853296 0.257548073806902
21.3529739557412 0.22691610896159
21.3629751261528 0.196057949203983
21.3729762965643 0.1650043546188
21.3829774669759 0.133786280104474
21.3929786373874 0.102434844516614
21.402979807799 0.0709812996480118
21.4129809782106 0.0394569990762536
21.4229821486221 0.00789336690970845
21.4329833190337 -0.0236781335366221
21.4429844894452 -0.0552260311045119
21.4529856598568 -0.0867188781635487
21.4629868302683 -0.118125281958911
21.4729880006799 -0.149413935904258
21.4829891710915 -0.180553650788905
21.492990341503 -0.211513385867815
21.5029915119146 -0.242262279803785
21.5129926823261 -0.272769681430599
21.5229938527377 -0.303005180306873
21.5329950231492 -0.332938637029757
21.5429961935608 -0.362540213278625
21.5529973639724 -0.391780401558488
21.5629985343839 -0.420630054613784
21.5729997047955 -0.449060414482924
21.583000875207 -0.477043141164889
21.5930020456186 -0.504550340869181
21.6030032160301 -0.531554593820901
21.6130043864417 -0.558028981593443
21.6230055568533 -0.583947113941304
21.6330067272648 -0.609283155106519
21.6430078976764 -0.634011849572236
21.6530090680879 -0.658108547238039
21.6630102384995 -0.681549227991631
21.6730114089111 -0.704310525652673
21.6830125793226 -0.726369751264637
21.6930137497342 -0.74770491571171
21.7030149201457 -0.768294751637968
21.7130160905573 -0.788118734647193
21.7230172609688 -0.807157103761989
21.7330184313804 -0.825390881121976
21.743019601792 -0.842801890901347
21.7530207722035 -0.859372777426912
21.7630219426151 -0.875087022478596
21.7730231130266 -0.88992896175518
21.7830242834382 -0.903883800488825
21.7930254538497 -0.916937628192788
21.8030266242613 -0.929077432527732
21.8130277946729 -0.940291112272675
21.8230289650844 -0.950567489387784
21.833030135496 -0.959896320156856
21.8430313059075 -0.968268305398508
21.8530324763191 -0.975675099735773
21.8630336467307 -0.982109319914981
21.8730348171422 -0.987564552165523
21.8830359875538 -0.992035358593258
21.8930371579653 -0.995517282601106
21.9030383283769 -0.998006853331493
21.9130394987884 -0.999501589126174
21.9230406692 -1
21.9397921685814 -0.999501589126174
21.9565436679628 -0.998006853331493
21.9732951673442 -0.995517282601106
21.9900466667256 -0.992035358593258
22.006798166107 -0.987564552165523
22.0235496654884 -0.98210931991498
22.0403011648698 -0.975675099735773
22.0570526642513 -0.968268305398507
22.0738041636327 -0.959896320156857
22.0905556630141 -0.950567489387783
22.1073071623955 -0.940291112272676
22.1240586617769 -0.929077432527731
22.1408101611583 -0.916937628192787
22.1575616605397 -0.903883800488822
22.1743131599211 -0.889928961755179
22.1910646593025 -0.875087022478593
22.2078161586839 -0.859372777426912
22.2245676580653 -0.842801890901351
22.2413191574467 -0.825390881121977
22.2580706568281 -0.807157103761987
22.2748221562095 -0.788118734647194
22.291573655591 -0.768294751637969
22.3083251549724 -0.747704915711707
22.3250766543538 -0.726369751264638
22.3418281537352 -0.704310525652672
22.3585796531166 -0.681549227991634
22.375331152498 -0.658108547238038
22.3920826518794 -0.63401184957224
22.4088341512608 -0.609283155106519
22.4255856506422 -0.583947113941309
22.4423371500236 -0.558028981593438
22.459088649405 -0.5315545938209
22.4758401487864 -0.504550340869176
22.4925916481678 -0.477043141164889
22.5093431475492 -0.44906041448292
22.5260946469307 -0.420630054613785
22.5428461463121 -0.391780401558495
22.5595976456935 -0.362540213278627
22.5763491450749 -0.332938637029764
22.5931006444563 -0.30300518030687
22.6098521438377 -0.272769681430601
22.6266036432191 -0.242262279803783
22.6433551426005 -0.211513385867819
22.6601066419819 -0.180553650788903
22.6768581413633 -0.149413935904262
22.6936096407447 -0.11812528195891
22.7103611401261 -0.0867188781635536
22.7271126395075 -0.0552260311045051
22.7438641388889 -0.0236781335366217
22.7606156382704 0.00789336690971464
22.7773671376518 0.0394569990762534
22.7941186370332 0.0709812996480158
22.8108701364146 0.102434844516612
22.827621635796 0.133786280104477
22.8443731351774 0.165004354618797
22.8611246345588 0.196057949203975
22.8778761339402 0.226916108961593
22.8946276333216 0.257548073806898
22.911379132703 0.287923309131167
22.9281306320844 0.318011536239239
22.9448821314658 0.347782762531982
22.9616336308472 0.377207311403575
22.9783851302286 0.406255851823787
22.99513662961 0.434899427575791
23.0118881289915 0.46310948612035
23.0286396283729 0.490857907057596
23.0453911277543 0.518117030158079
23.0621426271357 0.544859682935071
23.0788941265171 0.571059207730695
23.0956456258985 0.596689488288855
23.1123971252799 0.621724975788494
23.1291486246613 0.646140714311208
23.1459001240427 0.669912365717853
23.1626516234241 0.693016233909334
23.1794031228055 0.715429288447373
23.1961546221869 0.73712918751178
23.2129061215683 0.758094300171246
23.2296576209497 0.77830372794553
23.2464091203312 0.797737325637519
23.2631606197126 0.816375721414398
23.279912119094 0.834200336117916
23.2966636184754 0.851193401784497
23.3134151178568 0.867337979356716
23.3301666172382 0.882617975568548
23.3469181166196 0.897018158987464
23.363669616001 0.910524175197462
23.3804211153824 0.923122561107861
23.3971726147638 0.934800758373598
23.4139241141452 0.945547125913666
23.4306756135266 0.955350951515194
23.447427112908 0.964202462511611
23.4641786122894 0.972092835524258
23.4809301116709 0.979014205257715
23.4976816110523 0.984959672340111
23.5144331104337 0.989923310200557
23.5311846098151 0.993900170976888
23.5479361091965 0.996886290447793
23.5646876085779 0.998878691984443
23.5814391079593 0.999875389517657
23.5981906073407 0.999875389517657
23.6149421067221 0.998878691984444
23.6316936061035 0.996886290447793
23.6484451054849 0.993900170976888
23.6651966048663 0.989923310200557
23.6819481042477 0.984959672340111
23.6986996036291 0.979014205257715
23.7154511030106 0.972092835524258
23.732202602392 0.964202462511613
23.7489541017734 0.955350951515194
23.7657056011548 0.945547125913667
23.7824571005362 0.934800758373598
23.7992085999176 0.923122561107861
23.815960099299 0.910524175197462
23.8327115986804 0.897018158987464
23.8494630980618 0.882617975568548
23.8662145974432 0.867337979356716
23.8829660968246 0.851193401784493
23.899717596206 0.834200336117916
23.9164690955874 0.816375721414398
23.9332205949688 0.797737325637519
23.9499720943503 0.77830372794553
23.9667235937317 0.758094300171246
23.9834750931131 0.73712918751178
24.0002265924945 0.715429288447373
24.0169780918759 0.693016233909334
24.0337295912573 0.669912365717858
24.0504810906387 0.646140714311208
24.0672325900201 0.621724975788495
24.0839840894015 0.596689488288856
24.1007355887829 0.571059207730695
24.1174870881643 0.544859682935071
24.1342385875457 0.518117030158079
24.1509900869271 0.490857907057596
24.1677415863085 0.463109486120345
24.18449308569 0.434899427575791
24.2012445850714 0.406255851823787
24.2179960844528 0.377207311403575
24.2347475838342 0.347782762531982
24.2514990832156 0.318011536239239
24.268250582597 0.287923309131167
24.2850020819784 0.257548073806898
24.3017535813598 0.226916108961593
24.3185050807412 0.196057949203982
24.3352565801226 0.165004354618797
24.352008079504 0.133786280104478
24.3687595788854 0.102434844516612
24.3855110782668 0.0709812996480162
24.4022625776482 0.0394569990762536
24.4190140770296 0.00789336690971467
24.4357655764111 -0.0236781335366221
24.4525170757925 -0.0552260311045119
24.4692685751739 -0.0867188781635531
24.4860200745553 -0.11812528195891
24.5027715739367 -0.149413935904261
24.5195230733181 -0.180553650788902
24.5362745726995 -0.211513385867818
24.5530260720809 -0.242262279803782
24.5697775714623 -0.272769681430601
24.5865290708437 -0.30300518030687
24.6032805702251 -0.332938637029758
24.6200320696065 -0.362540213278626
24.6367835689879 -0.391780401558495
24.6535350683693 -0.420630054613784
24.6702865677508 -0.44906041448292
24.6870380671322 -0.477043141164889
24.7037895665136 -0.504550340869176
24.720541065895 -0.531554593820899
24.7372925652764 -0.558028981593437
24.7540440646578 -0.583947113941308
24.7707955640392 -0.609283155106518
24.7875470634206 -0.63401184957224
24.804298562802 -0.658108547238038
24.8210500621834 -0.681549227991633
24.8378015615648 -0.704310525652671
24.8545530609462 -0.726369751264638
24.8713045603276 -0.747704915711707
24.888056059709 -0.768294751637968
24.9048075590905 -0.78811873464719
24.9215590584719 -0.807157103761986
24.9383105578533 -0.825390881121977
24.9550620572347 -0.842801890901351
24.9718135566161 -0.859372777426911
24.9885650559975 -0.875087022478593
25.0053165553789 -0.889928961755179
25.0220680547603 -0.903883800488822
25.0388195541417 -0.91693762819279
25.0555710535231 -0.929077432527731
25.0723225529045 -0.940291112272676
25.0890740522859 -0.950567489387783
25.1058255516673 -0.959896320156857
25.1225770510487 -0.968268305398507
25.1393285504302 -0.975675099735773
25.1560800498116 -0.98210931991498
25.172831549193 -0.987564552165523
25.1895830485744 -0.992035358593258
25.2063345479558 -0.995517282601106
25.2230860473372 -0.998006853331493
25.2398375467186 -0.999501589126174
25.2565890461 -1
25.2653499051648 -0.999501589126174
25.2741107642296 -0.998006853331494
25.2828716232945 -0.995517282601106
25.2916324823593 -0.992035358593258
25.3003933414241 -0.987564552165523
25.3091542004889 -0.982109319914981
25.3179150595538 -0.975675099735773
25.3266759186186 -0.968268305398506
25.3354367776834 -0.959896320156858
25.3441976367482 -0.950567489387783
25.3529584958131 -0.940291112272675
25.3617193548779 -0.929077432527728
25.3704802139427 -0.91693762819279
25.3792410730075 -0.903883800488823
25.3880019320724 -0.889928961755178
25.3967627911372 -0.875087022478596
25.405523650202 -0.859372777426912
25.4142845092668 -0.842801890901349
25.4230453683317 -0.82539088112198
25.4318062273965 -0.807157103761987
25.4405670864613 -0.788118734647192
25.4493279455261 -0.768294751637967
25.458088804591 -0.747704915711712
25.4668496636558 -0.726369751264639
25.4756105227206 -0.70431052565267
25.4843713817854 -0.681549227991638
25.4931322408503 -0.658108547238039
25.5018930999151 -0.634011849572237
25.5106539589799 -0.609283155106512
25.5194148180447 -0.583947113941309
25.5281756771095 -0.55802898159344
25.5369365361744 -0.531554593820898
25.5456973952392 -0.504550340869182
25.554458254304 -0.477043141164891
25.5632191133688 -0.449060414482918
25.5719799724337 -0.42063005461379
25.5807408314985 -0.391780401558496
25.5895016905633 -0.362540213278624
25.5982625496281 -0.332938637029757
25.607023408693 -0.303005180306877
25.6157842677578 -0.272769681430604
25.6245451268226 -0.24226227980378
25.6333059858874 -0.211513385867825
25.6420668449523 -0.180553650788905
25.6508277040171 -0.14941393590426
25.6595885630819 -0.118125281958903
25.6683494221467 -0.0867188781635547
25.6771102812116 -0.0552260311045084
25.6858711402764 -0.0236781335366206
25.6946319993412 0.00789336690970776
25.703392858406 0.0394569990762509
25.7121537174709 0.0709812996480178
25.7209145765357 0.102434844516619
25.7296754356005 0.133786280104476
25.7384362946653 0.1650043546188
25.7471971537302 0.196057949203982
25.755958012795 0.226916108961585
25.7647188718598 0.257548073806895
25.7734797309246 0.287923309131169
25.7822405899894 0.318011536239244
25.7910014490543 0.34778276253198
25.7997623081191 0.377207311403577
25.8085231671839 0.406255851823793
25.8172840262487 0.434899427575789
25.8260448853136 0.463109486120347
25.8348057443784 0.490857907057596
25.8435666034432 0.518117030158072
25.852327462508 0.544859682935068
25.8610883215729 0.571059207730696
25.8698491806377 0.59668948828886
25.8786100397025 0.621724975788492
25.8873708987673 0.64614071431121
25.8961317578322 0.669912365717858
25.904892616897 0.693016233909328
25.9136534759618 0.71542928844737
25.9224143350266 0.73712918751178
25.9311751940915 0.758094300171249
25.9399360531563 0.778303727945527
25.9486969122211 0.797737325637519
25.9574577712859 0.816375721414401
25.9662186303508 0.834200336117915
25.9749794894156 0.851193401784494
25.9837403484804 0.867337979356716
25.9925012075452 0.882617975568544
26.00126206661 0.897018158987462
26.0100229256749 0.910524175197463
26.0187837847397 0.923122561107862
26.0275446438045 0.934800758373597
26.0363055028693 0.945547125913667
26.0450663619342 0.955350951515196
26.053827220999 0.96420246251161
26.0625880800638 0.972092835524256
26.0713489391286 0.979014205257715
26.0801097981935 0.984959672340111
26.0888706572583 0.989923310200557
26.0976315163231 0.993900170976888
26.1063923753879 0.996886290447793
26.1151532344528 0.998878691984443
26.1239140935176 0.999875389517657
26.1326749525824 0.999875389517657
26.1414358116472 0.998878691984443
26.1501966707121 0.996886290447793
26.1589575297769 0.993900170976888
26.1677183888417 0.989923310200557
26.1764792479065 0.984959672340111
26.1852401069714 0.979014205257715
26.1940009660362 0.972092835524257
26.202761825101 0.96420246251161
26.2115226841658 0.955350951515196
26.2202835432307 0.945547125913667
26.2290444022955 0.934800758373597
26.2378052613603 0.923122561107863
26.2465661204251 0.910524175197463
26.25532697949 0.897018158987462
26.2640878385548 0.88261797556855
26.2728486976196 0.867337979356716
26.2816095566844 0.851193401784494
26.2903704157492 0.834200336117915
26.2991312748141 0.816375721414402
26.3078921338789 0.79773732563752
26.3166529929437 0.778303727945528
26.3254138520085 0.758094300171249
26.3341747110734 0.73712918751178
26.3429355701382 0.71542928844737
26.351696429203 0.693016233909328
26.3604572882678 0.669912365717858
26.3692181473327 0.64614071431121
26.3779790063975 0.621724975788493
26.3867398654623 0.596689488288861
26.3955007245271 0.571059207730696
26.404261583592 0.544859682935069
26.4130224426568 0.518117030158084
26.4217833017216 0.490857907057597
26.4305441607864 0.463109486120348
26.4393050198513 0.434899427575789
26.4480658789161 0.406255851823794
26.4568267379809 0.377207311403577
26.4655875970457 0.34778276253198
26.4743484561106 0.318011536239232
26.4831093151754 0.287923309131169
26.4918701742402 0.257548073806896
26.500631033305 0.226916108961585
26.5093918923698 0.196057949203982
26.5181527514347 0.1650043546188
26.5269136104995 0.133786280104476
26.5356744695643 0.102434844516619
26.5444353286291 0.070981299648018
26.553196187694 0.0394569990762518
26.5619570467588 0.00789336690970756
26.5707179058236 -0.0236781335366194
26.5794787648884 -0.0552260311045084
26.5882396239533 -0.086718878163554
26.5970004830181 -0.118125281958903
26.6057613420829 -0.149413935904259
26.6145222011477 -0.180553650788905
26.6232830602126 -0.211513385867824
26.6320439192774 -0.24226227980378
26.6408047783422 -0.272769681430603
26.649565637407 -0.303005180306877
26.6583264964719 -0.332938637029756
26.6670873555367 -0.362540213278624
26.6758482146015 -0.391780401558495
26.6846090736663 -0.420630054613779
26.6933699327312 -0.449060414482917
26.702130791796 -0.47704314116489
26.7108916508608 -0.504550340869181
26.7196525099256 -0.531554593820898
26.7284133689905 -0.558028981593439
26.7371742280553 -0.583947113941309
26.7459350871201 -0.609283155106522
26.7546959461849 -0.634011849572237
26.7634568052497 -0.658108547238039
26.7722176643146 -0.681549227991638
26.7809785233794 -0.704310525652669
26.7897393824442 -0.726369751264639
26.798500241509 -0.747704915711711
26.8072611005739 -0.768294751637967
26.8160219596387 -0.788118734647191
26.8247828187035 -0.807157103761987
26.8335436777683 -0.825390881121972
26.8423045368332 -0.842801890901349
26.851065395898 -0.859372777426912
26.8598262549628 -0.875087022478596
26.8685871140276 -0.889928961755178
26.8773479730925 -0.903883800488823
26.8861088321573 -0.91693762819279
26.8948696912221 -0.929077432527733
26.9036305502869 -0.940291112272674
26.9123914093518 -0.950567489387783
26.9211522684166 -0.959896320156858
26.9299131274814 -0.968268305398506
26.9386739865462 -0.975675099735773
26.9474348456111 -0.982109319914981
26.9561957046759 -0.987564552165523
26.9649565637407 -0.992035358593258
26.9737174228055 -0.995517282601106
26.9824782818704 -0.998006853331494
26.9912391409352 -0.999501589126174
27 -1
