0 -1
0.0198035888954774 -0.999501589126174
0.0396071777909548 -0.998006853331493
0.0594107666864322 -0.995517282601106
0.0792143555819095 -0.992035358593258
0.0990179444773869 -0.987564552165524
0.118821533372864 -0.98210931991498
0.138625122268342 -0.975675099735774
0.158428711163819 -0.968268305398507
0.178232300059296 -0.959896320156857
0.198035888954774 -0.950567489387783
0.217839477850251 -0.940291112272676
0.237643066745729 -0.929077432527731
0.257446655641206 -0.916937628192789
0.277250244536683 -0.903883800488824
0.297053833432161 -0.88992896175518
0.316857422327638 -0.875087022478594
0.336661011223116 -0.859372777426912
0.356464600118593 -0.842801890901351
0.37626818901407 -0.825390881121976
0.396071777909548 -0.807157103761985
0.415875366805025 -0.788118734647192
0.435678955700503 -0.768294751637971
0.45548254459598 -0.747704915711709
0.475286133491457 -0.726369751264639
0.495089722386935 -0.704310525652672
0.514893311282412 -0.681549227991634
0.53469690017789 -0.658108547238038
0.554500489073367 -0.634011849572239
0.574304077968844 -0.609283155106517
0.594107666864322 -0.583947113941306
0.613911255759799 -0.55802898159344
0.633714844655276 -0.531554593820901
0.653518433550754 -0.504550340869177
0.673322022446231 -0.47704314116489
0.693125611341709 -0.44906041448292
0.712929200237186 -0.420630054613784
0.732732789132663 -0.391780401558493
0.752536378028141 -0.362540213278625
0.772339966923618 -0.332938637029761
0.792143555819096 -0.303005180306873
0.811947144714573 -0.272769681430603
0.83175073361005 -0.242262279803783
0.851554322505528 -0.211513385867819
0.871357911401005 -0.180553650788902
0.891161500296482 -0.149413935904261
0.91096508919196 -0.118125281958908
0.930768678087437 -0.0867188781635507
0.950572266982915 -0.0552260311045084
0.970375855878392 -0.0236781335366241
0.990179444773869 0.00789336690971309
1.00998303366935 0.0394569990762527
1.02978662256482 0.070981299648016
1.0495902114603 0.102434844516613
1.06939380035578 0.133786280104479
1.08919738925126 0.165004354618799
1.10900097814673 0.196057949203978
1.12880456704221 0.22691610896159
1.14860815593769 0.257548073806897
1.16841174483317 0.287923309131167
1.18821533372864 0.318011536239238
1.20801892262412 0.347782762531982
1.2278225115196 0.377207311403576
1.24762610041508 0.406255851823789
1.26742968931055 0.434899427575793
1.28723327820603 0.463109486120348
1.30703686710151 0.490857907057594
1.32684045599698 0.518117030158077
1.34664404489246 0.54485968293507
1.36644763378794 0.571059207730695
1.38625122268342 0.596689488288856
1.40605481157889 0.621724975788495
1.42585840047437 0.64614071431121
1.44566198936985 0.669912365717855
1.46546557826533 0.693016233909332
1.4852691671608 0.715429288447371
1.50507275605628 0.737129187511779
1.52487634495176 0.758094300171245
1.54467993384724 0.77830372794553
1.56448352274271 0.797737325637519
1.58428711163819 0.816375721414399
1.60409070053367 0.834200336117917
1.62389428942915 0.851193401784495
1.64369787832462 0.867337979356715
1.6635014672201 0.882617975568547
1.68330505611558 0.897018158987464
1.70310864501106 0.910524175197462
1.72291223390653 0.923122561107861
1.74271582280201 0.934800758373598
1.76251941169749 0.945547125913667
1.78232300059296 0.955350951515195
1.80212658948844 0.964202462511612
1.82193017838392 0.972092835524257
1.8417337672794 0.979014205257715
1.86153735617487 0.984959672340111
1.88134094507035 0.989923310200557
1.90114453396583 0.993900170976888
1.92094812286131 0.996886290447793
1.94075171175678 0.998878691984444
1.96055530065226 0.999875389517657
1.98035888954774 0.999875389517657
2.00016247844322 0.998878691984444
2.01996606733869 0.996886290447793
2.03976965623417 0.993900170976888
2.05957324512965 0.989923310200557
2.07937683402513 0.984959672340111
2.0991804229206 0.979014205257715
2.11898401181608 0.972092835524257
2.13878760071156 0.964202462511612
2.15859118960704 0.955350951515195
2.17839477850251 0.945547125913667
2.19819836739799 0.934800758373598
2.21800195629347 0.923122561107861
2.23780554518894 0.910524175197462
2.25760913408442 0.897018158987463
2.2774127229799 0.882617975568547
2.29721631187538 0.867337979356715
2.31701990077085 0.851193401784495
2.33682348966633 0.834200336117917
2.35662707856181 0.816375721414399
2.37643066745729 0.79773732563752
2.39623425635276 0.77830372794553
2.41603784524824 0.758094300171246
2.43584143414372 0.737129187511779
2.4556450230392 0.715429288447371
2.47544861193467 0.693016233909332
2.49525220083015 0.669912365717855
2.51505578972563 0.646140714311209
2.53485937862111 0.621724975788495
2.55466296751658 0.596689488288856
2.57446655641206 0.571059207730695
2.59427014530754 0.544859682935071
2.61407373420302 0.518117030158078
2.63387732309849 0.490857907057593
2.65368091199397 0.463109486120348
2.67348450088945 0.434899427575793
2.69328808978492 0.406255851823789
2.7130916786804 0.377207311403576
2.73289526757588 0.347782762531982
2.75269885647136 0.318011536239238
2.77250244536683 0.287923309131166
2.79230603426231 0.257548073806896
2.81210962315779 0.22691610896159
2.83191321205327 0.196057949203978
2.85171680094874 0.1650043546188
2.87152038984422 0.133786280104479
2.8913239787397 0.102434844516614
2.91112756763518 0.0709812996480162
2.93093115653065 0.0394569990762527
2.95073474542613 0.00789336690971289
2.97053833432161 -0.0236781335366239
2.99034192321709 -0.0552260311045075
3.01014551211256 -0.0867188781635505
3.02994910100804 -0.118125281958908
3.04975268990352 -0.14941393590426
3.06955627879899 -0.180553650788901
3.08935986769447 -0.211513385867819
3.10916345658995 -0.242262279803783
3.12896704548543 -0.272769681430602
3.1487706343809 -0.303005180306873
3.16857422327638 -0.332938637029762
3.18837781217186 -0.362540213278624
3.20818140106734 -0.391780401558492
3.22798498996281 -0.420630054613784
3.24778857885829 -0.449060414482921
3.26759216775377 -0.477043141164889
3.28739575664925 -0.504550340869177
3.30719934554472 -0.531554593820902
3.3270029344402 -0.558028981593439
3.34680652333568 -0.583947113941306
3.36661011223116 -0.609283155106517
3.38641370112663 -0.634011849572239
3.40621729002211 -0.658108547238037
3.42602087891759 -0.681549227991633
3.44582446781307 -0.704310525652672
3.46562805670854 -0.726369751264639
3.48543164560402 -0.747704915711709
3.5052352344995 -0.768294751637971
3.52503882339498 -0.788118734647193
3.54484241229045 -0.807157103761985
3.56464600118593 -0.825390881121976
3.58444959008141 -0.84280189090135
3.60425317897688 -0.859372777426912
3.62405676787236 -0.875087022478593
3.64386035676784 -0.88992896175518
3.66366394566332 -0.903883800488823
3.68346753455879 -0.916937628192789
3.70327112345427 -0.92907743252773
3.72307471234975 -0.940291112272676
3.74287830124523 -0.950567489387782
3.7626818901407 -0.959896320156857
3.78248547903618 -0.968268305398507
3.80228906793166 -0.975675099735773
3.82209265682714 -0.98210931991498
3.84189624572261 -0.987564552165524
3.86169983461809 -0.992035358593258
3.88150342351357 -0.995517282601106
3.90130701240904 -0.998006853331493
3.92111060130452 -0.999501589126174
3.9409141902 -1
3.94931076832814 -0.999501589126174
3.95770734645628 -0.998006853331493
3.96610392458442 -0.995517282601106
3.97450050271256 -0.992035358593258
3.9828970808407 -0.987564552165524
3.99129365896884 -0.98210931991498
3.99969023709698 -0.975675099735774
4.00808681522513 -0.968268305398508
4.01648339335327 -0.959896320156857
4.02487997148141 -0.950567489387783
4.03327654960955 -0.940291112272675
4.04167312773769 -0.929077432527731
4.05006970586583 -0.916937628192788
4.05846628399397 -0.903883800488824
4.06686286212211 -0.889928961755181
4.07525944025025 -0.875087022478594
4.08365601837839 -0.859372777426913
4.09205259650653 -0.84280189090135
4.10044917463467 -0.825390881121977
4.10884575276281 -0.807157103761985
4.11724233089095 -0.788118734647193
4.1256389090191 -0.768294751637972
4.13403548714724 -0.747704915711709
4.14243206527538 -0.72636975126464
4.15082864340352 -0.704310525652672
4.15922522153166 -0.681549227991634
4.1676217996598 -0.658108547238037
4.17601837778794 -0.634011849572239
4.18441495591608 -0.609283155106516
4.19281153404422 -0.583947113941306
4.20120811217236 -0.558028981593441
4.2096046903005 -0.531554593820901
4.21800126842864 -0.504550340869178
4.22639784655678 -0.477043141164889
4.23479442468492 -0.449060414482921
4.24319100281307 -0.420630054613783
4.25158758094121 -0.391780401558493
4.25998415906935 -0.362540213278626
4.26838073719749 -0.332938637029761
4.27677731532563 -0.303005180306874
4.28517389345377 -0.272769681430602
4.29357047158191 -0.242262279803784
4.30196704971005 -0.211513385867818
4.31036362783819 -0.180553650788902
4.31876020596633 -0.149413935904263
4.32715678409447 -0.118125281958908
4.33555336222261 -0.0867188781635518
4.34394994035075 -0.0552260311045073
4.35234651847889 -0.0236781335366245
4.36074309660704 0.00789336690971464
4.36913967473518 0.0394569990762527
4.37753625286332 0.0709812996480175
4.38593283099146 0.102434844516614
4.3943294091196 0.133786280104478
4.40272598724774 0.1650043546188
4.41112256537588 0.196057949203977
4.41951914350402 0.226916108961591
4.42791572163216 0.257548073806896
4.4363122997603 0.287923309131165
4.44470887788844 0.318011536239239
4.45310545601658 0.347782762531981
4.46150203414472 0.377207311403577
4.46989861227286 0.406255851823788
4.47829519040101 0.434899427575794
4.48669176852915 0.463109486120347
4.49508834665729 0.490857907057595
4.50348492478543 0.518117030158078
4.51188150291357 0.544859682935069
4.52027808104171 0.571059207730695
4.52867465916985 0.596689488288855
4.53707123729799 0.621724975788496
4.54546781542613 0.646140714311209
4.55386439355427 0.669912365717856
4.56226097168241 0.693016233909332
4.57065754981055 0.71542928844737
4.57905412793869 0.737129187511779
4.58745070606683 0.758094300171245
4.59584728419498 0.778303727945531
4.60424386232312 0.797737325637519
4.61264044045126 0.8163757214144
4.6210370185794 0.834200336117917
4.62943359670754 0.851193401784494
4.63783017483568 0.867337979356715
4.64622675296382 0.882617975568546
4.65462333109196 0.897018158987464
4.6630199092201 0.910524175197462
4.67141648734824 0.92312256110786
4.67981306547638 0.934800758373598
4.68820964360452 0.945547125913668
4.69660622173266 0.955350951515195
4.7050027998608 0.964202462511611
4.71339937798894 0.972092835524257
4.72179595611709 0.979014205257714
4.73019253424523 0.984959672340111
4.73858911237337 0.989923310200557
4.74698569050151 0.993900170976888
4.75538226862965 0.996886290447793
4.76377884675779 0.998878691984444
4.77217542488593 0.999875389517657
4.78057200301407 0.999875389517657
4.78896858114221 0.998878691984444
4.79736515927035 0.996886290447793
4.80576173739849 0.993900170976888
4.81415831552663 0.989923310200557
4.82255489365477 0.984959672340111
4.83095147178291 0.979014205257714
4.83934804991106 0.972092835524257
4.8477446280392 0.964202462511611
4.85614120616734 0.955350951515195
4.86453778429548 0.945547125913668
4.87293436242362 0.934800758373598
4.88133094055176 0.923122561107861
4.8897275186799 0.910524175197462
4.89812409680804 0.897018158987464
4.90652067493618 0.882617975568547
4.91491725306432 0.867337979356715
4.92331383119246 0.851193401784494
4.9317104093206 0.834200336117918
4.94010698744874 0.8163757214144
4.94850356557688 0.797737325637519
4.95690014370502 0.778303727945531
4.96529672183317 0.758094300171245
4.97369329996131 0.737129187511779
4.98208987808945 0.715429288447373
4.99048645621759 0.693016233909332
4.99888303434573 0.669912365717857
5.00727961247387 0.646140714311209
5.01567619060201 0.621724975788496
5.02407276873015 0.596689488288855
5.03246934685829 0.571059207730696
5.04086592498643 0.54485968293507
5.04926250311457 0.518117030158078
5.05765908124271 0.490857907057595
5.06605565937085 0.463109486120348
5.07445223749899 0.434899427575795
5.08284881562714 0.406255851823789
5.09124539375528 0.377207311403576
5.09964197188342 0.347782762531982
5.10803855001156 0.318011536239239
5.1164351281397 0.287923309131165
5.12483170626784 0.257548073806896
5.13322828439598 0.226916108961591
5.14162486252412 0.196057949203977
5.15002144065226 0.165004354618801
5.1584180187804 0.133786280104478
5.16681459690854 0.102434844516614
5.17521117503668 0.070981299648018
5.18360775316482 0.0394569990762527
5.19200433129297 0.00789336690971111
5.20040090942111 -0.0236781335366247
5.20879748754925 -0.0552260311045075
5.21719406567739 -0.0867188781635514
5.22559064380553 -0.118125281958908
5.23398722193367 -0.149413935904262
5.24238380006181 -0.180553650788901
5.25078037818995 -0.211513385867818
5.25917695631809 -0.242262279803784
5.26757353444623 -0.272769681430601
5.27597011257437 -0.303005180306874
5.28436669070251 -0.33293863702976
5.29276326883065 -0.362540213278622
5.30115984695879 -0.391780401558493
5.30955642508694 -0.420630054613786
5.31795300321508 -0.44906041448292
5.32634958134322 -0.477043141164889
5.33474615947136 -0.504550340869178
5.3431427375995 -0.531554593820901
5.35153931572764 -0.558028981593441
5.35993589385578 -0.583947113941306
5.36833247198392 -0.609283155106515
5.37672905011206 -0.634011849572239
5.3851256282402 -0.658108547238037
5.39352220636834 -0.681549227991634
5.40191878449648 -0.704310525652672
5.41031536262462 -0.72636975126464
5.41871194075276 -0.747704915711709
5.4271085188809 -0.76829475163797
5.43550509700905 -0.788118734647193
5.44390167513719 -0.807157103761984
5.45229825326533 -0.825390881121977
5.46069483139347 -0.84280189090135
5.46909140952161 -0.859372777426912
5.47748798764975 -0.875087022478594
5.48588456577789 -0.889928961755179
5.49428114390603 -0.903883800488823
5.50267772203417 -0.91693762819279
5.51107430016231 -0.929077432527731
5.51947087829045 -0.940291112272675
5.52786745641859 -0.950567489387783
5.53626403454673 -0.959896320156857
5.54466061267487 -0.968268305398507
5.55305719080302 -0.975675099735774
5.56145376893116 -0.98210931991498
5.5698503470593 -0.987564552165524
5.57824692518744 -0.992035358593258
5.58664350331558 -0.995517282601106
5.59504008144372 -0.998006853331493
5.60343665957186 -0.999501589126174
5.6118332377 -1
5.62172890244724 -0.999501589126174
5.63162456719447 -0.998006853331493
5.64152023194171 -0.995517282601106
5.65141589668894 -0.992035358593258
5.66131156143618 -0.987564552165524
5.67120722618342 -0.982109319914981
5.68110289093065 -0.975675099735774
5.69099855567789 -0.968268305398508
5.70089422042513 -0.959896320156857
5.71078988517236 -0.950567489387782
5.7206855499196 -0.940291112272675
5.73058121466683 -0.92907743252773
5.74047687941407 -0.916937628192788
5.75037254416131 -0.903883800488823
5.76026820890854 -0.88992896175518
5.77016387365578 -0.875087022478593
5.78005953840302 -0.859372777426912
5.78995520315025 -0.842801890901351
5.79985086789749 -0.825390881121976
5.80974653264472 -0.807157103761985
5.81964219739196 -0.788118734647193
5.8295378621392 -0.768294751637971
5.83943352688643 -0.74770491571171
5.84932919163367 -0.72636975126464
5.8592248563809 -0.704310525652673
5.86912052112814 -0.681549227991635
5.87901618587538 -0.658108547238037
5.88891185062261 -0.634011849572238
5.89880751536985 -0.609283155106516
5.90870318011709 -0.583947113941305
5.91859884486432 -0.558028981593439
5.92849450961156 -0.531554593820901
5.93839017435879 -0.504550340869177
5.94828583910603 -0.477043141164889
5.95818150385327 -0.44906041448292
5.9680771686005 -0.420630054613784
5.97797283334774 -0.391780401558493
5.98786849809497 -0.362540213278625
5.99776416284221 -0.332938637029762
6.00765982758945 -0.303005180306873
6.01755549233668 -0.272769681430604
6.02745115708392 -0.242262279803784
6.03734682183116 -0.21151338586782
6.04724248657839 -0.180553650788903
6.05713815132563 -0.149413935904262
6.06703381607286 -0.118125281958907
6.0769294808201 -0.0867188781635496
6.08682514556734 -0.0552260311045073
6.09672081031457 -0.0236781335366232
6.10661647506181 0.00789336690971398
6.11651213980905 0.0394569990762531
6.12640780455628 0.0709812996480162
6.13630346930352 0.102434844516614
6.14619913405075 0.133786280104479
6.15609479879799 0.165004354618799
6.16599046354523 0.196057949203978
6.17588612829246 0.22691610896159
6.1857817930397 0.257548073806896
6.19567745778693 0.287923309131166
6.20557312253417 0.318011536239237
6.21546878728141 0.347782762531981
6.22536445202864 0.377207311403575
6.23526011677588 0.40625585182379
6.24515578152312 0.434899427575792
6.25505144627035 0.463109486120348
6.26494711101759 0.490857907057594
6.27484277576482 0.518117030158078
6.28473844051206 0.544859682935071
6.2946341052593 0.571059207730695
6.30452977000653 0.596689488288856
6.31442543475377 0.621724975788495
6.32432109950101 0.64614071431121
6.33421676424824 0.669912365717855
6.34411242899548 0.693016233909331
6.35400809374271 0.715429288447371
6.36390375848995 0.737129187511778
6.37379942323719 0.758094300171245
6.38369508798442 0.778303727945529
6.39359075273166 0.797737325637519
6.40348641747889 0.816375721414399
6.41338208222613 0.834200336117917
6.42327774697337 0.851193401784495
6.4331734117206 0.867337979356715
6.44306907646784 0.882617975568547
6.45296474121508 0.897018158987464
6.46286040596231 0.910524175197463
6.47275607070955 0.923122561107861
6.48265173545678 0.934800758373599
6.49254740020402 0.945547125913667
6.50244306495126 0.955350951515195
6.51233872969849 0.964202462511612
6.52223439444573 0.972092835524257
6.53213005919296 0.979014205257714
6.5420257239402 0.98495967234011
6.55192138868744 0.989923310200557
6.56181705343467 0.993900170976888
6.57171271818191 0.996886290447793
6.58160838292915 0.998878691984444
6.59150404767638 0.999875389517657
6.60139971242362 0.999875389517657
6.61129537717085 0.998878691984444
6.62119104191809 0.996886290447793
6.63108670666533 0.993900170976888
6.64098237141256 0.989923310200557
6.6508780361598 0.98495967234011
6.66077370090704 0.979014205257714
6.67066936565427 0.972092835524257
6.68056503040151 0.964202462511612
6.69046069514874 0.955350951515195
6.70035635989598 0.945547125913667
6.71025202464322 0.934800758373598
6.72014768939045 0.923122561107861
6.73004335413769 0.910524175197463
6.73993901888492 0.897018158987464
6.74983468363216 0.882617975568547
6.7597303483794 0.867337979356714
6.76962601312663 0.851193401784495
6.77952167787387 0.834200336117917
6.78941734262111 0.8163757214144
6.79931300736834 0.797737325637519
6.80920867211558 0.77830372794553
6.81910433686281 0.758094300171245
6.82900000161005 0.737129187511779
6.83889566635729 0.715429288447371
6.84879133110452 0.693016233909332
6.85868699585176 0.669912365717855
6.868582660599 0.64614071431121
6.87847832534623 0.621724975788495
6.88837399009347 0.596689488288856
6.8982696548407 0.571059207730696
6.90816531958794 0.544859682935071
6.91806098433518 0.518117030158079
6.92795664908241 0.490857907057595
6.93785231382965 0.463109486120349
6.94774797857688 0.434899427575792
6.95764364332412 0.40625585182379
6.96753930807136 0.377207311403576
6.97743497281859 0.347782762531982
6.98733063756583 0.318011536239238
6.99722630231307 0.287923309131167
7.0071219670603 0.257548073806896
7.01701763180754 0.22691610896159
7.02691329655477 0.196057949203978
7.03680896130201 0.1650043546188
7.04670462604925 0.133786280104479
7.05660029079648 0.102434844516614
7.06649595554372 0.0709812996480171
7.07639162029095 0.0394569990762536
7.08628728503819 0.00789336690971467
7.09618294978543 -0.023678133536623
7.10607861453266 -0.0552260311045066
7.1159742792799 -0.0867188781635531
7.12586994402714 -0.118125281958906
7.13576560877437 -0.149413935904262
7.14566127352161 -0.1805536507889
7.15555693826884 -0.21151338586782
7.16545260301608 -0.242262279803785
7.17534826776332 -0.272769681430604
7.18524393251055 -0.303005180306873
7.19513959725779 -0.332938637029762
7.20503526200503 -0.362540213278625
7.21493092675226 -0.391780401558494
7.2248265914995 -0.420630054613784
7.23472225624673 -0.44906041448292
7.24461792099397 -0.47704314116489
7.25451358574121 -0.504550340869177
7.26440925048844 -0.531554593820901
7.27430491523568 -0.558028981593439
7.28420057998291 -0.583947113941305
7.29409624473015 -0.609283155106516
7.30399190947739 -0.63401184957224
7.31388757422462 -0.658108547238037
7.32378323897186 -0.681549227991635
7.3336789037191 -0.704310525652671
7.34357456846633 -0.72636975126464
7.35347023321357 -0.74770491571171
7.3633658979608 -0.768294751637971
7.37326156270804 -0.788118734647193
7.38315722745528 -0.807157103761986
7.39305289220251 -0.825390881121976
7.40294855694975 -0.842801890901351
7.41284422169698 -0.859372777426912
7.42273988644422 -0.875087022478593
7.43263555119146 -0.88992896175518
7.44253121593869 -0.903883800488823
7.45242688068593 -0.916937628192789
7.46232254543317 -0.92907743252773
7.4722182101804 -0.940291112272676
7.48211387492764 -0.950567489387782
7.49200953967487 -0.959896320156857
7.50190520442211 -0.968268305398507
7.51180086916935 -0.975675099735774
7.52169653391658 -0.982109319914981
7.53159219866382 -0.987564552165524
7.54148786341106 -0.992035358593258
7.55138352815829 -0.995517282601106
7.56127919290553 -0.998006853331493
7.57117485765276 -0.999501589126174
7.5810705224 -1
7.59886534502111 -0.999501589126174
7.61666016764221 -0.998006853331493
7.63445499026332 -0.995517282601106
7.65224981288442 -0.992035358593258
7.67004463550553 -0.987564552165524
7.68783945812663 -0.982109319914981
7.70563428074774 -0.975675099735774
7.72342910336884 -0.968268305398507
7.74122392598995 -0.959896320156857
7.75901874861106 -0.950567489387783
7.77681357123216 -0.940291112272676
7.79460839385327 -0.92907743252773
7.81240321647437 -0.916937628192788
7.83019803909548 -0.903883800488824
7.84799286171658 -0.88992896175518
7.86578768433769 -0.875087022478593
7.88358250695879 -0.859372777426912
7.9013773295799 -0.842801890901351
7.91917215220101 -0.825390881121976
7.93696697482211 -0.807157103761985
7.95476179744322 -0.788118734647193
7.97255662006432 -0.768294751637971
7.99035144268543 -0.747704915711709
8.00814626530653 -0.72636975126464
8.02594108792764 -0.704310525652673
8.04373591054874 -0.681549227991634
8.06153073316985 -0.658108547238037
8.07932555579096 -0.634011849572238
8.09712037841206 -0.609283155106516
8.11491520103317 -0.583947113941305
8.13271002365427 -0.558028981593441
8.15050484627538 -0.531554593820902
8.16829966889648 -0.504550340869178
8.18609449151759 -0.47704314116489
8.20388931413869 -0.44906041448292
8.2216841367598 -0.420630054613783
8.23947895938091 -0.391780401558492
8.25727378200201 -0.362540213278626
8.27506860462312 -0.332938637029762
8.29286342724422 -0.303005180306873
8.31065824986533 -0.272769681430603
8.32845307248643 -0.242262279803783
8.34624789510754 -0.211513385867818
8.36404271772864 -0.180553650788901
8.38183754034975 -0.149413935904259
8.39963236297085 -0.118125281958909
8.41742718559196 -0.0867188781635516
8.43522200821307 -0.0552260311045086
8.45301683083417 -0.0236781335366239
8.47081165345528 0.00789336690971375
8.48860647607638 0.0394569990762536
8.50640129869749 0.0709812996480173
8.52419612131859 0.102434844516612
8.5419909439397 0.133786280104478
8.5597857665608 0.165004354618798
8.57758058918191 0.196057949203978
8.59537541180302 0.22691610896159
8.61317023442412 0.257548073806897
8.63096505704523 0.287923309131167
8.64875987966633 0.31801153623924
8.66655470228744 0.347782762531981
8.68434952490854 0.377207311403575
8.70214434752965 0.406255851823789
8.71993917015075 0.434899427575793
8.73773399277186 0.463109486120348
8.75552881539297 0.490857907057594
8.77332363801407 0.518117030158079
8.79111846063518 0.544859682935069
8.80891328325628 0.571059207730694
8.82670810587739 0.596689488288855
8.84450292849849 0.621724975788495
8.8622977511196 0.64614071431121
8.8800925737407 0.669912365717856
8.89788739636181 0.693016233909332
8.91568221898292 0.715429288447373
8.93347704160402 0.73712918751178
8.95127186422513 0.758094300171245
8.96906668684623 0.778303727945529
8.98686150946734 0.797737325637519
9.00465633208844 0.816375721414399
9.02245115470955 0.834200336117918
9.04024597733065 0.851193401784494
9.05804079995176 0.867337979356714
9.07583562257286 0.882617975568546
9.09363044519397 0.897018158987463
9.11142526781508 0.910524175197462
9.12922009043618 0.923122561107861
9.14701491305729 0.934800758373599
9.16480973567839 0.945547125913668
9.1826045582995 0.955350951515195
9.2003993809206 0.964202462511611
9.21819420354171 0.972092835524257
9.23598902616281 0.979014205257714
9.25378384878392 0.98495967234011
9.27157867140503 0.989923310200557
9.28937349402613 0.993900170976888
9.30716831664724 0.996886290447793
9.32496313926834 0.998878691984444
9.34275796188945 0.999875389517657
9.36055278451055 0.999875389517657
9.37834760713166 0.998878691984444
9.39614242975276 0.996886290447793
9.41393725237387 0.993900170976888
9.43173207499498 0.989923310200557
9.44952689761608 0.98495967234011
9.46732172023719 0.979014205257715
9.48511654285829 0.972092835524257
9.5029113654794 0.964202462511612
9.5207061881005 0.955350951515195
9.53850101072161 0.945547125913667
9.55629583334271 0.934800758373598
9.57409065596382 0.923122561107862
9.59188547858492 0.910524175197463
9.60968030120603 0.897018158987464
9.62747512382714 0.882617975568547
9.64526994644824 0.867337979356715
9.66306476906935 0.851193401784494
9.68085959169045 0.834200336117917
9.69865441431156 0.816375721414398
9.71644923693266 0.797737325637518
9.73424405955377 0.778303727945529
9.75203888217487 0.758094300171246
9.76983370479598 0.737129187511779
9.78762852741709 0.715429288447371
9.80542335003819 0.693016233909331
9.8232181726593 0.669912365717854
9.8410129952804 0.646140714311209
9.85880781790151 0.621724975788496
9.87660264052261 0.596689488288856
9.89439746314372 0.571059207730695
9.91219228576482 0.54485968293507
9.92998710838593 0.518117030158077
9.94778193100704 0.490857907057593
9.96557675362814 0.463109486120347
9.98337157624925 0.434899427575792
10.0011663988704 0.40625585182379
10.0189612214915 0.377207311403576
10.0367560441126 0.347782762531982
10.0545508667337 0.318011536239238
10.0723456893548 0.287923309131166
10.0901405119759 0.257548073806896
10.107935334597 0.226916108961592
10.1257301572181 0.19605794920398
10.1435249798392 0.165004354618801
10.1613198024603 0.13378628010448
10.1791146250814 0.102434844516613
10.1969094477025 0.0709812996480153
10.2147042703236 0.0394569990762518
10.2324990929447 0.007893366909712
10.2502939155658 -0.0236781335366256
10.2680887381869 -0.0552260311045066
10.285883560808 -0.0867188781635531
10.3036783834291 -0.118125281958907
10.3214732060503 -0.14941393590426
10.3392680286714 -0.180553650788903
10.3570628512925 -0.21151338586782
10.3748576739136 -0.242262279803781
10.3926524965347 -0.272769681430601
10.4104473191558 -0.303005180306871
10.4282421417769 -0.33293863702976
10.446036964398 -0.362540213278624
10.4638317870191 -0.391780401558493
10.4816266096402 -0.420630054613784
10.4994214322613 -0.449060414482921
10.5172162548824 -0.477043141164888
10.5350110775035 -0.504550340869179
10.5528059001246 -0.531554593820901
10.5706007227457 -0.558028981593439
10.5883955453668 -0.583947113941306
10.6061903679879 -0.609283155106517
10.623985190609 -0.634011849572237
10.6417800132302 -0.658108547238038
10.6595748358513 -0.681549227991633
10.6773696584724 -0.704310525652671
10.6951644810935 -0.726369751264639
10.7129593037146 -0.747704915711709
10.7307541263357 -0.768294751637971
10.7485489489568 -0.788118734647193
10.7663437715779 -0.807157103761986
10.784138594199 -0.825390881121977
10.8019334168201 -0.842801890901351
10.8197282394412 -0.859372777426911
10.8375230620623 -0.875087022478593
10.8553178846834 -0.88992896175518
10.8731127073045 -0.903883800488824
10.8909075299256 -0.916937628192789
10.9087023525467 -0.929077432527731
10.9264971751678 -0.940291112272675
10.9442919977889 -0.950567489387782
10.9620868204101 -0.959896320156857
10.9798816430312 -0.968268305398507
10.9976764656523 -0.975675099735774
11.0154712882734 -0.98210931991498
11.0332661108945 -0.987564552165524
11.0510609335156 -0.992035358593258
11.0688557561367 -0.995517282601106
11.0866505787578 -0.998006853331493
11.1044454013789 -0.999501589126174
11.122240224 -1
11.1404523865658 -0.999501589126174
11.1586645491317 -0.998006853331493
11.1768767116975 -0.995517282601106
11.1950888742633 -0.992035358593258
11.2133010368291 -0.987564552165524
11.231513199395 -0.982109319914981
11.2497253619608 -0.975675099735774
11.2679375245266 -0.968268305398507
11.2861496870925 -0.959896320156857
11.3043618496583 -0.950567489387783
11.3225740122241 -0.940291112272675
11.34078617479 -0.92907743252773
11.3589983373558 -0.916937628192789
11.3772104999216 -0.903883800488824
11.3954226624874 -0.889928961755181
11.4136348250533 -0.875087022478594
11.4318469876191 -0.859372777426912
11.4500591501849 -0.84280189090135
11.4682713127508 -0.825390881121976
11.4864834753166 -0.807157103761985
11.5046956378824 -0.788118734647193
11.5229078004482 -0.768294751637971
11.5411199630141 -0.747704915711709
11.5593321255799 -0.72636975126464
11.5775442881457 -0.704310525652672
11.5957564507116 -0.681549227991634
11.6139686132774 -0.658108547238037
11.6321807758432 -0.634011849572238
11.650392938409 -0.609283155106518
11.6686051009749 -0.583947113941307
11.6868172635407 -0.558028981593441
11.7050294261065 -0.531554593820902
11.7232415886724 -0.504550340869177
11.7414537512382 -0.477043141164889
11.759665913804 -0.449060414482919
11.7778780763699 -0.420630054613783
11.7960902389357 -0.391780401558492
11.8143024015015 -0.362540213278626
11.8325145640673 -0.332938637029762
11.8507267266332 -0.303005180306873
11.868938889199 -0.272769681430603
11.8871510517648 -0.242262279803783
11.9053632143307 -0.211513385867818
11.9235753768965 -0.180553650788901
11.9417875394623 -0.14941393590426
11.9599997020281 -0.118125281958909
11.978211864594 -0.0867188781635518
11.9964240271598 -0.0552260311045088
12.0146361897256 -0.0236781335366243
12.0328483522915 0.00789336690971331
12.0510605148573 0.0394569990762534
12.0692726774231 0.0709812996480167
12.0874848399889 0.102434844516614
12.1056970025548 0.133786280104478
12.1239091651206 0.165004354618798
12.1421213276864 0.196057949203977
12.1603334902523 0.22691610896159
12.1785456528181 0.257548073806896
12.1967578153839 0.287923309131167
12.2149699779497 0.318011536239239
12.2331821405156 0.347782762531983
12.2513943030814 0.377207311403577
12.2696064656472 0.406255851823788
12.2878186282131 0.434899427575792
12.3060307907789 0.463109486120347
12.3242429533447 0.490857907057594
12.3424551159106 0.518117030158078
12.3606672784764 0.544859682935071
12.3788794410422 0.571059207730696
12.397091603608 0.596689488288854
12.4153037661739 0.621724975788494
12.4335159287397 0.646140714311209
12.4517280913055 0.669912365717855
12.4699402538714 0.693016233909332
12.4881524164372 0.715429288447371
12.506364579003 0.737129187511779
12.5245767415688 0.758094300171246
12.5427889041347 0.778303727945531
12.5610010667005 0.797737325637518
12.5792132292663 0.816375721414398
12.5974253918322 0.834200336117917
12.615637554398 0.851193401784494
12.6338497169638 0.867337979356715
12.6520618795296 0.882617975568547
12.6702740420955 0.897018158987464
12.6884862046613 0.910524175197463
12.7066983672271 0.923122561107861
12.724910529793 0.934800758373598
12.7431226923588 0.945547125913667
12.7613348549246 0.955350951515195
12.7795470174905 0.964202462511612
12.7977591800563 0.972092835524257
12.8159713426221 0.979014205257715
12.8341835051879 0.984959672340111
12.8523956677538 0.989923310200557
12.8706078303196 0.993900170976888
12.8888199928854 0.996886290447793
12.9070321554513 0.998878691984444
12.9252443180171 0.999875389517657
12.9434564805829 0.999875389517657
12.9616686431487 0.998878691984444
12.9798808057146 0.996886290447793
12.9980929682804 0.993900170976888
13.0163051308462 0.989923310200557
13.0345172934121 0.984959672340111
13.0527294559779 0.979014205257715
13.0709416185437 0.972092835524257
13.0891537811095 0.964202462511612
13.1073659436754 0.955350951515195
13.1255781062412 0.945547125913667
13.143790268807 0.934800758373598
13.1620024313729 0.92312256110786
13.1802145939387 0.910524175197463
13.1984267565045 0.897018158987464
13.2166389190704 0.882617975568547
13.2348510816362 0.867337979356715
13.253063244202 0.851193401784494
13.2712754067678 0.834200336117917
13.2894875693337 0.816375721414399
13.3076997318995 0.797737325637521
13.3259118944653 0.778303727945529
13.3441240570312 0.758094300171246
13.362336219597 0.73712918751178
13.3805483821628 0.715429288447371
13.3987605447286 0.693016233909332
13.4169727072945 0.669912365717855
13.4351848698603 0.646140714311209
13.4533970324261 0.621724975788495
13.471609194992 0.596689488288857
13.4898213575578 0.571059207730694
13.5080335201236 0.544859682935071
13.5262456826894 0.518117030158078
13.5444578452553 0.490857907057594
13.5626700078211 0.463109486120348
13.5808821703869 0.434899427575792
13.5990943329528 0.406255851823791
13.6173064955186 0.377207311403575
13.6355186580844 0.347782762531983
13.6537308206503 0.31801153623924
13.6719429832161 0.287923309131167
13.6901551457819 0.257548073806896
13.7083673083477 0.22691610896159
13.7265794709136 0.196057949203978
13.7447916334794 0.165004354618798
13.7630037960452 0.133786280104481
13.7812159586111 0.102434844516612
13.7994281211769 0.0709812996480171
13.8176402837427 0.0394569990762527
13.8358524463085 0.00789336690971378
13.8540646088744 -0.0236781335366239
13.8722767714402 -0.0552260311045093
13.890488934006 -0.0867188781635487
13.9087010965719 -0.118125281958909
13.9269132591377 -0.14941393590426
13.9451254217035 -0.180553650788901
13.9633375842693 -0.211513385867818
13.9815497468352 -0.242262279803783
13.999761909401 -0.272769681430602
14.0179740719668 -0.303005180306873
14.0361862345327 -0.332938637029762
14.0543983970985 -0.362540213278622
14.0726105596643 -0.391780401558492
14.0908227222302 -0.420630054613784
14.109034884796 -0.449060414482919
14.1272470473618 -0.477043141164889
14.1454592099276 -0.504550340869178
14.1636713724935 -0.531554593820901
14.1818835350593 -0.55802898159344
14.2000956976251 -0.583947113941307
14.218307860191 -0.609283155106515
14.2365200227568 -0.634011849572238
14.2547321853226 -0.658108547238037
14.2729443478884 -0.681549227991633
14.2911565104543 -0.704310525652672
14.3093686730201 -0.726369751264639
14.3275808355859 -0.74770491571171
14.3457929981518 -0.768294751637971
14.3640051607176 -0.788118734647193
14.3822173232834 -0.807157103761984
14.4004294858492 -0.825390881121976
14.4186416484151 -0.84280189090135
14.4368538109809 -0.859372777426911
14.4550659735467 -0.875087022478594
14.4732781361126 -0.889928961755181
14.4914902986784 -0.903883800488824
14.5097024612442 -0.916937628192789
14.5279146238101 -0.929077432527731
14.5461267863759 -0.940291112272675
14.5643389489417 -0.950567489387782
14.5825511115075 -0.959896320156857
14.6007632740734 -0.968268305398507
14.6189754366392 -0.975675099735774
14.637187599205 -0.98210931991498
14.6553997617709 -0.987564552165524
14.6736119243367 -0.992035358593258
14.6918240869025 -0.995517282601106
14.7100362494683 -0.998006853331493
14.7282484120342 -0.999501589126174
14.7464605746 -1
14.753054979909 -0.999501589126174
14.7596493852181 -0.998006853331493
14.7662437905271 -0.995517282601106
14.7728381958362 -0.992035358593258
14.7794326011452 -0.987564552165524
14.7860270064543 -0.98210931991498
14.7926214117633 -0.975675099735773
14.7992158170724 -0.968268305398507
14.8058102223814 -0.959896320156858
14.8124046276905 -0.950567489387782
14.8189990329995 -0.940291112272675
14.8255934383085 -0.929077432527731
14.8321878436176 -0.91693762819279
14.8387822489266 -0.903883800488822
14.8453766542357 -0.88992896175518
14.8519710595447 -0.875087022478594
14.8585654648538 -0.859372777426914
14.8651598701628 -0.842801890901349
14.8717542754719 -0.825390881121976
14.8783486807809 -0.807157103761987
14.8849430860899 -0.788118734647195
14.891537491399 -0.768294751637969
14.898131896708 -0.747704915711709
14.9047263020171 -0.726369751264641
14.9113207073261 -0.704310525652669
14.9179151126352 -0.681549227991633
14.9245095179442 -0.658108547238038
14.9311039232533 -0.634011849572241
14.9376983285623 -0.609283155106514
14.9442927338714 -0.583947113941305
14.9508871391804 -0.558028981593441
14.9574815444894 -0.531554593820904
14.9640759497985 -0.504550340869175
14.9706703551075 -0.477043141164889
14.9772647604166 -0.449060414482921
14.9838591657256 -0.420630054613787
14.9904535710347 -0.39178040155849
14.9970479763437 -0.362540213278624
15.0036423816528 -0.332938637029763
15.0102367869618 -0.303005180306877
15.0168311922709 -0.272769681430601
15.0234255975799 -0.242262279803783
15.0300200028889 -0.211513385867821
15.036614408198 -0.180553650788898
15.043208813507 -0.149413935904259
15.0498032188161 -0.118125281958908
15.0563976241251 -0.0867188781635532
15.0629920294342 -0.0552260311045044
15.0695864347432 -0.0236781335366225
15.0761808400523 0.00789336690971264
15.0827752453613 0.0394569990762498
15.0893696506704 0.0709812996480193
15.0959640559794 0.102434844516614
15.1025584612884 0.133786280104478
15.1091528665975 0.165004354618796
15.1157472719065 0.196057949203981
15.1223416772156 0.226916108961591
15.1289360825246 0.257548073806895
15.1355304878337 0.287923309131163
15.1421248931427 0.318011536239241
15.1487192984518 0.347782762531983
15.1553137037608 0.377207311403574
15.1619081090698 0.406255851823785
15.1685025143789 0.434899427575795
15.1750969196879 0.463109486120348
15.181691324997 0.490857907057592
15.188285730306 0.518117030158081
15.1948801356151 0.544859682935072
15.2014745409241 0.571059207730694
15.2080689462332 0.596689488288854
15.2146633515422 0.621724975788498
15.2212577568513 0.646140714311211
15.2278521621603 0.669912365717855
15.2344465674693 0.69301623390933
15.2410409727784 0.715429288447373
15.2476353780874 0.73712918751178
15.2542297833965 0.758094300171245
15.2608241887055 0.778303727945528
15.2674185940146 0.797737325637521
15.2740129993236 0.816375721414399
15.2806074046327 0.834200336117917
15.2872018099417 0.851193401784493
15.2937962152508 0.867337979356716
15.3003906205598 0.882617975568547
15.3069850258688 0.897018158987463
15.3135794311779 0.910524175197461
15.3201738364869 0.923122561107862
15.326768241796 0.934800758373598
15.333362647105 0.945547125913666
15.3399570524141 0.955350951515196
15.3465514577231 0.964202462511612
15.3531458630322 0.972092835524257
15.3597402683412 0.979014205257714
15.3663346736503 0.984959672340111
15.3729290789593 0.989923310200557
15.3795234842683 0.993900170976888
15.3861178895774 0.996886290447793
15.3927122948864 0.998878691984444
15.3993067001955 0.999875389517657
15.4059011055045 0.999875389517657
15.4124955108136 0.998878691984444
15.4190899161226 0.996886290447793
15.4256843214317 0.993900170976888
15.4322787267407 0.989923310200557
15.4388731320497 0.984959672340111
15.4454675373588 0.979014205257714
15.4520619426678 0.972092835524257
15.4586563479769 0.964202462511612
15.4652507532859 0.955350951515196
15.471845158595 0.945547125913666
15.478439563904 0.934800758373598
15.4850339692131 0.923122561107862
15.4916283745221 0.910524175197461
15.4982227798312 0.897018158987463
15.5048171851402 0.882617975568547
15.5114115904492 0.867337979356716
15.5180059957583 0.851193401784493
15.5246004010673 0.834200336117917
15.5311948063764 0.816375721414399
15.5377892116854 0.797737325637521
15.5443836169945 0.778303727945528
15.5509780223035 0.758094300171245
15.5575724276126 0.73712918751178
15.5641668329216 0.715429288447374
15.5707612382307 0.69301623390933
15.5773556435397 0.669912365717855
15.5839500488487 0.646140714311211
15.5905444541578 0.621724975788498
15.5971388594668 0.596689488288854
15.6037332647759 0.571059207730694
15.6103276700849 0.544859682935072
15.616922075394 0.518117030158081
15.623516480703 0.490857907057592
15.6301108860121 0.463109486120348
15.6367052913211 0.434899427575796
15.6432996966302 0.406255851823786
15.6498941019392 0.377207311403575
15.6564885072482 0.347782762531983
15.6630829125573 0.31801153623924
15.6696773178663 0.287923309131163
15.6762717231754 0.257548073806896
15.6828661284844 0.226916108961591
15.6894605337935 0.196057949203982
15.6960549391025 0.165004354618796
15.7026493444116 0.133786280104478
15.7092437497206 0.102434844516615
15.7158381550296 0.0709812996480198
15.7224325603387 0.0394569990762501
15.7290269656477 0.00789336690971289
15.7356213709568 -0.0236781335366221
15.7422157762658 -0.0552260311045119
15.7488101815749 -0.0867188781635531
15.7554045868839 -0.118125281958908
15.761998992193 -0.149413935904259
15.768593397502 -0.180553650788898
15.7751878028111 -0.211513385867821
15.7817822081201 -0.242262279803783
15.7883766134291 -0.272769681430601
15.7949710187382 -0.303005180306876
15.8015654240472 -0.332938637029762
15.8081598293563 -0.362540213278624
15.8147542346653 -0.39178040155849
15.8213486399744 -0.420630054613788
15.8279430452834 -0.449060414482921
15.8345374505925 -0.477043141164889
15.8411318559015 -0.504550340869175
15.8477262612106 -0.531554593820904
15.8543206665196 -0.55802898159344
15.8609150718286 -0.583947113941305
15.8675094771377 -0.609283155106514
15.8741038824467 -0.63401184957224
15.8806982877558 -0.658108547238038
15.8872926930648 -0.681549227991633
15.8938870983739 -0.704310525652676
15.9004815036829 -0.726369751264641
15.907075908992 -0.747704915711709
15.913670314301 -0.768294751637969
15.92026471961 -0.78811873464719
15.9268591249191 -0.807157103761986
15.9334535302281 -0.825390881121976
15.9400479355372 -0.842801890901349
15.9466423408462 -0.859372777426914
15.9532367461553 -0.875087022478594
15.9598311514643 -0.88992896175518
15.9664255567734 -0.903883800488822
15.9730199620824 -0.91693762819279
15.9796143673915 -0.929077432527731
15.9862087727005 -0.940291112272675
15.9928031780095 -0.950567489387782
15.9993975833186 -0.959896320156858
16.0059919886276 -0.968268305398507
16.0125863939367 -0.975675099735773
16.0191807992457 -0.98210931991498
16.0257752045548 -0.987564552165523
16.0323696098638 -0.992035358593259
16.0389640151729 -0.995517282601107
16.0455584204819 -0.998006853331494
16.052152825791 -0.999501589126174
16.0587472311 -1
16.0683854097402 -0.999501589126174
16.0780235883804 -0.998006853331494
16.0876617670206 -0.995517282601106
16.0972999456608 -0.992035358593258
16.106938124301 -0.987564552165523
16.1165763029412 -0.982109319914981
16.1262144815814 -0.975675099735774
16.1358526602216 -0.968268305398507
16.1454908388618 -0.959896320156859
16.155129017502 -0.950567489387784
16.1647671961422 -0.940291112272675
16.1744053747824 -0.929077432527729
16.1840435534226 -0.91693762819279
16.1936817320628 -0.903883800488824
16.203319910703 -0.889928961755179
16.2129580893432 -0.875087022478591
16.2225962679834 -0.859372777426913
16.2322344466236 -0.84280189090135
16.2418726252638 -0.825390881121974
16.251510803904 -0.807157103761988
16.2611489825442 -0.788118734647193
16.2707871611844 -0.768294751637969
16.2804253398246 -0.747704915711705
16.2900635184648 -0.726369751264641
16.299701697105 -0.704310525652672
16.3093398757452 -0.681549227991631
16.3189780543854 -0.658108547238041
16.3286162330256 -0.63401184957224
16.3382544116658 -0.609283155106515
16.347892590306 -0.583947113941302
16.3575307689462 -0.558028981593443
16.3671689475864 -0.531554593820901
16.3768071262266 -0.504550340869175
16.3864453048668 -0.477043141164894
16.396083483507 -0.449060414482922
16.4057216621472 -0.420630054613783
16.4153598407874 -0.391780401558489
16.4249980194276 -0.362540213278628
16.4346361980678 -0.332938637029761
16.444274376708 -0.30300518030687
16.4539125553482 -0.272769681430608
16.4635507339884 -0.242262279803785
16.4731889126286 -0.211513385867818
16.4828270912688 -0.180553650788898
16.492465269909 -0.149413935904265
16.5021034485492 -0.118125281958909
16.5117416271894 -0.0867188781635483
16.5213798058296 -0.0552260311045139
16.5310179844698 -0.0236781335366265
16.5406561631101 0.00789336690971398
16.5502943417503 0.0394569990762569
16.5599325203905 0.0709812996480116
16.5695706990307 0.102434844516612
16.5792088776709 0.133786280104481
16.5888470563111 0.165004354618805
16.5984852349513 0.196057949203975
16.6081234135915 0.226916108961591
16.6177615922317 0.2575480738069
16.6273997708719 0.287923309131162
16.6370379495121 0.318011536239237
16.6466761281523 0.347782762531984
16.6563143067925 0.377207311403581
16.6659524854327 0.406255851823786
16.6755906640729 0.434899427575793
16.6852288427131 0.463109486120351
16.6948670213533 0.490857907057589
16.7045051999935 0.518117030158076
16.7141433786337 0.544859682935072
16.7237815572739 0.571059207730699
16.7334197359141 0.596689488288853
16.7430579145543 0.621724975788495
16.7526960931945 0.646140714311212
16.7623342718347 0.669912365717851
16.7719724504749 0.69301623390933
16.7816106291151 0.715429288447372
16.7912488077553 0.737129187511782
16.8008869863955 0.758094300171243
16.8105251650357 0.77830372794553
16.8201633436759 0.797737325637521
16.8298015223161 0.816375721414403
16.8394397009563 0.834200336117916
16.8490778795965 0.851193401784495
16.8587160582367 0.867337979356717
16.8683542368769 0.882617975568545
16.8779924155171 0.897018158987463
16.8876305941573 0.910524175197463
16.8972687727975 0.923122561107863
16.9069069514377 0.934800758373597
16.9165451300779 0.945547125913667
16.9261833087181 0.955350951515196
16.9358214873583 0.964202462511611
16.9454596659985 0.972092835524257
16.9550978446387 0.979014205257715
16.9647360232789 0.984959672340111
16.9743742019191 0.989923310200557
16.9840123805593 0.993900170976888
16.9936505591995 0.996886290447793
17.0032887378397 0.998878691984443
17.0129269164799 0.999875389517657
17.0225650951201 0.999875389517657
17.0322032737603 0.998878691984443
17.0418414524005 0.996886290447793
17.0514796310407 0.993900170976888
17.0611178096809 0.989923310200557
17.0707559883211 0.984959672340111
17.0803941669613 0.979014205257715
17.0900323456015 0.972092835524257
17.0996705242417 0.964202462511611
17.1093087028819 0.955350951515196
17.1189468815221 0.945547125913667
17.1285850601623 0.934800758373598
17.1382232388025 0.923122561107863
17.1478614174427 0.910524175197463
17.1574995960829 0.897018158987463
17.1671377747231 0.882617975568545
17.1767759533633 0.867337979356717
17.1864141320035 0.851193401784495
17.1960523106437 0.834200336117916
17.2056904892839 0.816375721414403
17.2153286679241 0.797737325637521
17.2249668465643 0.77830372794553
17.2346050252045 0.758094300171243
17.2442432038447 0.737129187511782
17.2538813824849 0.715429288447372
17.2635195611251 0.69301623390933
17.2731577397653 0.669912365717851
17.2827959184055 0.646140714311212
17.2924340970457 0.621724975788495
17.3020722756859 0.596689488288854
17.3117104543261 0.571059207730699
17.3213486329663 0.544859682935072
17.3309868116065 0.518117030158076
17.3406249902467 0.490857907057589
17.3502631688869 0.463109486120351
17.3599013475271 0.434899427575793
17.3695395261673 0.406255851823786
17.3791777048075 0.37720731140358
17.3888158834477 0.347782762531985
17.3984540620879 0.318011536239237
17.4080922407281 0.287923309131162
17.4177304193683 0.257548073806901
17.4273685980085 0.22691610896159
17.4370067766487 0.196057949203975
17.4466449552889 0.165004354618794
17.4562831339291 0.133786280104482
17.4659213125693 0.102434844516612
17.4755594912095 0.0709812996480118
17.4851976698497 0.0394569990762572
17.4948358484899 0.00789336690971378
17.5044740271302 -0.0236781335366256
17.5141122057704 -0.0552260311045137
17.5237503844106 -0.0867188781635478
17.5333885630508 -0.118125281958908
17.543026741691 -0.149413935904265
17.5526649203312 -0.180553650788898
17.5623030989714 -0.211513385867818
17.5719412776116 -0.242262279803785
17.5815794562518 -0.272769681430608
17.591217634892 -0.30300518030687
17.6008558135322 -0.332938637029761
17.6104939921724 -0.362540213278628
17.6201321708126 -0.391780401558489
17.6297703494528 -0.420630054613783
17.639408528093 -0.449060414482921
17.6490467067332 -0.477043141164893
17.6586848853734 -0.504550340869174
17.6683230640136 -0.531554593820901
17.6779612426538 -0.558028981593443
17.687599421294 -0.583947113941302
17.6972375999342 -0.609283155106515
17.7068757785744 -0.63401184957224
17.7165139572146 -0.658108547238041
17.7261521358548 -0.681549227991631
17.735790314495 -0.704310525652672
17.7454284931352 -0.726369751264641
17.7550666717754 -0.747704915711705
17.7647048504156 -0.768294751637969
17.7743430290558 -0.788118734647193
17.783981207696 -0.807157103761988
17.7936193863362 -0.825390881121974
17.8032575649764 -0.84280189090135
17.8128957436166 -0.859372777426913
17.8225339222568 -0.875087022478591
17.832172100897 -0.889928961755179
17.8418102795372 -0.903883800488824
17.8514484581774 -0.91693762819279
17.8610866368176 -0.929077432527729
17.8707248154578 -0.940291112272675
17.880362994098 -0.950567489387784
17.8900011727382 -0.959896320156855
17.8996393513784 -0.968268305398506
17.9092775300186 -0.975675099735774
17.9189157086588 -0.982109319914981
17.928553887299 -0.987564552165523
17.9381920659392 -0.992035358593258
17.9478302445794 -0.995517282601106
17.9574684232196 -0.998006853331494
17.9671066018598 -0.999501589126174
17.9767447805 -1
17.9944339751688 -0.999501589126174
18.0121231698377 -0.998006853331494
18.0298123645065 -0.995517282601106
18.0475015591754 -0.992035358593258
18.0651907538442 -0.987564552165524
18.0828799485131 -0.982109319914981
18.1005691431819 -0.975675099735774
18.1182583378508 -0.968268305398507
18.1359475325196 -0.959896320156856
18.1536367271884 -0.950567489387783
18.1713259218573 -0.940291112272676
18.1890151165261 -0.929077432527731
18.206704311195 -0.91693762819279
18.2243935058638 -0.903883800488823
18.2420827005327 -0.88992896175518
18.2597718952015 -0.875087022478594
18.2774610898704 -0.859372777426913
18.2951502845392 -0.842801890901352
18.312839479208 -0.825390881121975
18.3305286738769 -0.807157103761985
18.3482178685457 -0.788118734647192
18.3659070632146 -0.768294751637972
18.3835962578834 -0.747704915711711
18.4012854525523 -0.726369751264638
18.4189746472211 -0.704310525652671
18.4366638418899 -0.681549227991634
18.4543530365588 -0.658108547238038
18.4720422312276 -0.63401184957224
18.4897314258965 -0.609283155106514
18.5074206205653 -0.583947113941305
18.5251098152342 -0.55802898159344
18.542799009903 -0.531554593820902
18.5604882045719 -0.504550340869179
18.5781773992407 -0.477043141164892
18.5958665939095 -0.449060414482918
18.6135557885784 -0.420630054613784
18.6312449832472 -0.391780401558494
18.6489341779161 -0.362540213278626
18.6666233725849 -0.332938637029764
18.6843125672538 -0.303005180306871
18.7020017619226 -0.272769681430602
18.7196909565915 -0.242262279803783
18.7373801512603 -0.21151338586782
18.7550693459291 -0.180553650788905
18.772758540598 -0.149413935904258
18.7904477352668 -0.118125281958907
18.8081369299357 -0.0867188781635507
18.8258261246045 -0.0552260311045093
18.8435153192734 -0.0236781335366263
18.8612045139422 0.00789336690971598
18.8788937086111 0.0394569990762545
18.8965829032799 0.0709812996480164
18.9142720979487 0.102434844516612
18.9319612926176 0.133786280104477
18.9496504872864 0.165004354618802
18.9673396819553 0.19605794920398
18.9850288766241 0.226916108961591
19.002718071293 0.257548073806896
19.0204072659618 0.287923309131165
19.0380964606307 0.318011536239235
19.0557856552995 0.347782762531984
19.0734748499683 0.377207311403577
19.0911640446372 0.406255851823789
19.108853239306 0.434899427575792
19.1265424339749 0.463109486120345
19.1442316286437 0.490857907057596
19.1619208233126 0.518117030158079
19.1796100179814 0.54485968293507
19.1972992126503 0.571059207730694
19.2149884073191 0.596689488288854
19.2326776019879 0.621724975788498
19.2503667966568 0.646140714311211
19.2680559913256 0.669912365717855
19.2857451859945 0.693016233909331
19.3034343806633 0.71542928844737
19.3211235753322 0.737129187511777
19.338812770001 0.758094300171246
19.3565019646698 0.77830372794553
19.3741911593387 0.797737325637519
19.3918803540075 0.816375721414398
19.4095695486764 0.834200336117916
19.4272587433452 0.851193401784496
19.4449479380141 0.867337979356715
19.4626371326829 0.882617975568547
19.4803263273518 0.897018158987463
19.4980155220206 0.910524175197461
19.5157047166894 0.923122561107862
19.5333939113583 0.934800758373599
19.5510831060271 0.945547125913667
19.568772300696 0.955350951515194
19.5864614953648 0.964202462511611
19.6041506900337 0.972092835524258
19.6218398847025 0.979014205257715
19.6395290793714 0.984959672340111
19.6572182740402 0.989923310200557
19.674907468709 0.993900170976888
19.6925966633779 0.996886290447793
19.7102858580467 0.998878691984444
19.7279750527156 0.999875389517657
19.7456642473844 0.999875389517657
19.7633534420533 0.998878691984444
19.7810426367221 0.996886290447793
19.798731831391 0.993900170976888
19.8164210260598 0.989923310200557
19.8341102207286 0.984959672340111
19.8517994153975 0.979014205257715
19.8694886100663 0.972092835524258
19.8871778047352 0.964202462511611
19.904866999404 0.955350951515194
19.9225561940729 0.945547125913667
19.9402453887417 0.934800758373599
19.9579345834106 0.923122561107862
19.9756237780794 0.910524175197461
19.9933129727482 0.897018158987463
20.0110021674171 0.882617975568547
20.0286913620859 0.867337979356715
20.0463805567548 0.851193401784496
20.0640697514236 0.83420033611792
20.0817589460925 0.816375721414398
20.0994481407613 0.797737325637519
20.1171373354302 0.77830372794553
20.134826530099 0.758094300171247
20.1525157247678 0.737129187511781
20.1702049194367 0.71542928844737
20.1878941141055 0.693016233909331
20.2055833087744 0.669912365717856
20.2232725034432 0.646140714311211
20.2409616981121 0.621724975788497
20.2586508927809 0.596689488288854
20.2763400874497 0.571059207730694
20.2940292821186 0.544859682935071
20.3117184767874 0.518117030158079
20.3294076714563 0.490857907057596
20.3470968661251 0.463109486120345
20.364786060794 0.434899427575792
20.3824752554628 0.406255851823789
20.4001644501317 0.377207311403577
20.4178536448005 0.347782762531985
20.4355428394693 0.318011536239236
20.4532320341382 0.287923309131165
20.470921228807 0.257548073806896
20.4886104234759 0.226916108961591
20.5062996181447 0.19605794920398
20.5239888128136 0.165004354618796
20.5416780074824 0.133786280104478
20.5593672021513 0.102434844516613
20.5770563968201 0.0709812996480162
20.5947455914889 0.0394569990762545
20.6124347861578 0.00789336690970934
20.6301239808266 -0.0236781335366265
20.6478131754955 -0.0552260311045084
20.6655023701643 -0.0867188781635505
20.6831915648332 -0.118125281958906
20.700880759502 -0.149413935904258
20.7185699541709 -0.180553650788905
20.7362591488397 -0.21151338586782
20.7539483435085 -0.242262279803783
20.7716375381774 -0.272769681430602
20.7893267328462 -0.303005180306871
20.8070159275151 -0.332938637029757
20.8247051221839 -0.362540213278626
20.8423943168528 -0.391780401558493
20.8600835115216 -0.420630054613784
20.8777727061905 -0.449060414482918
20.8954619008593 -0.477043141164886
20.9131510955281 -0.504550340869179
20.930840290197 -0.531554593820902
20.9485294848658 -0.55802898159344
20.9662186795347 -0.583947113941304
20.9839078742035 -0.609283155106514
21.0015970688724 -0.63401184957224
21.0192862635412 -0.658108547238038
21.0369754582101 -0.681549227991633
21.0546646528789 -0.704310525652671
21.0723538475477 -0.726369751264638
21.0900430422166 -0.74770491571171
21.1077322368854 -0.768294751637971
21.1254214315543 -0.788118734647192
21.1431106262231 -0.807157103761985
21.160799820892 -0.825390881121975
21.1784890155608 -0.842801890901352
21.1961782102297 -0.859372777426913
21.2138674048985 -0.875087022478594
21.2315565995673 -0.88992896175518
21.2492457942362 -0.903883800488822
21.266934988905 -0.91693762819279
21.2846241835739 -0.929077432527731
21.3023133782427 -0.940291112272676
21.3200025729116 -0.950567489387783
21.3376917675804 -0.959896320156857
21.3553809622492 -0.968268305398508
21.3730701569181 -0.975675099735774
21.3907593515869 -0.98210931991498
21.4084485462558 -0.987564552165524
21.4261377409246 -0.992035358593258
21.4438269355935 -0.995517282601106
21.4615161302623 -0.998006853331494
21.4792053249312 -0.999501589126174
21.4968945196 -1
21.5161077578603 -0.999501589126174
21.5353209961206 -0.998006853331494
21.5545342343809 -0.995517282601106
21.5737474726412 -0.992035358593258
21.5929607109015 -0.987564552165524
21.6121739491618 -0.98210931991498
21.6313871874221 -0.975675099735773
21.6506004256824 -0.968268305398508
21.6698136639427 -0.959896320156857
21.689026902203 -0.950567489387784
21.7082401404633 -0.940291112272676
21.7274533787236 -0.92907743252773
21.7466666169839 -0.91693762819279
21.7658798552442 -0.903883800488824
21.7850930935045 -0.88992896175518
21.8043063317648 -0.875087022478595
21.8235195700251 -0.859372777426912
21.8427328082854 -0.84280189090135
21.8619460465457 -0.825390881121977
21.881159284806 -0.807157103761985
21.9003725230663 -0.788118734647191
21.9195857613266 -0.768294751637972
21.9387989995869 -0.747704915711709
21.9580122378472 -0.726369751264638
21.9772254761075 -0.704310525652673
21.9964387143678 -0.681549227991633
22.0156519526281 -0.65810854723804
22.0348651908884 -0.634011849572239
22.0540784291487 -0.609283155106516
22.073291667409 -0.583947113941308
22.0925049056693 -0.558028981593441
22.1117181439297 -0.5315545938209
22.1309313821899 -0.504550340869179
22.1501446204503 -0.47704314116489
22.1693578587106 -0.449060414482919
22.1885710969709 -0.420630054613786
22.2077843352312 -0.391780401558493
22.2269975734915 -0.362540213278622
22.2462108117518 -0.332938637029763
22.2654240500121 -0.303005180306873
22.2846372882724 -0.272769681430601
22.3038505265327 -0.242262279803784
22.323063764793 -0.211513385867818
22.3422770030533 -0.180553650788899
22.3614902413136 -0.149413935904262
22.3807034795739 -0.118125281958907
22.3999167178342 -0.0867188781635536
22.4191299560945 -0.055226031104509
22.4383431943548 -0.0236781335366228
22.4575564326151 0.00789336690971087
22.4767696708754 0.0394569990762523
22.4959829091357 0.0709812996480175
22.515196147396 0.102434844516611
22.5344093856563 0.133786280104479
22.5536226239166 0.165004354618801
22.5728358621769 0.196057949203976
22.5920491004372 0.22691610896159
22.6112623386975 0.257548073806899
22.6304755769578 0.287923309131165
22.6496888152181 0.318011536239239
22.6689020534784 0.347782762531985
22.6881152917387 0.377207311403575
22.707328529999 0.40625585182379
22.7265417682593 0.43489942757579
22.7457550065196 0.463109486120347
22.7649682447799 0.490857907057595
22.7841814830402 0.518117030158075
22.8033947213005 0.54485968293507
22.8226079595608 0.571059207730696
22.8418211978211 0.596689488288854
22.8610344360814 0.621724975788495
22.8802476743417 0.646140714311211
22.899460912602 0.669912365717854
22.9186741508623 0.693016233909332
22.9378873891226 0.715429288447373
22.9571006273829 0.737129187511778
22.9763138656432 0.758094300171246
22.9955271039035 0.778303727945531
23.0147403421638 0.797737325637519
23.0339535804241 0.816375721414399
23.0531668186844 0.834200336117919
23.0723800569447 0.851193401784494
23.091593295205 0.867337979356715
23.1108065334653 0.882617975568548
23.1300197717256 0.897018158987463
23.1492330099859 0.910524175197463
23.1684462482462 0.92312256110786
23.1876594865065 0.934800758373598
23.2068727247668 0.945547125913668
23.2260859630271 0.955350951515194
23.2452992012874 0.964202462511612
23.2645124395477 0.972092835524258
23.283725677808 0.979014205257714
23.3029389160683 0.984959672340111
23.3221521543286 0.989923310200557
23.3413653925889 0.993900170976888
23.3605786308492 0.996886290447793
23.3797918691095 0.998878691984443
23.3990051073698 0.999875389517657
23.4182183456302 0.999875389517657
23.4374315838905 0.998878691984444
23.4566448221508 0.996886290447793
23.4758580604111 0.993900170976888
23.4950712986714 0.989923310200557
23.5142845369317 0.984959672340111
23.533497775192 0.979014205257714
23.5527110134523 0.972092835524258
23.5719242517126 0.964202462511612
23.5911374899729 0.955350951515194
23.6103507282332 0.945547125913668
23.6295639664935 0.934800758373598
23.6487772047538 0.92312256110786
23.6679904430141 0.910524175197463
23.6872036812744 0.897018158987463
23.7064169195347 0.882617975568546
23.725630157795 0.867337979356715
23.7448433960553 0.851193401784494
23.7640566343156 0.834200336117916
23.7832698725759 0.8163757214144
23.8024831108362 0.797737325637519
23.8216963490965 0.778303727945528
23.8409095873568 0.758094300171246
23.8601228256171 0.737129187511778
23.8793360638774 0.715429288447373
23.8985493021377 0.693016233909332
23.917762540398 0.669912365717854
23.9369757786583 0.646140714311211
23.9561890169186 0.621724975788495
23.9754022551789 0.596689488288854
23.9946154934392 0.571059207730696
24.0138287316995 0.54485968293507
24.0330419699598 0.518117030158076
24.0522552082201 0.490857907057595
24.0714684464804 0.463109486120348
24.0906816847407 0.434899427575791
24.109894923001 0.40625585182379
24.1291081612613 0.377207311403575
24.1483213995216 0.347782762531986
24.1675346377819 0.318011536239239
24.1867478760422 0.287923309131165
24.2059611143025 0.257548073806899
24.2251743525628 0.22691610896159
24.2443875908231 0.196057949203976
24.2636008290834 0.165004354618802
24.2828140673437 0.133786280104479
24.302027305604 0.102434844516611
24.3212405438643 0.070981299648018
24.3404537821246 0.0394569990762527
24.3596670203849 0.00789336690971022
24.3788802586452 -0.0236781335366221
24.3980934969055 -0.0552260311045093
24.4173067351658 -0.0867188781635531
24.4365199734261 -0.118125281958907
24.4557332116864 -0.149413935904262
24.4749464499467 -0.180553650788905
24.494159688207 -0.211513385867818
24.5133729264673 -0.242262279803785
24.5325861647276 -0.272769681430606
24.5517994029879 -0.303005180306872
24.5710126412482 -0.332938637029762
24.5902258795085 -0.362540213278622
24.6094391177688 -0.391780401558493
24.6286523560291 -0.420630054613786
24.6478655942894 -0.449060414482918
24.6670788325497 -0.47704314116489
24.6862920708101 -0.504550340869179
24.7055053090704 -0.531554593820901
24.7247185473307 -0.55802898159344
24.743931785591 -0.583947113941308
24.7631450238513 -0.609283155106516
24.7823582621116 -0.634011849572239
24.8015715003719 -0.658108547238035
24.8207847386322 -0.681549227991633
24.8399979768925 -0.704310525652672
24.8592112151528 -0.726369751264638
24.8784244534131 -0.747704915711708
24.8976376916734 -0.768294751637972
24.9168509299337 -0.788118734647191
24.936064168194 -0.807157103761985
24.9552774064543 -0.825390881121977
24.9744906447146 -0.842801890901349
24.9937038829749 -0.859372777426912
25.0129171212352 -0.875087022478595
25.0321303594955 -0.889928961755179
25.0513435977558 -0.903883800488824
25.0705568360161 -0.91693762819279
25.0897700742764 -0.92907743252773
25.1089833125367 -0.940291112272676
25.128196550797 -0.950567489387784
25.1474097890573 -0.959896320156857
25.1666230273176 -0.968268305398508
25.1858362655779 -0.975675099735774
25.2050495038382 -0.98210931991498
25.2242627420985 -0.987564552165524
25.2434759803588 -0.992035358593258
25.2626892186191 -0.995517282601106
25.2819024568794 -0.998006853331493
25.3011156951397 -0.999501589126174
25.3203289334 -1
25.3287694915236 -0.999501589126174
25.3372100496472 -0.998006853331493
25.3456506077709 -0.995517282601106
25.3540911658945 -0.992035358593258
25.3625317240181 -0.987564552165523
25.3709722821417 -0.982109319914981
25.3794128402653 -0.975675099735775
25.3878533983889 -0.968268305398506
25.3962939565126 -0.959896320156857
25.4047345146362 -0.950567489387785
25.4131750727598 -0.940291112272674
25.4216156308834 -0.929077432527731
25.430056189007 -0.916937628192791
25.4384967471307 -0.903883800488822
25.4469373052543 -0.889928961755181
25.4553778633779 -0.875087022478597
25.4638184215015 -0.859372777426911
25.4722589796251 -0.842801890901352
25.4806995377487 -0.82539088112198
25.4891400958724 -0.807157103761984
25.497580653996 -0.788118734647194
25.5060212121196 -0.768294751637967
25.5144617702432 -0.747704915711708
25.5229023283668 -0.726369751264641
25.5313428864905 -0.704310525652668
25.5397834446141 -0.681549227991633
25.5482240027377 -0.65810854723804
25.5566645608613 -0.634011849572234
25.5651051189849 -0.609283155106516
25.5735456771085 -0.583947113941309
25.5819862352322 -0.558028981593436
25.5904267933558 -0.531554593820901
25.5988673514794 -0.504550340869181
25.607307909603 -0.477043141164885
25.6157484677266 -0.44906041448292
25.6241890258502 -0.420630054613788
25.6326295839739 -0.391780401558489
25.6410701420975 -0.362540213278624
25.6495107002211 -0.332938637029765
25.6579512583447 -0.303005180306869
25.6663918164683 -0.272769681430603
25.674832374592 -0.242262279803788
25.6832729327156 -0.211513385867815
25.6917134908392 -0.180553650788903
25.7001540489628 -0.149413935904266
25.7085946070864 -0.118125281958904
25.71703516521 -0.0867188781635518
25.7254757233337 -0.0552260311045135
25.7339162814573 -0.0236781335366208
25.7423568395809 0.0078933669097122
25.7507973977045 0.0394569990762472
25.7592379558281 0.0709812996480189
25.7676785139518 0.102434844516612
25.7761190720754 0.133786280104473
25.784559630199 0.165004354618802
25.7930001883226 0.196057949203976
25.8014407464462 0.226916108961584
25.8098813045698 0.257548073806899
25.8183218626935 0.287923309131164
25.8267624208171 0.318011536239232
25.8352029789407 0.347782762531984
25.8436435370643 0.377207311403574
25.8520840951879 0.406255851823795
25.8605246533116 0.434899427575795
25.8689652114352 0.463109486120345
25.8774057695588 0.490857907057599
25.8858463276824 0.518117030158078
25.894286885806 0.544859682935068
25.9027274439296 0.571059207730699
25.9111680020533 0.596689488288857
25.9196085601769 0.621724975788493
25.9280491183005 0.646140714311214
25.9364896764241 0.669912365717856
25.9449302345477 0.693016233909329
25.9533707926714 0.715429288447375
25.961811350795 0.737129187511779
25.9702519089186 0.758094300171243
25.9786924670422 0.778303727945533
25.9871330251658 0.797737325637519
25.9955735832894 0.816375721414397
26.0040141414131 0.83420033611792
26.0124546995367 0.851193401784494
26.0208952576603 0.867337979356712
26.0293358157839 0.882617975568549
26.0377763739075 0.897018158987463
26.0462169320312 0.91052417519746
26.0546574901548 0.923122561107862
26.0630980482784 0.934800758373598
26.071538606402 0.945547125913665
26.0799791645256 0.955350951515196
26.0884197226492 0.964202462511611
26.0968602807729 0.972092835524256
26.1053008388965 0.979014205257715
26.1137413970201 0.98495967234011
26.1221819551437 0.989923310200556
26.1306225132673 0.993900170976888
26.139063071391 0.996886290447793
26.1475036295146 0.998878691984444
26.1559441876382 0.999875389517657
26.1643847457618 0.999875389517657
26.1728253038854 0.998878691984443
26.181265862009 0.996886290447793
26.1897064201327 0.993900170976888
26.1981469782563 0.989923310200556
26.2065875363799 0.98495967234011
26.2150280945035 0.979014205257715
26.2234686526271 0.972092835524256
26.2319092107508 0.964202462511612
26.2403497688744 0.955350951515196
26.248790326998 0.945547125913665
26.2572308851216 0.934800758373598
26.2656714432452 0.923122561107862
26.2741120013688 0.91052417519746
26.2825525594925 0.897018158987463
26.2909931176161 0.882617975568549
26.2994336757397 0.867337979356712
26.3078742338633 0.851193401784494
26.3163147919869 0.83420033611792
26.3247553501106 0.816375721414396
26.3331959082342 0.79773732563752
26.3416364663578 0.778303727945533
26.3500770244814 0.758094300171243
26.358517582605 0.737129187511779
26.3669581407286 0.715429288447375
26.3753986988523 0.693016233909329
26.3838392569759 0.669912365717856
26.3922798150995 0.646140714311214
26.4007203732231 0.621724975788493
26.4091609313467 0.596689488288857
26.4176014894703 0.571059207730699
26.426042047594 0.544859682935068
26.4344826057176 0.518117030158079
26.4429231638412 0.490857907057599
26.4513637219648 0.463109486120346
26.4598042800884 0.434899427575795
26.4682448382121 0.406255851823795
26.4766853963357 0.377207311403574
26.4851259544593 0.347782762531984
26.4935665125829 0.318011536239232
26.5020070707065 0.287923309131164
26.5104476288301 0.257548073806899
26.5188881869538 0.226916108961597
26.5273287450774 0.196057949203976
26.535769303201 0.165004354618802
26.5442098613246 0.133786280104474
26.5526504194482 0.102434844516612
26.5610909775719 0.0709812996480189
26.5695315356955 0.0394569990762474
26.5779720938191 0.007893366909712
26.5864126519427 -0.0236781335366203
26.5948532100663 -0.0552260311045128
26.6032937681899 -0.0867188781635514
26.6117343263136 -0.118125281958904
26.6201748844372 -0.149413935904266
26.6286154425608 -0.180553650788903
26.6370560006844 -0.211513385867815
26.645496558808 -0.242262279803787
26.6539371169317 -0.272769681430603
26.6623776750553 -0.303005180306868
26.6708182331789 -0.332938637029765
26.6792587913025 -0.362540213278625
26.6876993494261 -0.391780401558489
26.6961399075497 -0.420630054613788
26.7045804656734 -0.449060414482919
26.713021023797 -0.477043141164885
26.7214615819206 -0.504550340869181
26.7299021400442 -0.531554593820901
26.7383426981678 -0.558028981593436
26.7467832562915 -0.583947113941309
26.7552238144151 -0.609283155106515
26.7636643725387 -0.634011849572234
26.7721049306623 -0.65810854723804
26.7805454887859 -0.681549227991633
26.7889860469095 -0.704310525652668
26.7974266050332 -0.726369751264641
26.8058671631568 -0.747704915711707
26.8143077212804 -0.768294751637966
26.822748279404 -0.788118734647194
26.8311888375276 -0.807157103761984
26.8396293956513 -0.82539088112198
26.8480699537749 -0.842801890901351
26.8565105118985 -0.859372777426911
26.8649510700221 -0.87508702247859
26.8733916281457 -0.889928961755181
26.8818321862693 -0.903883800488822
26.890272744393 -0.916937628192791
26.8987133025166 -0.929077432527731
26.9071538606402 -0.940291112272674
26.9155944187638 -0.950567489387784
26.9240349768874 -0.959896320156857
26.9324755350111 -0.968268305398506
26.9409160931347 -0.975675099735775
26.9493566512583 -0.98210931991498
26.9577972093819 -0.987564552165523
26.9662377675055 -0.992035358593258
26.9746783256291 -0.995517282601106
26.9831188837528 -0.998006853331493
26.9915594418764 -0.999501589126174
27 -1
