0 -1
0.0155135303371859 -0.999501589126174
0.0310270606743719 -0.998006853331493
0.0465405910115578 -0.995517282601106
0.0620541213487437 -0.992035358593258
0.0775676516859296 -0.987564552165524
0.0930811820231156 -0.98210931991498
0.108594712360301 -0.975675099735774
0.124108242697487 -0.968268305398507
0.139621773034673 -0.959896320156857
0.155135303371859 -0.950567489387783
0.170648833709045 -0.940291112272676
0.186162364046231 -0.929077432527731
0.201675894383417 -0.916937628192789
0.217189424720603 -0.903883800488824
0.232702955057789 -0.88992896175518
0.248216485394975 -0.875087022478594
0.263730015732161 -0.859372777426912
0.279243546069347 -0.842801890901351
0.294757076406533 -0.825390881121976
0.310270606743719 -0.807157103761985
0.325784137080905 -0.788118734647192
0.34129766741809 -0.768294751637971
0.356811197755276 -0.747704915711709
0.372324728092462 -0.726369751264639
0.387838258429648 -0.704310525652672
0.403351788766834 -0.681549227991634
0.41886531910402 -0.658108547238038
0.434378849441206 -0.634011849572239
0.449892379778392 -0.609283155106517
0.465405910115578 -0.583947113941306
0.480919440452764 -0.55802898159344
0.49643297078995 -0.531554593820901
0.511946501127136 -0.504550340869177
0.527460031464322 -0.47704314116489
0.542973561801508 -0.44906041448292
0.558487092138694 -0.420630054613784
0.574000622475879 -0.391780401558493
0.589514152813065 -0.362540213278625
0.605027683150251 -0.332938637029761
0.620541213487437 -0.303005180306873
0.636054743824623 -0.272769681430603
0.651568274161809 -0.242262279803783
0.667081804498995 -0.211513385867819
0.682595334836181 -0.180553650788902
0.698108865173367 -0.149413935904261
0.713622395510553 -0.118125281958908
0.729135925847739 -0.0867188781635509
0.744649456184925 -0.0552260311045084
0.760162986522111 -0.0236781335366239
0.775676516859296 0.00789336690971309
0.791190047196482 0.0394569990762527
0.806703577533668 0.070981299648016
0.822217107870854 0.102434844516613
0.83773063820804 0.133786280104479
0.853244168545226 0.165004354618799
0.868757698882412 0.196057949203978
0.884271229219598 0.22691610896159
0.899784759556784 0.257548073806897
0.91529828989397 0.287923309131166
0.930811820231156 0.318011536239238
0.946325350568342 0.347782762531982
0.961838880905528 0.377207311403576
0.977352411242714 0.406255851823789
0.992865941579899 0.434899427575793
1.00837947191709 0.463109486120348
1.02389300225427 0.490857907057594
1.03940653259146 0.518117030158077
1.05492006292864 0.54485968293507
1.07043359326583 0.571059207730694
1.08594712360302 0.596689488288856
1.1014606539402 0.621724975788495
1.11697418427739 0.64614071431121
1.13248771461457 0.669912365717855
1.14800124495176 0.693016233909331
1.16351477528894 0.715429288447371
1.17902830562613 0.737129187511779
1.19454183596332 0.758094300171246
1.2100553663005 0.77830372794553
1.22556889663769 0.797737325637519
1.24108242697487 0.816375721414399
1.25659595731206 0.834200336117918
1.27210948764925 0.851193401784495
1.28762301798643 0.867337979356715
1.30313654832362 0.882617975568547
1.3186500786608 0.897018158987464
1.33416360899799 0.910524175197462
1.34967713933518 0.923122561107861
1.36519066967236 0.934800758373598
1.38070420000955 0.945547125913667
1.39621773034673 0.955350951515195
1.41173126068392 0.964202462511612
1.42724479102111 0.972092835524257
1.44275832135829 0.979014205257714
1.45827185169548 0.98495967234011
1.47378538203266 0.989923310200557
1.48929891236985 0.993900170976888
1.50481244270704 0.996886290447793
1.52032597304422 0.998878691984444
1.53583950338141 0.999875389517657
1.55135303371859 0.999875389517657
1.56686656405578 0.998878691984444
1.58238009439296 0.996886290447793
1.59789362473015 0.993900170976888
1.61340715506734 0.989923310200557
1.62892068540452 0.984959672340111
1.64443421574171 0.979014205257715
1.65994774607889 0.972092835524257
1.67546127641608 0.964202462511612
1.69097480675327 0.955350951515195
1.70648833709045 0.945547125913667
1.72200186742764 0.934800758373598
1.73751539776482 0.923122561107861
1.75302892810201 0.910524175197462
1.7685424584392 0.897018158987464
1.78405598877638 0.882617975568547
1.79956951911357 0.867337979356715
1.81508304945075 0.851193401784494
1.83059657978794 0.834200336117918
1.84611011012513 0.816375721414399
1.86162364046231 0.79773732563752
1.8771371707995 0.77830372794553
1.89265070113668 0.758094300171246
1.90816423147387 0.737129187511779
1.92367776181106 0.715429288447371
1.93919129214824 0.693016233909332
1.95470482248543 0.669912365717855
1.97021835282261 0.64614071431121
1.9857318831598 0.621724975788495
2.00124541349699 0.596689488288856
2.01675894383417 0.571059207730694
2.03227247417136 0.544859682935071
2.04778600450854 0.518117030158078
2.06329953484573 0.490857907057595
2.07881306518291 0.463109486120348
2.0943265955201 0.434899427575793
2.10984012585729 0.406255851823789
2.12535365619447 0.377207311403576
2.14086718653166 0.347782762531983
2.15638071686884 0.318011536239239
2.17189424720603 0.287923309131167
2.18740777754322 0.257548073806897
2.2029213078804 0.22691610896159
2.21843483821759 0.196057949203978
2.23394836855477 0.165004354618799
2.24946189889196 0.13378628010448
2.26497542922915 0.102434844516614
2.28048895956633 0.0709812996480153
2.29600248990352 0.0394569990762536
2.3115160202407 0.00789336690971378
2.32702955057789 -0.0236781335366239
2.34254308091508 -0.0552260311045075
2.35805661125226 -0.0867188781635505
2.37357014158945 -0.118125281958908
2.38908367192663 -0.149413935904261
2.40459720226382 -0.180553650788903
2.420110732601 -0.211513385867818
2.43562426293819 -0.242262279803783
2.45113779327538 -0.272769681430602
2.46665132361256 -0.303005180306872
2.48216485394975 -0.332938637029761
2.49767838428693 -0.362540213278625
2.51319191462412 -0.391780401558494
2.52870544496131 -0.420630054613784
2.54421897529849 -0.44906041448292
2.55973250563568 -0.477043141164889
2.57524603597286 -0.504550340869177
2.59075956631005 -0.531554593820901
2.60627309664724 -0.558028981593439
2.62178662698442 -0.583947113941306
2.63730015732161 -0.609283155106517
2.65281368765879 -0.634011849572239
2.66832721799598 -0.658108547238038
2.68384074833317 -0.681549227991633
2.69935427867035 -0.704310525652672
2.71486780900754 -0.726369751264639
2.73038133934472 -0.747704915711709
2.74589486968191 -0.76829475163797
2.7614084000191 -0.788118734647192
2.77692193035628 -0.807157103761985
2.79243546069347 -0.825390881121976
2.80794899103065 -0.842801890901351
2.82346252136784 -0.859372777426912
2.83897605170503 -0.875087022478594
2.85448958204221 -0.889928961755181
2.8700031123794 -0.903883800488824
2.88551664271658 -0.916937628192788
2.90103017305377 -0.92907743252773
2.91654370339095 -0.940291112272675
2.93205723372814 -0.950567489387783
2.94757076406533 -0.959896320156857
2.96308429440251 -0.968268305398507
2.9785978247397 -0.975675099735773
2.99411135507688 -0.98210931991498
3.00962488541407 -0.987564552165524
3.02513841575126 -0.992035358593258
3.04065194608844 -0.995517282601106
3.05616547642563 -0.998006853331493
3.07167900676281 -0.999501589126174
3.0871925371 -1
3.10552082271307 -0.999501589126174
3.12384910832613 -0.998006853331493
3.1421773939392 -0.995517282601106
3.16050567955226 -0.992035358593258
3.17883396516533 -0.987564552165524
3.19716225077839 -0.98210931991498
3.21549053639146 -0.975675099735773
3.23381882200452 -0.968268305398507
3.25214710761759 -0.959896320156857
3.27047539323065 -0.950567489387783
3.28880367884372 -0.940291112272675
3.30713196445678 -0.929077432527731
3.32546025006985 -0.916937628192789
3.34378853568291 -0.903883800488824
3.36211682129598 -0.88992896175518
3.38044510690905 -0.875087022478594
3.39877339252211 -0.859372777426912
3.41710167813518 -0.842801890901351
3.43542996374824 -0.825390881121976
3.45375824936131 -0.807157103761985
3.47208653497437 -0.788118734647192
3.49041482058744 -0.768294751637971
3.5087431062005 -0.747704915711709
3.52707139181357 -0.72636975126464
3.54539967742663 -0.704310525652672
3.5637279630397 -0.681549227991634
3.58205624865276 -0.658108547238038
3.60038453426583 -0.634011849572239
3.61871281987889 -0.609283155106517
3.63704110549196 -0.583947113941306
3.65536939110503 -0.55802898159344
3.67369767671809 -0.531554593820902
3.69202596233116 -0.504550340869177
3.71035424794422 -0.477043141164889
3.72868253355729 -0.44906041448292
3.74701081917035 -0.420630054613785
3.76533910478342 -0.391780401558493
3.78366739039648 -0.362540213278624
3.80199567600955 -0.332938637029761
3.82032396162261 -0.303005180306873
3.83865224723568 -0.272769681430603
3.85698053284874 -0.242262279803783
3.87530881846181 -0.211513385867819
3.89363710407487 -0.180553650788903
3.91196538968794 -0.149413935904261
3.93029367530101 -0.118125281958908
3.94862196091407 -0.0867188781635509
3.96695024652714 -0.0552260311045086
3.9852785321402 -0.0236781335366241
4.00360681775327 0.00789336690971353
4.02193510336633 0.0394569990762527
4.0402633889794 0.0709812996480153
4.05859167459246 0.102434844516612
4.07691996020553 0.133786280104479
4.09524824581859 0.165004354618799
4.11357653143166 0.196057949203977
4.13190481704472 0.226916108961591
4.15023310265779 0.257548073806897
4.16856138827085 0.287923309131166
4.18688967388392 0.318011536239238
4.20521795949698 0.347782762531981
4.22354624511005 0.377207311403576
4.24187453072312 0.406255851823789
4.26020281633618 0.434899427575792
4.27853110194925 0.463109486120348
4.29685938756231 0.490857907057594
4.31518767317538 0.518117030158077
4.33351595878844 0.544859682935071
4.35184424440151 0.571059207730694
4.37017253001457 0.596689488288856
4.38850081562764 0.621724975788495
4.4068291012407 0.646140714311209
4.42515738685377 0.669912365717855
4.44348567246683 0.693016233909332
4.4618139580799 0.715429288447371
4.48014224369297 0.737129187511779
4.49847052930603 0.758094300171246
4.5167988149191 0.77830372794553
4.53512710053216 0.79773732563752
4.55345538614523 0.816375721414399
4.57178367175829 0.834200336117918
4.59011195737136 0.851193401784495
4.60844024298442 0.867337979356715
4.62676852859749 0.882617975568547
4.64509681421055 0.897018158987464
4.66342509982362 0.910524175197462
4.68175338543668 0.923122561107861
4.70008167104975 0.934800758373598
4.71840995666281 0.945547125913667
4.73673824227588 0.955350951515195
4.75506652788894 0.964202462511611
4.77339481350201 0.972092835524257
4.79172309911508 0.979014205257714
4.81005138472814 0.98495967234011
4.82837967034121 0.989923310200557
4.84670795595427 0.993900170976888
4.86503624156734 0.996886290447793
4.8833645271804 0.998878691984444
4.90169281279347 0.999875389517657
4.92002109840653 0.999875389517657
4.9383493840196 0.998878691984444
4.95667766963266 0.996886290447793
4.97500595524573 0.993900170976888
4.99333424085879 0.989923310200557
5.01166252647186 0.984959672340111
5.02999081208492 0.979014205257715
5.04831909769799 0.972092835524257
5.06664738331106 0.964202462511612
5.08497566892412 0.955350951515195
5.10330395453719 0.945547125913667
5.12163224015025 0.934800758373598
5.13996052576332 0.923122561107861
5.15828881137638 0.910524175197462
5.17661709698945 0.897018158987463
5.19494538260251 0.882617975568547
5.21327366821558 0.867337979356714
5.23160195382864 0.851193401784495
5.24993023944171 0.834200336117918
5.26825852505477 0.816375721414399
5.28658681066784 0.79773732563752
5.3049150962809 0.77830372794553
5.32324338189397 0.758094300171246
5.34157166750703 0.73712918751178
5.3598999531201 0.715429288447371
5.37822823873317 0.693016233909332
5.39655652434623 0.669912365717856
5.4148848099593 0.646140714311209
5.43321309557236 0.621724975788495
5.45154138118543 0.596689488288856
5.46986966679849 0.571059207730694
5.48819795241156 0.544859682935071
5.50652623802462 0.518117030158078
5.52485452363769 0.490857907057594
5.54318280925075 0.463109486120348
5.56151109486382 0.434899427575792
5.57983938047688 0.406255851823789
5.59816766608995 0.377207311403576
5.61649595170301 0.347782762531983
5.63482423731608 0.31801153623924
5.65315252292915 0.287923309131167
5.67148080854221 0.257548073806897
5.68980909415528 0.226916108961591
5.70813737976834 0.196057949203978
5.72646566538141 0.1650043546188
5.74479395099447 0.133786280104479
5.76312223660754 0.102434844516613
5.7814505222206 0.0709812996480153
5.79977880783367 0.0394569990762527
5.81810709344673 0.00789336690971378
5.8364353790598 -0.023678133536623
5.85476366467286 -0.0552260311045084
5.87309195028593 -0.0867188781635505
5.89142023589899 -0.118125281958907
5.90974852151206 -0.149413935904261
5.92807680712512 -0.180553650788901
5.94640509273819 -0.211513385867819
5.96473337835126 -0.242262279803784
5.98306166396432 -0.272769681430604
6.00138994957739 -0.303005180306873
6.01971823519045 -0.332938637029761
6.03804652080352 -0.362540213278624
6.05637480641658 -0.391780401558492
6.07470309202965 -0.420630054613784
6.09303137764271 -0.44906041448292
6.11135966325578 -0.47704314116489
6.12968794886884 -0.504550340869177
6.14801623448191 -0.531554593820902
6.16634452009497 -0.55802898159344
6.18467280570804 -0.583947113941306
6.20300109132111 -0.609283155106517
6.22132937693417 -0.634011849572239
6.23965766254724 -0.658108547238037
6.2579859481603 -0.681549227991633
6.27631423377337 -0.704310525652672
6.29464251938643 -0.726369751264639
6.3129708049995 -0.747704915711709
6.33129909061256 -0.76829475163797
6.34962737622563 -0.788118734647193
6.36795566183869 -0.807157103761986
6.38628394745176 -0.825390881121976
6.40461223306482 -0.842801890901351
6.42294051867789 -0.859372777426912
6.44126880429095 -0.875087022478593
6.45959708990402 -0.88992896175518
6.47792537551708 -0.903883800488823
6.49625366113015 -0.916937628192789
6.51458194674322 -0.92907743252773
6.53291023235628 -0.940291112272675
6.55123851796935 -0.950567489387783
6.56956680358241 -0.959896320156857
6.58789508919548 -0.968268305398507
6.60622337480854 -0.975675099735773
6.62455166042161 -0.98210931991498
6.64287994603467 -0.987564552165524
6.66120823164774 -0.992035358593258
6.6795365172608 -0.995517282601106
6.69786480287387 -0.998006853331493
6.71619308848693 -0.999501589126174
6.7345213741 -1
6.75397889925427 -0.999501589126174
6.77343642440854 -0.998006853331493
6.79289394956281 -0.995517282601106
6.81235147471709 -0.992035358593258
6.83180899987136 -0.987564552165524
6.85126652502563 -0.98210931991498
6.8707240501799 -0.975675099735774
6.89018157533417 -0.968268305398507
6.90963910048844 -0.959896320156857
6.92909662564271 -0.950567489387783
6.94855415079698 -0.940291112272676
6.96801167595126 -0.92907743252773
6.98746920110553 -0.916937628192789
7.0069267262598 -0.903883800488823
7.02638425141407 -0.88992896175518
7.04584177656834 -0.875087022478594
7.06529930172261 -0.859372777426912
7.08475682687688 -0.842801890901351
7.10421435203116 -0.825390881121977
7.12367187718543 -0.807157103761985
7.1431294023397 -0.788118734647192
7.16258692749397 -0.768294751637971
7.18204445264824 -0.747704915711709
7.20150197780251 -0.72636975126464
7.22095950295678 -0.704310525652672
7.24041702811105 -0.681549227991634
7.25987455326533 -0.658108547238037
7.2793320784196 -0.634011849572238
7.29878960357387 -0.609283155106517
7.31824712872814 -0.583947113941306
7.33770465388241 -0.55802898159344
7.35716217903668 -0.531554593820902
7.37661970419095 -0.504550340869178
7.39607722934523 -0.47704314116489
7.4155347544995 -0.44906041448292
7.43499227965377 -0.420630054613784
7.45444980480804 -0.391780401558493
7.47390732996231 -0.362540213278624
7.49336485511658 -0.332938637029761
7.51282238027085 -0.303005180306873
7.53227990542513 -0.272769681430604
7.5517374305794 -0.242262279803783
7.57119495573367 -0.211513385867818
7.59065248088794 -0.180553650788902
7.61011000604221 -0.149413935904261
7.62956753119648 -0.118125281958908
7.64902505635075 -0.0867188781635512
7.66848258150502 -0.0552260311045086
7.6879401066593 -0.0236781335366248
7.70739763181357 0.00789336690971242
7.72685515696784 0.0394569990762531
7.74631268212211 0.0709812996480162
7.76577020727638 0.102434844516613
7.78522773243065 0.133786280104479
7.80468525758492 0.165004354618799
7.8241427827392 0.196057949203978
7.84360030789347 0.226916108961591
7.86305783304774 0.257548073806897
7.88251535820201 0.287923309131167
7.90197288335628 0.318011536239239
7.92143040851055 0.347782762531982
7.94088793366482 0.377207311403576
7.96034545881909 0.406255851823789
7.97980298397337 0.434899427575793
7.99926050912764 0.463109486120347
8.01871803428191 0.490857907057593
8.03817555943618 0.518117030158076
8.05763308459045 0.544859682935069
8.07709060974472 0.571059207730696
8.096548134899 0.596689488288857
8.11600566005327 0.621724975788496
8.13546318520754 0.646140714311211
8.15492071036181 0.669912365717856
8.17437823551608 0.693016233909332
8.19383576067035 0.715429288447371
8.21329328582462 0.737129187511779
8.23275081097889 0.758094300171245
8.25220833613317 0.77830372794553
8.27166586128744 0.797737325637519
8.29112338644171 0.816375721414399
8.31058091159598 0.834200336117917
8.33003843675025 0.851193401784494
8.34949596190452 0.867337979356714
8.36895348705879 0.882617975568546
8.38841101221307 0.897018158987464
8.40786853736734 0.910524175197463
8.42732606252161 0.923122561107861
8.44678358767588 0.934800758373599
8.46624111283015 0.945547125913667
8.48569863798442 0.955350951515195
8.50515616313869 0.964202462511612
8.52461368829296 0.972092835524257
8.54407121344724 0.979014205257714
8.56352873860151 0.98495967234011
8.58298626375578 0.989923310200557
8.60244378891005 0.993900170976888
8.62190131406432 0.996886290447793
8.64135883921859 0.998878691984444
8.66081636437286 0.999875389517657
8.68027388952714 0.999875389517657
8.69973141468141 0.998878691984444
8.71918893983568 0.996886290447793
8.73864646498995 0.993900170976888
8.75810399014422 0.989923310200557
8.77756151529849 0.98495967234011
8.79701904045276 0.979014205257715
8.81647656560703 0.972092835524257
8.83593409076131 0.964202462511612
8.85539161591558 0.955350951515195
8.87484914106985 0.945547125913667
8.89430666622412 0.934800758373599
8.91376419137839 0.923122561107861
8.93322171653266 0.910524175197463
8.95267924168693 0.897018158987464
8.97213676684121 0.882617975568546
8.99159429199548 0.867337979356716
9.01105181714975 0.851193401784494
9.03050934230402 0.834200336117917
9.04996686745829 0.816375721414399
9.06942439261256 0.797737325637519
9.08888191776683 0.77830372794553
9.10833944292111 0.758094300171246
9.12779696807538 0.737129187511779
9.14725449322965 0.715429288447371
9.16671201838392 0.693016233909332
9.18616954353819 0.669912365717856
9.20562706869246 0.64614071431121
9.22508459384673 0.621724975788496
9.244542119001 0.596689488288857
9.26399964415528 0.571059207730694
9.28345716930955 0.544859682935073
9.30291469446382 0.518117030158076
9.32237221961809 0.490857907057595
9.34182974477236 0.463109486120348
9.36128726992663 0.434899427575792
9.3807447950809 0.406255851823789
9.40020232023518 0.377207311403576
9.41965984538945 0.347782762531982
9.43911737054372 0.318011536239239
9.45857489569799 0.287923309131167
9.47803242085226 0.257548073806897
9.49748994600653 0.226916108961591
9.5169474711608 0.196057949203977
9.53640499631507 0.165004354618801
9.55586252146935 0.133786280104478
9.57532004662362 0.102434844516615
9.59477757177789 0.0709812996480153
9.61423509693216 0.0394569990762518
9.63369262208643 0.00789336690971289
9.6531501472407 -0.0236781335366239
9.67260767239497 -0.0552260311045084
9.69206519754925 -0.0867188781635514
9.71152272270352 -0.118125281958908
9.73098024785779 -0.14941393590426
9.75043777301206 -0.180553650788901
9.76989529816633 -0.211513385867818
9.7893528233206 -0.242262279803782
9.80881034847487 -0.272769681430605
9.82826787362914 -0.303005180306871
9.84772539878342 -0.332938637029763
9.86718292393769 -0.362540213278626
9.88664044909196 -0.391780401558494
9.90609797424623 -0.420630054613785
9.9255554994005 -0.449060414482921
9.94501302455477 -0.47704314116489
9.96447054970904 -0.504550340869178
9.98392807486332 -0.531554593820901
10.0033856000176 -0.558028981593439
10.0228431251719 -0.583947113941306
10.0423006503261 -0.609283155106517
10.0617581754804 -0.634011849572238
10.0812157006347 -0.658108547238037
10.1006732257889 -0.681549227991635
10.1201307509432 -0.704310525652671
10.1395882760975 -0.72636975126464
10.1590458012518 -0.74770491571171
10.178503326406 -0.768294751637972
10.1979608515603 -0.788118734647193
10.2174183767146 -0.807157103761986
10.2368759018688 -0.825390881121976
10.2563334270231 -0.842801890901351
10.2757909521774 -0.859372777426912
10.2952484773317 -0.875087022478594
10.3147060024859 -0.88992896175518
10.3341635276402 -0.903883800488824
10.3536210527945 -0.916937628192789
10.3730785779487 -0.92907743252773
10.392536103103 -0.940291112272675
10.4119936282573 -0.950567489387782
10.4314511534116 -0.959896320156858
10.4509086785658 -0.968268305398507
10.4703662037201 -0.975675099735774
10.4898237288744 -0.982109319914981
10.5092812540286 -0.987564552165524
10.5287387791829 -0.992035358593258
10.5481963043372 -0.995517282601106
10.5676538294915 -0.998006853331493
10.5871113546457 -0.999501589126174
10.6065688798 -1
10.6224990052884 -0.999501589126174
10.6384291307769 -0.998006853331493
10.6543592562653 -0.995517282601106
10.6702893817538 -0.992035358593258
10.6862195072422 -0.987564552165524
10.7021496327307 -0.982109319914981
10.7180797582191 -0.975675099735774
10.7340098837075 -0.968268305398507
10.749940009196 -0.959896320156857
10.7658701346844 -0.950567489387783
10.7818002601729 -0.940291112272676
10.7977303856613 -0.929077432527731
10.8136605111497 -0.916937628192788
10.8295906366382 -0.903883800488823
10.8455207621266 -0.88992896175518
10.8614508876151 -0.875087022478594
10.8773810131035 -0.859372777426913
10.893311138592 -0.84280189090135
10.9092412640804 -0.825390881121976
10.9251713895688 -0.807157103761985
10.9411015150573 -0.788118734647193
10.9570316405457 -0.768294751637972
10.9729617660342 -0.747704915711708
10.9888918915226 -0.726369751264639
11.0048220170111 -0.704310525652672
11.0207521424995 -0.681549227991634
11.0366822679879 -0.658108547238039
11.0526123934764 -0.634011849572238
11.0685425189648 -0.609283155106516
11.0844726444533 -0.583947113941306
11.1004027699417 -0.558028981593441
11.1163328954301 -0.531554593820903
11.1322630209186 -0.504550340869176
11.148193146407 -0.477043141164889
11.1641232718955 -0.44906041448292
11.1800533973839 -0.420630054613785
11.1959835228724 -0.391780401558495
11.2119136483608 -0.362540213278623
11.2278437738492 -0.332938637029761
11.2437738993377 -0.303005180306873
11.2597040248261 -0.272769681430604
11.2756341503146 -0.242262279803785
11.291564275803 -0.211513385867818
11.3074944012915 -0.180553650788902
11.3234245267799 -0.149413935904261
11.3393546522683 -0.118125281958909
11.3552847777568 -0.0867188781635525
11.3712149032452 -0.0552260311045068
11.3871450287337 -0.0236781335366234
11.4030751542221 0.00789336690971287
11.4190052797106 0.0394569990762516
11.434935405199 0.0709812996480178
11.4508655306874 0.102434844516615
11.4667956561759 0.13378628010448
11.4827257816643 0.165004354618799
11.4986559071528 0.196057949203977
11.5145860326412 0.226916108961589
11.5305161581296 0.257548073806898
11.5464462836181 0.287923309131167
11.5623764091065 0.318011536239238
11.578306534595 0.347782762531981
11.5942366600834 0.377207311403574
11.6101667855719 0.40625585182379
11.6260969110603 0.434899427575793
11.6420270365487 0.463109486120348
11.6579571620372 0.490857907057593
11.6738872875256 0.518117030158076
11.6898174130141 0.544859682935071
11.7057475385025 0.571059207730695
11.721677663991 0.596689488288856
11.7376077894794 0.621724975788494
11.7535379149678 0.646140714311211
11.7694680404563 0.669912365717856
11.7853981659447 0.693016233909332
11.8013282914332 0.715429288447371
11.8172584169216 0.737129187511778
11.83318854241 0.758094300171244
11.8491186678985 0.778303727945531
11.8650487933869 0.79773732563752
11.8809789188754 0.816375721414399
11.8969090443638 0.834200336117917
11.9128391698523 0.851193401784494
11.9287692953407 0.867337979356715
11.9446994208291 0.882617975568547
11.9606295463176 0.897018158987463
11.976559671806 0.910524175197462
11.9924897972945 0.92312256110786
12.0084199227829 0.934800758373599
12.0243500482714 0.945547125913667
12.0402801737598 0.955350951515195
12.0562102992482 0.964202462511611
12.0721404247367 0.972092835524258
12.0880705502251 0.979014205257715
12.1040006757136 0.984959672340111
12.119930801202 0.989923310200557
12.1358609266905 0.993900170976888
12.1517910521789 0.996886290447793
12.1677211776673 0.998878691984444
12.1836513031558 0.999875389517657
12.1995814286442 0.999875389517657
12.2155115541327 0.998878691984444
12.2314416796211 0.996886290447793
12.2473718051095 0.993900170976888
12.263301930598 0.989923310200557
12.2792320560864 0.984959672340111
12.2951621815749 0.979014205257715
12.3110923070633 0.972092835524258
12.3270224325518 0.964202462511611
12.3429525580402 0.955350951515195
12.3588826835286 0.945547125913667
12.3748128090171 0.934800758373599
12.3907429345055 0.92312256110786
12.406673059994 0.910524175197462
12.4226031854824 0.897018158987463
12.4385333109709 0.882617975568547
12.4544634364593 0.867337979356715
12.4703935619477 0.851193401784496
12.4863236874362 0.834200336117917
12.5022538129246 0.816375721414399
12.5181839384131 0.79773732563752
12.5341140639015 0.77830372794553
12.55004418939 0.758094300171244
12.5659743148784 0.737129187511778
12.5819044403668 0.715429288447371
12.5978345658553 0.693016233909332
12.6137646913437 0.669912365717856
12.6296948168322 0.646140714311211
12.6456249423206 0.621724975788495
12.661555067809 0.596689488288856
12.6774851932975 0.571059207730695
12.6934153187859 0.544859682935069
12.7093454442744 0.518117030158076
12.7252755697628 0.490857907057593
12.7412056952513 0.463109486120348
12.7571358207397 0.434899427575793
12.7730659462281 0.40625585182379
12.7889960717166 0.377207311403578
12.804926197205 0.347782762531982
12.8208563226935 0.318011536239238
12.8367864481819 0.287923309131167
12.8527165736704 0.257548073806898
12.8686466991588 0.226916108961589
12.8845768246472 0.196057949203977
12.9005069501357 0.165004354618799
12.9164370756241 0.133786280104479
12.9323672011126 0.102434844516615
12.948297326601 0.070981299648018
12.9642274520894 0.0394569990762518
12.9801575775779 0.00789336690971289
12.9960877030663 -0.0236781335366239
13.0120178285548 -0.0552260311045066
13.0279479540432 -0.0867188781635523
13.0438780795317 -0.118125281958909
13.0598082050201 -0.149413935904261
13.0757383305085 -0.180553650788901
13.091668455997 -0.211513385867818
13.1075985814854 -0.242262279803781
13.1235287069739 -0.272769681430604
13.1394588324623 -0.303005180306873
13.1553889579508 -0.33293863702976
13.1713190834392 -0.362540213278623
13.1872492089276 -0.391780401558494
13.2031793344161 -0.420630054613785
13.2191094599045 -0.44906041448292
13.235039585393 -0.477043141164889
13.2509697108814 -0.504550340869176
13.2668998363699 -0.531554593820903
13.2828299618583 -0.55802898159344
13.2987600873467 -0.583947113941306
13.3146902128352 -0.609283155106516
13.3306203383236 -0.634011849572238
13.3465504638121 -0.658108547238039
13.3624805893005 -0.681549227991635
13.3784107147889 -0.704310525652672
13.3943408402774 -0.726369751264639
13.4102709657658 -0.747704915711707
13.4262010912543 -0.768294751637972
13.4421312167427 -0.788118734647193
13.4580613422312 -0.807157103761985
13.4739914677196 -0.825390881121975
13.489921593208 -0.842801890901352
13.5058517186965 -0.859372777426913
13.5217818441849 -0.875087022478594
13.5377119696734 -0.88992896175518
13.5536420951618 -0.903883800488823
13.5695722206503 -0.916937628192788
13.5855023461387 -0.929077432527731
13.6014324716271 -0.940291112272676
13.6173625971156 -0.950567489387783
13.633292722604 -0.959896320156857
13.6492228480925 -0.968268305398508
13.6651529735809 -0.975675099735774
13.6810830990693 -0.98210931991498
13.6970132245578 -0.987564552165524
13.7129433500462 -0.992035358593258
13.7288734755347 -0.995517282601106
13.7448036010231 -0.998006853331493
13.7607337265116 -0.999501589126174
13.776663852 -1
13.7823546197975 -0.999501589126174
13.788045387595 -0.998006853331493
13.7937361553925 -0.995517282601106
13.7994269231899 -0.992035358593258
13.8051176909874 -0.987564552165524
13.8108084587849 -0.982109319914981
13.8164992265824 -0.975675099735774
13.8221899943799 -0.968268305398508
13.8278807621774 -0.959896320156858
13.8335715299749 -0.950567489387781
13.8392622977724 -0.940291112272674
13.8449530655699 -0.929077432527729
13.8506438333673 -0.916937628192788
13.8563346011648 -0.903883800488823
13.8620253689623 -0.88992896175518
13.8677161367598 -0.875087022478593
13.8734069045573 -0.859372777426912
13.8790976723548 -0.842801890901351
13.8847884401523 -0.825390881121976
13.8904792079497 -0.807157103761986
13.8961699757472 -0.788118734647193
13.9018607435447 -0.768294751637972
13.9075515113422 -0.747704915711711
13.9132422791397 -0.726369751264642
13.9189330469372 -0.704310525652675
13.9246238147347 -0.681549227991637
13.9303145825322 -0.658108547238034
13.9360053503296 -0.634011849572235
13.9416961181271 -0.609283155106514
13.9473868859246 -0.583947113941304
13.9530776537221 -0.558028981593438
13.9587684215196 -0.5315545938209
13.9644591893171 -0.504550340869176
13.9701499571146 -0.477043141164889
13.9758407249121 -0.44906041448292
13.9815314927095 -0.420630054613784
13.987222260507 -0.391780401558494
13.9929130283045 -0.362540213278625
13.998603796102 -0.332938637029763
14.0042945638995 -0.303005180306875
14.009985331697 -0.272769681430606
14.0156760994945 -0.242262279803786
14.021366867292 -0.211513385867823
14.0270576350894 -0.180553650788906
14.0327484028869 -0.149413935904266
14.0384391706844 -0.118125281958903
14.0441299384819 -0.086718878163547
14.0498207062794 -0.0552260311045048
14.0555114740769 -0.0236781335366212
14.0612022418744 0.00789336690971553
14.0668930096719 0.0394569990762545
14.0725837774693 0.0709812996480171
14.0782745452668 0.102434844516614
14.0839653130643 0.133786280104479
14.0896560808618 0.165004354618799
14.0953468486593 0.196057949203977
14.1010376164568 0.226916108961589
14.1067283842543 0.257548073806895
14.1124191520518 0.287923309131164
14.1181099198492 0.318011536239235
14.1238006876467 0.347782762531979
14.1294914554442 0.377207311403572
14.1351822232417 0.406255851823794
14.1408729910392 0.434899427575797
14.1465637588367 0.463109486120351
14.1522545266342 0.490857907057597
14.1579452944317 0.51811703015808
14.1636360622291 0.544859682935072
14.1693268300266 0.571059207730696
14.1750175978241 0.596689488288857
14.1807083656216 0.621724975788496
14.1863991334191 0.64614071431121
14.1920899012166 0.669912365717855
14.1977806690141 0.693016233909331
14.2034714368116 0.71542928844737
14.209162204609 0.737129187511778
14.2148529724065 0.758094300171244
14.220543740204 0.778303727945528
14.2262345080015 0.797737325637517
14.231925275799 0.816375721414397
14.2376160435965 0.834200336117915
14.243306811394 0.851193401784497
14.2489975791915 0.867337979356716
14.2546883469889 0.882617975568549
14.2603791147864 0.897018158987465
14.2660698825839 0.910524175197463
14.2717606503814 0.923122561107862
14.2774514181789 0.934800758373599
14.2831421859764 0.945547125913667
14.2888329537739 0.955350951515195
14.2945237215714 0.964202462511612
14.3002144893688 0.972092835524257
14.3059052571663 0.979014205257714
14.3115960249638 0.98495967234011
14.3172867927613 0.989923310200557
14.3229775605588 0.993900170976887
14.3286683283563 0.996886290447793
14.3343590961538 0.998878691984443
14.3400498639513 0.999875389517657
14.3457406317487 0.999875389517657
14.3514313995462 0.998878691984443
14.3571221673437 0.996886290447793
14.3628129351412 0.993900170976887
14.3685037029387 0.989923310200557
14.3741944707362 0.98495967234011
14.3798852385337 0.979014205257714
14.3855760063312 0.972092835524257
14.3912667741286 0.964202462511612
14.3969575419261 0.955350951515195
14.4026483097236 0.945547125913667
14.4083390775211 0.934800758373599
14.4140298453186 0.923122561107861
14.4197206131161 0.910524175197463
14.4254113809136 0.897018158987465
14.4311021487111 0.882617975568548
14.4367929165085 0.867337979356717
14.442483684306 0.851193401784497
14.4481744521035 0.834200336117915
14.453865219901 0.816375721414397
14.4595559876985 0.797737325637517
14.465246755496 0.778303727945528
14.4709375232935 0.758094300171244
14.476628291091 0.737129187511777
14.4823190588884 0.715429288447371
14.4880098266859 0.693016233909331
14.4937005944834 0.669912365717855
14.4993913622809 0.64614071431121
14.5050821300784 0.621724975788496
14.5107728978759 0.596689488288857
14.5164636656734 0.571059207730696
14.5221544334709 0.544859682935073
14.5278452012683 0.51811703015808
14.5335359690658 0.490857907057597
14.5392267368633 0.463109486120351
14.5449175046608 0.434899427575788
14.5506082724583 0.406255851823794
14.5562990402558 0.377207311403572
14.5619898080533 0.347782762531979
14.5676805758508 0.318011536239235
14.5733713436482 0.287923309131164
14.5790621114457 0.257548073806895
14.5847528792432 0.226916108961589
14.5904436470407 0.196057949203977
14.5961344148382 0.1650043546188
14.6018251826357 0.133786280104479
14.6075159504332 0.102434844516614
14.6132067182307 0.070981299648018
14.6188974860281 0.0394569990762545
14.6245882538256 0.00789336690971555
14.6302790216231 -0.0236781335366203
14.6359697894206 -0.0552260311045048
14.6416605572181 -0.0867188781635469
14.6473513250156 -0.118125281958903
14.6530420928131 -0.149413935904266
14.6587328606106 -0.180553650788906
14.664423628408 -0.211513385867823
14.6701143962055 -0.242262279803786
14.675805164003 -0.272769681430605
14.6814959318005 -0.303005180306875
14.687186699598 -0.332938637029763
14.6928774673955 -0.362540213278625
14.698568235193 -0.391780401558494
14.7042590029905 -0.420630054613784
14.7099497707879 -0.449060414482919
14.7156405385854 -0.477043141164888
14.7213313063829 -0.504550340869176
14.7270220741804 -0.531554593820899
14.7327128419779 -0.558028981593437
14.7384036097754 -0.583947113941304
14.7440943775729 -0.609283155106513
14.7497851453704 -0.634011849572243
14.7554759131678 -0.658108547238034
14.7611666809653 -0.681549227991637
14.7668574487628 -0.704310525652675
14.7725482165603 -0.726369751264641
14.7782389843578 -0.74770491571171
14.7839297521553 -0.768294751637972
14.7896205199528 -0.788118734647193
14.7953112877503 -0.807157103761986
14.8010020555477 -0.825390881121977
14.8066928233452 -0.84280189090135
14.8123835911427 -0.859372777426911
14.8180743589402 -0.875087022478593
14.8237651267377 -0.889928961755179
14.8294558945352 -0.903883800488822
14.8351466623327 -0.916937628192787
14.8408374301302 -0.929077432527729
14.8465281979276 -0.940291112272674
14.8522189657251 -0.950567489387781
14.8579097335226 -0.959896320156858
14.8636005013201 -0.968268305398508
14.8692912691176 -0.975675099735774
14.8749820369151 -0.982109319914981
14.8806728047126 -0.987564552165524
14.8863635725101 -0.992035358593258
14.8920543403075 -0.995517282601106
14.897745108105 -0.998006853331493
14.9034358759025 -0.999501589126174
14.9091266437 -1
14.9266349962749 -0.999501589126174
14.9441433488497 -0.998006853331493
14.9616517014246 -0.995517282601106
14.9791600539995 -0.992035358593258
14.9966684065744 -0.987564552165524
15.0141767591492 -0.98210931991498
15.0316851117241 -0.975675099735774
15.049193464299 -0.968268305398508
15.0667018168739 -0.959896320156857
15.0842101694487 -0.950567489387783
15.1017185220236 -0.940291112272675
15.1192268745985 -0.929077432527731
15.1367352271734 -0.916937628192788
15.1542435797482 -0.903883800488824
15.1717519323231 -0.889928961755181
15.189260284898 -0.875087022478593
15.2067686374729 -0.859372777426913
15.2242769900477 -0.84280189090135
15.2417853426226 -0.825390881121977
15.2592936951975 -0.807157103761985
15.2768020477724 -0.788118734647193
15.2943104003472 -0.76829475163797
15.3118187529221 -0.747704915711709
15.329327105497 -0.72636975126464
15.3468354580719 -0.704310525652672
15.3643438106467 -0.681549227991634
15.3818521632216 -0.658108547238037
15.3993605157965 -0.634011849572239
15.4168688683714 -0.609283155106516
15.4343772209462 -0.583947113941306
15.4518855735211 -0.558028981593441
15.469393926096 -0.531554593820901
15.4869022786709 -0.504550340869178
15.5044106312457 -0.477043141164889
15.5219189838206 -0.449060414482921
15.5394273363955 -0.420630054613783
15.5569356889704 -0.391780401558493
15.5744440415452 -0.362540213278626
15.5919523941201 -0.332938637029761
15.609460746695 -0.303005180306874
15.6269690992699 -0.272769681430602
15.6444774518447 -0.242262279803784
15.6619858044196 -0.211513385867818
15.6794941569945 -0.180553650788902
15.6970025095693 -0.149413935904262
15.7145108621442 -0.118125281958908
15.7320192147191 -0.086718878163552
15.749527567294 -0.0552260311045075
15.7670359198688 -0.0236781335366248
15.7845442724437 0.00789336690971442
15.8020526250186 0.0394569990762525
15.8195609775935 0.0709812996480142
15.8370693301683 0.102434844516614
15.8545776827432 0.133786280104478
15.8720860353181 0.1650043546188
15.889594387893 0.196057949203977
15.9071027404678 0.226916108961591
15.9246110930427 0.257548073806896
15.9421194456176 0.287923309131168
15.9596277981925 0.318011536239239
15.9771361507673 0.347782762531981
15.9946445033422 0.377207311403577
16.0121528559171 0.406255851823791
16.029661208492 0.434899427575791
16.0471695610668 0.463109486120348
16.0646779136417 0.490857907057595
16.0821862662166 0.518117030158075
16.0996946187915 0.544859682935069
16.1172029713663 0.571059207730695
16.1347113239412 0.596689488288858
16.1522196765161 0.621724975788493
16.169728029091 0.646140714311209
16.1872363816658 0.669912365717856
16.2047447342407 0.693016233909329
16.2222530868156 0.71542928844737
16.2397614393905 0.737129187511779
16.2572697919653 0.758094300171247
16.2747781445402 0.778303727945528
16.2922864971151 0.797737325637519
16.30979484969 0.8163757214144
16.3273032022648 0.834200336117916
16.3448115548397 0.851193401784494
16.3623199074146 0.867337979356715
16.3798282599894 0.882617975568548
16.3973366125643 0.897018158987462
16.4148449651392 0.910524175197462
16.4323533177141 0.923122561107861
16.4498616702889 0.934800758373599
16.4673700228638 0.945547125913667
16.4848783754387 0.955350951515195
16.5023867280136 0.964202462511612
16.5198950805884 0.972092835524256
16.5374034331633 0.979014205257714
16.5549117857382 0.984959672340111
16.5724201383131 0.989923310200557
16.5899284908879 0.993900170976888
16.6074368434628 0.996886290447793
16.6249451960377 0.998878691984444
16.6424535486126 0.999875389517657
16.6599619011874 0.999875389517657
16.6774702537623 0.998878691984444
16.6949786063372 0.996886290447793
16.7124869589121 0.993900170976888
16.7299953114869 0.989923310200557
16.7475036640618 0.98495967234011
16.7650120166367 0.979014205257715
16.7825203692116 0.972092835524257
16.8000287217864 0.964202462511612
16.8175370743613 0.955350951515194
16.8350454269362 0.945547125913668
16.8525537795111 0.934800758373598
16.8700621320859 0.92312256110786
16.8875704846608 0.910524175197463
16.9050788372357 0.897018158987464
16.9225871898106 0.882617975568547
16.9400955423854 0.867337979356713
16.9576038949603 0.851193401784496
16.9751122475352 0.834200336117918
16.9926206001101 0.816375721414398
17.0101289526849 0.797737325637521
17.0276373052598 0.778303727945531
17.0451456578347 0.758094300171245
17.0626540104095 0.737129187511781
17.0801623629844 0.715429288447373
17.0976707155593 0.693016233909332
17.1151790681342 0.669912365717854
17.132687420709 0.646140714311212
17.1501957732839 0.621724975788496
17.1677041258588 0.596689488288856
17.1852124784337 0.571059207730693
17.2027208310085 0.544859682935073
17.2202291835834 0.518117030158078
17.2377375361583 0.490857907057592
17.2552458887332 0.463109486120351
17.272754241308 0.434899427575794
17.2902625938829 0.406255851823789
17.3077709464578 0.377207311403574
17.3252792990327 0.347782762531985
17.3427876516075 0.318011536239239
17.3602960041824 0.287923309131165
17.3778043567573 0.257548073806893
17.3953127093322 0.226916108961591
17.412821061907 0.196057949203977
17.4303294144819 0.165004354618797
17.4478377670568 0.133786280104481
17.4653461196317 0.102434844516614
17.4828544722065 0.0709812996480145
17.5003628247814 0.0394569990762554
17.5178711773563 0.00789336690971555
17.5353795299312 -0.0236781335366239
17.552887882506 -0.0552260311045101
17.5703962350809 -0.0867188781635487
17.5879045876558 -0.118125281958907
17.6054129402307 -0.149413935904262
17.6229212928055 -0.180553650788906
17.6404296453804 -0.211513385867818
17.6579379979553 -0.242262279803783
17.6754463505302 -0.272769681430605
17.692954703105 -0.303005180306871
17.7104630556799 -0.332938637029761
17.7279714082548 -0.362540213278626
17.7454797608296 -0.39178040155849
17.7629881134045 -0.420630054613783
17.7804964659794 -0.44906041448292
17.7980048185543 -0.477043141164891
17.8155131711291 -0.504550340869175
17.833021523704 -0.531554593820901
17.8505298762789 -0.558028981593441
17.8680382288538 -0.583947113941309
17.8855465814286 -0.609283155106515
17.9030549340035 -0.634011849572239
17.9205632865784 -0.658108547238039
17.9380716391533 -0.681549227991632
17.9555799917281 -0.704310525652672
17.973088344303 -0.726369751264641
17.9905966968779 -0.747704915711711
18.0081050494528 -0.768294751637969
18.0256134020276 -0.788118734647193
18.0431217546025 -0.807157103761986
18.0606301071774 -0.825390881121975
18.0781384597523 -0.84280189090135
18.0956468123271 -0.859372777426913
18.113155164902 -0.875087022478595
18.1306635174769 -0.889928961755179
18.1481718700518 -0.903883800488824
18.1656802226266 -0.91693762819279
18.1831885752015 -0.929077432527729
18.2006969277764 -0.940291112272675
18.2182052803513 -0.950567489387783
18.2357136329261 -0.959896320156856
18.253221985501 -0.968268305398507
18.2707303380759 -0.975675099735774
18.2882386906508 -0.982109319914981
18.3057470432256 -0.987564552165524
18.3232553958005 -0.992035358593258
18.3407637483754 -0.995517282601106
18.3582721009503 -0.998006853331494
18.3757804535251 -0.999501589126174
18.3932888061 -1
18.3998120796709 -0.999501589126174
18.4063353532417 -0.998006853331493
18.4128586268126 -0.995517282601107
18.4193819003834 -0.992035358593257
18.4259051739543 -0.987564552165524
18.4324284475251 -0.982109319914979
18.438951721096 -0.975675099735774
18.4454749946668 -0.968268305398505
18.4519982682377 -0.959896320156857
18.4585215418085 -0.950567489387785
18.4650448153794 -0.940291112272675
18.4715680889502 -0.929077432527733
18.4780913625211 -0.916937628192787
18.484614636092 -0.903883800488825
18.4911379096628 -0.889928961755178
18.4976611832337 -0.875087022478595
18.5041844568045 -0.859372777426909
18.5107077303754 -0.842801890901351
18.5172310039462 -0.825390881121981
18.5237542775171 -0.807157103761985
18.5302775510879 -0.788118734647197
18.5368008246588 -0.768294751637969
18.5433240982296 -0.747704915711712
18.5498473718005 -0.726369751264636
18.5563706453714 -0.704310525652674
18.5628939189422 -0.681549227991629
18.5694171925131 -0.658108547238039
18.5759404660839 -0.634011849572232
18.5824637396548 -0.609283155106516
18.5889870132256 -0.583947113941312
18.5955102867965 -0.558028981593438
18.6020335603673 -0.531554593820906
18.6085568339382 -0.504550340869174
18.615080107509 -0.477043141164893
18.6216033810799 -0.449060414482915
18.6281266546508 -0.420630054613786
18.6346499282216 -0.391780401558486
18.6411732017925 -0.362540213278625
18.6476964753633 -0.332938637029768
18.6542197489342 -0.303005180306871
18.660743022505 -0.272769681430609
18.6672662960759 -0.24226227980378
18.6737895696467 -0.211513385867823
18.6803128432176 -0.180553650788897
18.6868361167884 -0.149413935904263
18.6933593903593 -0.118125281958901
18.6998826639302 -0.0867188781635512
18.706405937501 -0.0552260311045164
18.7129292110719 -0.0236781335366225
18.7194524846427 0.00789336690970709
18.7259757582136 0.039456999076256
18.7324990317844 0.0709812996480114
18.7390223053553 0.102434844516618
18.7455455789261 0.133786280104476
18.752068852497 0.165004354618806
18.7585921260678 0.196057949203977
18.7651153996387 0.226916108961599
18.7716386732095 0.257548073806898
18.7781619467804 0.28792330913116
18.7846852203513 0.318011536239241
18.7912084939221 0.347782762531978
18.797731767493 0.37720731140358
18.8042550410638 0.406255851823786
18.8107783146347 0.434899427575799
18.8173015882055 0.463109486120347
18.8238248617764 0.490857907057601
18.8303481353472 0.518117030158078
18.8368714089181 0.544859682935065
18.8433946824889 0.571059207730697
18.8499179560598 0.596689488288852
18.8564412296307 0.621724975788499
18.8629645032015 0.646140714311207
18.8694877767724 0.66991236571786
18.8760110503432 0.69301623390933
18.8825343239141 0.715429288447377
18.8890575974849 0.737129187511779
18.8955808710558 0.75809430017124
18.9021041446266 0.778303727945531
18.9086274181975 0.797737325637516
18.9151506917683 0.816375721414401
18.9216739653392 0.834200336117915
18.9281972389101 0.851193401784498
18.9347205124809 0.867337979356714
18.9412437860518 0.88261797556855
18.9477670596226 0.897018158987463
18.9542903331935 0.910524175197459
18.9608136067643 0.923122561107861
18.9673368803352 0.934800758373596
18.973860153906 0.945547125913668
18.9803834274769 0.955350951515193
18.9869067010477 0.964202462511613
18.9934299746186 0.972092835524256
18.9999532481894 0.979014205257716
19.0064765217603 0.98495967234011
19.0129997953312 0.989923310200556
19.019523068902 0.993900170976888
19.0260463424729 0.996886290447793
19.0325696160437 0.998878691984444
19.0390928896146 0.999875389517657
19.0456161631854 0.999875389517657
19.0521394367563 0.998878691984444
19.0586627103271 0.996886290447793
19.065185983898 0.993900170976888
19.0717092574688 0.989923310200556
19.0782325310397 0.98495967234011
19.0847558046106 0.979014205257716
19.0912790781814 0.972092835524256
19.0978023517523 0.964202462511613
19.1043256253231 0.955350951515194
19.110848898894 0.945547125913668
19.1173721724648 0.934800758373596
19.1238954460357 0.923122561107861
19.1304187196065 0.910524175197459
19.1369419931774 0.897018158987463
19.1434652667482 0.882617975568551
19.1499885403191 0.867337979356714
19.1565118138899 0.851193401784498
19.1630350874608 0.834200336117915
19.1695583610317 0.816375721414401
19.1760816346025 0.797737325637516
19.1826049081734 0.778303727945531
19.1891281817442 0.758094300171241
19.1956514553151 0.737129187511779
19.2021747288859 0.715429288447377
19.2086980024568 0.693016233909331
19.2152212760276 0.66991236571786
19.2217445495985 0.646140714311207
19.2282678231693 0.621724975788499
19.2347910967402 0.596689488288852
19.2413143703111 0.571059207730696
19.2478376438819 0.544859682935065
19.2543609174528 0.518117030158078
19.2608841910236 0.490857907057601
19.2674074645945 0.463109486120347
19.2739307381653 0.434899427575799
19.2804540117362 0.406255851823786
19.286977285307 0.37720731140358
19.2935005588779 0.347782762531978
19.3000238324487 0.318011536239241
19.3065471060196 0.287923309131161
19.3130703795905 0.257548073806898
19.3195936531613 0.226916108961599
19.3261169267322 0.196057949203977
19.332640200303 0.165004354618806
19.3391634738739 0.133786280104477
19.3456867474447 0.102434844516618
19.3522100210156 0.0709812996480118
19.3587332945864 0.0394569990762563
19.3652565681573 0.00789336690970756
19.3717798417281 -0.0236781335366221
19.378303115299 -0.0552260311045163
19.3848263888699 -0.0867188781635505
19.3913496624407 -0.118125281958901
19.3978729360116 -0.149413935904263
19.4043962095824 -0.180553650788897
19.4109194831533 -0.211513385867823
19.4174427567241 -0.242262279803779
19.423966030295 -0.272769681430609
19.4304893038658 -0.303005180306871
19.4370125774367 -0.332938637029769
19.4435358510075 -0.362540213278624
19.4500591245784 -0.391780401558486
19.4565823981492 -0.420630054613785
19.4631056717201 -0.449060414482915
19.469628945291 -0.477043141164893
19.4761522188618 -0.504550340869174
19.4826754924327 -0.531554593820906
19.4891987660035 -0.558028981593438
19.4957220395744 -0.583947113941312
19.5022453131452 -0.609283155106516
19.5087685867161 -0.634011849572232
19.5152918602869 -0.658108547238038
19.5218151338578 -0.681549227991629
19.5283384074286 -0.704310525652674
19.5348616809995 -0.726369751264636
19.5413849545704 -0.747704915711712
19.5479082281412 -0.768294751637969
19.5544315017121 -0.788118734647196
19.5609547752829 -0.807157103761985
19.5674780488538 -0.825390881121981
19.5740013224246 -0.842801890901351
19.5805245959955 -0.859372777426908
19.5870478695663 -0.875087022478595
19.5935711431372 -0.889928961755178
19.600094416708 -0.903883800488825
19.6066176902789 -0.916937628192787
19.6131409638498 -0.929077432527733
19.6196642374206 -0.940291112272675
19.6261875109915 -0.95056748938778
19.6327107845623 -0.959896320156857
19.6392340581332 -0.968268305398505
19.645757331704 -0.975675099735774
19.6522806052749 -0.982109319914979
19.6588038788457 -0.987564552165524
19.6653271524166 -0.992035358593257
19.6718504259874 -0.995517282601107
19.6783736995583 -0.998006853331493
19.6848969731291 -0.999501589126174
19.6914202467 -1
19.7111418250905 -0.999501589126174
19.7308634034809 -0.998006853331493
19.7505849818714 -0.995517282601106
19.7703065602618 -0.992035358593258
19.7900281386523 -0.987564552165523
19.8097497170427 -0.98210931991498
19.8294712954332 -0.975675099735774
19.8491928738236 -0.968268305398508
19.8689144522141 -0.959896320156858
19.8886360306045 -0.950567489387783
19.908357608995 -0.940291112272676
19.9280791873854 -0.929077432527731
19.9478007657759 -0.916937628192789
19.9675223441663 -0.903883800488823
19.9872439225568 -0.88992896175518
20.0069655009472 -0.875087022478593
20.0266870793377 -0.859372777426911
20.0464086577281 -0.842801890901349
20.0661302361186 -0.825390881121975
20.085851814509 -0.807157103761984
20.1055733928995 -0.788118734647194
20.12529497129 -0.768294751637972
20.1450165496804 -0.74770491571171
20.1647381280709 -0.72636975126464
20.1844597064613 -0.704310525652673
20.2041812848518 -0.681549227991634
20.2239028632422 -0.658108547238037
20.2436244416327 -0.634011849572238
20.2633460200231 -0.609283155106516
20.2830675984136 -0.583947113941305
20.302789176804 -0.558028981593439
20.3225107551945 -0.531554593820899
20.3422323335849 -0.50455034086918
20.3619539119754 -0.477043141164892
20.3816754903658 -0.449060414482922
20.4013970687563 -0.420630054613786
20.4211186471467 -0.391780401558494
20.4408402255372 -0.362540213278625
20.4605618039276 -0.332938637029761
20.4802833823181 -0.303005180306873
20.5000049607085 -0.272769681430603
20.519726539099 -0.242262279803782
20.5394481174894 -0.211513385867818
20.5591696958799 -0.1805536507889
20.5788912742704 -0.149413935904259
20.5986128526608 -0.118125281958905
20.6183344310513 -0.0867188781635534
20.6380560094417 -0.0552260311045104
20.6577775878322 -0.0236781335366259
20.6774991662226 0.00789336690971198
20.6972207446131 0.0394569990762518
20.7169423230035 0.0709812996480156
20.736663901394 0.102434844516613
20.7563854797844 0.133786280104479
20.7761070581749 0.1650043546188
20.7958286365653 0.196057949203979
20.8155502149558 0.226916108961592
20.8352717933462 0.257548073806899
20.8549933717367 0.287923309131169
20.8747149501271 0.318011536239236
20.8944365285176 0.34778276253198
20.914158106908 0.377207311403574
20.9338796852985 0.406255851823788
20.9536012636889 0.434899427575792
20.9733228420794 0.463109486120347
20.9930444204699 0.490857907057594
21.0127659988603 0.518117030158078
21.0324875772508 0.544859682935071
21.0522091556412 0.571059207730696
21.0719307340317 0.596689488288857
21.0916523124221 0.621724975788497
21.1113738908126 0.646140714311212
21.131095469203 0.669912365717857
21.1508170475935 0.69301623390933
21.1705386259839 0.71542928844737
21.1902602043744 0.737129187511778
21.2099817827648 0.758094300171244
21.2297033611553 0.778303727945529
21.2494249395457 0.797737325637519
21.2691465179362 0.816375721414399
21.2888680963266 0.834200336117918
21.3085896747171 0.851193401784495
21.3283112531075 0.867337979356715
21.348032831498 0.882617975568548
21.3677544098884 0.897018158987465
21.3874759882789 0.910524175197461
21.4071975666693 0.92312256110786
21.4269191450598 0.934800758373598
21.4466407234503 0.945547125913667
21.4663623018407 0.955350951515194
21.4860838802312 0.964202462511611
21.5058054586216 0.972092835524257
21.5255270370121 0.979014205257715
21.5452486154025 0.984959672340111
21.564970193793 0.989923310200557
21.5846917721834 0.993900170976888
21.6044133505739 0.996886290447793
21.6241349289643 0.998878691984444
21.6438565073548 0.999875389517657
21.6635780857452 0.999875389517657
21.6832996641357 0.998878691984444
21.7030212425261 0.996886290447793
21.7227428209166 0.993900170976888
21.742464399307 0.989923310200557
21.7621859776975 0.984959672340111
21.7819075560879 0.979014205257715
21.8016291344784 0.972092835524257
21.8213507128688 0.964202462511612
21.8410722912593 0.955350951515194
21.8607938696498 0.945547125913667
21.8805154480402 0.934800758373598
21.9002370264307 0.923122561107862
21.9199586048211 0.910524175197463
21.9396801832116 0.897018158987465
21.959401761602 0.882617975568548
21.9791233399925 0.867337979356716
21.9988449183829 0.851193401784495
22.0185664967734 0.834200336117918
22.0382880751638 0.816375721414399
22.0580096535543 0.797737325637519
22.0777312319447 0.77830372794553
22.0974528103352 0.758094300171245
22.1171743887256 0.737129187511778
22.1368959671161 0.71542928844737
22.1566175455065 0.69301623390933
22.176339123897 0.669912365717853
22.1960607022874 0.646140714311211
22.2157822806779 0.621724975788497
22.2355038590683 0.596689488288857
22.2552254374588 0.571059207730696
22.2749470158492 0.544859682935071
22.2946685942397 0.518117030158078
22.3143901726302 0.490857907057594
22.3341117510206 0.463109486120348
22.3538333294111 0.434899427575792
22.3735549078015 0.406255851823788
22.393276486192 0.377207311403575
22.4129980645824 0.347782762531986
22.4327196429729 0.318011536239241
22.4524412213633 0.287923309131169
22.4721627997538 0.257548073806899
22.4918843781442 0.226916108961592
22.5116059565347 0.19605794920398
22.5313275349251 0.165004354618801
22.5510491133156 0.133786280104479
22.570770691706 0.102434844516613
22.5904922700965 0.0709812996480153
22.6102138484869 0.0394569990762527
22.6299354268774 0.00789336690971289
22.6496570052678 -0.0236781335366256
22.6693785836583 -0.0552260311045101
22.6891001620487 -0.0867188781635531
22.7088217404392 -0.118125281958911
22.7285433188296 -0.149413935904258
22.7482648972201 -0.1805536507889
22.7679864756106 -0.211513385867818
22.787708054001 -0.242262279803782
22.8074296323915 -0.272769681430602
22.8271512107819 -0.303005180306872
22.8468727891724 -0.332938637029762
22.8665943675628 -0.362540213278626
22.8863159459533 -0.391780401558494
22.9060375243437 -0.420630054613785
22.9257591027342 -0.449060414482921
22.9454806811246 -0.477043141164886
22.9652022595151 -0.504550340869175
22.9849238379055 -0.5315545938209
23.004645416296 -0.558028981593438
23.0243669946864 -0.583947113941304
23.0440885730769 -0.609283155106515
23.0638101514673 -0.634011849572238
23.0835317298578 -0.658108547238037
23.1032533082482 -0.681549227991634
23.1229748866387 -0.704310525652672
23.1426964650291 -0.72636975126464
23.1624180434196 -0.74770491571171
23.1821396218101 -0.768294751637972
23.2018612002005 -0.788118734647194
23.221582778591 -0.807157103761987
23.2413043569814 -0.825390881121978
23.2610259353719 -0.84280189090135
23.2807475137623 -0.859372777426911
23.3004690921528 -0.875087022478593
23.3201906705432 -0.88992896175518
23.3399122489337 -0.903883800488823
23.3596338273241 -0.916937628192789
23.3793554057146 -0.929077432527731
23.399076984105 -0.940291112272676
23.4187985624955 -0.950567489387783
23.4385201408859 -0.959896320156857
23.4582417192764 -0.968268305398508
23.4779632976668 -0.975675099735773
23.4976848760573 -0.98210931991498
23.5174064544477 -0.987564552165523
23.5371280328382 -0.992035358593258
23.5568496112286 -0.995517282601106
23.5765711896191 -0.998006853331493
23.5962927680095 -0.999501589126174
23.6160143464 -1
23.6232180599095 -0.999501589126174
23.6304217734191 -0.998006853331494
23.6376254869286 -0.995517282601105
23.6448292004382 -0.992035358593257
23.6520329139477 -0.987564552165524
23.6592366274573 -0.982109319914981
23.6664403409668 -0.975675099735775
23.6736440544764 -0.968268305398509
23.6808477679859 -0.959896320156856
23.6880514814955 -0.950567489387782
23.695255195005 -0.940291112272676
23.7024589085146 -0.929077432527732
23.7096626220241 -0.916937628192791
23.7168663355337 -0.903883800488821
23.7240700490432 -0.889928961755179
23.7312737625528 -0.875087022478593
23.7384774760623 -0.859372777426913
23.7456811895719 -0.842801890901353
23.7528849030814 -0.825390881121972
23.760088616591 -0.807157103761983
23.7672923301005 -0.788118734647192
23.77449604361 -0.768294751637972
23.7816997571196 -0.747704915711712
23.7889034706291 -0.726369751264644
23.7961071841387 -0.704310525652668
23.8033108976482 -0.681549227991632
23.8105146111578 -0.658108547238038
23.8177183246673 -0.634011849572241
23.8249220381769 -0.609283155106522
23.8321257516864 -0.583947113941301
23.839329465196 -0.558028981593437
23.8465331787055 -0.531554593820901
23.8537368922151 -0.504550340869179
23.8609406057246 -0.477043141164894
23.8681443192342 -0.449060414482927
23.8753480327437 -0.42063005461378
23.8825517462533 -0.391780401558491
23.8897554597628 -0.362540213278626
23.8969591732724 -0.332938637029765
23.9041628867819 -0.303005180306879
23.9113666002915 -0.272769681430597
23.918570313801 -0.24226227980378
23.9257740273106 -0.211513385867819
23.9329777408201 -0.180553650788905
23.9401814543296 -0.149413935904267
23.9473851678392 -0.118125281958901
23.9545888813487 -0.086718878163547
23.9617925948583 -0.0552260311045068
23.9689963083678 -0.0236781335366259
23.9762000218774 0.00789336690970843
23.9834037353869 0.0394569990762452
23.9906074488965 0.0709812996480209
23.997811162406 0.102434844516615
24.0050148759156 0.133786280104478
24.0122185894251 0.165004354618796
24.0194223029347 0.196057949203972
24.0266260164442 0.226916108961596
24.0338297299538 0.2575480738069
24.0410334434633 0.287923309131167
24.0482371569729 0.318011536239236
24.0554408704824 0.347782762531977
24.062644583992 0.377207311403583
24.0698482975015 0.406255851823793
24.0770520110111 0.434899427575794
24.0842557245206 0.463109486120347
24.0914594380301 0.49085790705759
24.0986631515397 0.518117030158071
24.1058668650492 0.544859682935075
24.1130705785588 0.571059207730697
24.1202742920683 0.596689488288856
24.1274780055779 0.621724975788493
24.1346817190874 0.646140714311205
24.141885432597 0.66991236571786
24.1490891461065 0.693016233909334
24.1562928596161 0.715429288447372
24.1634965731256 0.737129187511777
24.1707002866352 0.758094300171242
24.1779040001447 0.778303727945525
24.1851077136543 0.797737325637522
24.1923114271638 0.8163757214144
24.1995151406734 0.834200336117917
24.2067188541829 0.851193401784493
24.2139225676925 0.867337979356711
24.221126281202 0.88261797556855
24.2283299947116 0.897018158987465
24.2355337082211 0.910524175197462
24.2427374217307 0.92312256110786
24.2499411352402 0.934800758373596
24.2571448487497 0.945547125913669
24.2643485622593 0.955350951515196
24.2715522757688 0.964202462511612
24.2787559892784 0.972092835524257
24.2859597027879 0.979014205257714
24.2931634162975 0.984959672340109
24.300367129807 0.989923310200558
24.3075708433166 0.993900170976888
24.3147745568261 0.996886290447793
24.3219782703357 0.998878691984443
24.3291819838452 0.999875389517657
24.3363856973548 0.999875389517657
24.3435894108643 0.998878691984443
24.3507931243739 0.996886290447793
24.3579968378834 0.993900170976888
24.365200551393 0.989923310200558
24.3724042649025 0.984959672340109
24.3796079784121 0.979014205257714
24.3868116919216 0.972092835524257
24.3940154054312 0.964202462511612
24.4012191189407 0.955350951515196
24.4084228324502 0.945547125913669
24.4156265459598 0.934800758373596
24.4228302594693 0.92312256110786
24.4300339729789 0.910524175197462
24.4372376864884 0.897018158987465
24.444441399998 0.88261797556855
24.4516451135075 0.867337979356711
24.4588488270171 0.851193401784493
24.4660525405266 0.834200336117917
24.4732562540362 0.816375721414401
24.4804599675457 0.797737325637522
24.4876636810553 0.778303727945535
24.4948673945648 0.758094300171242
24.5020711080744 0.737129187511778
24.5092748215839 0.715429288447372
24.5164785350935 0.693016233909335
24.523682248603 0.66991236571786
24.5308859621126 0.646140714311205
24.5380896756221 0.621724975788493
24.5452933891317 0.596689488288856
24.5524971026412 0.571059207730697
24.5597008161508 0.544859682935075
24.5669045296603 0.518117030158072
24.5741082431698 0.490857907057591
24.5813119566794 0.463109486120347
24.5885156701889 0.434899427575794
24.5957193836985 0.406255851823793
24.602923097208 0.377207311403583
24.6101268107176 0.347782762531977
24.6173305242271 0.318011536239236
24.6245342377367 0.287923309131167
24.6317379512462 0.2575480738069
24.6389416647558 0.226916108961597
24.6461453782653 0.196057949203972
24.6533490917749 0.165004354618795
24.6605528052844 0.133786280104478
24.667756518794 0.102434844516616
24.6749602323035 0.0709812996480216
24.6821639458131 0.0394569990762456
24.6893676593226 0.00789336690970845
24.6965713728322 -0.0236781335366256
24.7037750863417 -0.0552260311045066
24.7109787998513 -0.0867188781635461
24.7181825133608 -0.118125281958901
24.7253862268704 -0.149413935904267
24.7325899403799 -0.180553650788905
24.7397936538894 -0.211513385867818
24.746997367399 -0.24226227980378
24.7542010809085 -0.272769681430597
24.7614047944181 -0.303005180306879
24.7686085079276 -0.332938637029764
24.7758122214372 -0.362540213278626
24.7830159349467 -0.391780401558491
24.7902196484563 -0.42063005461378
24.7974233619658 -0.449060414482913
24.8046270754754 -0.477043141164894
24.8118307889849 -0.504550340869179
24.8190345024945 -0.531554593820901
24.826238216004 -0.558028981593437
24.8334419295136 -0.583947113941301
24.8406456430231 -0.609283155106522
24.8478493565327 -0.634011849572241
24.8550530700422 -0.658108547238037
24.8622567835518 -0.681549227991631
24.8694604970613 -0.704310525652668
24.8766642105709 -0.726369751264644
24.8838679240804 -0.747704915711712
24.8910716375899 -0.768294751637971
24.8982753510995 -0.788118734647191
24.905479064609 -0.807157103761982
24.9126827781186 -0.825390881121981
24.9198864916281 -0.842801890901353
24.9270902051377 -0.859372777426913
24.9342939186472 -0.875087022478593
24.9414976321568 -0.889928961755179
24.9487013456663 -0.90388380048882
24.9559050591759 -0.916937628192791
24.9631087726854 -0.929077432527732
24.970312486195 -0.940291112272676
24.9775161997045 -0.950567489387782
24.9847199132141 -0.959896320156856
24.9919236267236 -0.968268305398509
24.9991273402332 -0.975675099735775
25.0063310537427 -0.982109319914981
25.0135347672523 -0.987564552165524
25.0207384807618 -0.992035358593257
25.0279421942714 -0.995517282601105
25.0351459077809 -0.998006853331494
25.0423496212905 -0.999501589126174
25.0495533348 -1
25.0593545743236 -0.999501589126174
25.0691558138472 -0.998006853331493
25.0789570533709 -0.995517282601106
25.0887582928945 -0.992035358593258
25.0985595324181 -0.987564552165523
25.1083607719417 -0.98210931991498
25.1181620114653 -0.975675099735773
25.1279632509889 -0.968268305398506
25.1377644905126 -0.959896320156856
25.1475657300362 -0.950567489387782
25.1573669695598 -0.940291112272674
25.1671682090834 -0.929077432527729
25.176969448607 -0.916937628192787
25.1867706881307 -0.903883800488821
25.1965719276543 -0.889928961755183
25.2063731671779 -0.875087022478596
25.2161744067015 -0.859372777426914
25.2259756462251 -0.842801890901353
25.2357768857487 -0.825390881121978
25.2455781252724 -0.807157103761987
25.255379364796 -0.788118734647194
25.2651806043196 -0.768294751637972
25.2749818438432 -0.74770491571171
25.2847830833668 -0.726369751264641
25.2945843228905 -0.704310525652673
25.3043855624141 -0.681549227991635
25.3141868019377 -0.658108547238038
25.3239880414613 -0.634011849572239
25.3337892809849 -0.609283155106517
25.3435905205085 -0.583947113941306
25.3533917600322 -0.558028981593439
25.3631929995558 -0.5315545938209
25.3729942390794 -0.504550340869176
25.382795478603 -0.477043141164888
25.3925967181266 -0.449060414482918
25.4023979576503 -0.420630054613782
25.4121991971739 -0.39178040155849
25.4220004366975 -0.362540213278621
25.4318016762211 -0.332938637029757
25.4416029157447 -0.303005180306868
25.4514041552683 -0.272769681430598
25.461205394792 -0.242262279803778
25.4710066343156 -0.211513385867825
25.4808078738392 -0.180553650788907
25.4906091133628 -0.149413935904266
25.5004103528864 -0.118125281958912
25.51021159241 -0.0867188781635549
25.5200128319337 -0.0552260311045117
25.5298140714573 -0.0236781335366274
25.5396153109809 0.00789336690971042
25.5494165505045 0.0394569990762505
25.5592177900281 0.0709812996480138
25.5690190295518 0.102434844516612
25.5788202690754 0.133786280104478
25.588621508599 0.165004354618798
25.5984227481226 0.196057949203978
25.6082239876462 0.22691610896159
25.6180252271698 0.257548073806897
25.6278264666935 0.287923309131167
25.6376277062171 0.318011536239239
25.6474289457407 0.347782762531984
25.6572301852643 0.377207311403578
25.6670314247879 0.406255851823791
25.6768326643116 0.434899427575795
25.6866339038352 0.46310948612035
25.6964351433588 0.490857907057597
25.7062363828824 0.518117030158081
25.716037622406 0.544859682935074
25.7258388619296 0.571059207730699
25.7356401014533 0.59668948828886
25.7454413409769 0.6217249757885
25.7552425805005 0.646140714311206
25.7650438200241 0.669912365717851
25.7748450595477 0.693016233909328
25.7846462990714 0.715429288447368
25.794447538595 0.737129187511776
25.8042487781186 0.758094300171243
25.8140500176422 0.778303727945528
25.8238512571658 0.797737325637518
25.8336524966894 0.816375721414398
25.8434537362131 0.834200336117916
25.8532549757367 0.851193401784494
25.8630562152603 0.867337979356714
25.8728574547839 0.882617975568547
25.8826586943075 0.897018158987463
25.8924599338312 0.910524175197462
25.9022611733548 0.923122561107861
25.9120624128784 0.934800758373599
25.921863652402 0.945547125913668
25.9316648919256 0.955350951515195
25.9414661314492 0.964202462511612
25.9512673709729 0.972092835524258
25.9610686104965 0.979014205257715
25.9708698500201 0.984959672340111
25.9806710895437 0.989923310200558
25.9904723290673 0.993900170976888
26.000273568591 0.996886290447794
26.0100748081146 0.998878691984444
26.0198760476382 0.999875389517657
26.0296772871618 0.999875389517657
26.0394785266854 0.998878691984444
26.049279766209 0.996886290447794
26.0590810057327 0.993900170976888
26.0688822452563 0.989923310200558
26.0786834847799 0.984959672340111
26.0884847243035 0.979014205257715
26.0982859638271 0.972092835524258
26.1080872033508 0.964202462511612
26.1178884428744 0.955350951515195
26.127689682398 0.945547125913668
26.1374909219216 0.934800758373599
26.1472921614452 0.923122561107861
26.1570934009688 0.910524175197462
26.1668946404925 0.897018158987463
26.1766958800161 0.882617975568547
26.1864971195397 0.867337979356714
26.1962983590633 0.851193401784494
26.2060995985869 0.834200336117917
26.2159008381106 0.816375721414398
26.2257020776342 0.797737325637518
26.2355033171578 0.778303727945528
26.2453045566814 0.758094300171243
26.255105796205 0.737129187511777
26.2649070357286 0.715429288447369
26.2747082752523 0.693016233909328
26.2845095147759 0.669912365717852
26.2943107542995 0.646140714311206
26.3041119938231 0.6217249757885
26.3139132333467 0.59668948828886
26.3237144728703 0.571059207730699
26.333515712394 0.544859682935074
26.3433169519176 0.518117030158081
26.3531181914412 0.490857907057598
26.3629194309648 0.463109486120351
26.3727206704884 0.434899427575796
26.3825219100121 0.406255851823791
26.3923231495357 0.377207311403578
26.4021243890593 0.347782762531985
26.4119256285829 0.31801153623924
26.4217268681065 0.287923309131167
26.4315281076302 0.257548073806897
26.4413293471538 0.22691610896159
26.4511305866774 0.196057949203977
26.460931826201 0.165004354618799
26.4707330657246 0.133786280104478
26.4805343052482 0.102434844516611
26.4903355447719 0.0709812996480145
26.5001367842955 0.0394569990762501
26.5099380238191 0.00789336690971111
26.5197392633427 -0.0236781335366265
26.5295405028663 -0.0552260311045119
26.53934174239 -0.086718878163554
26.5491429819136 -0.118125281958912
26.5589442214372 -0.149413935904266
26.5687454609608 -0.180553650788907
26.5785467004844 -0.211513385867824
26.588347940008 -0.242262279803778
26.5981491795317 -0.272769681430609
26.6079504190553 -0.303005180306868
26.6177516585789 -0.332938637029757
26.6275528981025 -0.362540213278621
26.6373541376261 -0.39178040155849
26.6471553771497 -0.420630054613782
26.6569566166734 -0.449060414482917
26.666757856197 -0.477043141164887
26.6765590957206 -0.504550340869176
26.6863603352442 -0.5315545938209
26.6961615747678 -0.558028981593439
26.7059628142915 -0.583947113941306
26.7157640538151 -0.609283155106516
26.7255652933387 -0.634011849572239
26.7353665328623 -0.658108547238037
26.7451677723859 -0.681549227991635
26.7549690119095 -0.704310525652673
26.7647702514332 -0.72636975126464
26.7745714909568 -0.74770491571171
26.7843727304804 -0.768294751637972
26.794173970004 -0.788118734647194
26.8039752095276 -0.807157103761987
26.8137764490513 -0.825390881121978
26.8235776885749 -0.842801890901353
26.8333789280985 -0.859372777426914
26.8431801676221 -0.875087022478596
26.8529814071457 -0.889928961755177
26.8627826466693 -0.903883800488821
26.872583886193 -0.916937628192787
26.8823851257166 -0.929077432527729
26.8921863652402 -0.940291112272674
26.9019876047638 -0.950567489387782
26.9117888442874 -0.959896320156856
26.9215900838111 -0.968268305398506
26.9313913233347 -0.975675099735773
26.9411925628583 -0.98210931991498
26.9509938023819 -0.987564552165523
26.9607950419055 -0.992035358593258
26.9705962814291 -0.995517282601106
26.9803975209528 -0.998006853331493
26.9901987604764 -0.999501589126174
27 -1
