0 -1
0.0171221572532663 -0.999501589126174
0.0342443145065327 -0.998006853331493
0.051366471759799 -0.995517282601106
0.0684886290130653 -0.992035358593258
0.0856107862663317 -0.987564552165524
0.102732943519598 -0.98210931991498
0.119855100772864 -0.975675099735774
0.136977258026131 -0.968268305398507
0.154099415279397 -0.959896320156857
0.171221572532663 -0.950567489387783
0.18834372978593 -0.940291112272676
0.205465887039196 -0.929077432527731
0.222588044292462 -0.916937628192789
0.239710201545729 -0.903883800488824
0.256832358798995 -0.88992896175518
0.273954516052261 -0.875087022478594
0.291076673305528 -0.859372777426912
0.308198830558794 -0.842801890901351
0.32532098781206 -0.825390881121976
0.342443145065327 -0.807157103761985
0.359565302318593 -0.788118734647193
0.376687459571859 -0.768294751637971
0.393809616825126 -0.747704915711709
0.410931774078392 -0.726369751264639
0.428053931331658 -0.704310525652672
0.445176088584925 -0.681549227991634
0.462298245838191 -0.658108547238038
0.479420403091457 -0.634011849572239
0.496542560344724 -0.609283155106517
0.51366471759799 -0.583947113941306
0.530786874851256 -0.55802898159344
0.547909032104523 -0.531554593820902
0.565031189357789 -0.504550340869177
0.582153346611055 -0.47704314116489
0.599275503864322 -0.44906041448292
0.616397661117588 -0.420630054613784
0.633519818370854 -0.391780401558493
0.650641975624121 -0.362540213278625
0.667764132877387 -0.332938637029761
0.684886290130653 -0.303005180306873
0.70200844738392 -0.272769681430603
0.719130604637186 -0.242262279803784
0.736252761890452 -0.211513385867819
0.753374919143719 -0.180553650788902
0.770497076396985 -0.149413935904261
0.787619233650251 -0.118125281958908
0.804741390903518 -0.0867188781635509
0.821863548156784 -0.0552260311045084
0.83898570541005 -0.0236781335366241
0.856107862663317 0.00789336690971309
0.873230019916583 0.0394569990762525
0.890352177169849 0.070981299648016
0.907474334423116 0.102434844516613
0.924596491676382 0.133786280104479
0.941718648929648 0.165004354618799
0.958840806182915 0.196057949203978
0.975962963436181 0.22691610896159
0.993085120689447 0.257548073806896
1.01020727794271 0.287923309131167
1.02732943519598 0.318011536239238
1.04445159244925 0.347782762531982
1.06157374970251 0.377207311403576
1.07869590695578 0.406255851823789
1.09581806420905 0.434899427575793
1.11294022146231 0.463109486120348
1.13006237871558 0.490857907057594
1.14718453596884 0.518117030158077
1.16430669322211 0.54485968293507
1.18142885047538 0.571059207730695
1.19855100772864 0.596689488288856
1.21567316498191 0.621724975788495
1.23279532223518 0.64614071431121
1.24991747948844 0.669912365717855
1.26703963674171 0.693016233909332
1.28416179399497 0.715429288447371
1.30128395124824 0.737129187511779
1.31840610850151 0.758094300171245
1.33552826575477 0.77830372794553
1.35265042300804 0.797737325637519
1.36977258026131 0.816375721414399
1.38689473751457 0.834200336117917
1.40401689476784 0.851193401784495
1.42113905202111 0.867337979356715
1.43826120927437 0.882617975568546
1.45538336652764 0.897018158987464
1.4725055237809 0.910524175197462
1.48962768103417 0.923122561107861
1.50674983828744 0.934800758373598
1.5238719955407 0.945547125913667
1.54099415279397 0.955350951515195
1.55811631004724 0.964202462511612
1.5752384673005 0.972092835524257
1.59236062455377 0.979014205257714
1.60948278180704 0.98495967234011
1.6266049390603 0.989923310200557
1.64372709631357 0.993900170976888
1.66084925356683 0.996886290447793
1.6779714108201 0.998878691984444
1.69509356807337 0.999875389517657
1.71221572532663 0.999875389517657
1.7293378825799 0.998878691984444
1.74646003983317 0.996886290447793
1.76358219708643 0.993900170976888
1.7807043543397 0.989923310200557
1.79782651159296 0.984959672340111
1.81494866884623 0.979014205257715
1.8320708260995 0.972092835524257
1.84919298335276 0.964202462511612
1.86631514060603 0.955350951515195
1.8834372978593 0.945547125913667
1.90055945511256 0.934800758373598
1.91768161236583 0.923122561107861
1.9348037696191 0.910524175197462
1.95192592687236 0.897018158987464
1.96904808412563 0.882617975568547
1.98617024137889 0.867337979356715
2.00329239863216 0.851193401784495
2.02041455588543 0.834200336117917
2.03753671313869 0.816375721414399
2.05465887039196 0.79773732563752
2.07178102764523 0.77830372794553
2.08890318489849 0.758094300171246
2.10602534215176 0.737129187511779
2.12314749940503 0.715429288447371
2.14026965665829 0.693016233909332
2.15739181391156 0.669912365717855
2.17451397116482 0.64614071431121
2.19163612841809 0.621724975788496
2.20875828567136 0.596689488288856
2.22588044292462 0.571059207730694
2.24300260017789 0.54485968293507
2.26012475743116 0.518117030158078
2.27724691468442 0.490857907057594
2.29436907193769 0.463109486120348
2.31149122919095 0.434899427575793
2.32861338644422 0.40625585182379
2.34573554369749 0.377207311403576
2.36285770095075 0.347782762531982
2.37997985820402 0.318011536239238
2.39710201545729 0.287923309131167
2.41422417271055 0.257548073806897
2.43134632996382 0.22691610896159
2.44846848721709 0.196057949203978
2.46559064447035 0.165004354618799
2.48271280172362 0.133786280104479
2.49983495897688 0.102434844516614
2.51695711623015 0.0709812996480153
2.53407927348342 0.0394569990762527
2.55120143073668 0.00789336690971289
2.56832358798995 -0.023678133536623
2.58544574524322 -0.0552260311045084
2.60256790249648 -0.0867188781635505
2.61969005974975 -0.118125281958908
2.63681221700301 -0.14941393590426
2.65393437425628 -0.180553650788902
2.67105653150955 -0.211513385867818
2.68817868876281 -0.242262279803783
2.70530084601608 -0.272769681430602
2.72242300326935 -0.303005180306873
2.73954516052261 -0.332938637029761
2.75666731777588 -0.362540213278625
2.77378947502915 -0.391780401558492
2.79091163228241 -0.420630054613784
2.80803378953568 -0.449060414482921
2.82515594678894 -0.47704314116489
2.84227810404221 -0.504550340869178
2.85940026129548 -0.531554593820901
2.87652241854874 -0.558028981593439
2.89364457580201 -0.583947113941306
2.91076673305528 -0.609283155106517
2.92788889030854 -0.634011849572238
2.94501104756181 -0.658108547238037
2.96213320481508 -0.681549227991633
2.97925536206834 -0.704310525652672
2.99637751932161 -0.726369751264639
3.01349967657487 -0.747704915711709
3.03062183382814 -0.76829475163797
3.04774399108141 -0.788118734647193
3.06486614833467 -0.807157103761985
3.08198830558794 -0.825390881121976
3.09911046284121 -0.84280189090135
3.11623262009447 -0.859372777426912
3.13335477734774 -0.875087022478593
3.15047693460101 -0.889928961755181
3.16759909185427 -0.903883800488824
3.18472124910754 -0.916937628192789
3.2018434063608 -0.92907743252773
3.21896556361407 -0.940291112272675
3.23608772086734 -0.950567489387783
3.2532098781206 -0.959896320156857
3.27033203537387 -0.968268305398507
3.28745419262714 -0.975675099735773
3.3045763498804 -0.98210931991498
3.32169850713367 -0.987564552165524
3.33882066438693 -0.992035358593258
3.3559428216402 -0.995517282601106
3.37306497889347 -0.998006853331493
3.39018713614673 -0.999501589126174
3.4073092934 -1
3.42602853426633 -0.999501589126174
3.44474777513266 -0.998006853331493
3.463467015999 -0.995517282601106
3.48218625686533 -0.992035358593258
3.50090549773166 -0.987564552165524
3.51962473859799 -0.98210931991498
3.53834397946432 -0.975675099735774
3.55706322033065 -0.968268305398507
3.57578246119698 -0.959896320156857
3.59450170206332 -0.950567489387783
3.61322094292965 -0.940291112272676
3.63194018379598 -0.92907743252773
3.65065942466231 -0.916937628192789
3.66937866552864 -0.903883800488823
3.68809790639498 -0.88992896175518
3.70681714726131 -0.875087022478594
3.72553638812764 -0.859372777426912
3.74425562899397 -0.842801890901351
3.7629748698603 -0.825390881121976
3.78169411072663 -0.807157103761985
3.80041335159296 -0.788118734647192
3.8191325924593 -0.768294751637971
3.83785183332563 -0.747704915711709
3.85657107419196 -0.726369751264639
3.87529031505829 -0.704310525652672
3.89400955592462 -0.681549227991634
3.91272879679095 -0.658108547238038
3.93144803765729 -0.634011849572239
3.95016727852362 -0.609283155106517
3.96888651938995 -0.583947113941306
3.98760576025628 -0.55802898159344
4.00632500112261 -0.531554593820901
4.02504424198894 -0.504550340869177
4.04376348285528 -0.47704314116489
4.06248272372161 -0.44906041448292
4.08120196458794 -0.420630054613785
4.09992120545427 -0.391780401558493
4.1186404463206 -0.362540213278625
4.13735968718693 -0.332938637029761
4.15607892805327 -0.303005180306873
4.1747981689196 -0.272769681430603
4.19351740978593 -0.242262279803783
4.21223665065226 -0.211513385867818
4.23095589151859 -0.180553650788902
4.24967513238492 -0.149413935904262
4.26839437325126 -0.118125281958908
4.28711361411759 -0.0867188781635512
4.30583285498392 -0.0552260311045077
4.32455209585025 -0.0236781335366243
4.34327133671658 0.00789336690971398
4.36199057758291 0.0394569990762527
4.38070981844925 0.0709812996480151
4.39942905931558 0.102434844516613
4.41814830018191 0.13378628010448
4.43686754104824 0.165004354618799
4.45558678191457 0.196057949203978
4.4743060227809 0.22691610896159
4.49302526364724 0.257548073806896
4.51174450451357 0.287923309131167
4.5304637453799 0.318011536239238
4.54918298624623 0.347782762531983
4.56790222711256 0.377207311403576
4.58662146797889 0.406255851823788
4.60534070884523 0.434899427575793
4.62405994971156 0.463109486120348
4.64277919057789 0.490857907057594
4.66149843144422 0.518117030158077
4.68021767231055 0.54485968293507
4.69893691317688 0.571059207730694
4.71765615404322 0.596689488288855
4.73637539490955 0.621724975788495
4.75509463577588 0.64614071431121
4.77381387664221 0.669912365717855
4.79253311750854 0.693016233909331
4.81125235837487 0.715429288447371
4.82997159924121 0.73712918751178
4.84869084010754 0.758094300171246
4.86741008097387 0.77830372794553
4.8861293218402 0.79773732563752
4.90484856270653 0.816375721414399
4.92356780357286 0.834200336117917
4.9422870444392 0.851193401784495
4.96100628530553 0.867337979356715
4.97972552617186 0.882617975568547
4.99844476703819 0.897018158987463
5.01716400790452 0.910524175197462
5.03588324877085 0.923122561107861
5.05460248963719 0.934800758373598
5.07332173050352 0.945547125913667
5.09204097136985 0.955350951515195
5.11076021223618 0.964202462511612
5.12947945310251 0.972092835524257
5.14819869396884 0.979014205257714
5.16691793483518 0.984959672340111
5.18563717570151 0.989923310200557
5.20435641656784 0.993900170976888
5.22307565743417 0.996886290447793
5.2417948983005 0.998878691984444
5.26051413916683 0.999875389517657
5.27923338003317 0.999875389517657
5.2979526208995 0.998878691984444
5.31667186176583 0.996886290447793
5.33539110263216 0.993900170976888
5.35411034349849 0.989923310200557
5.37282958436482 0.984959672340111
5.39154882523116 0.979014205257715
5.41026806609749 0.972092835524257
5.42898730696382 0.964202462511612
5.44770654783015 0.955350951515194
5.46642578869648 0.945547125913668
5.48514502956281 0.934800758373598
5.50386427042915 0.923122561107861
5.52258351129548 0.910524175197462
5.54130275216181 0.897018158987464
5.56002199302814 0.882617975568547
5.57874123389447 0.867337979356714
5.5974604747608 0.851193401784495
5.61617971562714 0.834200336117918
5.63489895649347 0.816375721414399
5.6536181973598 0.797737325637519
5.67233743822613 0.778303727945531
5.69105667909246 0.758094300171246
5.70977591995879 0.737129187511778
5.72849516082513 0.715429288447371
5.74721440169146 0.693016233909332
5.76593364255779 0.669912365717855
5.78465288342412 0.646140714311209
5.80337212429045 0.621724975788495
5.82209136515678 0.596689488288856
5.84081060602312 0.571059207730695
5.85952984688945 0.54485968293507
5.87824908775578 0.518117030158079
5.89696832862211 0.490857907057594
5.91568756948844 0.463109486120348
5.93440681035477 0.434899427575793
5.9531260512211 0.40625585182379
5.97184529208744 0.377207311403576
5.99056453295377 0.347782762531982
6.0092837738201 0.318011536239238
6.02800301468643 0.287923309131167
6.04672225555276 0.257548073806896
6.0654414964191 0.226916108961589
6.08416073728543 0.196057949203978
6.10287997815176 0.165004354618799
6.12159921901809 0.133786280104478
6.14031845988442 0.102434844516614
6.15903770075075 0.0709812996480162
6.17775694161709 0.0394569990762527
6.19647618248342 0.00789336690971467
6.21519542334975 -0.0236781335366239
6.23391466421608 -0.0552260311045075
6.25263390508241 -0.0867188781635505
6.27135314594874 -0.118125281958908
6.29007238681507 -0.14941393590426
6.30879162768141 -0.180553650788901
6.32751086854774 -0.211513385867819
6.34623010941407 -0.242262279803781
6.3649493502804 -0.272769681430601
6.38366859114673 -0.303005180306873
6.40238783201307 -0.332938637029762
6.4211070728794 -0.362540213278625
6.43982631374573 -0.391780401558493
6.45854555461206 -0.420630054613784
6.47726479547839 -0.449060414482921
6.49598403634472 -0.47704314116489
6.51470327721105 -0.504550340869177
6.53342251807739 -0.531554593820902
6.55214175894372 -0.55802898159344
6.57086099981005 -0.583947113941305
6.58958024067638 -0.609283155106517
6.60829948154271 -0.634011849572238
6.62701872240905 -0.658108547238038
6.64573796327538 -0.681549227991633
6.66445720414171 -0.704310525652672
6.68317644500804 -0.726369751264639
6.70189568587437 -0.747704915711709
6.7206149267407 -0.768294751637971
6.73933416760704 -0.788118734647193
6.75805340847337 -0.807157103761985
6.7767726493397 -0.825390881121976
6.79549189020603 -0.842801890901351
6.81421113107236 -0.859372777426912
6.83293037193869 -0.875087022478594
6.85164961280502 -0.88992896175518
6.87036885367136 -0.903883800488824
6.88908809453769 -0.916937628192789
6.90780733540402 -0.929077432527731
6.92652657627035 -0.940291112272675
6.94524581713668 -0.950567489387783
6.96396505800301 -0.959896320156857
6.98268429886935 -0.968268305398507
7.00140353973568 -0.975675099735774
7.02012278060201 -0.98210931991498
7.03884202146834 -0.987564552165524
7.05756126233467 -0.992035358593258
7.076280503201 -0.995517282601106
7.09499974406734 -0.998006853331493
7.11371898493367 -0.999501589126174
7.1324382258 -1
7.15004764821256 -0.999501589126174
7.16765707062513 -0.998006853331493
7.18526649303769 -0.995517282601106
7.20287591545025 -0.992035358593258
7.22048533786281 -0.987564552165524
7.23809476027538 -0.982109319914981
7.25570418268794 -0.975675099735774
7.2733136051005 -0.968268305398507
7.29092302751306 -0.959896320156857
7.30853244992563 -0.950567489387783
7.32614187233819 -0.940291112272675
7.34375129475075 -0.92907743252773
7.36136071716332 -0.916937628192789
7.37897013957588 -0.903883800488823
7.39657956198844 -0.889928961755181
7.414188984401 -0.875087022478594
7.43179840681357 -0.859372777426912
7.44940782922613 -0.842801890901351
7.46701725163869 -0.825390881121976
7.48462667405126 -0.807157103761985
7.50223609646382 -0.788118734647192
7.51984551887638 -0.76829475163797
7.53745494128894 -0.747704915711709
7.55506436370151 -0.72636975126464
7.57267378611407 -0.704310525652673
7.59028320852663 -0.681549227991634
7.6078926309392 -0.658108547238038
7.62550205335176 -0.634011849572239
7.64311147576432 -0.609283155106517
7.66072089817688 -0.583947113941306
7.67833032058945 -0.55802898159344
7.69593974300201 -0.531554593820901
7.71354916541457 -0.504550340869177
7.73115858782714 -0.47704314116489
7.7487680102397 -0.449060414482921
7.76637743265226 -0.420630054613785
7.78398685506482 -0.391780401558493
7.80159627747739 -0.362540213278625
7.81920569988995 -0.332938637029761
7.83681512230251 -0.303005180306872
7.85442454471508 -0.272769681430603
7.87203396712764 -0.242262279803783
7.8896433895402 -0.21151338586782
7.90725281195276 -0.180553650788903
7.92486223436533 -0.149413935904261
7.94247165677789 -0.118125281958908
7.96008107919045 -0.0867188781635507
7.97769050160302 -0.0552260311045079
7.99529992401558 -0.0236781335366239
8.01290934642814 0.00789336690971198
8.0305187688407 0.0394569990762534
8.04812819125327 0.0709812996480151
8.06573761366583 0.102434844516614
8.08334703607839 0.133786280104479
8.10095645849096 0.1650043546188
8.11856588090352 0.196057949203978
8.13617530331608 0.226916108961589
8.15378472572864 0.257548073806897
8.17139414814121 0.287923309131165
8.18900357055377 0.318011536239239
8.20661299296633 0.347782762531981
8.22422241537889 0.377207311403577
8.24183183779146 0.406255851823788
8.25944126020402 0.434899427575794
8.27705068261658 0.463109486120347
8.29466010502914 0.490857907057592
8.31226952744171 0.518117030158078
8.32987894985427 0.544859682935069
8.34748837226683 0.571059207730695
8.3650977946794 0.596689488288855
8.38270721709196 0.621724975788496
8.40031663950452 0.646140714311209
8.41792606191709 0.669912365717856
8.43553548432965 0.693016233909331
8.45314490674221 0.71542928844737
8.47075432915477 0.737129187511779
8.48836375156734 0.758094300171246
8.5059731739799 0.77830372794553
8.52358259639246 0.797737325637519
8.54119201880503 0.8163757214144
8.55880144121759 0.834200336117917
8.57641086363015 0.851193401784495
8.59402028604271 0.867337979356715
8.61162970845528 0.882617975568547
8.62923913086784 0.897018158987463
8.6468485532804 0.910524175197461
8.66445797569297 0.923122561107861
8.68206739810553 0.934800758373598
8.69967682051809 0.945547125913667
8.71728624293065 0.955350951515195
8.73489566534322 0.964202462511612
8.75250508775578 0.972092835524257
8.77011451016834 0.979014205257715
8.7877239325809 0.984959672340111
8.80533335499347 0.989923310200557
8.82294277740603 0.993900170976888
8.84055219981859 0.996886290447793
8.85816162223116 0.998878691984444
8.87577104464372 0.999875389517657
8.89338046705628 0.999875389517657
8.91098988946884 0.998878691984444
8.92859931188141 0.996886290447793
8.94620873429397 0.993900170976888
8.96381815670653 0.989923310200557
8.9814275791191 0.984959672340111
8.99903700153166 0.979014205257715
9.01664642394422 0.972092835524257
9.03425584635678 0.964202462511612
9.05186526876935 0.955350951515195
9.06947469118191 0.945547125913667
9.08708411359447 0.934800758373598
9.10469353600704 0.923122561107861
9.1223029584196 0.910524175197462
9.13991238083216 0.897018158987464
9.15752180324472 0.882617975568548
9.17513122565729 0.867337979356714
9.19274064806985 0.851193401784495
9.21035007048241 0.834200336117917
9.22795949289497 0.816375721414399
9.24556891530754 0.797737325637519
9.2631783377201 0.77830372794553
9.28078776013266 0.758094300171245
9.29839718254523 0.737129187511779
9.31600660495779 0.715429288447373
9.33361602737035 0.693016233909332
9.35122544978291 0.669912365717856
9.36883487219548 0.646140714311209
9.38644429460804 0.621724975788496
9.4040537170206 0.596689488288856
9.42166313943317 0.571059207730696
9.43927256184573 0.54485968293507
9.45688198425829 0.518117030158078
9.47449140667085 0.490857907057595
9.49210082908342 0.463109486120348
9.50971025149598 0.434899427575792
9.52731967390854 0.406255851823789
9.54492909632111 0.377207311403577
9.56253851873367 0.347782762531982
9.58014794114623 0.318011536239239
9.5977573635588 0.287923309131165
9.61536678597136 0.257548073806897
9.63297620838392 0.226916108961592
9.65058563079648 0.196057949203978
9.66819505320905 0.165004354618801
9.68580447562161 0.133786280104479
9.70341389803417 0.102434844516614
9.72102332044673 0.0709812996480153
9.7386327428593 0.0394569990762536
9.75624216527186 0.007893366909712
9.77385158768442 -0.0236781335366239
9.79146101009698 -0.0552260311045066
9.80907043250955 -0.0867188781635505
9.82667985492211 -0.11812528195891
9.84428927733467 -0.14941393590426
9.86189869974724 -0.180553650788901
9.8795081221598 -0.211513385867819
9.89711754457236 -0.242262279803782
9.91472696698493 -0.272769681430604
9.93233638939749 -0.303005180306872
9.94994581181005 -0.332938637029759
9.96755523422261 -0.362540213278624
9.98516465663518 -0.391780401558495
10.0027740790477 -0.420630054613784
10.0203835014603 -0.449060414482919
10.0379929238729 -0.47704314116489
10.0556023462854 -0.504550340869177
10.073211768698 -0.531554593820902
10.0908211911106 -0.558028981593439
10.1084306135231 -0.583947113941307
10.1260400359357 -0.609283155106516
10.1436494583482 -0.63401184957224
10.1612588807608 -0.658108547238037
10.1788683031734 -0.681549227991633
10.1964777255859 -0.704310525652672
10.2140871479985 -0.726369751264641
10.2316965704111 -0.74770491571171
10.2493059928236 -0.76829475163797
10.2669154152362 -0.788118734647191
10.2845248376487 -0.807157103761985
10.3021342600613 -0.825390881121977
10.3197436824739 -0.842801890901351
10.3373531048864 -0.859372777426911
10.354962527299 -0.875087022478594
10.3725719497116 -0.88992896175518
10.3901813721241 -0.903883800488824
10.4077907945367 -0.916937628192788
10.4254002169492 -0.92907743252773
10.4430096393618 -0.940291112272676
10.4606190617744 -0.950567489387783
10.4782284841869 -0.959896320156857
10.4958379065995 -0.968268305398507
10.5134473290121 -0.975675099735774
10.5310567514246 -0.98210931991498
10.5486661738372 -0.987564552165524
10.5662755962497 -0.992035358593258
10.5838850186623 -0.995517282601106
10.6014944410749 -0.998006853331493
10.6191038634874 -0.999501589126174
10.6367132859 -1
10.643699624201 -0.999501589126174
10.650685962502 -0.998006853331493
10.657672300803 -0.995517282601106
10.664658639104 -0.992035358593258
10.671644977405 -0.987564552165523
10.678631315706 -0.98210931991498
10.685617654007 -0.975675099735774
10.692603992308 -0.968268305398508
10.699590330609 -0.959896320156856
10.7065766689101 -0.950567489387783
10.7135630072111 -0.940291112272677
10.7205493455121 -0.92907743252773
10.7275356838131 -0.916937628192789
10.7345220221141 -0.903883800488825
10.7415083604151 -0.889928961755179
10.7484946987161 -0.875087022478593
10.7554810370171 -0.859372777426913
10.7624673753181 -0.842801890901349
10.7694537136191 -0.825390881121975
10.7764400519201 -0.807157103761986
10.7834263902211 -0.788118734647195
10.7904127285221 -0.768294751637969
10.7973990668231 -0.747704915711709
10.8043854051241 -0.726369751264641
10.8113717434251 -0.70431052565267
10.8183580817261 -0.681549227991634
10.8253444200271 -0.658108547238039
10.8323307583281 -0.634011849572236
10.8393170966291 -0.609283155106516
10.8463034349302 -0.583947113941307
10.8532897732312 -0.558028981593437
10.8602761115322 -0.5315545938209
10.8672624498332 -0.504550340869178
10.8742487881342 -0.477043141164893
10.8812351264352 -0.449060414482918
10.8882214647362 -0.420630054613785
10.8952078030372 -0.391780401558496
10.9021941413382 -0.362540213278622
10.9091804796392 -0.332938637029761
10.9161668179402 -0.303005180306875
10.9231531562412 -0.2727696814306
10.9301394945422 -0.242262279803782
10.9371258328432 -0.21151338586782
10.9441121711442 -0.180553650788898
10.9510985094452 -0.149413935904259
10.9580848477462 -0.118125281958909
10.9650711860472 -0.0867188781635543
10.9720575243482 -0.0552260311045059
10.9790438626492 -0.0236781335366243
10.9860302009503 0.00789336690971042
10.9930165392513 0.0394569990762558
11.0000028775523 0.0709812996480164
11.0069892158533 0.102434844516611
11.0139755541543 0.133786280104483
11.0209618924553 0.1650043546188
11.0279482307563 0.196057949203977
11.0349345690573 0.226916108961594
11.0419209073583 0.257548073806898
11.0489072456593 0.287923309131166
11.0558935839603 0.318011536239235
11.0628799222613 0.347782762531985
11.0698662605623 0.377207311403576
11.0768525988633 0.406255851823787
11.0838389371643 0.434899427575796
11.0908252754653 0.463109486120348
11.0978116137663 0.490857907057592
11.1047979520673 0.518117030158081
11.1117842903683 0.544859682935072
11.1187706286693 0.571059207730694
11.1257569669704 0.596689488288853
11.1327433052714 0.621724975788496
11.1397296435724 0.646140714311209
11.1467159818734 0.669912365717853
11.1537023201744 0.693016233909333
11.1606886584754 0.715429288447371
11.1676749967764 0.737129187511777
11.1746613350774 0.758094300171247
11.1816476733784 0.77830372794553
11.1886340116794 0.797737325637518
11.1956203499804 0.816375721414397
11.2026066882814 0.834200336117918
11.2095930265824 0.851193401784494
11.2165793648834 0.867337979356713
11.2235657031844 0.882617975568548
11.2305520414854 0.897018158987463
11.2375383797864 0.910524175197461
11.2445247180874 0.923122561107862
11.2515110563884 0.934800758373598
11.2584973946894 0.945547125913666
11.2654837329905 0.955350951515196
11.2724700712915 0.964202462511612
11.2794564095925 0.972092835524257
11.2864427478935 0.979014205257715
11.2934290861945 0.984959672340111
11.3004154244955 0.989923310200557
11.3074017627965 0.993900170976887
11.3143881010975 0.996886290447793
11.3213744393985 0.998878691984444
11.3283607776995 0.999875389517657
11.3353471160005 0.999875389517657
11.3423334543015 0.998878691984444
11.3493197926025 0.996886290447793
11.3563061309035 0.993900170976887
11.3632924692045 0.989923310200557
11.3702788075055 0.984959672340111
11.3772651458065 0.979014205257715
11.3842514841075 0.972092835524257
11.3912378224085 0.964202462511612
11.3982241607095 0.955350951515196
11.4052104990106 0.945547125913666
11.4121968373116 0.934800758373598
11.4191831756126 0.923122561107862
11.4261695139136 0.910524175197461
11.4331558522146 0.897018158987463
11.4401421905156 0.882617975568548
11.4471285288166 0.867337979356713
11.4541148671176 0.851193401784494
11.4611012054186 0.834200336117918
11.4680875437196 0.816375721414402
11.4750738820206 0.797737325637518
11.4820602203216 0.77830372794553
11.4890465586226 0.758094300171247
11.4960328969236 0.737129187511777
11.5030192352246 0.715429288447371
11.5100055735256 0.693016233909334
11.5169919118266 0.669912365717853
11.5239782501276 0.646140714311209
11.5309645884286 0.621724975788497
11.5379509267296 0.596689488288853
11.5449372650307 0.571059207730694
11.5519236033317 0.544859682935072
11.5589099416327 0.518117030158081
11.5658962799337 0.490857907057592
11.5728826182347 0.463109486120348
11.5798689565357 0.434899427575796
11.5868552948367 0.406255851823786
11.5938416331377 0.377207311403576
11.6008279714387 0.347782762531985
11.6078143097397 0.318011536239235
11.6148006480407 0.287923309131166
11.6217869863417 0.257548073806898
11.6287733246427 0.226916108961587
11.6357596629437 0.196057949203976
11.6427460012447 0.165004354618801
11.6497323395457 0.133786280104483
11.6567186778467 0.102434844516612
11.6637050161477 0.0709812996480162
11.6706913544487 0.0394569990762554
11.6776776927498 0.00789336690971111
11.6846640310508 -0.0236781335366239
11.6916503693518 -0.0552260311045057
11.6986367076528 -0.086718878163554
11.7056230459538 -0.118125281958908
11.7126093842548 -0.14941393590426
11.7195957225558 -0.180553650788906
11.7265820608568 -0.21151338586782
11.7335683991578 -0.242262279803782
11.7405547374588 -0.2727696814306
11.7475410757598 -0.303005180306874
11.7545274140608 -0.33293863702976
11.7615137523618 -0.362540213278622
11.7685000906628 -0.391780401558495
11.7754864289638 -0.420630054613784
11.7824727672648 -0.449060414482917
11.7894591055658 -0.477043141164893
11.7964454438668 -0.504550340869178
11.8034317821678 -0.5315545938209
11.8104181204688 -0.558028981593443
11.8174044587699 -0.583947113941307
11.8243907970709 -0.609283155106516
11.8313771353719 -0.634011849572235
11.8383634736729 -0.658108547238039
11.8453498119739 -0.681549227991633
11.8523361502749 -0.70431052565267
11.8593224885759 -0.726369751264641
11.8663088268769 -0.747704915711709
11.8732951651779 -0.768294751637969
11.8802815034789 -0.788118734647194
11.8872678417799 -0.807157103761986
11.8942541800809 -0.825390881121975
11.9012405183819 -0.842801890901353
11.9082268566829 -0.859372777426913
11.9152131949839 -0.875087022478593
11.9221995332849 -0.889928961755179
11.9291858715859 -0.903883800488825
11.9361722098869 -0.916937628192789
11.9431585481879 -0.929077432527729
11.9501448864889 -0.940291112272677
11.95713122479 -0.950567489387783
11.964117563091 -0.959896320156856
11.971103901392 -0.968268305398508
11.978090239693 -0.975675099735774
11.985076577994 -0.98210931991498
11.992062916295 -0.987564552165524
11.999049254596 -0.992035358593258
12.006035592897 -0.995517282601106
12.013021931198 -0.998006853331493
12.020008269499 -0.999501589126174
12.0269946078 -1
12.0421278515171 -0.999501589126174
12.0572610952342 -0.998006853331493
12.0723943389513 -0.995517282601106
12.0875275826683 -0.992035358593258
12.1026608263854 -0.987564552165524
12.1177940701025 -0.98210931991498
12.1329273138196 -0.975675099735774
12.1480605575367 -0.968268305398507
12.1631938012538 -0.959896320156857
12.1783270449709 -0.950567489387783
12.1934602886879 -0.940291112272675
12.208593532405 -0.929077432527731
12.2237267761221 -0.916937628192789
12.2388600198392 -0.903883800488824
12.2539932635563 -0.88992896175518
12.2691265072734 -0.875087022478593
12.2842597509905 -0.859372777426912
12.2993929947075 -0.84280189090135
12.3145262384246 -0.825390881121977
12.3296594821417 -0.807157103761985
12.3447927258588 -0.788118734647192
12.3599259695759 -0.768294751637971
12.375059213293 -0.747704915711709
12.3901924570101 -0.726369751264641
12.4053257007271 -0.704310525652672
12.4204589444442 -0.681549227991633
12.4355921881613 -0.658108547238039
12.4507254318784 -0.634011849572238
12.4658586755955 -0.609283155106518
12.4809919193126 -0.583947113941306
12.4961251630296 -0.558028981593439
12.5112584067467 -0.531554593820902
12.5263916504638 -0.504550340869177
12.5415248941809 -0.477043141164888
12.556658137898 -0.44906041448292
12.5717913816151 -0.420630054613783
12.5869246253322 -0.391780401558494
12.6020578690492 -0.362540213278624
12.6171911127663 -0.332938637029763
12.6323243564834 -0.303005180306873
12.6474576002005 -0.272769681430602
12.6625908439176 -0.242262279803784
12.6777240876347 -0.211513385867819
12.6928573313518 -0.180553650788901
12.7079905750688 -0.149413935904261
12.7231238187859 -0.118125281958907
12.738257062503 -0.086718878163552
12.7533903062201 -0.0552260311045079
12.7685235499372 -0.0236781335366223
12.7836567936543 0.00789336690971264
12.7987900373714 0.0394569990762536
12.8139232810884 0.0709812996480144
12.8290565248055 0.102434844516613
12.8441897685226 0.133786280104481
12.8593230122397 0.165004354618798
12.8744562559568 0.196057949203979
12.8895894996739 0.226916108961589
12.904722743391 0.257548073806897
12.919855987108 0.287923309131168
12.9349892308251 0.318011536239238
12.9501224745422 0.347782762531983
12.9652557182593 0.377207311403575
12.9803889619764 0.406255851823789
12.9955222056935 0.434899427575794
13.0106554494106 0.463109486120347
13.0257886931276 0.490857907057594
13.0409219368447 0.518117030158076
13.0560551805618 0.54485968293507
13.0711884242789 0.571059207730696
13.086321667996 0.596689488288855
13.1014549117131 0.621724975788495
13.1165881554302 0.646140714311209
13.1317213991472 0.669912365717855
13.1468546428643 0.693016233909333
13.1619878865814 0.715429288447371
13.1771211302985 0.737129187511779
13.1922543740156 0.758094300171244
13.2073876177327 0.77830372794553
13.2225208614498 0.79773732563752
13.2376541051668 0.816375721414399
13.2527873488839 0.834200336117918
13.267920592601 0.851193401784494
13.2830538363181 0.867337979356715
13.2981870800352 0.882617975568547
13.3133203237523 0.897018158987463
13.3284535674693 0.910524175197462
13.3435868111864 0.923122561107861
13.3587200549035 0.934800758373598
13.3738532986206 0.945547125913667
13.3889865423377 0.955350951515195
13.4041197860548 0.964202462511612
13.4192530297719 0.972092835524257
13.4343862734889 0.979014205257714
13.449519517206 0.984959672340111
13.4646527609231 0.989923310200557
13.4797860046402 0.993900170976888
13.4949192483573 0.996886290447793
13.5100524920744 0.998878691984444
13.5251857357915 0.999875389517657
13.5403189795085 0.999875389517657
13.5554522232256 0.998878691984444
13.5705854669427 0.996886290447793
13.5857187106598 0.993900170976888
13.6008519543769 0.989923310200557
13.615985198094 0.984959672340111
13.6311184418111 0.979014205257715
13.6462516855281 0.972092835524257
13.6613849292452 0.964202462511612
13.6765181729623 0.955350951515194
13.6916514166794 0.945547125913668
13.7067846603965 0.934800758373598
13.7219179041136 0.923122561107862
13.7370511478307 0.910524175197462
13.7521843915477 0.897018158987463
13.7673176352648 0.882617975568547
13.7824508789819 0.867337979356714
13.797584122699 0.851193401784494
13.8127173664161 0.834200336117918
13.8278506101332 0.816375721414399
13.8429838538503 0.797737325637518
13.8581170975673 0.77830372794553
13.8732503412844 0.758094300171247
13.8883835850015 0.73712918751178
13.9035168287186 0.715429288447371
13.9186500724357 0.693016233909333
13.9337833161528 0.669912365717855
13.9489165598699 0.646140714311209
13.9640498035869 0.621724975788496
13.979183047304 0.596689488288856
13.9943162910211 0.571059207730694
14.0094495347382 0.54485968293507
14.0245827784553 0.518117030158079
14.0397160221724 0.490857907057595
14.0548492658894 0.463109486120348
14.0699825096065 0.434899427575795
14.0851157533236 0.40625585182379
14.1002489970407 0.377207311403575
14.1153822407578 0.347782762531983
14.1305154844749 0.318011536239238
14.145648728192 0.287923309131164
14.160781971909 0.257548073806896
14.1759152156261 0.226916108961593
14.1910484593432 0.196057949203979
14.2061817030603 0.165004354618799
14.2213149467774 0.133786280104481
14.2364481904945 0.102434844516613
14.2515814342116 0.0709812996480145
14.2667146779286 0.0394569990762536
14.2818479216457 0.00789336690971289
14.2969811653628 -0.0236781335366256
14.3121144090799 -0.0552260311045075
14.327247652797 -0.0867188781635523
14.3423808965141 -0.118125281958907
14.3575141402312 -0.149413935904261
14.3726473839482 -0.1805536507889
14.3877806276653 -0.211513385867818
14.4029138713824 -0.242262279803784
14.4180471150995 -0.272769681430602
14.4331803588166 -0.303005180306873
14.4483136025337 -0.332938637029763
14.4634468462508 -0.362540213278624
14.4785800899678 -0.391780401558494
14.4937133336849 -0.420630054613783
14.508846577402 -0.449060414482921
14.5239798211191 -0.477043141164888
14.5391130648362 -0.504550340869177
14.5542463085533 -0.531554593820902
14.5693795522704 -0.558028981593439
14.5845127959874 -0.583947113941307
14.5996460397045 -0.609283155106518
14.6147792834216 -0.634011849572238
14.6299125271387 -0.658108547238038
14.6450457708558 -0.681549227991633
14.6601790145729 -0.704310525652672
14.6753122582899 -0.726369751264638
14.690445502007 -0.747704915711709
14.7055787457241 -0.768294751637971
14.7207119894412 -0.788118734647191
14.7358452331583 -0.807157103761985
14.7509784768754 -0.825390881121977
14.7661117205925 -0.84280189090135
14.7812449643095 -0.859372777426913
14.7963782080266 -0.875087022478593
14.8115114517437 -0.88992896175518
14.8266446954608 -0.903883800488823
14.8417779391779 -0.916937628192788
14.856911182895 -0.929077432527731
14.8720444266121 -0.940291112272675
14.8871776703291 -0.950567489387783
14.9023109140462 -0.959896320156858
14.9174441577633 -0.968268305398507
14.9325774014804 -0.975675099735774
14.9477106451975 -0.98210931991498
14.9628438889146 -0.987564552165524
14.9779771326317 -0.992035358593258
14.9931103763487 -0.995517282601106
15.0082436200658 -0.998006853331493
15.0233768637829 -0.999501589126174
15.0385101075 -1
15.0548505510397 -0.999501589126174
15.0711909945794 -0.998006853331493
15.0875314381191 -0.995517282601106
15.1038718816588 -0.992035358593258
15.1202123251985 -0.987564552165524
15.1365527687382 -0.98210931991498
15.1528932122779 -0.975675099735773
15.1692336558176 -0.968268305398507
15.1855740993573 -0.959896320156857
15.201914542897 -0.950567489387783
15.2182549864367 -0.940291112272676
15.2345954299764 -0.929077432527731
15.2509358735161 -0.916937628192789
15.2672763170558 -0.903883800488823
15.2836167605955 -0.88992896175518
15.2999572041352 -0.875087022478594
15.3162976476749 -0.859372777426912
15.3326380912146 -0.842801890901351
15.3489785347543 -0.825390881121976
15.365318978294 -0.807157103761985
15.3816594218337 -0.788118734647192
15.3979998653734 -0.768294751637972
15.4143403089131 -0.74770491571171
15.4306807524528 -0.72636975126464
15.4470211959925 -0.704310525652672
15.4633616395322 -0.681549227991633
15.4797020830719 -0.658108547238037
15.4960425266116 -0.63401184957224
15.5123829701513 -0.609283155106518
15.528723413691 -0.583947113941307
15.5450638572307 -0.55802898159344
15.5614043007704 -0.531554593820901
15.5777447443101 -0.504550340869177
15.5940851878497 -0.477043141164888
15.6104256313894 -0.449060414482921
15.6267660749291 -0.420630054613785
15.6431065184688 -0.391780401558493
15.6594469620085 -0.362540213278624
15.6757874055482 -0.33293863702976
15.6921278490879 -0.303005180306871
15.7084682926276 -0.272769681430604
15.7248087361673 -0.242262279803784
15.741149179707 -0.211513385867819
15.7574896232467 -0.180553650788902
15.7738300667864 -0.14941393590426
15.7901705103261 -0.118125281958907
15.8065109538658 -0.0867188781635523
15.8228513974055 -0.055226031104509
15.8391918409452 -0.0236781335366245
15.8555322844849 0.00789336690971331
15.8718727280246 0.0394569990762536
15.8882131715643 0.0709812996480171
15.904553615104 0.102434844516615
15.9208940586437 0.133786280104478
15.9372345021834 0.165004354618799
15.9535749457231 0.196057949203978
15.9699153892628 0.226916108961591
15.9862558328025 0.257548073806898
16.0025962763422 0.287923309131165
16.0189367198819 0.31801153623924
16.0352771634216 0.347782762531982
16.0516176069613 0.377207311403579
16.067958050501 0.406255851823789
16.0842984940407 0.434899427575791
16.1006389375804 0.463109486120349
16.1169793811201 0.490857907057592
16.1333198246598 0.51811703015808
16.1496602681995 0.54485968293507
16.1660007117392 0.571059207730692
16.1823411552789 0.596689488288857
16.1986815988186 0.621724975788493
16.2150220423583 0.646140714311211
16.231362485898 0.669912365717855
16.2477029294377 0.693016233909334
16.2640433729774 0.715429288447371
16.2803838165171 0.737129187511777
16.2967242600568 0.758094300171246
16.3130647035965 0.778303727945529
16.3294051471362 0.797737325637521
16.3457455906759 0.816375721414399
16.3620860342156 0.834200336117919
16.3784264777553 0.851193401784495
16.394766921295 0.867337979356714
16.4111073648347 0.882617975568548
16.4274478083744 0.897018158987463
16.4437882519141 0.910524175197463
16.4601286954538 0.923122561107861
16.4764691389935 0.934800758373597
16.4928095825332 0.945547125913667
16.5091500260729 0.955350951515194
16.5254904696126 0.964202462511612
16.5418309131523 0.972092835524257
16.558171356692 0.979014205257714
16.5745118002317 0.984959672340111
16.5908522437714 0.989923310200557
16.6071926873111 0.993900170976888
16.6235331308508 0.996886290447793
16.6398735743905 0.998878691984444
16.6562140179302 0.999875389517657
16.6725544614698 0.999875389517657
16.6888949050095 0.998878691984444
16.7052353485492 0.996886290447793
16.7215757920889 0.993900170976888
16.7379162356286 0.989923310200557
16.7542566791683 0.98495967234011
16.770597122708 0.979014205257715
16.7869375662477 0.972092835524258
16.8032780097874 0.964202462511611
16.8196184533271 0.955350951515195
16.8359588968668 0.945547125913667
16.8522993404065 0.934800758373599
16.8686397839462 0.923122561107862
16.8849802274859 0.910524175197462
16.9013206710256 0.897018158987465
16.9176611145653 0.882617975568546
16.934001558105 0.867337979356715
16.9503420016447 0.851193401784493
16.9666824451844 0.834200336117918
16.9830228887241 0.816375721414401
16.9993633322638 0.797737325637519
17.0157037758035 0.778303727945531
17.0320442193432 0.758094300171244
17.0483846628829 0.73712918751178
17.0647251064226 0.715429288447369
17.0810655499623 0.693016233909332
17.097405993502 0.669912365717857
17.1137464370417 0.646140714311209
17.1300868805814 0.621724975788496
17.1464273241211 0.596689488288854
17.1627677676608 0.571059207730695
17.1791082112005 0.544859682935073
17.1954486547402 0.518117030158077
17.2117890982799 0.490857907057595
17.2281295418196 0.463109486120347
17.2444699853593 0.434899427575794
17.260810428899 0.406255851823786
17.2771508724387 0.377207311403576
17.2934913159784 0.347782762531985
17.3098317595181 0.318011536239237
17.3261722030578 0.287923309131168
17.3425126465975 0.257548073806895
17.3588530901372 0.22691610896159
17.3751935336769 0.196057949203975
17.3915339772166 0.165004354618799
17.4078744207563 0.133786280104482
17.424214864296 0.102434844516612
17.4405553078357 0.0709812996480171
17.4568957513754 0.0394569990762501
17.4732361949151 0.00789336690971378
17.4895766384548 -0.0236781335366203
17.5059170819945 -0.0552260311045093
17.5222575255342 -0.0867188781635487
17.5385979690739 -0.11812528195891
17.5549384126136 -0.14941393590426
17.5712788561533 -0.180553650788899
17.587619299693 -0.211513385867818
17.6039597432327 -0.24226227980378
17.6203001867724 -0.272769681430605
17.6366406303121 -0.303005180306871
17.6529810738518 -0.332938637029764
17.6693215173915 -0.362540213278624
17.6856619609312 -0.391780401558496
17.7020024044709 -0.420630054613784
17.7183428480106 -0.449060414482918
17.7346832915503 -0.47704314116489
17.7510237350899 -0.504550340869176
17.7673641786296 -0.531554593820904
17.7837046221693 -0.55802898159344
17.800045065709 -0.583947113941304
17.8163855092487 -0.609283155106517
17.8327259527884 -0.634011849572238
17.8490663963281 -0.658108547238039
17.8654068398678 -0.681549227991633
17.8817472834075 -0.704310525652674
17.8980877269472 -0.72636975126464
17.9144281704869 -0.747704915711707
17.9307686140266 -0.768294751637972
17.9471090575663 -0.788118734647191
17.963449501106 -0.807157103761987
17.9797899446457 -0.825390881121976
17.9961303881854 -0.842801890901349
18.0124708317251 -0.859372777426912
18.0288112752648 -0.875087022478592
18.0451517188045 -0.889928961755181
18.0614921623442 -0.903883800488823
18.0778326058839 -0.91693762819279
18.0941730494236 -0.92907743252773
18.1105134929633 -0.940291112272675
18.126853936503 -0.950567489387783
18.1431943800427 -0.959896320156857
18.1595348235824 -0.968268305398508
18.1758752671221 -0.975675099735773
18.1922157106618 -0.98210931991498
18.2085561542015 -0.987564552165524
18.2248965977412 -0.992035358593258
18.2412370412809 -0.995517282601106
18.2575774848206 -0.998006853331493
18.2739179283603 -0.999501589126174
18.2902583719 -1
18.2993827267377 -0.999501589126174
18.3085070815754 -0.998006853331494
18.3176314364131 -0.995517282601106
18.3267557912508 -0.992035358593259
18.3358801460884 -0.987564552165523
18.3450045009261 -0.98210931991498
18.3541288557638 -0.975675099735773
18.3632532106015 -0.968268305398507
18.3723775654392 -0.959896320156857
18.3815019202769 -0.950567489387783
18.3906262751146 -0.940291112272677
18.3997506299523 -0.929077432527732
18.4088749847899 -0.916937628192786
18.4179993396276 -0.903883800488822
18.4271236944653 -0.889928961755179
18.436248049303 -0.875087022478593
18.4453724041407 -0.859372777426912
18.4544967589784 -0.842801890901351
18.4636211138161 -0.825390881121978
18.4727454686538 -0.807157103761988
18.4818698234915 -0.788118734647196
18.4909941783291 -0.768294751637967
18.5001185331668 -0.747704915711706
18.5092428880045 -0.726369751264637
18.5183672428422 -0.704310525652671
18.5274915976799 -0.681549227991634
18.5366159525176 -0.658108547238039
18.5457403073553 -0.634011849572241
18.554864662193 -0.60928315510652
18.5639890170307 -0.583947113941311
18.5731133718683 -0.558028981593436
18.582237726706 -0.531554593820898
18.5913620815437 -0.504550340869175
18.6004864363814 -0.477043141164889
18.6096107912191 -0.449060414482921
18.6187351460568 -0.420630054613786
18.6278595008945 -0.391780401558496
18.6369838557322 -0.362540213278629
18.6461082105698 -0.332938637029756
18.6552325654075 -0.303005180306869
18.6643569202452 -0.2727696814306
18.6734812750829 -0.242262279803782
18.6826056299206 -0.211513385867819
18.6917299847583 -0.180553650788903
18.700854339596 -0.149413935904264
18.7099786944337 -0.118125281958912
18.7191030492714 -0.0867188781635563
18.728227404109 -0.0552260311045026
18.7373517589467 -0.0236781335366199
18.7464761137844 0.00789336690971598
18.7556004686221 0.039456999076254
18.7647248234598 0.0709812996480158
18.7738491782975 0.102434844516612
18.7829735331352 0.133786280104476
18.7920978879729 0.165004354618795
18.8012222428105 0.196057949203972
18.8103465976482 0.226916108961595
18.8194709524859 0.2575480738069
18.8285953073236 0.287923309131169
18.8377196621613 0.318011536239239
18.846844016999 0.347782762531982
18.8559683718367 0.377207311403574
18.8650927266744 0.406255851823786
18.8742170815121 0.434899427575789
18.8833414363497 0.463109486120342
18.8924657911874 0.490857907057598
18.9015901460251 0.51811703015808
18.9107145008628 0.544859682935072
18.9198388557005 0.571059207730695
18.9289632105382 0.596689488288855
18.9380875653759 0.621724975788493
18.9472119202136 0.646140714311206
18.9563362750513 0.669912365717851
18.9654606298889 0.693016233909336
18.9745849847266 0.715429288447374
18.9837093395643 0.737129187511781
18.992833694402 0.758094300171246
19.0019580492397 0.77830372794553
19.0110824040774 0.797737325637518
19.0202067589151 0.816375721414397
19.0293311137528 0.834200336117915
19.0384554685904 0.851193401784491
19.0475798234281 0.867337979356717
19.0567041782658 0.882617975568548
19.0658285331035 0.897018158987464
19.0749528879412 0.910524175197462
19.0840772427789 0.92312256110786
19.0932015976166 0.934800758373597
19.1023259524543 0.945547125913666
19.111450307292 0.955350951515193
19.1205746621296 0.964202462511613
19.1296990169673 0.972092835524258
19.138823371805 0.979014205257715
19.1479477266427 0.984959672340111
19.1570720814804 0.989923310200557
19.1661964363181 0.993900170976888
19.1753207911558 0.996886290447793
19.1844451459935 0.998878691984443
19.1935695008312 0.999875389517657
19.2026938556688 0.999875389517657
19.2118182105065 0.998878691984443
19.2209425653442 0.996886290447793
19.2300669201819 0.993900170976888
19.2391912750196 0.989923310200557
19.2483156298573 0.984959672340111
19.257439984695 0.979014205257715
19.2665643395327 0.972092835524258
19.2756886943704 0.96420246251161
19.284813049208 0.955350951515193
19.2939374040457 0.945547125913666
19.3030617588834 0.934800758373598
19.3121861137211 0.92312256110786
19.3213104685588 0.910524175197462
19.3304348233965 0.897018158987464
19.3395591782342 0.882617975568548
19.3486835330719 0.867337979356717
19.3578078879095 0.851193401784492
19.3669322427472 0.834200336117915
19.3760565975849 0.816375721414397
19.3851809524226 0.797737325637518
19.3943053072603 0.77830372794553
19.403429662098 0.758094300171246
19.4125540169357 0.737129187511781
19.4216783717734 0.715429288447374
19.4308027266111 0.693016233909336
19.4399270814487 0.669912365717851
19.4490514362864 0.646140714311207
19.4581757911241 0.621724975788493
19.4673001459618 0.596689488288855
19.4764245007995 0.571059207730695
19.4855488556372 0.544859682935072
19.4946732104749 0.51811703015808
19.5037975653126 0.490857907057598
19.5129219201502 0.463109486120353
19.5220462749879 0.434899427575788
19.5311706298256 0.406255851823786
19.5402949846633 0.377207311403575
19.549419339501 0.347782762531982
19.5585436943387 0.31801153623924
19.5676680491764 0.287923309131169
19.5767924040141 0.257548073806901
19.5859167588518 0.226916108961596
19.5950411136894 0.196057949203972
19.6041654685271 0.165004354618795
19.6132898233648 0.133786280104476
19.6224141782025 0.102434844516611
19.6315385330402 0.0709812996480153
19.6406628878779 0.0394569990762536
19.6497872427156 0.00789336690971555
19.6589115975533 -0.0236781335366203
19.668035952391 -0.055226031104503
19.6771603072286 -0.0867188781635558
19.6862846620663 -0.118125281958912
19.695409016904 -0.149413935904263
19.7045333717417 -0.180553650788903
19.7136577265794 -0.211513385867818
19.7227820814171 -0.242262279803781
19.7319064362548 -0.2727696814306
19.7410307910925 -0.303005180306868
19.7501551459302 -0.332938637029767
19.7592795007678 -0.362540213278629
19.7684038556055 -0.391780401558496
19.7775282104432 -0.420630054613786
19.7866525652809 -0.449060414482921
19.7957769201186 -0.477043141164889
19.8049012749563 -0.504550340869175
19.814025629794 -0.531554593820898
19.8231499846317 -0.558028981593436
19.8322743394693 -0.583947113941301
19.841398694307 -0.609283155106519
19.8505230491447 -0.63401184957224
19.8596474039824 -0.658108547238038
19.8687717588201 -0.681549227991633
19.8778961136578 -0.704310525652671
19.8870204684955 -0.726369751264637
19.8961448233332 -0.747704915711706
19.9052691781709 -0.768294751637975
19.9143935330085 -0.788118734647196
19.9235178878462 -0.807157103761988
19.9326422426839 -0.825390881121978
19.9417665975216 -0.842801890901351
19.9508909523593 -0.859372777426912
19.960015307197 -0.875087022478593
19.9691396620347 -0.889928961755179
19.9782640168724 -0.903883800488822
19.98738837171 -0.916937628192786
19.9965127265477 -0.929077432527732
20.0056370813854 -0.940291112272677
20.0147614362231 -0.950567489387783
20.0238857910608 -0.959896320156857
20.0330101458985 -0.968268305398507
20.0421345007362 -0.975675099735773
20.0512588555739 -0.98210931991498
20.0603832104116 -0.987564552165523
20.0695075652492 -0.992035358593259
20.0786319200869 -0.995517282601106
20.0877562749246 -0.998006853331494
20.0968806297623 -0.999501589126174
20.1060049846 -1
20.1114017041322 -0.999501589126174
20.1167984236643 -0.998006853331493
20.1221951431965 -0.995517282601105
20.1275918627286 -0.992035358593257
20.1329885822608 -0.987564552165522
20.138385301793 -0.982109319914982
20.1437820213251 -0.975675099735775
20.1491787408573 -0.968268305398508
20.1545754603894 -0.959896320156858
20.1599721799216 -0.950567489387783
20.1653688994538 -0.940291112272675
20.1707656189859 -0.929077432527729
20.1761623385181 -0.916937628192787
20.1815590580503 -0.903883800488821
20.1869557775824 -0.889928961755176
20.1923524971146 -0.875087022478598
20.1977492166467 -0.859372777426916
20.2031459361789 -0.842801890901354
20.2085426557111 -0.825390881121978
20.2139393752432 -0.807157103761986
20.2193360947754 -0.788118734647192
20.2247328143075 -0.768294751637969
20.2301295338397 -0.747704915711706
20.2355262533719 -0.726369751264635
20.240922972904 -0.704310525652666
20.2463196924362 -0.681549227991627
20.2517164119683 -0.658108547238044
20.2571131315005 -0.634011849572244
20.2625098510327 -0.609283155106521
20.2679065705648 -0.583947113941309
20.273303290097 -0.558028981593441
20.2787000096291 -0.531554593820901
20.2840967291613 -0.504550340869175
20.2894934486935 -0.477043141164885
20.2948901682256 -0.449060414482914
20.3002868877578 -0.420630054613776
20.3056836072899 -0.391780401558502
20.3110803268221 -0.362540213278632
20.3164770463543 -0.332938637029767
20.3218737658864 -0.303005180306876
20.3272704854186 -0.272769681430605
20.3326672049508 -0.242262279803783
20.3380639244829 -0.211513385867817
20.3434606440151 -0.180553650788898
20.3488573635472 -0.149413935904255
20.3542540830794 -0.1181252819589
20.3596508026116 -0.0867188781635408
20.3650475221437 -0.0552260311045168
20.3704442416759 -0.0236781335366308
20.375840961208 0.00789336690970865
20.3812376807402 0.03945699907625
20.3866344002724 0.0709812996480151
20.3920311198045 0.102434844516614
20.3974278393367 0.133786280104482
20.4028245588688 0.165004354618804
20.408221278401 0.196057949203985
20.4136179979332 0.226916108961599
20.4190147174653 0.257548073806887
20.4244114369975 0.287923309131159
20.4298081565296 0.318011536239233
20.4352048760618 0.347782762531979
20.440601595594 0.377207311403574
20.4459983151261 0.406255851823789
20.4513950346583 0.434899427575795
20.4567917541905 0.463109486120352
20.4621884737226 0.490857907057599
20.4675851932548 0.518117030158084
20.4729819127869 0.544859682935079
20.4783786323191 0.571059207730688
20.4837753518513 0.596689488288851
20.4891720713834 0.621724975788492
20.4945687909156 0.646140714311208
20.4999655104477 0.669912365717855
20.5053622299799 0.693016233909332
20.5107589495121 0.715429288447374
20.5161556690442 0.737129187511782
20.5215523885764 0.75809430017125
20.5269491081085 0.778303727945536
20.5323458276407 0.797737325637513
20.5377425471729 0.816375721414395
20.543139266705 0.834200336117915
20.5485359862372 0.851193401784493
20.5539327057693 0.867337979356714
20.5593294253015 0.882617975568547
20.5647261448337 0.897018158987465
20.5701228643658 0.910524175197464
20.575519583898 0.923122561107863
20.5809163034302 0.934800758373601
20.5863130229623 0.945547125913664
20.5917097424945 0.955350951515192
20.5971064620266 0.96420246251161
20.6025031815588 0.972092835524256
20.607899901091 0.979014205257714
20.6132966206231 0.98495967234011
20.6186933401553 0.989923310200557
20.6240900596874 0.993900170976888
20.6294867792196 0.996886290447794
20.6348834987518 0.998878691984444
20.6402802182839 0.999875389517657
20.6456769378161 0.999875389517657
20.6510736573482 0.998878691984444
20.6564703768804 0.996886290447794
20.6618670964126 0.993900170976888
20.6672638159447 0.989923310200557
20.6726605354769 0.98495967234011
20.678057255009 0.979014205257714
20.6834539745412 0.972092835524256
20.6888506940734 0.96420246251161
20.6942474136055 0.955350951515192
20.6996441331377 0.945547125913664
20.7050408526698 0.934800758373601
20.710437572202 0.923122561107863
20.7158342917342 0.910524175197464
20.7212310112663 0.897018158987465
20.7266277307985 0.882617975568547
20.7320244503307 0.867337979356714
20.7374211698628 0.851193401784493
20.742817889395 0.834200336117915
20.7482146089271 0.816375721414395
20.7536113284593 0.797737325637513
20.7590080479915 0.778303727945536
20.7644047675236 0.75809430017125
20.7698014870558 0.737129187511783
20.7751982065879 0.715429288447374
20.7805949261201 0.693016233909333
20.7859916456523 0.669912365717855
20.7913883651844 0.646140714311208
20.7967850847166 0.621724975788492
20.8021818042487 0.596689488288851
20.8075785237809 0.571059207730688
20.8129752433131 0.544859682935079
20.8183719628452 0.518117030158085
20.8237686823774 0.490857907057599
20.8291654019095 0.463109486120351
20.8345621214417 0.434899427575795
20.8399588409739 0.40625585182379
20.845355560506 0.377207311403575
20.8507522800382 0.347782762531979
20.8561489995704 0.318011536239233
20.8615457191025 0.287923309131159
20.8669424386347 0.257548073806888
20.8723391581668 0.226916108961599
20.877735877699 0.196057949203986
20.8831325972312 0.165004354618804
20.8885293167633 0.133786280104482
20.8939260362955 0.102434844516615
20.8993227558276 0.0709812996480153
20.9047194753598 0.0394569990762509
20.910116194892 0.00789336690970845
20.9155129144241 -0.023678133536631
20.9209096339563 -0.0552260311045163
20.9263063534884 -0.0867188781635611
20.9317030730206 -0.118125281958899
20.9370997925528 -0.149413935904254
20.9424965120849 -0.180553650788899
20.9478932316171 -0.211513385867817
20.9532899511492 -0.242262279803783
20.9586866706814 -0.272769681430604
20.9640833902136 -0.303005180306876
20.9694801097457 -0.332938637029767
20.9748768292779 -0.362540213278631
20.9802735488101 -0.391780401558502
20.9856702683422 -0.420630054613776
20.9910669878744 -0.449060414482913
20.9964637074065 -0.477043141164885
21.0018604269387 -0.504550340869175
21.0072571464709 -0.531554593820901
21.012653866003 -0.558028981593441
21.0180505855352 -0.583947113941308
21.0234473050673 -0.60928315510652
21.0288440245995 -0.634011849572244
21.0342407441317 -0.658108547238044
21.0396374636638 -0.681549227991626
21.045034183196 -0.704310525652666
21.0504309027281 -0.726369751264635
21.0558276222603 -0.747704915711706
21.0612243417925 -0.768294751637969
21.0666210613246 -0.788118734647193
21.0720177808568 -0.807157103761986
21.0774145003889 -0.825390881121978
21.0828112199211 -0.842801890901354
21.0882079394533 -0.859372777426916
21.0936046589854 -0.875087022478598
21.0990013785176 -0.889928961755176
21.1043980980497 -0.90388380048882
21.1097948175819 -0.916937628192786
21.1151915371141 -0.929077432527729
21.1205882566462 -0.940291112272675
21.1259849761784 -0.950567489387783
21.1313816957106 -0.959896320156858
21.1367784152427 -0.968268305398508
21.1421751347749 -0.975675099735775
21.147571854307 -0.982109319914982
21.1529685738392 -0.987564552165525
21.1583652933714 -0.992035358593257
21.1637620129035 -0.995517282601105
21.1691587324357 -0.998006853331493
21.1745554519678 -0.999501589126174
21.1799521715 -1
21.2000119439603 -0.999501589126174
21.2200717164206 -0.998006853331493
21.2401314888809 -0.995517282601106
21.2601912613412 -0.992035358593258
21.2802510338015 -0.987564552165524
21.3003108062618 -0.98210931991498
21.3203705787221 -0.975675099735774
21.3404303511824 -0.968268305398508
21.3604901236427 -0.959896320156857
21.380549896103 -0.950567489387783
21.4006096685633 -0.940291112272675
21.4206694410236 -0.929077432527731
21.4407292134839 -0.916937628192788
21.4607889859442 -0.903883800488823
21.4808487584045 -0.889928961755181
21.5009085308648 -0.875087022478593
21.5209683033251 -0.859372777426913
21.5410280757854 -0.84280189090135
21.5610878482457 -0.825390881121977
21.581147620706 -0.807157103761984
21.6012073931663 -0.788118734647192
21.6212671656266 -0.768294751637972
21.6413269380869 -0.747704915711708
21.6613867105472 -0.72636975126464
21.6814464830075 -0.704310525652671
21.7015062554678 -0.681549227991634
21.7215660279281 -0.658108547238036
21.7416258003884 -0.634011849572239
21.7616855728487 -0.609283155106518
21.781745345309 -0.583947113941305
21.8018051177693 -0.558028981593441
21.8218648902296 -0.5315545938209
21.8419246626899 -0.504550340869178
21.8619844351502 -0.477043141164892
21.8820442076106 -0.44906041448292
21.9021039800709 -0.420630054613786
21.9221637525312 -0.391780401558492
21.9422235249915 -0.362540213278626
21.9622832974518 -0.332938637029759
21.9823430699121 -0.303005180306873
22.0024028423724 -0.272769681430601
22.0224626148327 -0.242262279803783
22.042522387293 -0.211513385867821
22.0625821597533 -0.180553650788901
22.0826419322136 -0.149413935904262
22.1027017046739 -0.118125281958906
22.1227614771342 -0.0867188781635514
22.1428212495945 -0.055226031104511
22.1628810220548 -0.0236781335366237
22.1829407945151 0.00789336690971109
22.2030005669754 0.0394569990762538
22.2230603394357 0.0709812996480147
22.243120111896 0.102434844516615
22.2631798843563 0.133786280104479
22.2832396568166 0.165004354618802
22.3032994292769 0.196057949203978
22.3233592017372 0.226916108961588
22.3434189741975 0.257548073806898
22.3634787466578 0.287923309131165
22.3835385191181 0.31801153623924
22.4035982915784 0.347782762531982
22.4236580640387 0.377207311403573
22.443717836499 0.406255851823789
22.4637776089593 0.434899427575791
22.4838373814196 0.463109486120349
22.5038971538799 0.490857907057592
22.5239569263402 0.518117030158079
22.5440166988005 0.54485968293507
22.5640764712608 0.571059207730693
22.5841362437211 0.596689488288856
22.6041960161814 0.621724975788494
22.6242557886417 0.646140714311211
22.644315561102 0.669912365717854
22.6643753335623 0.693016233909333
22.6844351060226 0.715429288447371
22.7044948784829 0.737129187511777
22.7245546509432 0.758094300171246
22.7446144234035 0.778303727945529
22.7646741958638 0.79773732563752
22.7847339683241 0.816375721414398
22.8047937407844 0.834200336117919
22.8248535132447 0.851193401784495
22.844913285705 0.867337979356713
22.8649730581653 0.882617975568547
22.8850328306256 0.897018158987463
22.9050926030859 0.910524175197463
22.9251523755462 0.92312256110786
22.9452121480065 0.934800758373599
22.9652719204668 0.945547125913667
22.9853316929271 0.955350951515194
23.0053914653874 0.964202462511612
23.0254512378477 0.972092835524257
23.045511010308 0.979014205257715
23.0655707827683 0.98495967234011
23.0856305552286 0.989923310200557
23.1056903276889 0.993900170976888
23.1257501001492 0.996886290447793
23.1458098726095 0.998878691984444
23.1658696450698 0.999875389517657
23.1859294175302 0.999875389517657
23.2059891899905 0.998878691984444
23.2260489624508 0.996886290447793
23.2461087349111 0.993900170976888
23.2661685073714 0.989923310200557
23.2862282798317 0.98495967234011
23.306288052292 0.979014205257715
23.3263478247523 0.972092835524257
23.3464075972126 0.964202462511612
23.3664673696729 0.955350951515194
23.3865271421332 0.945547125913667
23.4065869145935 0.934800758373599
23.4266466870538 0.92312256110786
23.4467064595141 0.910524175197463
23.4667662319744 0.897018158987463
23.4868260044347 0.882617975568547
23.506885776895 0.867337979356714
23.5269455493553 0.851193401784494
23.5470053218156 0.834200336117919
23.5670650942759 0.816375721414398
23.5871248667362 0.79773732563752
23.6071846391965 0.778303727945529
23.6272444116568 0.758094300171246
23.6473041841171 0.737129187511777
23.6673639565774 0.715429288447371
23.6874237290377 0.693016233909334
23.707483501498 0.669912365717854
23.7275432739583 0.646140714311211
23.7476030464186 0.621724975788495
23.7676628188789 0.596689488288856
23.7877225913392 0.571059207730693
23.8077823637995 0.54485968293507
23.8278421362598 0.51811703015808
23.8479019087201 0.490857907057593
23.8679616811804 0.463109486120349
23.8880214536407 0.434899427575792
23.908081226101 0.40625585182379
23.9281409985613 0.377207311403579
23.9482007710216 0.347782762531982
23.9682605434819 0.31801153623924
23.9883203159422 0.287923309131166
24.0083800884025 0.257548073806897
24.0284398608628 0.226916108961589
24.0484996333231 0.196057949203979
24.0685594057834 0.165004354618802
24.0886191782437 0.133786280104478
24.108678950704 0.102434844516616
24.1287387231643 0.0709812996480153
24.1487984956246 0.0394569990762545
24.1688582680849 0.00789336690971111
24.1889180405452 -0.0236781335366239
24.2089778130055 -0.0552260311045048
24.2290375854658 -0.0867188781635505
24.2490973579261 -0.118125281958906
24.2691571303864 -0.149413935904262
24.2892169028467 -0.180553650788901
24.309276675307 -0.21151338586782
24.3293364477673 -0.242262279803783
24.3493962202276 -0.272769681430606
24.3694559926879 -0.303005180306873
24.3895157651482 -0.332938637029759
24.4095755376085 -0.362540213278626
24.4296353100688 -0.391780401558492
24.4496950825291 -0.420630054613786
24.4697548549894 -0.44906041448292
24.4898146274497 -0.477043141164887
24.50987439991 -0.504550340869178
24.5299341723703 -0.5315545938209
24.5499939448307 -0.558028981593441
24.570053717291 -0.583947113941305
24.5901134897513 -0.609283155106518
24.6101732622116 -0.634011849572238
24.6302330346719 -0.658108547238035
24.6502928071322 -0.681549227991635
24.6703525795925 -0.704310525652671
24.6904123520528 -0.72636975126464
24.7104721245131 -0.747704915711708
24.7305318969734 -0.768294751637972
24.7505916694337 -0.788118734647193
24.770651441894 -0.807157103761984
24.7907112143543 -0.825390881121976
24.8107709868146 -0.842801890901349
24.8308307592749 -0.859372777426913
24.8508905317352 -0.875087022478593
24.8709503041955 -0.889928961755181
24.8910100766558 -0.903883800488823
24.9110698491161 -0.91693762819279
24.9311296215764 -0.929077432527731
24.9511893940367 -0.940291112272675
24.971249166497 -0.950567489387783
24.9913089389573 -0.959896320156857
25.0113687114176 -0.968268305398508
25.0314284838779 -0.975675099735774
25.0514882563382 -0.98210931991498
25.0715480287985 -0.987564552165524
25.0916078012588 -0.992035358593258
25.1116675737191 -0.995517282601106
25.1317273461794 -0.998006853331493
25.1517871186397 -0.999501589126174
25.1718468911 -1
25.1810335901397 -0.999501589126174
25.1902202891794 -0.998006853331493
25.1994069882191 -0.995517282601106
25.2085936872588 -0.992035358593257
25.2177803862985 -0.987564552165523
25.2269670853382 -0.98210931991498
25.2361537843779 -0.975675099735772
25.2453404834176 -0.968268305398506
25.2545271824573 -0.959896320156859
25.263713881497 -0.950567489387784
25.2729005805367 -0.940291112272677
25.2820872795764 -0.929077432527732
25.2912739786161 -0.91693762819279
25.3004606776558 -0.903883800488824
25.3096473766955 -0.889928961755181
25.3188340757352 -0.875087022478594
25.3280207747749 -0.859372777426912
25.3372074738146 -0.84280189090135
25.3463941728543 -0.825390881121975
25.355580871894 -0.807157103761984
25.3647675709337 -0.78811873464719
25.3739542699734 -0.768294751637968
25.3831409690131 -0.747704915711706
25.3923276680528 -0.726369751264636
25.4015143670925 -0.704310525652676
25.4107010661322 -0.681549227991638
25.4198877651719 -0.658108547238041
25.4290744642116 -0.634011849572242
25.4382611632513 -0.609283155106519
25.447447862291 -0.583947113941308
25.4566345613307 -0.558028981593441
25.4658212603704 -0.531554593820902
25.47500795941 -0.504550340869177
25.4841946584497 -0.477043141164889
25.4933813574894 -0.449060414482919
25.5025680565291 -0.420630054613782
25.5117547555688 -0.391780401558491
25.5209414546085 -0.362540213278621
25.5301281536482 -0.332938637029757
25.5393148526879 -0.303005180306868
25.5485015517276 -0.272769681430598
25.5576882507673 -0.242262279803789
25.566874949807 -0.211513385867824
25.5760616488467 -0.180553650788906
25.5852483478864 -0.149413935904264
25.5944350469261 -0.118125281958911
25.6036217459658 -0.0867188781635527
25.6128084450055 -0.0552260311045093
25.6219951440452 -0.0236781335366245
25.6311818430849 0.00789336690971353
25.6403685421246 0.0394569990762536
25.6495552411643 0.0709812996480175
25.658741940204 0.102434844516616
25.6679286392437 0.133786280104482
25.6771153382834 0.165004354618803
25.6863020373231 0.196057949203983
25.6954887363628 0.226916108961595
25.7046754354025 0.257548073806902
25.7138621344422 0.287923309131161
25.7230488334819 0.318011536239234
25.7322355325216 0.347782762531979
25.7414222315613 0.377207311403573
25.750608930601 0.406255851823787
25.7597956296407 0.434899427575791
25.7689823286804 0.463109486120347
25.7781690277201 0.490857907057594
25.7873557267598 0.518117030158078
25.7965424257995 0.544859682935071
25.8057291248392 0.571059207730696
25.8149158238789 0.596689488288858
25.8241025229186 0.621724975788498
25.8332892219583 0.646140714311213
25.842475920998 0.669912365717859
25.8516626200377 0.693016233909336
25.8608493190774 0.715429288447367
25.8700360181171 0.737129187511775
25.8792227171568 0.758094300171242
25.8884094161965 0.778303727945527
25.8975961152362 0.797737325637517
25.9067828142759 0.816375721414398
25.9159695133156 0.834200336117917
25.9251562123553 0.851193401784494
25.934342911395 0.867337979356715
25.9435296104347 0.882617975568547
25.9527163094744 0.897018158987464
25.9619030085141 0.910524175197463
25.9710897075538 0.923122561107862
25.9802764065935 0.9348007583736
25.9894631056332 0.945547125913669
25.9986498046729 0.955350951515196
26.0078365037126 0.964202462511613
26.0170232027523 0.972092835524256
26.026209901792 0.979014205257714
26.0353966008317 0.98495967234011
26.0445832998714 0.989923310200557
26.0537699989111 0.993900170976888
26.0629566979508 0.996886290447793
26.0721433969905 0.998878691984444
26.0813300960302 0.999875389517657
26.0905167950698 0.999875389517657
26.0997034941095 0.998878691984444
26.1088901931492 0.996886290447793
26.1180768921889 0.993900170976888
26.1272635912286 0.989923310200557
26.1364502902683 0.98495967234011
26.145636989308 0.979014205257714
26.1548236883477 0.972092835524256
26.1640103873874 0.964202462511613
26.1731970864271 0.955350951515196
26.1823837854668 0.945547125913669
26.1915704845065 0.9348007583736
26.2007571835462 0.923122561107862
26.2099438825859 0.910524175197463
26.2191305816256 0.897018158987464
26.2283172806653 0.882617975568547
26.237503979705 0.867337979356715
26.2466906787447 0.851193401784494
26.2558773777844 0.834200336117917
26.2650640768241 0.816375721414398
26.2742507758638 0.797737325637518
26.2834374749035 0.778303727945528
26.2926241739432 0.758094300171243
26.3018108729829 0.737129187511776
26.3109975720226 0.715429288447367
26.3201842710623 0.693016233909336
26.329370970102 0.669912365717859
26.3385576691417 0.646140714311213
26.3477443681814 0.621724975788498
26.3569310672211 0.596689488288859
26.3661177662608 0.571059207730696
26.3753044653005 0.544859682935072
26.3844911643402 0.518117030158078
26.3936778633799 0.490857907057594
26.4028645624196 0.463109486120348
26.4120512614593 0.434899427575792
26.421237960499 0.406255851823787
26.4304246595387 0.377207311403573
26.4396113585784 0.347782762531979
26.4487980576181 0.318011536239235
26.4579847566578 0.287923309131162
26.4671714556975 0.257548073806891
26.4763581547372 0.226916108961595
26.4855448537769 0.196057949203982
26.4947315528166 0.165004354618803
26.5039182518563 0.133786280104482
26.513104950896 0.102434844516616
26.5222916499357 0.0709812996480171
26.5314783489754 0.0394569990762536
26.5406650480151 0.00789336690971378
26.5498517470548 -0.0236781335366247
26.5590384460945 -0.0552260311045093
26.5682251451342 -0.0867188781635531
26.5774118441739 -0.118125281958911
26.5865985432136 -0.149413935904264
26.5957852422533 -0.180553650788906
26.604971941293 -0.211513385867824
26.6141586403327 -0.242262279803776
26.6233453393724 -0.272769681430597
26.6325320384121 -0.303005180306867
26.6417187374518 -0.332938637029757
26.6509054364915 -0.362540213278621
26.6600921355312 -0.39178040155849
26.6692788345709 -0.420630054613782
26.6784655336106 -0.449060414482918
26.6876522326503 -0.477043141164889
26.6968389316899 -0.504550340869177
26.7060256307296 -0.531554593820902
26.7152123297693 -0.558028981593441
26.724399028809 -0.583947113941307
26.7335857278487 -0.609283155106519
26.7427724268884 -0.634011849572241
26.7519591259281 -0.658108547238041
26.7611458249678 -0.681549227991637
26.7703325240075 -0.704310525652667
26.7795192230472 -0.726369751264644
26.7887059220869 -0.747704915711706
26.7978926211266 -0.768294751637968
26.8070793201663 -0.78811873464719
26.816266019206 -0.807157103761984
26.8254527182457 -0.825390881121975
26.8346394172854 -0.84280189090135
26.8438261163251 -0.859372777426912
26.8530128153648 -0.875087022478594
26.8621995144045 -0.889928961755181
26.8713862134442 -0.903883800488824
26.8805729124839 -0.91693762819279
26.8897596115236 -0.929077432527732
26.8989463105633 -0.940291112272677
26.908133009603 -0.950567489387784
26.9173197086427 -0.959896320156859
26.9265064076824 -0.968268305398506
26.9356931067221 -0.975675099735773
26.9448798057618 -0.98210931991498
26.9540665048015 -0.987564552165523
26.9632532038412 -0.992035358593258
26.9724399028809 -0.995517282601106
26.9816266019206 -0.998006853331493
26.9908133009603 -0.999501589126174
27 -1
