0 -1
0.0198494713145729 -0.999501589126174
0.0396989426291457 -0.998006853331493
0.0595484139437186 -0.995517282601106
0.0793978852582915 -0.992035358593258
0.0992473565728643 -0.987564552165524
0.119096827887437 -0.98210931991498
0.13894629920201 -0.975675099735774
0.158795770516583 -0.968268305398507
0.178645241831156 -0.959896320156857
0.198494713145729 -0.950567489387783
0.218344184460301 -0.940291112272676
0.238193655774874 -0.929077432527731
0.258043127089447 -0.916937628192789
0.27789259840402 -0.903883800488824
0.297742069718593 -0.88992896175518
0.317591541033166 -0.875087022478594
0.337441012347739 -0.859372777426912
0.357290483662312 -0.842801890901351
0.377139954976884 -0.825390881121976
0.396989426291457 -0.807157103761985
0.41683889760603 -0.788118734647192
0.436688368920603 -0.768294751637971
0.456537840235176 -0.747704915711709
0.476387311549749 -0.726369751264639
0.496236782864322 -0.704310525652672
0.516086254178894 -0.681549227991634
0.535935725493467 -0.658108547238038
0.55578519680804 -0.634011849572239
0.575634668122613 -0.609283155106517
0.595484139437186 -0.583947113941306
0.615333610751759 -0.55802898159344
0.635183082066332 -0.531554593820901
0.655032553380904 -0.504550340869177
0.674882024695477 -0.47704314116489
0.69473149601005 -0.44906041448292
0.714580967324623 -0.420630054613784
0.734430438639196 -0.391780401558493
0.754279909953769 -0.362540213278625
0.774129381268342 -0.332938637029761
0.793978852582915 -0.303005180306873
0.813828323897487 -0.272769681430603
0.83367779521206 -0.242262279803783
0.853527266526633 -0.211513385867819
0.873376737841206 -0.180553650788902
0.893226209155779 -0.149413935904261
0.913075680470352 -0.118125281958908
0.932925151784925 -0.0867188781635509
0.952774623099497 -0.0552260311045082
0.97262409441407 -0.0236781335366241
0.992473565728643 0.00789336690971309
1.01232303704322 0.0394569990762527
1.03217250835779 0.0709812996480156
1.05202197967236 0.102434844516613
1.07187145098693 0.133786280104479
1.09172092230151 0.1650043546188
1.11157039361608 0.196057949203978
1.13141986493065 0.22691610896159
1.15126933624523 0.257548073806896
1.1711188075598 0.287923309131166
1.19096827887437 0.318011536239238
1.21081775018894 0.347782762531982
1.23066722150352 0.377207311403576
1.25051669281809 0.406255851823789
1.27036616413266 0.434899427575793
1.29021563544724 0.463109486120348
1.31006510676181 0.490857907057594
1.32991457807638 0.518117030158078
1.34976404939095 0.54485968293507
1.36961352070553 0.571059207730694
1.3894629920201 0.596689488288856
1.40931246333467 0.621724975788495
1.42916193464925 0.64614071431121
1.44901140596382 0.669912365717855
1.46886087727839 0.693016233909331
1.48871034859296 0.715429288447372
1.50855981990754 0.737129187511779
1.52840929122211 0.758094300171245
1.54825876253668 0.77830372794553
1.56810823385126 0.797737325637519
1.58795770516583 0.816375721414399
1.6078071764804 0.834200336117917
1.62765664779497 0.851193401784495
1.64750611910955 0.867337979356715
1.66735559042412 0.882617975568547
1.68720506173869 0.897018158987464
1.70705453305327 0.910524175197462
1.72690400436784 0.923122561107861
1.74675347568241 0.934800758373598
1.76660294699699 0.945547125913667
1.78645241831156 0.955350951515195
1.80630188962613 0.964202462511612
1.8261513609407 0.972092835524257
1.84600083225528 0.979014205257715
1.86585030356985 0.98495967234011
1.88569977488442 0.989923310200557
1.90554924619899 0.993900170976888
1.92539871751357 0.996886290447793
1.94524818882814 0.998878691984444
1.96509766014271 0.999875389517657
1.98494713145729 0.999875389517657
2.00479660277186 0.998878691984444
2.02464607408643 0.996886290447793
2.044495545401 0.993900170976888
2.06434501671558 0.989923310200557
2.08419448803015 0.984959672340111
2.10404395934472 0.979014205257715
2.1238934306593 0.972092835524257
2.14374290197387 0.964202462511612
2.16359237328844 0.955350951515195
2.18344184460302 0.945547125913667
2.20329131591759 0.934800758373598
2.22314078723216 0.923122561107861
2.24299025854673 0.910524175197462
2.26283972986131 0.897018158987463
2.28268920117588 0.882617975568547
2.30253867249045 0.867337979356715
2.32238814380502 0.851193401784495
2.3422376151196 0.834200336117918
2.36208708643417 0.816375721414399
2.38193655774874 0.797737325637519
2.40178602906332 0.77830372794553
2.42163550037789 0.758094300171246
2.44148497169246 0.737129187511779
2.46133444300704 0.715429288447371
2.48118391432161 0.693016233909332
2.50103338563618 0.669912365717855
2.52088285695075 0.64614071431121
2.54073232826533 0.621724975788495
2.5605817995799 0.596689488288856
2.58043127089447 0.571059207730694
2.60028074220905 0.54485968293507
2.62013021352362 0.518117030158078
2.63997968483819 0.490857907057594
2.65982915615276 0.463109486120348
2.67967862746734 0.434899427575793
2.69952809878191 0.406255851823789
2.71937757009648 0.377207311403576
2.73922704141106 0.347782762531983
2.75907651272563 0.318011536239238
2.7789259840402 0.287923309131167
2.79877545535477 0.257548073806897
2.81862492666935 0.22691610896159
2.83847439798392 0.196057949203979
2.85832386929849 0.165004354618799
2.87817334061307 0.133786280104479
2.89802281192764 0.102434844516614
2.91787228324221 0.0709812996480162
2.93772175455678 0.0394569990762536
2.95757122587136 0.00789336690971378
2.97742069718593 -0.0236781335366247
2.9972701685005 -0.0552260311045084
3.01711963981508 -0.0867188781635505
3.03696911112965 -0.118125281958908
3.05681858244422 -0.14941393590426
3.07666805375879 -0.180553650788903
3.09651752507337 -0.211513385867819
3.11636699638794 -0.242262279803783
3.13621646770251 -0.272769681430603
3.15606593901709 -0.303005180306872
3.17591541033166 -0.332938637029761
3.19576488164623 -0.362540213278625
3.2156143529608 -0.391780401558493
3.23546382427538 -0.420630054613784
3.25531329558995 -0.44906041448292
3.27516276690452 -0.47704314116489
3.2950122382191 -0.504550340869177
3.31486170953367 -0.531554593820901
3.33471118084824 -0.558028981593439
3.35456065216281 -0.583947113941306
3.37441012347739 -0.609283155106517
3.39425959479196 -0.634011849572238
3.41410906610653 -0.658108547238037
3.43395853742111 -0.681549227991634
3.45380800873568 -0.704310525652671
3.47365748005025 -0.726369751264639
3.49350695136482 -0.747704915711709
3.5133564226794 -0.768294751637971
3.53320589399397 -0.788118734647193
3.55305536530854 -0.807157103761985
3.57290483662312 -0.825390881121976
3.59275430793769 -0.842801890901351
3.61260377925226 -0.859372777426912
3.63245325056683 -0.875087022478594
3.65230272188141 -0.889928961755181
3.67215219319598 -0.903883800488823
3.69200166451055 -0.916937628192789
3.71185113582513 -0.92907743252773
3.7317006071397 -0.940291112272675
3.75155007845427 -0.950567489387783
3.77139954976884 -0.959896320156857
3.79124902108342 -0.968268305398507
3.81109849239799 -0.975675099735774
3.83094796371256 -0.98210931991498
3.85079743502714 -0.987564552165524
3.87064690634171 -0.992035358593258
3.89049637765628 -0.995517282601106
3.91034584897085 -0.998006853331493
3.93019532028543 -0.999501589126174
3.9500447916 -1
3.97002037893116 -0.999501589126174
3.98999596626231 -0.998006853331493
4.00997155359347 -0.995517282601106
4.02994714092462 -0.992035358593258
4.04992272825578 -0.987564552165524
4.06989831558693 -0.98210931991498
4.08987390291809 -0.975675099735774
4.10984949024925 -0.968268305398507
4.1298250775804 -0.959896320156857
4.14980066491156 -0.950567489387783
4.16977625224271 -0.940291112272675
4.18975183957387 -0.92907743252773
4.20972742690503 -0.916937628192789
4.22970301423618 -0.903883800488823
4.24967860156734 -0.88992896175518
4.26965418889849 -0.875087022478594
4.28962977622965 -0.859372777426912
4.3096053635608 -0.84280189090135
4.32958095089196 -0.825390881121976
4.34955653822312 -0.807157103761985
4.36953212555427 -0.788118734647192
4.38950771288543 -0.768294751637971
4.40948330021658 -0.747704915711709
4.42945888754774 -0.726369751264639
4.44943447487889 -0.704310525652672
4.46941006221005 -0.681549227991634
4.48938564954121 -0.658108547238037
4.50936123687236 -0.634011849572238
4.52933682420352 -0.609283155106516
4.54931241153467 -0.583947113941306
4.56928799886583 -0.55802898159344
4.58926358619699 -0.531554593820901
4.60923917352814 -0.504550340869177
4.6292147608593 -0.477043141164889
4.64919034819045 -0.44906041448292
4.66916593552161 -0.420630054613784
4.68914152285276 -0.391780401558493
4.70911711018392 -0.362540213278624
4.72909269751507 -0.332938637029762
4.74906828484623 -0.303005180306872
4.76904387217739 -0.272769681430603
4.78901945950854 -0.242262279803783
4.8089950468397 -0.211513385867818
4.82897063417085 -0.180553650788902
4.84894622150201 -0.149413935904262
4.86892180883317 -0.118125281958907
4.88889739616432 -0.0867188781635514
4.90887298349548 -0.0552260311045088
4.92884857082663 -0.0236781335366248
4.94882415815779 0.00789336690971398
4.96879974548894 0.039456999076252
4.9887753328201 0.0709812996480164
5.00875092015126 0.102434844516612
5.02872650748241 0.13378628010448
5.04870209481357 0.165004354618799
5.06867768214472 0.196057949203979
5.08865326947588 0.22691610896159
5.10862885680704 0.257548073806897
5.12860444413819 0.287923309131166
5.14858003146935 0.318011536239239
5.1685556188005 0.347782762531982
5.18853120613166 0.377207311403575
5.20850679346281 0.406255851823788
5.22848238079397 0.434899427575792
5.24845796812513 0.463109486120347
5.26843355545628 0.490857907057594
5.28840914278744 0.518117030158077
5.30838473011859 0.544859682935071
5.32836031744975 0.571059207730694
5.3483359047809 0.596689488288855
5.36831149211206 0.621724975788495
5.38828707944322 0.646140714311209
5.40826266677437 0.669912365717855
5.42823825410553 0.693016233909331
5.44821384143668 0.715429288447371
5.46818942876784 0.737129187511779
5.48816501609899 0.758094300171245
5.50814060343015 0.778303727945529
5.52811619076131 0.797737325637519
5.54809177809246 0.816375721414399
5.56806736542362 0.834200336117917
5.58804295275477 0.851193401784495
5.60801854008593 0.867337979356715
5.62799412741709 0.882617975568547
5.64796971474824 0.897018158987463
5.6679453020794 0.910524175197462
5.68792088941055 0.923122561107861
5.70789647674171 0.934800758373598
5.72787206407286 0.945547125913667
5.74784765140402 0.955350951515195
5.76782323873518 0.964202462511612
5.78779882606633 0.972092835524257
5.80777441339749 0.979014205257714
5.82775000072864 0.984959672340111
5.8477255880598 0.989923310200557
5.86770117539095 0.993900170976888
5.88767676272211 0.996886290447793
5.90765235005327 0.998878691984444
5.92762793738442 0.999875389517657
5.94760352471558 0.999875389517657
5.96757911204673 0.998878691984444
5.98755469937789 0.996886290447793
6.00753028670904 0.993900170976888
6.0275058740402 0.989923310200557
6.04748146137136 0.984959672340111
6.06745704870251 0.979014205257715
6.08743263603367 0.972092835524257
6.10740822336482 0.964202462511612
6.12738381069598 0.955350951515195
6.14735939802714 0.945547125913667
6.16733498535829 0.934800758373598
6.18731057268945 0.923122561107861
6.2072861600206 0.910524175197462
6.22726174735176 0.897018158987463
6.24723733468291 0.882617975568547
6.26721292201407 0.867337979356715
6.28718850934523 0.851193401784494
6.30716409667638 0.834200336117918
6.32713968400754 0.816375721414399
6.34711527133869 0.797737325637519
6.36709085866985 0.77830372794553
6.387066446001 0.758094300171245
6.40704203333216 0.737129187511779
6.42701762066332 0.715429288447372
6.44699320799447 0.693016233909332
6.46696879532563 0.669912365717855
6.48694438265678 0.646140714311209
6.50691996998794 0.621724975788497
6.5268955573191 0.596689488288856
6.54687114465025 0.571059207730696
6.56684673198141 0.54485968293507
6.58682231931256 0.518117030158078
6.60679790664372 0.490857907057594
6.62677349397487 0.463109486120348
6.64674908130603 0.434899427575792
6.66672466863719 0.406255851823789
6.68670025596834 0.377207311403576
6.7066758432995 0.347782762531983
6.72665143063065 0.318011536239238
6.74662701796181 0.287923309131167
6.76660260529296 0.257548073806896
6.78657819262412 0.226916108961591
6.80655377995528 0.196057949203978
6.82652936728643 0.165004354618801
6.84650495461759 0.13378628010448
6.86648054194874 0.102434844516612
6.8864561292799 0.0709812996480153
6.90643171661105 0.0394569990762536
6.92640730394221 0.00789336690971289
6.94638289127337 -0.023678133536623
6.96635847860452 -0.0552260311045093
6.98633406593568 -0.0867188781635496
7.00630965326683 -0.118125281958908
7.02628524059799 -0.14941393590426
7.04626082792914 -0.180553650788902
7.0662364152603 -0.211513385867818
7.08621200259146 -0.242262279803782
7.10618758992261 -0.272769681430602
7.12616317725377 -0.303005180306873
7.14613876458492 -0.332938637029761
7.16611435191608 -0.362540213278625
7.18608993924724 -0.391780401558492
7.20606552657839 -0.420630054613785
7.22604111390955 -0.44906041448292
7.2460167012407 -0.47704314116489
7.26599228857186 -0.504550340869177
7.28596787590301 -0.531554593820901
7.30594346323417 -0.558028981593439
7.32591905056533 -0.583947113941307
7.34589463789648 -0.609283155106516
7.36587022522764 -0.634011849572239
7.38584581255879 -0.658108547238037
7.40582139988995 -0.681549227991635
7.4257969872211 -0.704310525652672
7.44577257455226 -0.726369751264639
7.46574816188342 -0.747704915711709
7.48572374921457 -0.768294751637971
7.50569933654573 -0.788118734647192
7.52567492387688 -0.807157103761985
7.54565051120804 -0.825390881121976
7.5656260985392 -0.842801890901351
7.58560168587035 -0.859372777426912
7.60557727320151 -0.875087022478594
7.62555286053266 -0.88992896175518
7.64552844786382 -0.903883800488823
7.66550403519497 -0.916937628192789
7.68547962252613 -0.92907743252773
7.70545520985729 -0.940291112272676
7.72543079718844 -0.950567489387783
7.7454063845196 -0.959896320156857
7.76538197185075 -0.968268305398507
7.78535755918191 -0.975675099735774
7.80533314651307 -0.982109319914981
7.82530873384422 -0.987564552165524
7.84528432117538 -0.992035358593258
7.86525990850653 -0.995517282601106
7.88523549583769 -0.998006853331493
7.90521108316884 -0.999501589126174
7.9251866705 -1
7.93400054682412 -0.999501589126174
7.94281442314824 -0.998006853331493
7.95162829947236 -0.995517282601106
7.96044217579648 -0.992035358593258
7.9692560521206 -0.987564552165524
7.97806992844472 -0.98210931991498
7.98688380476884 -0.975675099735773
7.99569768109296 -0.968268305398508
8.00451155741709 -0.959896320156856
8.0133254337412 -0.950567489387784
8.02213931006533 -0.940291112272676
8.03095318638945 -0.929077432527731
8.03976706271357 -0.916937628192789
8.04858093903769 -0.903883800488824
8.05739481536181 -0.88992896175518
8.06620869168593 -0.875087022478593
8.07502256801005 -0.859372777426911
8.08383644433417 -0.842801890901349
8.09265032065829 -0.825390881121975
8.10146419698241 -0.807157103761987
8.11027807330653 -0.788118734647194
8.11909194963065 -0.768294751637972
8.12790582595477 -0.74770491571171
8.13671970227889 -0.72636975126464
8.14553357860301 -0.704310525652672
8.15434745492714 -0.681549227991633
8.16316133125126 -0.658108547238036
8.17197520757538 -0.634011849572237
8.1807890838995 -0.609283155106514
8.18960296022362 -0.583947113941308
8.19841683654774 -0.558028981593442
8.20723071287186 -0.531554593820903
8.21604458919598 -0.504550340869178
8.2248584655201 -0.47704314116489
8.23367234184422 -0.44906041448292
8.24248621816834 -0.420630054613783
8.25130009449246 -0.391780401558491
8.26011397081658 -0.362540213278622
8.2689278471407 -0.332938637029764
8.27774172346482 -0.303005180306875
8.28655559978894 -0.272769681430605
8.29536947611306 -0.242262279803784
8.30418335243719 -0.21151338586782
8.31299722876131 -0.180553650788902
8.32181110508543 -0.14941393590426
8.33062498140955 -0.118125281958907
8.33943885773367 -0.0867188781635487
8.34825273405779 -0.0552260311045053
8.35706661038191 -0.023678133536627
8.36588048670603 0.00789336690971087
8.37469436303015 0.0394569990762511
8.38350823935427 0.0709812996480149
8.39232211567839 0.102434844516613
8.40113599200251 0.133786280104479
8.40994986832663 0.1650043546188
8.41876374465075 0.19605794920398
8.42757762097487 0.226916108961592
8.436391497299 0.257548073806899
8.44520537362311 0.287923309131164
8.45401924994724 0.318011536239236
8.46283312627136 0.347782762531981
8.47164700259548 0.377207311403575
8.4804608789196 0.406255851823789
8.48927475524372 0.434899427575794
8.49808863156784 0.463109486120349
8.50690250789196 0.490857907057595
8.51571638421608 0.518117030158079
8.5245302605402 0.544859682935068
8.53334413686432 0.571059207730693
8.54215801318844 0.596689488288854
8.55097188951256 0.621724975788494
8.55978576583668 0.646140714311209
8.5685996421608 0.669912365717855
8.57741351848492 0.693016233909332
8.58622739480905 0.715429288447373
8.59504127113317 0.73712918751178
8.60385514745729 0.758094300171247
8.61266902378141 0.778303727945532
8.62148290010553 0.797737325637518
8.63029677642965 0.816375721414398
8.63911065275377 0.834200336117917
8.64792452907789 0.851193401784494
8.65673840540201 0.867337979356715
8.66555228172613 0.882617975568547
8.67436615805025 0.897018158987464
8.68318003437437 0.910524175197463
8.69199391069849 0.923122561107862
8.70080778702261 0.934800758373597
8.70962166334673 0.945547125913666
8.71843553967085 0.955350951515194
8.72724941599497 0.964202462511611
8.73606329231909 0.972092835524257
8.74487716864322 0.979014205257715
8.75369104496734 0.984959672340111
8.76250492129146 0.989923310200557
8.77131879761558 0.993900170976888
8.7801326739397 0.996886290447793
8.78894655026382 0.998878691984443
8.79776042658794 0.999875389517657
8.80657430291206 0.999875389517657
8.81538817923618 0.998878691984444
8.8242020555603 0.996886290447793
8.83301593188442 0.993900170976888
8.84182980820854 0.989923310200557
8.85064368453266 0.98495967234011
8.85945756085678 0.979014205257714
8.8682714371809 0.972092835524258
8.87708531350502 0.964202462511612
8.88589918982914 0.955350951515195
8.89471306615327 0.945547125913668
8.90352694247739 0.934800758373598
8.91234081880151 0.923122561107861
8.92115469512563 0.910524175197462
8.92996857144975 0.897018158987463
8.93878244777387 0.882617975568546
8.94759632409799 0.867337979356714
8.95641020042211 0.851193401784496
8.96522407674623 0.834200336117919
8.97403795307035 0.8163757214144
8.98285182939447 0.79773732563752
8.99166570571859 0.77830372794553
9.00047958204271 0.758094300171246
9.00929345836683 0.737129187511778
9.01810733469095 0.71542928844737
9.02692121101508 0.69301623390933
9.03573508733919 0.669912365717858
9.04454896366332 0.646140714311207
9.05336283998744 0.621724975788497
9.06217671631156 0.596689488288857
9.07099059263568 0.571059207730696
9.0798044689598 0.54485968293507
9.08861834528392 0.518117030158077
9.09743222160804 0.490857907057593
9.10624609793216 0.463109486120346
9.11505997425628 0.434899427575791
9.1238738505804 0.406255851823786
9.13268772690452 0.377207311403578
9.14150160322864 0.347782762531984
9.15031547955276 0.31801153623924
9.15912935587688 0.287923309131167
9.167943232201 0.257548073806896
9.17675710852513 0.22691610896159
9.18557098484925 0.196057949203977
9.19438486117337 0.165004354618797
9.20319873749749 0.133786280104476
9.21201261382161 0.102434844516616
9.22082649014573 0.0709812996480189
9.22964036646985 0.0394569990762545
9.23845424279397 0.00789336690971467
9.24726811911809 -0.0236781335366239
9.25608199544221 -0.0552260311045084
9.26489587176633 -0.0867188781635514
9.27370974809045 -0.11812528195891
9.28252362441457 -0.149413935904263
9.29133750073869 -0.180553650788899
9.30015137706281 -0.211513385867822
9.30896525338693 -0.24226227980378
9.31777912971105 -0.272769681430601
9.32659300603517 -0.303005180306871
9.3354068823593 -0.332938637029761
9.34422075868342 -0.362540213278625
9.35303463500754 -0.391780401558495
9.36184851133166 -0.420630054613786
9.37066238765578 -0.449060414482917
9.3794762639799 -0.477043141164892
9.38829014030402 -0.504550340869175
9.39710401662814 -0.5315545938209
9.40591789295226 -0.558028981593439
9.41473176927638 -0.583947113941306
9.4235456456005 -0.609283155106517
9.43235952192462 -0.634011849572239
9.44117339824874 -0.658108547238039
9.44998727457286 -0.681549227991635
9.45880115089698 -0.704310525652674
9.4676150272211 -0.726369751264637
9.47642890354522 -0.747704915711707
9.48524277986935 -0.768294751637969
9.49405665619347 -0.788118734647191
9.50287053251759 -0.807157103761985
9.51168440884171 -0.825390881121976
9.52049828516583 -0.842801890901351
9.52931216148995 -0.859372777426913
9.53812603781407 -0.875087022478595
9.54693991413819 -0.889928961755179
9.55575379046231 -0.903883800488825
9.56456766678643 -0.916937628192788
9.57338154311055 -0.92907743252773
9.58219541943467 -0.940291112272675
9.59100929575879 -0.950567489387783
9.59982317208291 -0.959896320156857
9.60863704840703 -0.968268305398508
9.61745092473116 -0.975675099735774
9.62626480105528 -0.982109319914981
9.6350786773794 -0.987564552165524
9.64389255370352 -0.992035358593257
9.65270643002764 -0.995517282601106
9.66152030635176 -0.998006853331493
9.67033418267588 -0.999501589126174
9.679148059 -1
9.69666601231708 -0.999501589126174
9.71418396563417 -0.998006853331493
9.73170191895126 -0.995517282601106
9.74921987226834 -0.992035358593258
9.76673782558543 -0.987564552165524
9.78425577890251 -0.98210931991498
9.8017737322196 -0.975675099735773
9.81929168553668 -0.968268305398507
9.83680963885377 -0.959896320156857
9.85432759217085 -0.950567489387782
9.87184554548794 -0.940291112272675
9.88936349880503 -0.92907743252773
9.90688145212211 -0.916937628192789
9.92439940543919 -0.903883800488824
9.94191735875628 -0.889928961755181
9.95943531207337 -0.875087022478594
9.97695326539045 -0.859372777426913
9.99447121870754 -0.842801890901351
10.0119891720246 -0.825390881121977
10.0295071253417 -0.807157103761986
10.0470250786588 -0.788118734647193
10.0645430319759 -0.768294751637971
10.082060985293 -0.747704915711709
10.09957893861 -0.726369751264639
10.1170968919271 -0.704310525652672
10.1346148452442 -0.681549227991634
10.1521327985613 -0.658108547238037
10.1696507518784 -0.634011849572238
10.1871687051955 -0.609283155106516
10.2046866585126 -0.583947113941306
10.2222046118296 -0.558028981593439
10.2397225651467 -0.531554593820901
10.2572405184638 -0.504550340869177
10.2747584717809 -0.477043141164889
10.292276425098 -0.449060414482919
10.3097943784151 -0.420630054613783
10.3273123317322 -0.391780401558495
10.3448302850492 -0.362540213278626
10.3623482383663 -0.332938637029763
10.3798661916834 -0.303005180306874
10.3973841450005 -0.272769681430604
10.4149020983176 -0.242262279803784
10.4324200516347 -0.21151338586782
10.4499380049518 -0.180553650788903
10.4674559582688 -0.149413935904262
10.4849739115859 -0.118125281958909
10.502491864903 -0.0867188781635512
10.5200098182201 -0.0552260311045084
10.5375277715372 -0.0236781335366241
10.5550457248543 0.00789336690971331
10.5725636781714 0.0394569990762529
10.5900816314884 0.0709812996480162
10.6075995848055 0.102434844516614
10.6251175381226 0.133786280104479
10.6426354914397 0.1650043546188
10.6601534447568 0.196057949203979
10.6776713980739 0.226916108961591
10.695189351391 0.257548073806898
10.712707304708 0.287923309131167
10.7302252580251 0.31801153623924
10.7477432113422 0.347782762531984
10.7652611646593 0.377207311403578
10.7827791179764 0.40625585182379
10.8002970712935 0.434899427575792
10.8178150246106 0.463109486120347
10.8353329779276 0.490857907057593
10.8528509312447 0.518117030158077
10.8703688845618 0.54485968293507
10.8878868378789 0.571059207730694
10.905404791196 0.596689488288855
10.9229227445131 0.621724975788495
10.9404406978301 0.64614071431121
10.9579586511472 0.669912365717855
10.9754766044643 0.693016233909332
10.9929945577814 0.715429288447371
11.0105125110985 0.737129187511779
11.0280304644156 0.758094300171246
11.0455484177327 0.77830372794553
11.0630663710497 0.79773732563752
11.0805843243668 0.816375721414399
11.0981022776839 0.834200336117918
11.115620231001 0.851193401784495
11.1331381843181 0.867337979356715
11.1506561376352 0.882617975568547
11.1681740909523 0.897018158987463
11.1856920442693 0.910524175197461
11.2032099975864 0.92312256110786
11.2207279509035 0.934800758373598
11.2382459042206 0.945547125913667
11.2557638575377 0.955350951515194
11.2732818108548 0.964202462511611
11.2907997641719 0.972092835524257
11.3083177174889 0.979014205257714
11.325835670806 0.98495967234011
11.3433536241231 0.989923310200557
11.3608715774402 0.993900170976888
11.3783895307573 0.996886290447793
11.3959074840744 0.998878691984444
11.4134254373915 0.999875389517657
11.4309433907085 0.999875389517657
11.4484613440256 0.998878691984444
11.4659792973427 0.996886290447793
11.4834972506598 0.993900170976888
11.5010152039769 0.989923310200557
11.518533157294 0.98495967234011
11.5360511106111 0.979014205257714
11.5535690639281 0.972092835524257
11.5710870172452 0.964202462511612
11.5886049705623 0.955350951515194
11.6061229238794 0.945547125913667
11.6236408771965 0.934800758373598
11.6411588305136 0.92312256110786
11.6586767838307 0.910524175197462
11.6761947371477 0.897018158987464
11.6937126904648 0.882617975568547
11.7112306437819 0.867337979356714
11.728748597099 0.851193401784495
11.7462665504161 0.834200336117918
11.7637845037332 0.8163757214144
11.7813024570503 0.79773732563752
11.7988204103673 0.77830372794553
11.8163383636844 0.758094300171246
11.8338563170015 0.737129187511779
11.8513742703186 0.715429288447372
11.8688922236357 0.693016233909332
11.8864101769528 0.669912365717855
11.9039281302698 0.646140714311209
11.9214460835869 0.621724975788495
11.938964036904 0.596689488288856
11.9564819902211 0.571059207730694
11.9739999435382 0.54485968293507
11.9915178968553 0.518117030158076
12.0090358501724 0.490857907057596
12.0265538034894 0.463109486120349
12.0440717568065 0.434899427575795
12.0615897101236 0.40625585182379
12.0791076634407 0.377207311403577
12.0966256167578 0.347782762531984
12.1141435700749 0.31801153623924
12.131661523392 0.287923309131167
12.149179476709 0.257548073806897
12.1666974300261 0.226916108961591
12.1842153833432 0.196057949203979
12.2017333366603 0.1650043546188
12.2192512899774 0.13378628010448
12.2367692432945 0.102434844516614
12.2542871966116 0.0709812996480162
12.2718051499286 0.0394569990762527
12.2893231032457 0.00789336690971289
12.3068410565628 -0.0236781335366239
12.3243590098799 -0.0552260311045084
12.341876963197 -0.0867188781635505
12.3593949165141 -0.118125281958909
12.3769128698312 -0.149413935904261
12.3944308231482 -0.180553650788903
12.4119487764653 -0.211513385867819
12.4294667297824 -0.242262279803785
12.4469846830995 -0.272769681430604
12.4645026364166 -0.303005180306874
12.4820205897337 -0.332938637029762
12.4995385430508 -0.362540213278626
12.5170564963678 -0.391780401558495
12.5345744496849 -0.420630054613786
12.552092403002 -0.449060414482919
12.5696103563191 -0.477043141164891
12.5871283096362 -0.504550340869176
12.6046462629533 -0.531554593820901
12.6221642162704 -0.558028981593439
12.6396821695874 -0.583947113941306
12.6572001229045 -0.609283155106516
12.6747180762216 -0.634011849572238
12.6922360295387 -0.658108547238037
12.7097539828558 -0.681549227991634
12.7272719361729 -0.704310525652672
12.7447898894899 -0.726369751264639
12.762307842807 -0.747704915711709
12.7798257961241 -0.768294751637971
12.7973437494412 -0.788118734647193
12.8148617027583 -0.807157103761986
12.8323796560754 -0.825390881121977
12.8498976093925 -0.842801890901351
12.8674155627095 -0.859372777426913
12.8849335160266 -0.875087022478594
12.9024514693437 -0.889928961755179
12.9199694226608 -0.903883800488824
12.9374873759779 -0.916937628192788
12.955005329295 -0.92907743252773
12.9725232826121 -0.940291112272675
12.9900412359291 -0.950567489387782
13.0075591892462 -0.959896320156857
13.0250771425633 -0.968268305398507
13.0425950958804 -0.975675099735773
13.0601130491975 -0.98210931991498
13.0776310025146 -0.987564552165524
13.0951489558317 -0.992035358593258
13.1126669091487 -0.995517282601106
13.1301848624658 -0.998006853331493
13.1477028157829 -0.999501589126174
13.1652207691 -1
13.1720817923241 -0.999501589126174
13.1789428155482 -0.998006853331494
13.1858038387724 -0.995517282601106
13.1926648619965 -0.992035358593258
13.1995258852206 -0.987564552165524
13.2063869084447 -0.982109319914981
13.2132479316688 -0.975675099735773
13.220108954893 -0.968268305398507
13.2269699781171 -0.959896320156857
13.2338310013412 -0.950567489387784
13.2406920245653 -0.940291112272674
13.2475530477894 -0.92907743252773
13.2544140710136 -0.916937628192789
13.2612750942377 -0.903883800488825
13.2681361174618 -0.889928961755179
13.2749971406859 -0.875087022478593
13.28185816391 -0.859372777426912
13.2887191871342 -0.842801890901352
13.2955802103583 -0.825390881121978
13.3024412335824 -0.807157103761984
13.3093022568065 -0.788118734647192
13.3161632800307 -0.768294751637972
13.3230243032548 -0.747704915711711
13.3298853264789 -0.726369751264638
13.336746349703 -0.704310525652672
13.3436073729271 -0.681549227991635
13.3504683961513 -0.65810854723804
13.3573294193754 -0.634011849572236
13.3641904425995 -0.609283155106516
13.3710514658236 -0.583947113941307
13.3779124890477 -0.558028981593442
13.3847735122719 -0.531554593820898
13.391634535496 -0.504550340869176
13.3984955587201 -0.47704314116489
13.4053565819442 -0.449060414482922
13.4122176051683 -0.420630054613788
13.4190786283925 -0.391780401558491
13.4259396516166 -0.362540213278624
13.4328006748407 -0.332938637029763
13.4396616980648 -0.303005180306876
13.4465227212889 -0.272769681430601
13.4533837445131 -0.242262279803783
13.4602447677372 -0.21151338586782
13.4671057909613 -0.180553650788905
13.4739668141854 -0.149413935904258
13.4808278374095 -0.118125281958907
13.4876888606337 -0.0867188781635516
13.4945498838578 -0.055226031104511
13.5014109070819 -0.0236781335366206
13.508271930306 0.00789336690971486
13.5151329535302 0.0394569990762525
13.5219939767543 0.0709812996480133
13.5288549999784 0.102434844516617
13.5357160232025 0.133786280104481
13.5425770464266 0.165004354618799
13.5494380696508 0.196057949203976
13.5562990928749 0.226916108961586
13.563160116099 0.257548073806899
13.5700211393231 0.287923309131167
13.5768821625472 0.318011536239237
13.5837431857714 0.347782762531979
13.5906042089955 0.377207311403579
13.5974652322196 0.40625585182379
13.6043262554437 0.434899427575792
13.6111872786678 0.463109486120345
13.618048301892 0.490857907057597
13.6249093251161 0.518117030158079
13.6317703483402 0.54485968293507
13.6386313715643 0.571059207730693
13.6454923947884 0.596689488288852
13.6523534180126 0.621724975788496
13.6592144412367 0.64614071431121
13.6660754644608 0.669912365717854
13.6729364876849 0.693016233909335
13.679797510909 0.715429288447373
13.6866585341332 0.737129187511779
13.6935195573573 0.758094300171244
13.7003805805814 0.778303727945528
13.7072416038055 0.797737325637521
13.7141026270296 0.8163757214144
13.7209636502538 0.834200336117917
13.7278246734779 0.851193401784493
13.734685696702 0.867337979356716
13.7415467199261 0.882617975568548
13.7484077431503 0.897018158987463
13.7552687663744 0.910524175197461
13.7621297895985 0.923122561107862
13.7689908128226 0.934800758373599
13.7758518360467 0.945547125913667
13.7827128592709 0.955350951515194
13.789573882495 0.964202462511611
13.7964349057191 0.972092835524258
13.8032959289432 0.979014205257715
13.8101569521673 0.98495967234011
13.8170179753915 0.989923310200557
13.8238789986156 0.993900170976888
13.8307400218397 0.996886290447793
13.8376010450638 0.998878691984444
13.8444620682879 0.999875389517657
13.8513230915121 0.999875389517657
13.8581841147362 0.998878691984444
13.8650451379603 0.996886290447793
13.8719061611844 0.993900170976888
13.8787671844085 0.989923310200557
13.8856282076327 0.98495967234011
13.8924892308568 0.979014205257715
13.8993502540809 0.972092835524258
13.906211277305 0.964202462511613
13.9130723005291 0.955350951515194
13.9199333237533 0.945547125913667
13.9267943469774 0.934800758373599
13.9336553702015 0.923122561107862
13.9405163934256 0.910524175197461
13.9473774166497 0.897018158987463
13.9542384398739 0.882617975568548
13.961099463098 0.867337979356716
13.9679604863221 0.851193401784493
13.9748215095462 0.834200336117917
13.9816825327704 0.816375721414399
13.9885435559945 0.797737325637521
13.9954045792186 0.778303727945528
14.0022656024427 0.758094300171245
14.0091266256668 0.737129187511779
14.015987648891 0.715429288447373
14.0228486721151 0.693016233909335
14.0297096953392 0.669912365717854
14.0365707185633 0.64614071431121
14.0434317417874 0.621724975788497
14.0502927650116 0.596689488288853
14.0571537882357 0.571059207730693
14.0640148114598 0.54485968293507
14.0708758346839 0.518117030158079
14.077736857908 0.490857907057597
14.0845978811322 0.463109486120345
14.0914589043563 0.434899427575792
14.0983199275804 0.40625585182379
14.1051809508045 0.377207311403579
14.1120419740286 0.347782762531979
14.1189029972528 0.318011536239237
14.1257640204769 0.287923309131167
14.132625043701 0.257548073806899
14.1394860669251 0.226916108961587
14.1463470901492 0.196057949203976
14.1532081133734 0.1650043546188
14.1600691365975 0.133786280104481
14.1669301598216 0.102434844516618
14.1737911830457 0.0709812996480145
14.1806522062698 0.0394569990762527
14.187513229494 0.00789336690971555
14.1943742527181 -0.0236781335366203
14.2012352759422 -0.055226031104511
14.2080962991663 -0.0867188781635514
14.2149573223905 -0.118125281958906
14.2218183456146 -0.149413935904258
14.2286793688387 -0.180553650788906
14.2355403920628 -0.21151338586782
14.2424014152869 -0.242262279803783
14.2492624385111 -0.272769681430601
14.2561234617352 -0.303005180306869
14.2629844849593 -0.332938637029763
14.2698455081834 -0.362540213278624
14.2767065314075 -0.391780401558491
14.2835675546317 -0.420630054613788
14.2904285778558 -0.449060414482921
14.2972896010799 -0.47704314116489
14.304150624304 -0.504550340869175
14.3110116475281 -0.531554593820898
14.3178726707523 -0.558028981593442
14.3247336939764 -0.583947113941307
14.3315947172005 -0.609283155106515
14.3384557404246 -0.634011849572236
14.3453167636487 -0.65810854723804
14.3521777868729 -0.681549227991635
14.359038810097 -0.704310525652672
14.3658998333211 -0.726369751264638
14.3727608565452 -0.747704915711711
14.3796218797693 -0.768294751637972
14.3864829029935 -0.788118734647192
14.3933439262176 -0.807157103761984
14.4002049494417 -0.825390881121974
14.4070659726658 -0.842801890901351
14.41392699589 -0.859372777426912
14.4207880191141 -0.875087022478592
14.4276490423382 -0.889928961755182
14.4345100655623 -0.903883800488824
14.4413710887864 -0.916937628192789
14.4482321120106 -0.92907743252773
14.4550931352347 -0.940291112272674
14.4619541584588 -0.950567489387784
14.4688151816829 -0.959896320156857
14.475676204907 -0.968268305398507
14.4825372281312 -0.975675099735773
14.4893982513553 -0.982109319914981
14.4962592745794 -0.987564552165524
14.5031202978035 -0.992035358593258
14.5099813210276 -0.995517282601106
14.5168423442518 -0.998006853331494
14.5237033674759 -0.999501589126174
14.5305643907 -1
14.5401418694291 -0.999501589126174
14.5497193481583 -0.998006853331494
14.5592968268874 -0.995517282601106
14.5688743056166 -0.992035358593258
14.5784517843457 -0.987564552165524
14.5880292630749 -0.982109319914981
14.597606741804 -0.975675099735774
14.6071842205332 -0.968268305398507
14.6167616992623 -0.959896320156857
14.6263391779915 -0.950567489387783
14.6359166567206 -0.940291112272676
14.6454941354497 -0.929077432527731
14.6550716141789 -0.91693762819279
14.664649092908 -0.903883800488823
14.6742265716372 -0.88992896175518
14.6838040503663 -0.875087022478594
14.6933815290955 -0.859372777426913
14.7029590078246 -0.842801890901352
14.7125364865538 -0.825390881121975
14.7221139652829 -0.807157103761985
14.7316914440121 -0.788118734647192
14.7412689227412 -0.768294751637971
14.7508464014704 -0.747704915711711
14.7604238801995 -0.726369751264638
14.7700013589286 -0.704310525652671
14.7795788376578 -0.681549227991634
14.7891563163869 -0.658108547238038
14.7987337951161 -0.63401184957224
14.8083112738452 -0.609283155106515
14.8178887525744 -0.583947113941305
14.8274662313035 -0.55802898159344
14.8370437100327 -0.531554593820902
14.8466211887618 -0.504550340869179
14.856198667491 -0.477043141164892
14.8657761462201 -0.449060414482918
14.8753536249492 -0.420630054613784
14.8849311036784 -0.391780401558494
14.8945085824075 -0.362540213278626
14.9040860611367 -0.332938637029764
14.9136635398658 -0.303005180306871
14.923241018595 -0.272769681430602
14.9328184973241 -0.242262279803783
14.9423959760533 -0.21151338586782
14.9519734547824 -0.180553650788905
14.9615509335116 -0.149413935904259
14.9711284122407 -0.118125281958907
14.9807058909698 -0.0867188781635507
14.990283369699 -0.0552260311045093
14.9998608484281 -0.0236781335366261
15.0094383271573 0.00789336690971575
15.0190158058864 0.0394569990762543
15.0285932846156 0.0709812996480164
15.0381707633447 0.102434844516613
15.0477482420739 0.133786280104477
15.057325720803 0.165004354618796
15.0669031995322 0.19605794920398
15.0764806782613 0.226916108961591
15.0860581569905 0.257548073806896
15.0956356357196 0.287923309131165
15.1052131144487 0.318011536239236
15.1147905931779 0.347782762531984
15.124368071907 0.377207311403577
15.1339455506362 0.406255851823789
15.1435230293653 0.434899427575792
15.1531005080945 0.463109486120345
15.1626779868236 0.490857907057596
15.1722554655528 0.518117030158078
15.1818329442819 0.54485968293507
15.1914104230111 0.571059207730694
15.2009879017402 0.596689488288854
15.2105653804693 0.621724975788497
15.2201428591985 0.646140714311211
15.2297203379276 0.669912365717855
15.2392978166568 0.693016233909331
15.2488752953859 0.71542928844737
15.2584527741151 0.737129187511777
15.2680302528442 0.758094300171247
15.2776077315734 0.77830372794553
15.2871852103025 0.797737325637519
15.2967626890317 0.816375721414398
15.3063401677608 0.834200336117916
15.31591764649 0.851193401784495
15.3254951252191 0.867337979356715
15.3350726039482 0.882617975568547
15.3446500826774 0.897018158987463
15.3542275614065 0.910524175197461
15.3638050401357 0.923122561107862
15.3733825188648 0.934800758373599
15.382959997594 0.945547125913667
15.3925374763231 0.955350951515194
15.4021149550523 0.964202462511611
15.4116924337814 0.972092835524258
15.4212699125106 0.979014205257715
15.4308473912397 0.984959672340111
15.4404248699688 0.989923310200557
15.450002348698 0.993900170976888
15.4595798274271 0.996886290447793
15.4691573061563 0.998878691984444
15.4787347848854 0.999875389517657
15.4883122636146 0.999875389517657
15.4978897423437 0.998878691984444
15.5074672210729 0.996886290447793
15.517044699802 0.993900170976888
15.5266221785312 0.989923310200557
15.5361996572603 0.984959672340111
15.5457771359894 0.979014205257715
15.5553546147186 0.972092835524258
15.5649320934477 0.964202462511611
15.5745095721769 0.955350951515195
15.584087050906 0.945547125913667
15.5936645296352 0.934800758373599
15.6032420083643 0.923122561107862
15.6128194870935 0.910524175197461
15.6223969658226 0.897018158987463
15.6319744445518 0.882617975568547
15.6415519232809 0.867337979356715
15.65112940201 0.851193401784496
15.6607068807392 0.834200336117916
15.6702843594683 0.816375721414398
15.6798618381975 0.797737325637519
15.6894393169266 0.77830372794553
15.6990167956558 0.758094300171247
15.7085942743849 0.737129187511777
15.7181717531141 0.71542928844737
15.7277492318432 0.693016233909331
15.7373267105724 0.669912365717855
15.7469041893015 0.646140714311211
15.7564816680307 0.621724975788497
15.7660591467598 0.596689488288854
15.7756366254889 0.571059207730694
15.7852141042181 0.54485968293507
15.7947915829472 0.518117030158079
15.8043690616764 0.490857907057596
15.8139465404055 0.463109486120346
15.8235240191347 0.434899427575792
15.8331014978638 0.406255851823789
15.842678976593 0.377207311403577
15.8522564553221 0.347782762531985
15.8618339340513 0.318011536239241
15.8714114127804 0.287923309131165
15.8809888915095 0.257548073806896
15.8905663702387 0.22691610896159
15.9001438489678 0.19605794920398
15.909721327697 0.165004354618796
15.9192988064261 0.133786280104478
15.9288762851553 0.102434844516613
15.9384537638844 0.0709812996480171
15.9480312426136 0.0394569990762545
15.9576087213427 0.00789336690971644
15.9671862000719 -0.0236781335366256
15.976763678801 -0.0552260311045093
15.9863411575302 -0.0867188781635505
15.9959186362593 -0.118125281958906
16.0054961149884 -0.149413935904265
16.0150735937176 -0.180553650788904
16.0246510724467 -0.21151338586782
16.0342285511759 -0.242262279803783
16.043806029905 -0.272769681430602
16.0533835086342 -0.303005180306871
16.0629609873633 -0.332938637029758
16.0725384660925 -0.36254021327862
16.0821159448216 -0.391780401558488
16.0916934235508 -0.420630054613788
16.1012709022799 -0.449060414482923
16.110848381009 -0.477043141164892
16.1204258597382 -0.504550340869178
16.1300033384673 -0.531554593820902
16.1395808171965 -0.55802898159344
16.1491582959256 -0.583947113941304
16.1587357746548 -0.609283155106515
16.1683132533839 -0.634011849572235
16.1778907321131 -0.658108547238034
16.1874682108422 -0.681549227991638
16.1970456895714 -0.704310525652675
16.2066231683005 -0.726369751264642
16.2162006470296 -0.74770491571171
16.2257781257588 -0.768294751637972
16.2353556044879 -0.788118734647192
16.2449330832171 -0.807157103761985
16.2545105619462 -0.825390881121975
16.2640880406754 -0.842801890901349
16.2736655194045 -0.85937277742691
16.2832429981337 -0.875087022478591
16.2928204768628 -0.889928961755183
16.302397955592 -0.903883800488825
16.3119754343211 -0.91693762819279
16.3215529130503 -0.929077432527731
16.3311303917794 -0.940291112272676
16.3407078705085 -0.950567489387783
16.3502853492377 -0.959896320156857
16.3598628279668 -0.968268305398507
16.369440306696 -0.975675099735773
16.3790177854251 -0.982109319914979
16.3885952641543 -0.987564552165523
16.3981727428834 -0.992035358593258
16.4077502216126 -0.995517282601106
16.4173277003417 -0.998006853331493
16.4269051790709 -0.999501589126174
16.4364826578 -1
16.4564167403422 -0.999501589126174
16.4763508228844 -0.998006853331493
16.4962849054266 -0.995517282601106
16.5162189879688 -0.992035358593258
16.5361530705111 -0.987564552165524
16.5560871530533 -0.98210931991498
16.5760212355955 -0.975675099735774
16.5959553181377 -0.968268305398508
16.6158894006799 -0.959896320156858
16.6358234832221 -0.950567489387782
16.6557575657643 -0.940291112272675
16.6756916483065 -0.92907743252773
16.6956257308487 -0.916937628192789
16.715559813391 -0.903883800488824
16.7354938959332 -0.889928961755181
16.7554279784754 -0.875087022478595
16.7753620610176 -0.859372777426911
16.7952961435598 -0.84280189090135
16.815230226102 -0.825390881121976
16.8351643086442 -0.807157103761985
16.8550983911864 -0.788118734647193
16.8750324737286 -0.768294751637972
16.8949665562709 -0.747704915711711
16.9149006388131 -0.726369751264638
16.9348347213553 -0.704310525652671
16.9547688038975 -0.681549227991633
16.9747028864397 -0.658108547238038
16.9946369689819 -0.63401184957224
17.0145710515241 -0.609283155106518
17.0345051340663 -0.583947113941304
17.0544392166085 -0.558028981593439
17.0743732991508 -0.531554593820901
17.094307381693 -0.504550340869177
17.1142414642352 -0.47704314116489
17.1341755467774 -0.449060414482922
17.1541096293196 -0.420630054613787
17.1740437118618 -0.391780401558491
17.193977794404 -0.362540213278623
17.2139118769462 -0.332938637029761
17.2338459594884 -0.303005180306873
17.2537800420307 -0.272769681430604
17.2737141245729 -0.242262279803785
17.2936482071151 -0.211513385867822
17.3135822896573 -0.1805536507889
17.3335163721995 -0.14941393590426
17.3534504547417 -0.118125281958908
17.3733845372839 -0.0867188781635514
17.3933186198261 -0.0552260311045095
17.4132527023683 -0.0236781335366261
17.4331867849106 0.00789336690971575
17.4531208674528 0.0394569990762545
17.473054949995 0.0709812996480169
17.4929890325372 0.102434844516613
17.5129231150794 0.133786280104478
17.5328571976216 0.165004354618798
17.5527912801638 0.196057949203976
17.572725362706 0.226916108961592
17.5926594452482 0.257548073806898
17.6125935277905 0.287923309131167
17.6325276103327 0.318011536239238
17.6524616928749 0.347782762531981
17.6723957754171 0.377207311403574
17.6923298579593 0.406255851823786
17.7122639405015 0.434899427575795
17.7321980230437 0.463109486120349
17.7521321055859 0.490857907057594
17.7720661881281 0.518117030158077
17.7920002706703 0.544859682935069
17.8119343532126 0.571059207730693
17.8318684357548 0.596689488288853
17.851802518297 0.621724975788496
17.8717366008392 0.646140714311211
17.8916706833814 0.669912365717855
17.9116047659236 0.693016233909331
17.9315388484658 0.71542928844737
17.951472931008 0.737129187511781
17.9714070135503 0.758094300171247
17.9913410960925 0.778303727945531
18.0112751786347 0.79773732563752
18.0312092611769 0.816375721414399
18.0511433437191 0.834200336117917
18.0710774262613 0.851193401784494
18.0910115088035 0.867337979356716
18.1109455913457 0.882617975568548
18.1308796738879 0.897018158987464
18.1508137564301 0.910524175197462
18.1707478389724 0.923122561107861
18.1906819215146 0.934800758373598
18.2106160040568 0.945547125913666
18.230550086599 0.955350951515195
18.2504841691412 0.964202462511612
18.2704182516834 0.972092835524257
18.2903523342256 0.979014205257714
18.3102864167678 0.98495967234011
18.33022049931 0.989923310200557
18.3501545818523 0.993900170976888
18.3700886643945 0.996886290447793
18.3900227469367 0.998878691984444
18.4099568294789 0.999875389517657
18.4298909120211 0.999875389517657
18.4498249945633 0.998878691984444
18.4697590771055 0.996886290447793
18.4896931596477 0.993900170976888
18.5096272421899 0.989923310200557
18.5295613247322 0.98495967234011
18.5494954072744 0.979014205257715
18.5694294898166 0.972092835524257
18.5893635723588 0.964202462511612
18.609297654901 0.955350951515194
18.6292317374432 0.945547125913666
18.6491658199854 0.934800758373598
18.6690999025276 0.923122561107861
18.6890339850698 0.910524175197462
18.7089680676121 0.897018158987464
18.7289021501543 0.882617975568548
18.7488362326965 0.867337979356713
18.7687703152387 0.851193401784493
18.7887043977809 0.834200336117917
18.8086384803231 0.816375721414399
18.8285725628653 0.79773732563752
18.8485066454075 0.778303727945531
18.8684407279497 0.758094300171247
18.888374810492 0.737129187511777
18.9083088930342 0.71542928844737
18.9282429755764 0.693016233909331
18.9481770581186 0.669912365717855
18.9681111406608 0.64614071431121
18.988045223203 0.621724975788497
19.0079793057452 0.596689488288859
19.0279133882874 0.571059207730693
19.0478474708296 0.54485968293507
19.0677815533719 0.518117030158077
19.0877156359141 0.490857907057595
19.1076497184563 0.463109486120349
19.1275838009985 0.434899427575795
19.1475178835407 0.406255851823791
19.1674519660829 0.377207311403575
19.1873860486251 0.347782762531982
19.2073201311673 0.318011536239238
19.2272542137095 0.287923309131167
19.2471882962518 0.257548073806898
19.267122378794 0.226916108961592
19.2870564613362 0.196057949203975
19.3069905438784 0.165004354618797
19.3269246264206 0.133786280104478
19.3468587089628 0.102434844516614
19.366792791505 0.0709812996480171
19.3867268740472 0.0394569990762554
19.4066609565894 0.00789336690971555
19.4265950391317 -0.0236781335366256
19.4465291216739 -0.0552260311045093
19.4664632042161 -0.0867188781635505
19.4863972867583 -0.118125281958908
19.5063313693005 -0.14941393590426
19.5262654518427 -0.1805536507889
19.5461995343849 -0.211513385867821
19.5661336169271 -0.242262279803786
19.5860676994693 -0.272769681430604
19.6060017820116 -0.303005180306873
19.6259358645538 -0.33293863702976
19.645869947096 -0.362540213278622
19.6658040296382 -0.39178040155849
19.6857381121804 -0.420630054613786
19.7056721947226 -0.449060414482921
19.7256062772648 -0.47704314116489
19.745540359807 -0.504550340869177
19.7654744423492 -0.531554593820901
19.7854085248915 -0.558028981593439
19.8053426074337 -0.583947113941304
19.8252766899759 -0.609283155106518
19.8452107725181 -0.63401184957224
19.8651448550603 -0.658108547238038
19.8850789376025 -0.681549227991633
19.9050130201447 -0.704310525652671
19.9249471026869 -0.726369751264638
19.9448811852291 -0.747704915711711
19.9648152677714 -0.768294751637972
19.9847493503136 -0.788118734647193
20.0046834328558 -0.807157103761985
20.024617515398 -0.825390881121975
20.0445515979402 -0.84280189090135
20.0644856804824 -0.859372777426913
20.0844197630246 -0.875087022478592
20.1043538455668 -0.889928961755181
20.124287928109 -0.903883800488824
20.1442220106513 -0.916937628192789
20.1641560931935 -0.92907743252773
20.1840901757357 -0.940291112272675
20.2040242582779 -0.950567489387782
20.2239583408201 -0.959896320156858
20.2438924233623 -0.968268305398508
20.2638265059045 -0.975675099735774
20.2837605884467 -0.98210931991498
20.3036946709889 -0.987564552165524
20.3236287535312 -0.992035358593258
20.3435628360734 -0.995517282601106
20.3634969186156 -0.998006853331493
20.3834310011578 -0.999501589126174
20.4033650837 -1
20.4099681150417 -0.999501589126174
20.4165711463834 -0.998006853331494
20.4231741777251 -0.995517282601107
20.4297772090668 -0.992035358593257
20.4363802404085 -0.987564552165523
20.4429832717503 -0.98210931991498
20.449586303092 -0.975675099735774
20.4561893344337 -0.968268305398508
20.4627923657754 -0.959896320156858
20.4693953971171 -0.950567489387785
20.4759984284588 -0.940291112272673
20.4826014598005 -0.929077432527729
20.4892044911422 -0.916937628192788
20.4958075224839 -0.903883800488824
20.5024105538256 -0.889928961755182
20.5090135851673 -0.875087022478596
20.515616616509 -0.859372777426916
20.5222196478508 -0.842801890901347
20.5288226791925 -0.825390881121974
20.5354257105342 -0.807157103761984
20.5420287418759 -0.788118734647193
20.5486317732176 -0.768294751637973
20.5552348045593 -0.747704915711713
20.561837835901 -0.726369751264645
20.5684408672427 -0.704310525652668
20.5750438985844 -0.681549227991631
20.5816469299261 -0.658108547238037
20.5882499612678 -0.63401184957224
20.5948529926095 -0.60928315510652
20.6014560239513 -0.583947113941311
20.608059055293 -0.558028981593433
20.6146620866347 -0.531554593820897
20.6212651179764 -0.504550340869175
20.6278681493181 -0.477043141164889
20.6344711806598 -0.449060414482922
20.6410742120015 -0.420630054613788
20.6476772433432 -0.391780401558499
20.6542802746849 -0.362540213278617
20.6608833060266 -0.332938637029756
20.6674863373683 -0.30300518030687
20.67408936871 -0.272769681430603
20.6806924000518 -0.242262279803785
20.6872954313935 -0.211513385867823
20.6938984627352 -0.180553650788909
20.7005014940769 -0.149413935904254
20.7071045254186 -0.118125281958903
20.7137075567603 -0.0867188781635483
20.720310588102 -0.0552260311045082
20.7269136194437 -0.0236781335366265
20.7335166507854 0.0078933669097082
20.7401196821271 0.0394569990762454
20.7467227134688 0.0709812996480229
20.7533257448106 0.102434844516618
20.7599287761523 0.133786280104481
20.766531807494 0.165004354618799
20.7731348388357 0.196057949203975
20.7797378701774 0.226916108961585
20.7863409015191 0.257548073806889
20.7929439328608 0.287923309131173
20.7995469642025 0.318011536239242
20.8061499955442 0.347782762531984
20.8127530268859 0.377207311403575
20.8193560582276 0.406255851823786
20.8259590895693 0.434899427575788
20.8325621209111 0.463109486120341
20.8391651522528 0.490857907057599
20.8457681835945 0.518117030158081
20.8523712149362 0.544859682935072
20.8589742462779 0.571059207730694
20.8655772776196 0.596689488288853
20.8721803089613 0.621724975788491
20.878783340303 0.646140714311216
20.8853863716447 0.66991236571786
20.8919894029864 0.693016233909334
20.8985924343281 0.715429288447372
20.9051954656698 0.737129187511778
20.9117984970116 0.758094300171243
20.9184015283533 0.778303727945526
20.925004559695 0.797737325637524
20.9316075910367 0.816375721414402
20.9382106223784 0.834200336117919
20.9448136537201 0.851193401784495
20.9514166850618 0.867337979356714
20.9580197164035 0.882617975568545
20.9646227477452 0.897018158987461
20.9712257790869 0.910524175197465
20.9778288104286 0.923122561107863
20.9844318417704 0.934800758373599
20.9910348731121 0.945547125913667
20.9976379044538 0.955350951515194
21.0042409357955 0.964202462511611
21.0108439671372 0.972092835524255
21.0174469984789 0.979014205257716
21.0240500298206 0.984959672340111
21.0306530611623 0.989923310200558
21.037256092504 0.993900170976888
21.0438591238457 0.996886290447793
21.0504621551874 0.998878691984443
21.0570651865291 0.999875389517657
21.0636682178709 0.999875389517657
21.0702712492126 0.998878691984443
21.0768742805543 0.996886290447793
21.083477311896 0.993900170976888
21.0900803432377 0.989923310200558
21.0966833745794 0.984959672340111
21.1032864059211 0.979014205257716
21.1098894372628 0.972092835524255
21.1164924686045 0.964202462511611
21.1230954999462 0.955350951515194
21.1296985312879 0.945547125913667
21.1363015626296 0.934800758373599
21.1429045939714 0.923122561107863
21.1495076253131 0.910524175197466
21.1561106566548 0.897018158987461
21.1627136879965 0.882617975568545
21.1693167193382 0.867337979356714
21.1759197506799 0.851193401784495
21.1825227820216 0.83420033611792
21.1891258133633 0.816375721414403
21.195728844705 0.797737325637524
21.2023318760467 0.778303727945526
21.2089349073884 0.758094300171243
21.2155379387302 0.737129187511778
21.2221409700719 0.715429288447372
21.2287440014136 0.693016233909335
21.2353470327553 0.66991236571786
21.241950064097 0.646140714311216
21.2485530954387 0.62172497578849
21.2551561267804 0.596689488288854
21.2617591581221 0.571059207730694
21.2683621894638 0.544859682935072
21.2749652208055 0.518117030158081
21.2815682521472 0.490857907057599
21.2881712834889 0.463109486120355
21.2947743148307 0.434899427575788
21.3013773461724 0.406255851823786
21.3079803775141 0.377207311403576
21.3145834088558 0.347782762531984
21.3211864401975 0.318011536239242
21.3277894715392 0.287923309131173
21.3343925028809 0.257548073806889
21.3409955342226 0.226916108961585
21.3475985655643 0.196057949203975
21.354201596906 0.165004354618799
21.3608046282477 0.133786280104481
21.3674076595894 0.102434844516618
21.3740106909312 0.0709812996480233
21.3806137222729 0.0394569990762456
21.3872167536146 0.00789336690970845
21.3938197849563 -0.0236781335366256
21.400422816298 -0.0552260311045075
21.4070258476397 -0.0867188781635478
21.4136288789814 -0.118125281958903
21.4202319103231 -0.149413935904253
21.4268349416648 -0.180553650788908
21.4334379730065 -0.211513385867823
21.4400410043482 -0.242262279803785
21.4466440356899 -0.272769681430602
21.4532470670317 -0.30300518030687
21.4598500983734 -0.332938637029756
21.4664531297151 -0.362540213278632
21.4730561610568 -0.391780401558499
21.4796591923985 -0.420630054613788
21.4862622237402 -0.449060414482921
21.4928652550819 -0.477043141164889
21.4994682864236 -0.504550340869175
21.5060713177653 -0.531554593820896
21.512674349107 -0.558028981593447
21.5192773804487 -0.583947113941311
21.5258804117905 -0.609283155106519
21.5324834431322 -0.63401184957224
21.5390864744739 -0.658108547238037
21.5456895058156 -0.681549227991631
21.5522925371573 -0.704310525652667
21.558895568499 -0.726369751264645
21.5654985998407 -0.747704915711713
21.5721016311824 -0.768294751637973
21.5787046625241 -0.788118734647193
21.5853076938658 -0.807157103761985
21.5919107252075 -0.825390881121974
21.5985137565492 -0.842801890901347
21.605116787891 -0.859372777426916
21.6117198192327 -0.875087022478596
21.6183228505744 -0.889928961755182
21.6249258819161 -0.903883800488824
21.6315289132578 -0.916937628192788
21.6381319445995 -0.929077432527729
21.6447349759412 -0.940291112272673
21.6513380072829 -0.950567489387785
21.6579410386246 -0.959896320156859
21.6645440699663 -0.968268305398508
21.671147101308 -0.975675099735774
21.6777501326497 -0.98210931991498
21.6843531639915 -0.987564552165523
21.6909561953332 -0.992035358593257
21.6975592266749 -0.995517282601107
21.7041622580166 -0.998006853331494
21.7107652893583 -0.999501589126174
21.7173683207 -1
21.7244857193719 -0.999501589126174
21.7316031180437 -0.998006853331493
21.7387205167156 -0.995517282601106
21.7458379153874 -0.992035358593258
21.7529553140593 -0.987564552165524
21.7600727127312 -0.982109319914981
21.767190111403 -0.975675099735775
21.7743075100749 -0.968268305398509
21.7814249087467 -0.959896320156859
21.7885423074186 -0.95056748938778
21.7956597060905 -0.940291112272673
21.8027771047623 -0.929077432527728
21.8098945034342 -0.916937628192787
21.817011902106 -0.903883800488822
21.8241293007779 -0.889928961755179
21.8312466994497 -0.875087022478592
21.8383640981216 -0.859372777426911
21.8454814967935 -0.84280189090135
21.8525988954653 -0.825390881121976
21.8597162941372 -0.807157103761985
21.866833692809 -0.788118734647193
21.8739510914809 -0.768294751637972
21.8810684901528 -0.747704915711711
21.8881858888246 -0.726369751264642
21.8953032874965 -0.704310525652675
21.9024206861683 -0.681549227991637
21.9095380848402 -0.658108547238042
21.9166554835121 -0.634011849572244
21.9237728821839 -0.609283155106522
21.9308902808558 -0.5839471139413
21.9380076795276 -0.558028981593434
21.9451250781995 -0.531554593820896
21.9522424768714 -0.504550340869173
21.9593598755432 -0.477043141164885
21.9664772742151 -0.449060414482917
21.9735946728869 -0.420630054613782
21.9807120715588 -0.391780401558491
21.9878294702307 -0.362540213278623
21.9949468689025 -0.332938637029761
22.0020642675744 -0.303005180306873
22.0091816662462 -0.272769681430604
22.0162990649181 -0.242262279803785
22.0234164635899 -0.211513385867821
22.0305338622618 -0.180553650788905
22.0376512609337 -0.149413935904265
22.0447686596055 -0.118125281958913
22.0518860582774 -0.0867188781635567
22.0590034569492 -0.0552260311045148
22.0661208556211 -0.0236781335366314
22.073238254293 0.00789336690972086
22.0803556529648 0.0394569990762596
22.0874730516367 0.0709812996480218
22.0945904503085 0.102434844516618
22.1017078489804 0.133786280104483
22.1088252476523 0.165004354618803
22.1159426463241 0.196057949203981
22.123060044996 0.226916108961592
22.1301774436678 0.257548073806898
22.1372948423397 0.287923309131167
22.1444122410116 0.318011536239238
22.1515296396834 0.347782762531981
22.1586470383553 0.377207311403574
22.1657644370271 0.406255851823787
22.172881835699 0.43489942757579
22.1799992343709 0.463109486120344
22.1871166330427 0.490857907057589
22.1942340317146 0.518117030158073
22.2013514303864 0.544859682935065
22.2084688290583 0.571059207730689
22.2155862277302 0.596689488288862
22.222703626402 0.621724975788501
22.2298210250739 0.646140714311214
22.2369384237457 0.669912365717859
22.2440558224176 0.693016233909335
22.2511732210894 0.715429288447374
22.2582906197613 0.737129187511781
22.2654080184332 0.758094300171247
22.272525417105 0.778303727945531
22.2796428157769 0.79773732563752
22.2867602144487 0.816375721414399
22.2938776131206 0.834200336117917
22.3009950117925 0.851193401784494
22.3081124104643 0.867337979356713
22.3152298091362 0.882617975568545
22.322347207808 0.897018158987462
22.3294646064799 0.91052417519746
22.3365820051518 0.923122561107858
22.3436994038236 0.934800758373596
22.3508168024955 0.945547125913665
22.3579342011673 0.955350951515197
22.3650515998392 0.964202462511613
22.3721689985111 0.972092835524258
22.3792863971829 0.979014205257716
22.3864037958548 0.984959672340111
22.3935211945266 0.989923310200558
22.4006385931985 0.993900170976888
22.4077559918704 0.996886290447793
22.4148733905422 0.998878691984444
22.4219907892141 0.999875389517657
22.4291081878859 0.999875389517657
22.4362255865578 0.998878691984444
22.4433429852296 0.996886290447793
22.4504603839015 0.993900170976888
22.4575777825734 0.989923310200558
22.4646951812452 0.984959672340111
22.4718125799171 0.979014205257716
22.4789299785889 0.972092835524258
22.4860473772608 0.964202462511614
22.4931647759327 0.955350951515197
22.5002821746045 0.945547125913665
22.5073995732764 0.934800758373596
22.5145169719482 0.923122561107859
22.5216343706201 0.91052417519746
22.528751769292 0.897018158987462
22.5358691679638 0.882617975568545
22.5429865666357 0.867337979356713
22.5501039653075 0.851193401784494
22.5572213639794 0.834200336117917
22.5643387626513 0.816375721414399
22.5714561613231 0.79773732563752
22.578573559995 0.778303727945531
22.5856909586668 0.758094300171247
22.5928083573387 0.737129187511781
22.5999257560106 0.715429288447374
22.6070431546824 0.693016233909335
22.6141605533543 0.669912365717859
22.6212779520261 0.646140714311214
22.628395350698 0.621724975788501
22.6355127493698 0.596689488288862
22.6426301480417 0.571059207730689
22.6497475467136 0.544859682935065
22.6568649453854 0.518117030158072
22.6639823440573 0.490857907057589
22.6710997427291 0.463109486120344
22.678217141401 0.43489942757579
22.6853345400729 0.406255851823786
22.6924519387447 0.377207311403575
22.6995693374166 0.347782762531982
22.7066867360884 0.318011536239238
22.7138041347603 0.287923309131167
22.7209215334322 0.257548073806898
22.728038932104 0.226916108961592
22.7351563307759 0.196057949203981
22.7422737294477 0.165004354618803
22.7493911281196 0.133786280104484
22.7565085267915 0.102434844516619
22.7636259254633 0.0709812996480224
22.7707433241352 0.0394569990762598
22.777860722807 0.00789336690972088
22.7849781214789 -0.023678133536631
22.7920955201508 -0.0552260311045146
22.7992129188226 -0.0867188781635567
22.8063303174945 -0.118125281958912
22.8134477161663 -0.149413935904265
22.8205651148382 -0.180553650788906
22.8276825135101 -0.211513385867821
22.8347999121819 -0.242262279803785
22.8419173108538 -0.272769681430604
22.8490347095256 -0.303005180306873
22.8561521081975 -0.33293863702976
22.8632695068693 -0.362540213278623
22.8703869055412 -0.39178040155849
22.8775043042131 -0.420630054613781
22.8846217028849 -0.449060414482917
22.8917391015568 -0.477043141164886
22.8988565002286 -0.504550340869173
22.9059738989005 -0.531554593820896
22.9130912975724 -0.558028981593434
22.9202086962442 -0.583947113941313
22.9273260949161 -0.609283155106522
22.9344434935879 -0.634011849572243
22.9415608922598 -0.658108547238042
22.9486782909317 -0.681549227991637
22.9557956896035 -0.704310525652675
22.9629130882754 -0.726369751264642
22.9700304869472 -0.74770491571171
22.9771478856191 -0.768294751637972
22.984265284291 -0.788118734647193
22.9913826829628 -0.807157103761985
22.9985000816347 -0.825390881121976
23.0056174803065 -0.84280189090135
23.0127348789784 -0.859372777426911
23.0198522776503 -0.875087022478592
23.0269696763221 -0.889928961755178
23.034087074994 -0.903883800488822
23.0412044736658 -0.916937628192786
23.0483218723377 -0.929077432527728
23.0554392710095 -0.940291112272673
23.0625566696814 -0.95056748938778
23.0696740683533 -0.959896320156859
23.0767914670251 -0.968268305398509
23.083908865697 -0.975675099735775
23.0910262643688 -0.982109319914981
23.0981436630407 -0.987564552165524
23.1052610617126 -0.992035358593258
23.1123784603844 -0.995517282601106
23.1194958590563 -0.998006853331493
23.1266132577281 -0.999501589126174
23.1337306564 -1
23.1531591455638 -0.999501589126174
23.1725876347276 -0.998006853331494
23.1920161238915 -0.995517282601106
23.2114446130553 -0.992035358593258
23.2308731022191 -0.987564552165524
23.2503015913829 -0.982109319914981
23.2697300805467 -0.975675099735774
23.2891585697106 -0.968268305398507
23.3085870588744 -0.959896320156857
23.3280155480382 -0.950567489387783
23.347444037202 -0.940291112272676
23.3668725263658 -0.92907743252773
23.3863010155297 -0.916937628192788
23.4057295046935 -0.903883800488823
23.4251579938573 -0.889928961755181
23.4445864830211 -0.875087022478595
23.4640149721849 -0.859372777426911
23.4834434613487 -0.84280189090135
23.5028719505126 -0.825390881121976
23.5223004396764 -0.807157103761986
23.5417289288402 -0.788118734647194
23.561157418004 -0.768294751637969
23.5805859071678 -0.747704915711708
23.6000143963317 -0.72636975126464
23.6194428854955 -0.704310525652673
23.6388713746593 -0.681549227991636
23.6582998638231 -0.658108547238036
23.6777283529869 -0.634011849572238
23.6971568421508 -0.609283155106517
23.7165853313146 -0.583947113941308
23.7360138204784 -0.558028981593438
23.7554423096422 -0.5315545938209
23.774870798806 -0.504550340869177
23.7942992879698 -0.477043141164891
23.8137277771337 -0.449060414482922
23.8331562662975 -0.420630054613782
23.8525847554613 -0.391780401558492
23.8720132446251 -0.362540213278625
23.8914417337889 -0.332938637029762
23.9108702229528 -0.303005180306875
23.9302987121166 -0.272769681430601
23.9497272012804 -0.242262279803783
23.9691556904442 -0.21151338586782
23.988584179608 -0.180553650788904
24.0080126687719 -0.149413935904258
24.0274411579357 -0.118125281958906
24.0468696470995 -0.0867188781635505
24.0662981362633 -0.055226031104509
24.0857266254271 -0.0236781335366261
24.105155114591 0.00789336690971575
24.1245836037548 0.039456999076254
24.1440120929186 0.070981299648016
24.1634405820824 0.102434844516612
24.1828690712462 0.133786280104477
24.2022975604101 0.165004354618802
24.2217260495739 0.196057949203979
24.2411545387377 0.22691610896159
24.2605830279015 0.257548073806895
24.2800115170653 0.287923309131164
24.2994400062291 0.31801153623924
24.318868495393 0.347782762531983
24.3382969845568 0.377207311403575
24.3577254737206 0.406255851823787
24.3771539628844 0.43489942757579
24.3965824520482 0.463109486120349
24.4160109412121 0.490857907057594
24.4354394303759 0.518117030158077
24.4548679195397 0.544859682935069
24.4742964087035 0.571059207730697
24.4937248978673 0.596689488288857
24.5131533870312 0.621724975788495
24.532581876195 0.646140714311209
24.5520103653588 0.669912365717853
24.5714388545226 0.693016233909333
24.5908673436864 0.715429288447372
24.6102958328503 0.737129187511779
24.6297243220141 0.758094300171244
24.6491528111779 0.778303727945528
24.6685813003417 0.79773732563752
24.6880097895055 0.816375721414399
24.7074382786693 0.834200336117917
24.7268667678332 0.851193401784494
24.746295256997 0.867337979356716
24.7657237461608 0.882617975568548
24.7851522353246 0.897018158987464
24.8045807244884 0.910524175197462
24.8240092136523 0.92312256110786
24.8434377028161 0.934800758373599
24.8628661919799 0.945547125913668
24.8822946811437 0.955350951515195
24.9017231703075 0.964202462511611
24.9211516594714 0.972092835524256
24.9405801486352 0.979014205257715
24.960008637799 0.984959672340111
24.9794371269628 0.989923310200557
24.9988656161266 0.993900170976888
25.0182941052905 0.996886290447793
25.0377225944543 0.998878691984444
25.0571510836181 0.999875389517657
25.0765795727819 0.999875389517657
25.0960080619457 0.998878691984444
25.1154365511095 0.996886290447793
25.1348650402734 0.993900170976888
25.1542935294372 0.989923310200557
25.173722018601 0.984959672340111
25.1931505077648 0.979014205257715
25.2125789969286 0.972092835524258
25.2320074860925 0.964202462511611
25.2514359752563 0.955350951515195
25.2708644644201 0.945547125913668
25.2902929535839 0.934800758373597
25.3097214427477 0.92312256110786
25.3291499319116 0.910524175197462
25.3485784210754 0.897018158987464
25.3680069102392 0.882617975568548
25.387435399403 0.867337979356713
25.4068638885668 0.851193401784494
25.4262923777307 0.834200336117917
25.4457208668945 0.816375721414399
25.4651493560583 0.797737325637521
25.4845778452221 0.778303727945528
25.5040063343859 0.758094300171245
25.5234348235497 0.737129187511779
25.5428633127136 0.715429288447372
25.5622918018774 0.693016233909333
25.5817202910412 0.669912365717854
25.601148780205 0.646140714311209
25.6205772693688 0.621724975788495
25.6400057585327 0.596689488288857
25.6594342476965 0.571059207730697
25.6788627368603 0.544859682935069
25.6982912260241 0.518117030158077
25.7177197151879 0.490857907057595
25.7371482043518 0.463109486120349
25.7565766935156 0.434899427575796
25.7760051826794 0.406255851823787
25.7954336718432 0.377207311403576
25.814862161007 0.347782762531983
25.8342906501709 0.31801153623924
25.8537191393347 0.287923309131164
25.8731476284985 0.257548073806896
25.8925761176623 0.22691610896159
25.9120046068261 0.196057949203979
25.9314330959899 0.165004354618802
25.9508615851538 0.133786280104477
25.9702900743176 0.102434844516613
25.9897185634814 0.0709812996480162
26.0091470526452 0.0394569990762545
26.028575541809 0.00789336690971022
26.0480040309729 -0.0236781335366256
26.0674325201367 -0.0552260311045093
26.0868610093005 -0.0867188781635496
26.1062894984643 -0.118125281958906
26.1257179876281 -0.149413935904263
26.145146476792 -0.180553650788904
26.1645749659558 -0.211513385867819
26.1840034551196 -0.242262279803783
26.2034319442834 -0.272769681430601
26.2228604334472 -0.303005180306876
26.2422889226111 -0.332938637029762
26.2617174117749 -0.362540213278625
26.2811459009387 -0.391780401558492
26.3005743901025 -0.420630054613782
26.3200028792663 -0.449060414482922
26.3394313684302 -0.47704314116489
26.358859857594 -0.504550340869177
26.3782883467578 -0.5315545938209
26.3977168359216 -0.558028981593438
26.4171453250854 -0.583947113941307
26.4365738142492 -0.609283155106517
26.4560023034131 -0.634011849572238
26.4754307925769 -0.658108547238036
26.4948592817407 -0.681549227991635
26.5142877709045 -0.704310525652673
26.5337162600683 -0.726369751264639
26.5531447492322 -0.747704915711709
26.572573238396 -0.768294751637969
26.5920017275598 -0.788118734647194
26.6114302167236 -0.807157103761986
26.6308587058874 -0.825390881121976
26.6502871950513 -0.84280189090135
26.6697156842151 -0.859372777426911
26.6891441733789 -0.875087022478595
26.7085726625427 -0.889928961755181
26.7280011517065 -0.903883800488824
26.7474296408704 -0.916937628192788
26.7668581300342 -0.929077432527731
26.786286619198 -0.940291112272676
26.8057151083618 -0.950567489387783
26.8251435975256 -0.959896320156857
26.8445720866894 -0.968268305398507
26.8640005758533 -0.975675099735774
26.8834290650171 -0.982109319914981
26.9028575541809 -0.987564552165524
26.9222860433447 -0.992035358593258
26.9417145325085 -0.995517282601106
26.9611430216724 -0.998006853331494
26.9805715108362 -0.999501589126174
27 -1
