0 -1
0.0169018024748744 -0.999501589126174
0.0338036049497487 -0.998006853331493
0.0507054074246231 -0.995517282601106
0.0676072098994975 -0.992035358593258
0.0845090123743719 -0.987564552165524
0.101410814849246 -0.98210931991498
0.118312617324121 -0.975675099735774
0.135214419798995 -0.968268305398507
0.152116222273869 -0.959896320156857
0.169018024748744 -0.950567489387783
0.185919827223618 -0.940291112272676
0.202821629698492 -0.929077432527731
0.219723432173367 -0.916937628192789
0.236625234648241 -0.903883800488824
0.253527037123116 -0.88992896175518
0.27042883959799 -0.875087022478594
0.287330642072864 -0.859372777426912
0.304232444547739 -0.842801890901351
0.321134247022613 -0.825390881121976
0.338036049497487 -0.807157103761985
0.354937851972362 -0.788118734647192
0.371839654447236 -0.768294751637971
0.388741456922111 -0.747704915711709
0.405643259396985 -0.726369751264639
0.422545061871859 -0.704310525652672
0.439446864346734 -0.681549227991634
0.456348666821608 -0.658108547238038
0.473250469296482 -0.634011849572239
0.490152271771357 -0.609283155106517
0.507054074246231 -0.583947113941306
0.523955876721106 -0.55802898159344
0.54085767919598 -0.531554593820901
0.557759481670854 -0.504550340869177
0.574661284145729 -0.47704314116489
0.591563086620603 -0.44906041448292
0.608464889095477 -0.420630054613784
0.625366691570352 -0.391780401558493
0.642268494045226 -0.362540213278625
0.659170296520101 -0.332938637029761
0.676072098994975 -0.303005180306873
0.692973901469849 -0.272769681430603
0.709875703944724 -0.242262279803783
0.726777506419598 -0.211513385867819
0.743679308894472 -0.180553650788902
0.760581111369347 -0.149413935904261
0.777482913844221 -0.118125281958908
0.794384716319096 -0.0867188781635505
0.81128651879397 -0.0552260311045082
0.828188321268844 -0.0236781335366241
0.845090123743719 0.00789336690971309
0.861991926218593 0.0394569990762527
0.878893728693467 0.0709812996480158
0.895795531168342 0.102434844516613
0.912697333643216 0.133786280104479
0.929599136118091 0.165004354618799
0.946500938592965 0.196057949203978
0.963402741067839 0.22691610896159
0.980304543542714 0.257548073806896
0.997206346017588 0.287923309131166
1.01410814849246 0.318011536239238
1.03100995096734 0.347782762531982
1.04791175344221 0.377207311403576
1.06481355591709 0.406255851823789
1.08171535839196 0.434899427575793
1.09861716086683 0.463109486120347
1.11551896334171 0.490857907057594
1.13242076581658 0.518117030158078
1.14932256829146 0.54485968293507
1.16622437076633 0.571059207730695
1.18312617324121 0.596689488288855
1.20002797571608 0.621724975788495
1.21692977819095 0.64614071431121
1.23383158066583 0.669912365717855
1.2507333831407 0.693016233909332
1.26763518561558 0.715429288447371
1.28453698809045 0.737129187511779
1.30143879056533 0.758094300171245
1.3183405930402 0.77830372794553
1.33524239551508 0.797737325637519
1.35214419798995 0.816375721414399
1.36904600046482 0.834200336117917
1.3859478029397 0.851193401784494
1.40284960541457 0.867337979356715
1.41975140788945 0.882617975568547
1.43665321036432 0.897018158987464
1.4535550128392 0.910524175197462
1.47045681531407 0.923122561107861
1.48735861778894 0.934800758373598
1.50426042026382 0.945547125913667
1.52116222273869 0.955350951515195
1.53806402521357 0.964202462511612
1.55496582768844 0.972092835524257
1.57186763016332 0.979014205257714
1.58876943263819 0.984959672340111
1.60567123511307 0.989923310200557
1.62257303758794 0.993900170976888
1.63947484006281 0.996886290447793
1.65637664253769 0.998878691984444
1.67327844501256 0.999875389517657
1.69018024748744 0.999875389517657
1.70708204996231 0.998878691984444
1.72398385243719 0.996886290447793
1.74088565491206 0.993900170976888
1.75778745738693 0.989923310200557
1.77468925986181 0.984959672340111
1.79159106233668 0.979014205257715
1.80849286481156 0.972092835524257
1.82539466728643 0.964202462511612
1.84229646976131 0.955350951515195
1.85919827223618 0.945547125913667
1.87610007471106 0.934800758373598
1.89300187718593 0.923122561107861
1.9099036796608 0.910524175197462
1.92680548213568 0.897018158987464
1.94370728461055 0.882617975568547
1.96060908708543 0.867337979356715
1.9775108895603 0.851193401784495
1.99441269203518 0.834200336117918
2.01131449451005 0.816375721414399
2.02821629698492 0.79773732563752
2.0451180994598 0.77830372794553
2.06201990193467 0.758094300171246
2.07892170440955 0.737129187511779
2.09582350688442 0.715429288447371
2.1127253093593 0.693016233909332
2.12962711183417 0.669912365717855
2.14652891430905 0.64614071431121
2.16343071678392 0.621724975788495
2.18033251925879 0.596689488288856
2.19723432173367 0.571059207730696
2.21413612420854 0.54485968293507
2.23103792668342 0.518117030158077
2.24793972915829 0.490857907057594
2.26484153163317 0.463109486120348
2.28174333410804 0.434899427575794
2.29864513658291 0.406255851823789
2.31554693905779 0.377207311403576
2.33244874153266 0.347782762531982
2.34935054400754 0.318011536239239
2.36625234648241 0.287923309131167
2.38315414895729 0.257548073806897
2.40005595143216 0.22691610896159
2.41695775390704 0.196057949203978
2.43385955638191 0.1650043546188
2.45076135885678 0.133786280104479
2.46766316133166 0.102434844516614
2.48456496380653 0.0709812996480153
2.50146676628141 0.0394569990762527
2.51836856875628 0.00789336690971378
2.53527037123116 -0.0236781335366239
2.55217217370603 -0.0552260311045075
2.5690739761809 -0.0867188781635505
2.58597577865578 -0.118125281958908
2.60287758113065 -0.14941393590426
2.61977938360553 -0.180553650788903
2.6366811860804 -0.21151338586782
2.65358298855528 -0.242262279803783
2.67048479103015 -0.272769681430603
2.68738659350503 -0.303005180306872
2.7042883959799 -0.332938637029761
2.72119019845477 -0.362540213278624
2.73809200092965 -0.391780401558493
2.75499380340452 -0.420630054613784
2.7718956058794 -0.449060414482919
2.78879740835427 -0.477043141164889
2.80569921082915 -0.504550340869177
2.82260101330402 -0.531554593820901
2.83950281577889 -0.558028981593439
2.85640461825377 -0.583947113941306
2.87330642072864 -0.609283155106517
2.89020822320352 -0.634011849572238
2.90711002567839 -0.658108547238037
2.92401182815327 -0.681549227991633
2.94091363062814 -0.704310525652672
2.95781543310301 -0.726369751264639
2.97471723557789 -0.747704915711709
2.99161903805276 -0.768294751637971
3.00852084052764 -0.788118734647192
3.02542264300251 -0.807157103761986
3.04232444547739 -0.825390881121977
3.05922624795226 -0.84280189090135
3.07612805042714 -0.859372777426912
3.09302985290201 -0.875087022478593
3.10993165537688 -0.88992896175518
3.12683345785176 -0.903883800488824
3.14373526032663 -0.916937628192789
3.16063706280151 -0.929077432527731
3.17753886527638 -0.940291112272676
3.19444066775126 -0.950567489387783
3.21134247022613 -0.959896320156857
3.22824427270101 -0.968268305398507
3.24514607517588 -0.975675099735774
3.26204787765075 -0.98210931991498
3.27894968012563 -0.987564552165524
3.2958514826005 -0.992035358593258
3.31275328507538 -0.995517282601106
3.32965508755025 -0.998006853331493
3.34655689002513 -0.999501589126174
3.3634586925 -1
3.36848920288794 -0.999501589126174
3.37351971327588 -0.998006853331493
3.37855022366382 -0.995517282601106
3.38358073405176 -0.992035358593258
3.3886112444397 -0.987564552165524
3.39364175482764 -0.98210931991498
3.39867226521558 -0.975675099735774
3.40370277560352 -0.968268305398507
3.40873328599146 -0.959896320156857
3.4137637963794 -0.950567489387783
3.41879430676734 -0.940291112272675
3.42382481715528 -0.92907743252773
3.42885532754322 -0.916937628192789
3.43388583793116 -0.903883800488824
3.4389163483191 -0.88992896175518
3.44394685870704 -0.875087022478594
3.44897736909497 -0.859372777426913
3.45400787948291 -0.84280189090135
3.45903838987085 -0.825390881121976
3.46406890025879 -0.807157103761986
3.46909941064673 -0.788118734647192
3.47412992103467 -0.768294751637971
3.47916043142261 -0.74770491571171
3.48419094181055 -0.726369751264639
3.48922145219849 -0.704310525652672
3.49425196258643 -0.681549227991635
3.49928247297437 -0.658108547238037
3.50431298336231 -0.634011849572239
3.50934349375025 -0.609283155106517
3.51437400413819 -0.583947113941305
3.51940451452613 -0.55802898159344
3.52443502491407 -0.531554593820902
3.52946553530201 -0.504550340869177
3.53449604568995 -0.47704314116489
3.53952655607789 -0.449060414482921
3.54455706646583 -0.420630054613783
3.54958757685377 -0.391780401558493
3.55461808724171 -0.362540213278625
3.55964859762965 -0.33293863702976
3.56467910801759 -0.303005180306873
3.56970961840553 -0.272769681430604
3.57474012879347 -0.242262279803782
3.57977063918141 -0.211513385867819
3.58480114956935 -0.180553650788903
3.58983165995729 -0.149413935904262
3.59486217034523 -0.118125281958907
3.59989268073317 -0.0867188781635512
3.60492319112111 -0.0552260311045093
3.60995370150905 -0.0236781335366234
3.61498421189699 0.00789336690971287
3.62001472228492 0.0394569990762516
3.62504523267286 0.0709812996480167
3.6300757430608 0.102434844516613
3.63510625344874 0.133786280104478
3.64013676383668 0.1650043546188
3.64516727422462 0.196057949203978
3.65019778461256 0.226916108961589
3.6552282950005 0.257548073806898
3.66025880538844 0.287923309131166
3.66528931577638 0.318011536239238
3.67031982616432 0.347782762531983
3.67535033655226 0.377207311403576
3.6803808469402 0.406255851823788
3.68541135732814 0.434899427575794
3.69044186771608 0.463109486120348
3.69547237810402 0.490857907057593
3.70050288849196 0.518117030158079
3.7055333988799 0.54485968293507
3.71056390926784 0.571059207730694
3.71559441965578 0.596689488288855
3.72062493004372 0.621724975788495
3.72565544043166 0.64614071431121
3.7306859508196 0.669912365717856
3.73571646120754 0.693016233909332
3.74074697159548 0.715429288447371
3.74577748198342 0.737129187511778
3.75080799237136 0.758094300171246
3.7558385027593 0.77830372794553
3.76086901314724 0.797737325637519
3.76589952353518 0.816375721414399
3.77093003392312 0.834200336117917
3.77596054431106 0.851193401784494
3.780991054699 0.867337979356715
3.78602156508693 0.882617975568547
3.79105207547487 0.897018158987463
3.79608258586281 0.910524175197463
3.80111309625075 0.923122561107861
3.80614360663869 0.934800758373598
3.81117411702663 0.945547125913667
3.81620462741457 0.955350951515195
3.82123513780251 0.964202462511611
3.82626564819045 0.972092835524257
3.83129615857839 0.979014205257715
3.83632666896633 0.98495967234011
3.84135717935427 0.989923310200557
3.84638768974221 0.993900170976888
3.85141820013015 0.996886290447793
3.85644871051809 0.998878691984444
3.86147922090603 0.999875389517657
3.86650973129397 0.999875389517657
3.87154024168191 0.998878691984444
3.87657075206985 0.996886290447793
3.88160126245779 0.993900170976888
3.88663177284573 0.989923310200557
3.89166228323367 0.98495967234011
3.89669279362161 0.979014205257715
3.90172330400955 0.972092835524257
3.90675381439749 0.964202462511612
3.91178432478543 0.955350951515195
3.91681483517337 0.945547125913667
3.92184534556131 0.934800758373598
3.92687585594925 0.923122561107861
3.93190636633719 0.910524175197463
3.93693687672513 0.897018158987463
3.94196738711307 0.882617975568547
3.94699789750101 0.867337979356715
3.95202840788895 0.851193401784494
3.95705891827688 0.834200336117918
3.96208942866482 0.8163757214144
3.96711993905276 0.79773732563752
3.9721504494407 0.77830372794553
3.97718095982864 0.758094300171246
3.98221147021658 0.737129187511778
3.98724198060452 0.715429288447371
3.99227249099246 0.693016233909332
3.9973030013804 0.669912365717856
4.00233351176834 0.646140714311212
4.00736402215628 0.621724975788493
4.01239453254422 0.596689488288855
4.01742504293216 0.571059207730695
4.0224555533201 0.54485968293507
4.02748606370804 0.518117030158079
4.03251657409598 0.490857907057596
4.03754708448392 0.463109486120345
4.04257759487186 0.434899427575792
4.0476081052598 0.406255851823789
4.05263861564774 0.377207311403576
4.05766912603568 0.347782762531983
4.06269963642362 0.31801153623924
4.06773014681156 0.287923309131169
4.0727606571995 0.257548073806895
4.07779116758744 0.22691610896159
4.08282167797538 0.196057949203978
4.08785218836332 0.1650043546188
4.09288269875126 0.133786280104481
4.0979132091392 0.10243484451661
4.10294371952714 0.0709812996480136
4.10797422991508 0.0394569990762518
4.11300474030302 0.00789336690971289
4.11803525069095 -0.023678133536623
4.12306576107889 -0.0552260311045066
4.12809627146683 -0.0867188781635487
4.13312678185477 -0.11812528195891
4.13815729224271 -0.149413935904262
4.14318780263065 -0.180553650788903
4.14821831301859 -0.211513385867818
4.15324882340653 -0.242262279803781
4.15827933379447 -0.272769681430601
4.16330984418241 -0.303005180306875
4.16834035457035 -0.332938637029762
4.17337086495829 -0.362540213278626
4.17840137534623 -0.391780401558493
4.18343188573417 -0.420630054613783
4.18846239612211 -0.449060414482918
4.19349290651005 -0.477043141164887
4.19852341689799 -0.504550340869178
4.20355392728593 -0.531554593820902
4.20858443767387 -0.55802898159344
4.21361494806181 -0.583947113941305
4.21864545844975 -0.609283155106515
4.22367596883769 -0.634011849572241
4.22870647922563 -0.658108547238039
4.23373698961357 -0.681549227991635
4.23876750000151 -0.704310525652672
4.24379801038945 -0.726369751264639
4.24882852077739 -0.747704915711708
4.25385903116533 -0.768294751637969
4.25888954155327 -0.788118734647194
4.26392005194121 -0.807157103761986
4.26895056232915 -0.825390881121976
4.27398107271709 -0.84280189090135
4.27901158310503 -0.859372777426911
4.28404209349296 -0.875087022478592
4.28907260388091 -0.889928961755181
4.29410311426884 -0.903883800488824
4.29913362465678 -0.916937628192789
4.30416413504472 -0.92907743252773
4.30919464543266 -0.940291112272675
4.3142251558206 -0.950567489387782
4.31925566620854 -0.959896320156856
4.32428617659648 -0.968268305398508
4.32931668698442 -0.975675099735774
4.33434719737236 -0.98210931991498
4.3393777077603 -0.987564552165523
4.34440821814824 -0.992035358593258
4.34943872853618 -0.995517282601106
4.35446923892412 -0.998006853331493
4.35949974931206 -0.999501589126174
4.3645302597 -1
4.38162291334372 -0.999501589126174
4.39871556698744 -0.998006853331493
4.41580822063116 -0.995517282601106
4.43290087427487 -0.992035358593258
4.44999352791859 -0.987564552165524
4.46708618156231 -0.98210931991498
4.48417883520603 -0.975675099735774
4.50127148884975 -0.968268305398507
4.51836414249347 -0.959896320156857
4.53545679613719 -0.950567489387783
4.5525494497809 -0.940291112272676
4.56964210342462 -0.929077432527731
4.58673475706834 -0.916937628192789
4.60382741071206 -0.903883800488824
4.62092006435578 -0.88992896175518
4.6380127179995 -0.875087022478594
4.65510537164322 -0.859372777426912
4.67219802528694 -0.842801890901351
4.68929067893065 -0.825390881121976
4.70638333257437 -0.807157103761985
4.72347598621809 -0.788118734647192
4.74056863986181 -0.768294751637971
4.75766129350553 -0.747704915711709
4.77475394714925 -0.726369751264639
4.79184660079297 -0.704310525652672
4.80893925443668 -0.681549227991634
4.8260319080804 -0.658108547238038
4.84312456172412 -0.634011849572239
4.86021721536784 -0.609283155106517
4.87730986901156 -0.583947113941306
4.89440252265528 -0.55802898159344
4.911495176299 -0.531554593820901
4.92858782994271 -0.504550340869177
4.94568048358643 -0.47704314116489
4.96277313723015 -0.44906041448292
4.97986579087387 -0.420630054613784
4.99695844451759 -0.391780401558493
5.01405109816131 -0.362540213278625
5.03114375180503 -0.332938637029761
5.04823640544874 -0.303005180306873
5.06532905909246 -0.272769681430603
5.08242171273618 -0.242262279803783
5.0995143663799 -0.211513385867819
5.11660702002362 -0.180553650788902
5.13369967366734 -0.149413935904261
5.15079232731106 -0.118125281958908
5.16788498095477 -0.0867188781635509
5.18497763459849 -0.0552260311045082
5.20207028824221 -0.0236781335366241
5.21916294188593 0.00789336690971331
5.23625559552965 0.0394569990762527
5.25334824917337 0.070981299648016
5.27044090281709 0.102434844516613
5.2875335564608 0.133786280104479
5.30462621010452 0.165004354618799
5.32171886374824 0.196057949203978
5.33881151739196 0.22691610896159
5.35590417103568 0.257548073806897
5.3729968246794 0.287923309131166
5.39008947832312 0.318011536239238
5.40718213196683 0.347782762531982
5.42427478561055 0.377207311403576
5.44136743925427 0.406255851823789
5.45846009289799 0.434899427575793
5.47555274654171 0.463109486120348
5.49264540018543 0.490857907057594
5.50973805382915 0.518117030158078
5.52683070747286 0.54485968293507
5.54392336111658 0.571059207730695
5.5610160147603 0.596689488288856
5.57810866840402 0.621724975788495
5.59520132204774 0.64614071431121
5.61229397569146 0.669912365717855
5.62938662933518 0.693016233909331
5.64647928297889 0.715429288447371
5.66357193662261 0.737129187511779
5.68066459026633 0.758094300171246
5.69775724391005 0.77830372794553
5.71484989755377 0.797737325637519
5.73194255119749 0.816375721414399
5.74903520484121 0.834200336117918
5.76612785848492 0.851193401784495
5.78322051212864 0.867337979356715
5.80031316577236 0.882617975568547
5.81740581941608 0.897018158987464
5.8344984730598 0.910524175197462
5.85159112670352 0.923122561107861
5.86868378034724 0.934800758373598
5.88577643399096 0.945547125913667
5.90286908763467 0.955350951515195
5.91996174127839 0.964202462511612
5.93705439492211 0.972092835524257
5.95414704856583 0.979014205257715
5.97123970220955 0.98495967234011
5.98833235585327 0.989923310200557
6.00542500949699 0.993900170976888
6.0225176631407 0.996886290447793
6.03961031678442 0.998878691984444
6.05670297042814 0.999875389517657
6.07379562407186 0.999875389517657
6.09088827771558 0.998878691984444
6.1079809313593 0.996886290447793
6.12507358500302 0.993900170976888
6.14216623864673 0.989923310200557
6.15925889229045 0.984959672340111
6.17635154593417 0.979014205257715
6.19344419957789 0.972092835524257
6.21053685322161 0.964202462511612
6.22762950686533 0.955350951515195
6.24472216050905 0.945547125913667
6.26181481415276 0.934800758373598
6.27890746779648 0.923122561107861
6.2960001214402 0.910524175197462
6.31309277508392 0.897018158987464
6.33018542872764 0.882617975568547
6.34727808237136 0.867337979356715
6.36437073601508 0.851193401784495
6.38146338965879 0.834200336117918
6.39855604330251 0.816375721414399
6.41564869694623 0.79773732563752
6.43274135058995 0.77830372794553
6.44983400423367 0.758094300171246
6.46692665787739 0.737129187511779
6.48401931152111 0.715429288447371
6.50111196516482 0.693016233909332
6.51820461880854 0.669912365717855
6.53529727245226 0.64614071431121
6.55238992609598 0.621724975788495
6.5694825797397 0.596689488288856
6.58657523338342 0.571059207730695
6.60366788702714 0.54485968293507
6.62076054067085 0.518117030158078
6.63785319431457 0.490857907057594
6.65494584795829 0.463109486120348
6.67203850160201 0.434899427575793
6.68913115524573 0.40625585182379
6.70622380888945 0.377207311403576
6.72331646253317 0.347782762531982
6.74040911617688 0.318011536239239
6.7575017698206 0.287923309131167
6.77459442346432 0.257548073806896
6.79168707710804 0.22691610896159
6.80877973075176 0.196057949203978
6.82587238439548 0.1650043546188
6.8429650380392 0.133786280104479
6.86005769168291 0.102434844516613
6.87715034532663 0.0709812996480162
6.89424299897035 0.0394569990762536
6.91133565261407 0.00789336690971378
6.92842830625779 -0.0236781335366239
6.94552095990151 -0.0552260311045075
6.96261361354523 -0.0867188781635505
6.97970626718894 -0.118125281958907
6.99679892083266 -0.149413935904261
7.01389157447638 -0.180553650788902
7.0309842281201 -0.211513385867819
7.04807688176382 -0.242262279803783
7.06516953540754 -0.272769681430603
7.08226218905126 -0.303005180306872
7.09935484269498 -0.33293863702976
7.11644749633869 -0.362540213278624
7.13354014998241 -0.391780401558494
7.15063280362613 -0.420630054613784
7.16772545726985 -0.44906041448292
7.18481811091357 -0.47704314116489
7.20191076455729 -0.504550340869177
7.21900341820101 -0.531554593820901
7.23609607184472 -0.558028981593439
7.25318872548844 -0.583947113941307
7.27028137913216 -0.609283155106517
7.28737403277588 -0.634011849572239
7.3044666864196 -0.658108547238037
7.32155934006332 -0.681549227991633
7.33865199370704 -0.704310525652672
7.35574464735075 -0.726369751264639
7.37283730099447 -0.747704915711709
7.38992995463819 -0.768294751637971
7.40702260828191 -0.788118734647193
7.42411526192563 -0.807157103761985
7.44120791556935 -0.825390881121976
7.45830056921307 -0.84280189090135
7.47539322285678 -0.859372777426912
7.4924858765005 -0.875087022478593
7.50957853014422 -0.889928961755181
7.52667118378794 -0.903883800488824
7.54376383743166 -0.916937628192789
7.56085649107538 -0.92907743252773
7.5779491447191 -0.940291112272675
7.59504179836281 -0.950567489387783
7.61213445200653 -0.959896320156857
7.62922710565025 -0.968268305398507
7.64631975929397 -0.975675099735774
7.66341241293769 -0.98210931991498
7.68050506658141 -0.987564552165524
7.69759772022513 -0.992035358593258
7.71469037386884 -0.995517282601106
7.73178302751256 -0.998006853331493
7.74887568115628 -0.999501589126174
7.7659683348 -1
7.78145900760905 -0.999501589126174
7.79694968041809 -0.998006853331493
7.81244035322714 -0.995517282601106
7.82793102603618 -0.992035358593258
7.84342169884523 -0.987564552165524
7.85891237165427 -0.98210931991498
7.87440304446332 -0.975675099735774
7.88989371727236 -0.968268305398507
7.90538439008141 -0.959896320156857
7.92087506289045 -0.950567489387783
7.9363657356995 -0.940291112272675
7.95185640850854 -0.929077432527731
7.96734708131759 -0.916937628192788
7.98283775412663 -0.903883800488824
7.99832842693568 -0.88992896175518
8.01381909974472 -0.875087022478593
8.02930977255377 -0.859372777426911
8.04480044536281 -0.842801890901351
8.06029111817186 -0.825390881121976
8.0757817909809 -0.807157103761985
8.09127246378995 -0.788118734647192
8.106763136599 -0.768294751637969
8.12225380940804 -0.74770491571171
8.13774448221709 -0.72636975126464
8.15323515502613 -0.704310525652672
8.16872582783518 -0.681549227991633
8.18421650064422 -0.658108547238039
8.19970717345327 -0.634011849572239
8.21519784626231 -0.609283155106517
8.23068851907136 -0.583947113941306
8.2461791918804 -0.558028981593439
8.26166986468945 -0.531554593820903
8.27716053749849 -0.504550340869178
8.29265121030754 -0.47704314116489
8.30814188311658 -0.449060414482919
8.32363255592563 -0.420630054613783
8.33912322873467 -0.391780401558494
8.35461390154372 -0.362540213278625
8.37010457435276 -0.332938637029761
8.38559524716181 -0.303005180306872
8.40108591997086 -0.272769681430601
8.4165765927799 -0.242262279803784
8.43206726558894 -0.21151338586782
8.44755793839799 -0.180553650788902
8.46304861120704 -0.14941393590426
8.47853928401608 -0.118125281958906
8.49402995682513 -0.086718878163552
8.50952062963417 -0.0552260311045086
8.52501130244322 -0.0236781335366237
8.54050197525226 0.00789336690971442
8.55599264806131 0.0394569990762509
8.57148332087035 0.0709812996480149
8.5869739936794 0.102434844516613
8.60246466648844 0.133786280104479
8.61795533929749 0.1650043546188
8.63344601210653 0.196057949203976
8.64893668491558 0.226916108961589
8.66442735772462 0.257548073806896
8.67991803053367 0.287923309131167
8.69540870334271 0.318011536239239
8.71089937615176 0.347782762531981
8.7263900489608 0.377207311403575
8.74188072176985 0.406255851823789
8.75737139457889 0.434899427575794
8.77286206738794 0.463109486120349
8.78835274019698 0.490857907057592
8.80384341300603 0.518117030158077
8.81933408581508 0.54485968293507
8.83482475862412 0.571059207730696
8.85031543143317 0.596689488288857
8.86580610424221 0.621724975788494
8.88129677705126 0.646140714311209
8.8967874498603 0.669912365717855
8.91227812266935 0.693016233909332
8.92776879547839 0.715429288447373
8.94325946828744 0.737129187511778
8.95875014109648 0.758094300171245
8.97424081390553 0.77830372794553
8.98973148671457 0.79773732563752
9.00522215952362 0.8163757214144
9.02071283233266 0.834200336117917
9.03620350514171 0.851193401784494
9.05169417795075 0.867337979356715
9.0671848507598 0.882617975568547
9.08267552356884 0.897018158987463
9.09816619637789 0.910524175197462
9.11365686918693 0.923122561107861
9.12914754199598 0.934800758373599
9.14463821480503 0.945547125913667
9.16012888761407 0.955350951515195
9.17561956042312 0.964202462511611
9.19111023323216 0.972092835524257
9.20660090604121 0.979014205257715
9.22209157885025 0.984959672340111
9.2375822516593 0.989923310200557
9.25307292446834 0.993900170976888
9.26856359727739 0.996886290447793
9.28405427008643 0.998878691984444
9.29954494289548 0.999875389517657
9.31503561570452 0.999875389517657
9.33052628851357 0.998878691984444
9.34601696132261 0.996886290447793
9.36150763413166 0.993900170976888
9.3769983069407 0.989923310200557
9.39248897974975 0.984959672340111
9.40797965255879 0.979014205257715
9.42347032536784 0.972092835524257
9.43896099817688 0.964202462511612
9.45445167098593 0.955350951515194
9.46994234379497 0.945547125913668
9.48543301660402 0.934800758373598
9.50092368941307 0.923122561107861
9.51641436222211 0.910524175197462
9.53190503503115 0.897018158987464
9.5473957078402 0.882617975568547
9.56288638064925 0.867337979356715
9.57837705345829 0.851193401784494
9.59386772626734 0.834200336117917
9.60935839907638 0.8163757214144
9.62484907188543 0.79773732563752
9.64033974469447 0.77830372794553
9.65583041750352 0.758094300171245
9.67132109031256 0.737129187511778
9.68681176312161 0.715429288447373
9.70230243593065 0.693016233909333
9.7177931087397 0.669912365717855
9.73328378154874 0.646140714311209
9.74877445435779 0.621724975788494
9.76426512716683 0.596689488288857
9.77975579997588 0.571059207730696
9.79524647278492 0.544859682935071
9.81073714559397 0.518117030158077
9.82622781840302 0.490857907057593
9.84171849121206 0.463109486120349
9.85720916402111 0.434899427575793
9.87269983683015 0.406255851823789
9.8881905096392 0.377207311403576
9.90368118244824 0.347782762531981
9.91917185525729 0.31801153623924
9.93466252806633 0.287923309131167
9.95015320087538 0.257548073806896
9.96564387368442 0.22691610896159
9.98113454649347 0.196057949203977
9.99662521930251 0.165004354618801
10.0121158921116 0.133786280104479
10.0276065649206 0.102434844516613
10.0430972377296 0.0709812996480145
10.0585879105387 0.0394569990762509
10.0740785833477 0.00789336690971467
10.0895692561568 -0.0236781335366239
10.1050599289658 -0.0552260311045084
10.1205506017749 -0.0867188781635514
10.1360412745839 -0.11812528195891
10.151531947393 -0.14941393590426
10.167022620202 -0.180553650788902
10.1825132930111 -0.211513385867819
10.1980039658201 -0.242262279803785
10.2134946386291 -0.272769681430605
10.2289853114382 -0.303005180306871
10.2444759842472 -0.332938637029761
10.2599666570563 -0.362540213278625
10.2754573298653 -0.39178040155849
10.2909480026744 -0.420630054613786
10.3064386754834 -0.449060414482919
10.3219293482925 -0.47704314116489
10.3374200211015 -0.504550340869178
10.3529106939106 -0.531554593820899
10.3684013667196 -0.558028981593439
10.3838920395286 -0.583947113941306
10.3993827123377 -0.609283155106517
10.4148733851467 -0.634011849572239
10.4303640579558 -0.658108547238036
10.4458547307648 -0.681549227991633
10.4613454035739 -0.704310525652671
10.4768360763829 -0.726369751264639
10.492326749192 -0.74770491571171
10.507817422001 -0.768294751637972
10.5233080948101 -0.788118734647194
10.5387987676191 -0.807157103761985
10.5542894404281 -0.825390881121976
10.5697801132372 -0.842801890901351
10.5852707860462 -0.859372777426911
10.6007614588553 -0.875087022478595
10.6162521316643 -0.88992896175518
10.6317428044734 -0.903883800488824
10.6472334772824 -0.916937628192789
10.6627241500915 -0.92907743252773
10.6782148229005 -0.940291112272675
10.6937054957095 -0.950567489387783
10.7091961685186 -0.959896320156857
10.7246868413276 -0.968268305398507
10.7401775141367 -0.975675099735773
10.7556681869457 -0.98210931991498
10.7711588597548 -0.987564552165524
10.7866495325638 -0.992035358593258
10.8021402053729 -0.995517282601106
10.8176308781819 -0.998006853331493
10.833121550991 -0.999501589126174
10.8486122238 -1
10.8678575965503 -0.999501589126174
10.8871029693005 -0.998006853331493
10.9063483420508 -0.995517282601106
10.925593714801 -0.992035358593258
10.9448390875513 -0.987564552165524
10.9640844603015 -0.982109319914981
10.9833298330518 -0.975675099735774
11.002575205802 -0.968268305398507
11.0218205785523 -0.959896320156857
11.0410659513025 -0.950567489387783
11.0603113240528 -0.940291112272676
11.079556696803 -0.92907743252773
11.0988020695533 -0.916937628192788
11.1180474423035 -0.903883800488824
11.1372928150538 -0.88992896175518
11.156538187804 -0.875087022478593
11.1757835605543 -0.859372777426913
11.1950289333045 -0.842801890901351
11.2142743060548 -0.825390881121976
11.233519678805 -0.807157103761985
11.2527650515553 -0.788118734647193
11.2720104243055 -0.768294751637971
11.2912557970558 -0.747704915711709
11.310501169806 -0.726369751264639
11.3297465425563 -0.704310525652673
11.3489919153065 -0.681549227991634
11.3682372880568 -0.658108547238037
11.387482660807 -0.634011849572238
11.4067280335573 -0.609283155106517
11.4259734063075 -0.583947113941306
11.4452187790578 -0.55802898159344
11.464464151808 -0.5315545938209
11.4837095245583 -0.504550340869178
11.5029548973085 -0.47704314116489
11.5222002700588 -0.449060414482919
11.541445642809 -0.420630054613785
11.5606910155593 -0.391780401558494
11.5799363883095 -0.362540213278624
11.5991817610598 -0.33293863702976
11.61842713381 -0.303005180306874
11.6376725065603 -0.272769681430603
11.6569178793106 -0.242262279803783
11.6761632520608 -0.211513385867818
11.6954086248111 -0.180553650788903
11.7146539975613 -0.149413935904261
11.7338993703116 -0.118125281958907
11.7531447430618 -0.086718878163552
11.7723901158121 -0.0552260311045088
11.7916354885623 -0.0236781335366239
11.8108808613126 0.0078933669097142
11.8301262340628 0.0394569990762516
11.8493716068131 0.0709812996480153
11.8686169795633 0.102434844516614
11.8878623523136 0.13378628010448
11.9071077250638 0.165004354618798
11.9263530978141 0.196057949203978
11.9455984705643 0.226916108961591
11.9648438433146 0.257548073806898
11.9840892160648 0.287923309131166
12.0033345888151 0.318011536239238
12.0225799615653 0.347782762531983
12.0418253343156 0.377207311403577
12.0610707070658 0.406255851823788
12.0803160798161 0.434899427575793
12.0995614525663 0.463109486120348
12.1188068253166 0.490857907057593
12.1380521980668 0.518117030158077
12.1572975708171 0.54485968293507
12.1765429435673 0.571059207730696
12.1957883163176 0.596689488288855
12.2150336890678 0.621724975788495
12.2342790618181 0.64614071431121
12.2535244345683 0.669912365717856
12.2727698073186 0.693016233909331
12.2920151800688 0.715429288447371
12.3112605528191 0.737129187511779
12.3305059255693 0.758094300171246
12.3497512983196 0.778303727945529
12.3689966710698 0.797737325637519
12.3882420438201 0.8163757214144
12.4074874165704 0.834200336117917
12.4267327893206 0.851193401784494
12.4459781620709 0.867337979356715
12.4652235348211 0.882617975568547
12.4844689075714 0.897018158987463
12.5037142803216 0.910524175197462
12.5229596530719 0.923122561107861
12.5422050258221 0.934800758373599
12.5614503985724 0.945547125913667
12.5806957713226 0.955350951515195
12.5999411440729 0.964202462511612
12.6191865168231 0.972092835524257
12.6384318895734 0.979014205257714
12.6576772623236 0.984959672340111
12.6769226350739 0.989923310200557
12.6961680078241 0.993900170976888
12.7154133805744 0.996886290447793
12.7346587533246 0.998878691984444
12.7539041260749 0.999875389517657
12.7731494988251 0.999875389517657
12.7923948715754 0.998878691984444
12.8116402443256 0.996886290447793
12.8308856170759 0.993900170976888
12.8501309898261 0.989923310200557
12.8693763625764 0.984959672340111
12.8886217353266 0.979014205257714
12.9078671080769 0.972092835524257
12.9271124808271 0.964202462511612
12.9463578535774 0.955350951515195
12.9656032263276 0.945547125913667
12.9848485990779 0.934800758373599
13.0040939718281 0.923122561107861
13.0233393445784 0.910524175197462
13.0425847173286 0.897018158987463
13.0618300900789 0.882617975568547
13.0810754628291 0.867337979356715
13.1003208355794 0.851193401784494
13.1195662083296 0.834200336117919
13.1388115810799 0.816375721414399
13.1580569538302 0.79773732563752
13.1773023265804 0.77830372794553
13.1965476993307 0.758094300171245
13.2157930720809 0.737129187511779
13.2350384448312 0.715429288447371
13.2542838175814 0.693016233909331
13.2735291903317 0.669912365717856
13.2927745630819 0.64614071431121
13.3120199358322 0.621724975788495
13.3312653085824 0.596689488288855
13.3505106813327 0.571059207730694
13.3697560540829 0.544859682935071
13.3890014268332 0.518117030158077
13.4082467995834 0.490857907057595
13.4274921723337 0.463109486120349
13.4467375450839 0.434899427575793
13.4659829178342 0.406255851823789
13.4852282905844 0.377207311403575
13.5044736633347 0.347782762531983
13.5237190360849 0.318011536239238
13.5429644088352 0.287923309131166
13.5622097815854 0.257548073806897
13.5814551543357 0.226916108961591
13.6007005270859 0.196057949203978
13.6199458998362 0.165004354618799
13.6391912725864 0.13378628010448
13.6584366453367 0.102434844516614
13.6776820180869 0.0709812996480153
13.6969273908372 0.0394569990762518
13.7161727635874 0.00789336690971378
13.7354181363377 -0.023678133536623
13.7546635090879 -0.0552260311045084
13.7739088818382 -0.0867188781635514
13.7931542545884 -0.11812528195891
13.8123996273387 -0.14941393590426
13.8316450000889 -0.180553650788903
13.8508903728392 -0.211513385867818
13.8701357455894 -0.242262279803783
13.8893811183397 -0.272769681430603
13.90862649109 -0.303005180306873
13.9278718638402 -0.332938637029759
13.9471172365905 -0.362540213278624
13.9663626093407 -0.391780401558493
13.985607982091 -0.420630054613783
14.0048533548412 -0.449060414482919
14.0240987275915 -0.47704314116489
14.0433441003417 -0.504550340869178
14.062589473092 -0.5315545938209
14.0818348458422 -0.558028981593442
14.1010802185925 -0.583947113941306
14.1203255913427 -0.609283155106517
14.139570964093 -0.634011849572238
14.1588163368432 -0.658108547238037
14.1780617095935 -0.681549227991634
14.1973070823437 -0.704310525652673
14.216552455094 -0.726369751264641
14.2357978278442 -0.747704915711709
14.2550432005945 -0.768294751637971
14.2742885733447 -0.788118734647191
14.293533946095 -0.807157103761985
14.3127793188452 -0.825390881121976
14.3320246915955 -0.842801890901351
14.3512700643457 -0.859372777426913
14.370515437096 -0.875087022478593
14.3897608098462 -0.88992896175518
14.4090061825965 -0.903883800488824
14.4282515553467 -0.916937628192788
14.447496928097 -0.92907743252773
14.4667423008472 -0.940291112272676
14.4859876735975 -0.950567489387783
14.5052330463477 -0.959896320156858
14.524478419098 -0.968268305398507
14.5437237918482 -0.975675099735774
14.5629691645985 -0.98210931991498
14.5822145373487 -0.987564552165524
14.601459910099 -0.992035358593258
14.6207052828492 -0.995517282601106
14.6399506555995 -0.998006853331493
14.6591960283497 -0.999501589126174
14.6784414011 -1
14.6845191272251 -0.999501589126174
14.6905968533503 -0.998006853331493
14.6966745794754 -0.995517282601106
14.7027523056005 -0.992035358593258
14.7088300317256 -0.987564552165523
14.7149077578508 -0.98210931991498
14.7209854839759 -0.975675099735773
14.727063210101 -0.968268305398507
14.7331409362261 -0.959896320156856
14.7392186623513 -0.950567489387782
14.7452963884764 -0.940291112272674
14.7513741146015 -0.929077432527729
14.7574518407266 -0.916937628192791
14.7635295668518 -0.903883800488825
14.7696072929769 -0.889928961755182
14.775685019102 -0.875087022478595
14.7817627452271 -0.859372777426914
14.7878404713523 -0.842801890901352
14.7939181974774 -0.825390881121977
14.7999959236025 -0.807157103761986
14.8060736497276 -0.788118734647193
14.8121513758528 -0.768294751637971
14.8182291019779 -0.747704915711709
14.824306828103 -0.72636975126464
14.8303845542281 -0.704310525652672
14.8364622803533 -0.681549227991634
14.8425400064784 -0.658108547238037
14.8486177326035 -0.634011849572238
14.8546954587286 -0.609283155106516
14.8607731848538 -0.583947113941305
14.8668509109789 -0.558028981593438
14.872928637104 -0.531554593820899
14.8790063632291 -0.504550340869175
14.8850840893543 -0.477043141164887
14.8911618154794 -0.449060414482917
14.8972395416045 -0.420630054613781
14.9033172677296 -0.391780401558497
14.9093949938548 -0.362540213278628
14.9154727199799 -0.332938637029765
14.921550446105 -0.303005180306876
14.9276281722302 -0.272769681430606
14.9337058983553 -0.242262279803786
14.9397836244804 -0.211513385867821
14.9458613506055 -0.180553650788905
14.9519390767307 -0.149413935904263
14.9580168028558 -0.118125281958909
14.9640945289809 -0.0867188781635518
14.970172255106 -0.0552260311045088
14.9762499812312 -0.0236781335366243
14.9823277073563 0.00789336690971331
14.9884054334814 0.0394569990762531
14.9944831596065 0.0709812996480167
15.0005608857317 0.102434844516614
15.0066386118568 0.133786280104481
15.0127163379819 0.165004354618801
15.018794064107 0.19605794920398
15.0248717902322 0.226916108961593
15.0309495163573 0.257548073806899
15.0370272424824 0.28792330913117
15.0431049686075 0.318011536239242
15.0491826947327 0.347782762531986
15.0552604208578 0.37720731140358
15.0613381469829 0.406255851823785
15.067415873108 0.434899427575789
15.0734935992332 0.463109486120345
15.0795713253583 0.490857907057591
15.0856490514834 0.518117030158075
15.0917267776085 0.544859682935068
15.0978045037337 0.571059207730693
15.1038822298588 0.596689488288854
15.1099599559839 0.621724975788494
15.116037682109 0.646140714311209
15.1221154082342 0.669912365717855
15.1281931343593 0.693016233909331
15.1342708604844 0.715429288447371
15.1403485866095 0.737129187511779
15.1464263127347 0.758094300171246
15.1525040388598 0.778303727945531
15.1585817649849 0.79773732563752
15.1646594911101 0.8163757214144
15.1707372172352 0.834200336117919
15.1768149433603 0.851193401784496
15.1828926694854 0.867337979356716
15.1889703956106 0.882617975568548
15.1950481217357 0.897018158987465
15.2011258478608 0.910524175197464
15.2072035739859 0.923122561107859
15.2132813001111 0.934800758373597
15.2193590262362 0.945547125913666
15.2254367523613 0.955350951515194
15.2315144784864 0.964202462511611
15.2375922046116 0.972092835524256
15.2436699307367 0.979014205257714
15.2497476568618 0.98495967234011
15.2558253829869 0.989923310200557
15.2619031091121 0.993900170976888
15.2679808352372 0.996886290447793
15.2740585613623 0.998878691984444
15.2801362874874 0.999875389517657
15.2862140136126 0.999875389517657
15.2922917397377 0.998878691984444
15.2983694658628 0.996886290447793
15.3044471919879 0.993900170976888
15.3105249181131 0.989923310200557
15.3166026442382 0.98495967234011
15.3226803703633 0.979014205257714
15.3287580964884 0.972092835524256
15.3348358226136 0.964202462511611
15.3409135487387 0.955350951515194
15.3469912748638 0.945547125913666
15.3530690009889 0.934800758373597
15.3591467271141 0.923122561107863
15.3652244532392 0.91052417519746
15.3713021793643 0.897018158987465
15.3773799054894 0.882617975568549
15.3834576316146 0.867337979356716
15.3895353577397 0.851193401784496
15.3956130838648 0.834200336117919
15.4016908099899 0.8163757214144
15.4077685361151 0.79773732563752
15.4138462622402 0.778303727945531
15.4199239883653 0.758094300171246
15.4260017144905 0.737129187511779
15.4320794406156 0.715429288447371
15.4381571667407 0.693016233909332
15.4442348928658 0.669912365717855
15.450312618991 0.646140714311209
15.4563903451161 0.621724975788495
15.4624680712412 0.596689488288855
15.4685457973663 0.571059207730693
15.4746235234915 0.544859682935069
15.4807012496166 0.518117030158076
15.4867789757417 0.490857907057591
15.4928567018668 0.463109486120344
15.498934427992 0.43489942757579
15.5050121541171 0.406255851823785
15.5110898802422 0.37720731140358
15.5171676063673 0.347782762531978
15.5232453324925 0.318011536239241
15.5293230586176 0.28792330913117
15.5354007847427 0.2575480738069
15.5414785108678 0.226916108961593
15.547556236993 0.196057949203981
15.5536339631181 0.165004354618802
15.5597116892432 0.133786280104481
15.5657894153683 0.102434844516615
15.5718671414935 0.0709812996480171
15.5779448676186 0.0394569990762536
15.5840225937437 0.00789336690971289
15.5901003198688 -0.0236781335366239
15.596178045994 -0.0552260311045084
15.6022557721191 -0.0867188781635523
15.6083334982442 -0.118125281958909
15.6144112243693 -0.149413935904262
15.6204889504945 -0.180553650788904
15.6265666766196 -0.211513385867821
15.6326444027447 -0.242262279803786
15.6387221288698 -0.272769681430606
15.644799854995 -0.303005180306877
15.6508775811201 -0.332938637029764
15.6569553072452 -0.362540213278628
15.6630330333704 -0.391780401558489
15.6691107594955 -0.420630054613788
15.6751884856206 -0.449060414482917
15.6812662117457 -0.477043141164886
15.6873439378709 -0.504550340869175
15.693421663996 -0.531554593820899
15.6994993901211 -0.558028981593438
15.7055771162462 -0.583947113941304
15.7116548423714 -0.609283155106515
15.7177325684965 -0.634011849572238
15.7238102946216 -0.658108547238037
15.7298880207467 -0.681549227991633
15.7359657468719 -0.704310525652672
15.742043472997 -0.726369751264639
15.7481211991221 -0.747704915711709
15.7541989252472 -0.768294751637971
15.7602766513724 -0.788118734647193
15.7663543774975 -0.807157103761986
15.7724321036226 -0.825390881121977
15.7785098297477 -0.842801890901352
15.7845875558729 -0.859372777426913
15.790665281998 -0.875087022478595
15.7967430081231 -0.889928961755182
15.8028207342482 -0.903883800488821
15.8088984603734 -0.91693762819279
15.8149761864985 -0.929077432527729
15.8210539126236 -0.940291112272677
15.8271316387487 -0.950567489387782
15.8332093648739 -0.959896320156856
15.839287090999 -0.968268305398506
15.8453648171241 -0.975675099735773
15.8514425432492 -0.98210931991498
15.8575202693744 -0.987564552165523
15.8635979954995 -0.992035358593258
15.8696757216246 -0.995517282601106
15.8757534477497 -0.998006853331493
15.8818311738749 -0.999501589126174
15.8879089 -1
15.8977946260452 -0.999501589126174
15.9076803520905 -0.998006853331493
15.9175660781357 -0.995517282601106
15.9274518041809 -0.992035358593258
15.9373375302261 -0.987564552165524
15.9472232562714 -0.982109319914981
15.9571089823166 -0.975675099735774
15.9669947083618 -0.968268305398508
15.976880434407 -0.959896320156857
15.9867661604523 -0.950567489387783
15.9966518864975 -0.940291112272675
16.0065376125427 -0.929077432527732
16.0164233385879 -0.91693762819279
16.0263090646332 -0.903883800488825
16.0361947906784 -0.889928961755182
16.0460805167236 -0.875087022478595
16.0559662427688 -0.859372777426913
16.0658519688141 -0.842801890901351
16.0757376948593 -0.825390881121977
16.0856234209045 -0.807157103761985
16.0955091469497 -0.788118734647192
16.105394872995 -0.76829475163797
16.1152805990402 -0.747704915711708
16.1251663250854 -0.726369751264638
16.1350520511307 -0.70431052565267
16.1449377771759 -0.681549227991631
16.1548235032211 -0.658108547238035
16.1647092292663 -0.634011849572235
16.1745949553116 -0.609283155106513
16.1844806813568 -0.583947113941311
16.194366407402 -0.558028981593444
16.2042521334472 -0.531554593820905
16.2141378594925 -0.504550340869181
16.2240235855377 -0.477043141164892
16.2339093115829 -0.449060414482923
16.2437950376281 -0.420630054613786
16.2536807636734 -0.391780401558495
16.2635664897186 -0.362540213278626
16.2734522157638 -0.332938637029761
16.283337941809 -0.303005180306873
16.2932236678543 -0.272769681430602
16.3031093938995 -0.242262279803782
16.3129951199447 -0.211513385867817
16.3228808459899 -0.1805536507889
16.3327665720352 -0.149413935904258
16.3426522980804 -0.118125281958905
16.3525380241256 -0.0867188781635467
16.3624237501709 -0.0552260311045035
16.3723094762161 -0.0236781335366188
16.3821952022613 0.00789336690970776
16.3920809283065 0.0394569990762476
16.4019666543518 0.0709812996480116
16.411852380397 0.102434844516609
16.4217381064422 0.133786280104476
16.4316238324874 0.165004354618796
16.4415095585327 0.196057949203976
16.4513952845779 0.226916108961589
16.4612810106231 0.257548073806896
16.4711667366683 0.287923309131166
16.4810524627136 0.318011536239238
16.4909381887588 0.347782762531983
16.500823914804 0.377207311403577
16.5107096408492 0.406255851823791
16.5205953668945 0.434899427575795
16.5304810929397 0.46310948612035
16.5403668189849 0.490857907057597
16.5502525450302 0.518117030158081
16.5601382710754 0.544859682935074
16.5700239971206 0.571059207730699
16.5799097231658 0.596689488288852
16.5897954492111 0.621724975788491
16.5996811752563 0.646140714311206
16.6095669013015 0.669912365717852
16.6194526273467 0.69301623390933
16.629338353392 0.715429288447369
16.6392240794372 0.737129187511777
16.6491098054824 0.758094300171244
16.6589955315276 0.778303727945529
16.6688812575729 0.797737325637519
16.6787669836181 0.816375721414399
16.6886527096633 0.834200336117918
16.6985384357085 0.851193401784495
16.7084241617538 0.867337979356715
16.718309887799 0.882617975568548
16.7281956138442 0.897018158987465
16.7380813398894 0.910524175197464
16.7479670659347 0.923122561107862
16.7578527919799 0.9348007583736
16.7677385180251 0.945547125913669
16.7776242440703 0.955350951515193
16.7875099701156 0.96420246251161
16.7973956961608 0.972092835524256
16.807281422206 0.979014205257714
16.8171671482513 0.98495967234011
16.8270528742965 0.989923310200557
16.8369386003417 0.993900170976888
16.8468243263869 0.996886290447793
16.8567100524322 0.998878691984444
16.8665957784774 0.999875389517657
16.8764815045226 0.999875389517657
16.8863672305678 0.998878691984444
16.8962529566131 0.996886290447793
16.9061386826583 0.993900170976888
16.9160244087035 0.989923310200557
16.9259101347487 0.98495967234011
16.935795860794 0.979014205257714
16.9456815868392 0.972092835524256
16.9555673128844 0.96420246251161
16.9654530389296 0.955350951515197
16.9753387649749 0.945547125913669
16.9852244910201 0.9348007583736
16.9951102170653 0.923122561107862
17.0049959431106 0.910524175197464
17.0148816691558 0.897018158987465
17.024767395201 0.882617975568548
17.0346531212462 0.867337979356716
17.0445388472915 0.851193401784496
17.0544245733367 0.834200336117918
17.0643102993819 0.816375721414399
17.0741960254271 0.797737325637519
17.0840817514724 0.77830372794553
17.0939674775176 0.758094300171245
17.1038532035628 0.737129187511777
17.113738929608 0.71542928844737
17.1236246556533 0.69301623390933
17.1335103816985 0.669912365717853
17.1433961077437 0.646140714311207
17.1532818337889 0.621724975788491
17.1631675598342 0.596689488288851
17.1730532858794 0.571059207730699
17.1829390119246 0.544859682935074
17.1928247379698 0.518117030158082
17.2027104640151 0.490857907057597
17.2125961900603 0.463109486120351
17.2224819161055 0.434899427575796
17.2323676421508 0.40625585182379
17.242253368196 0.377207311403577
17.2521390942412 0.347782762531983
17.2620248202864 0.318011536239239
17.2719105463317 0.287923309131167
17.2817962723769 0.257548073806896
17.2916819984221 0.226916108961589
17.3015677244673 0.196057949203976
17.3114534505126 0.165004354618796
17.3213391765578 0.133786280104476
17.331224902603 0.10243484451661
17.3411106286482 0.0709812996480118
17.3509963546935 0.0394569990762589
17.3608820807387 0.00789336690971911
17.3707678067839 -0.0236781335366185
17.3806535328291 -0.0552260311045039
17.3905392588744 -0.0867188781635461
17.4004249849196 -0.118125281958904
17.4103107109648 -0.149413935904258
17.42019643701 -0.180553650788899
17.4300821630553 -0.211513385867818
17.4399678891005 -0.242262279803782
17.4498536151457 -0.272769681430602
17.459739341191 -0.303005180306872
17.4696250672362 -0.332938637029761
17.4795107932814 -0.362540213278625
17.4893965193266 -0.391780401558495
17.4992822453719 -0.420630054613786
17.5091679714171 -0.449060414482923
17.5190536974623 -0.477043141164893
17.5289394235075 -0.50455034086918
17.5388251495528 -0.531554593820905
17.548710875598 -0.558028981593444
17.5585966016432 -0.58394711394131
17.5684823276884 -0.609283155106512
17.5783680537337 -0.634011849572235
17.5882537797789 -0.658108547238034
17.5981395058241 -0.681549227991631
17.6080252318693 -0.70431052565267
17.6179109579146 -0.726369751264638
17.6277966839598 -0.747704915711707
17.637682410005 -0.76829475163797
17.6475681360502 -0.788118734647192
17.6574538620955 -0.807157103761985
17.6673395881407 -0.825390881121976
17.6772253141859 -0.842801890901351
17.6871110402312 -0.859372777426913
17.6969967662764 -0.875087022478595
17.7068824923216 -0.889928961755181
17.7167682183668 -0.903883800488825
17.7266539444121 -0.91693762819279
17.7365396704573 -0.929077432527732
17.7464253965025 -0.940291112272677
17.7563111225477 -0.950567489387781
17.766196848593 -0.959896320156856
17.7760825746382 -0.968268305398506
17.7859683006834 -0.975675099735773
17.7958540267286 -0.98210931991498
17.8057397527739 -0.987564552165523
17.8156254788191 -0.992035358593258
17.8255112048643 -0.995517282601106
17.8353969309095 -0.998006853331493
17.8452826569548 -0.999501589126174
17.855168383 -1
17.8740238732789 -0.999501589126174
17.8928793635578 -0.998006853331493
17.9117348538367 -0.995517282601106
17.9305903441156 -0.992035358593258
17.9494458343945 -0.987564552165524
17.9683013246734 -0.98210931991498
17.9871568149523 -0.975675099735773
18.0060123052312 -0.968268305398507
18.02486779551 -0.959896320156858
18.0437232857889 -0.950567489387783
18.0625787760678 -0.940291112272676
18.0814342663467 -0.92907743252773
18.1002897566256 -0.916937628192788
18.1191452469045 -0.903883800488822
18.1380007371834 -0.889928961755181
18.1568562274623 -0.875087022478594
18.1757117177412 -0.859372777426912
18.1945672080201 -0.84280189090135
18.213422698299 -0.825390881121975
18.2322781885779 -0.807157103761987
18.2511336788568 -0.788118734647194
18.2699891691357 -0.768294751637971
18.2888446594146 -0.747704915711709
18.3077001496935 -0.726369751264638
18.3265556399724 -0.70431052565267
18.3454111302513 -0.681549227991636
18.3642666205301 -0.658108547238039
18.383122110809 -0.634011849572239
18.4019776010879 -0.609283155106516
18.4208330913668 -0.583947113941305
18.4396885816457 -0.558028981593438
18.4585440719246 -0.531554593820903
18.4773995622035 -0.504550340869178
18.4962550524824 -0.47704314116489
18.5151105427613 -0.449060414482919
18.5339660330402 -0.420630054613783
18.5528215233191 -0.39178040155849
18.571677013598 -0.362540213278626
18.5905325038769 -0.332938637029762
18.6093879941558 -0.303005180306873
18.6282434844347 -0.272769681430602
18.6470989747136 -0.242262279803781
18.6659544649925 -0.211513385867822
18.6848099552714 -0.180553650788904
18.7036654455503 -0.149413935904262
18.7225209358291 -0.118125281958908
18.741376426108 -0.0867188781635494
18.7602319163869 -0.0552260311045055
18.7790874066658 -0.0236781335366263
18.7979428969447 0.00789336690971198
18.8167983872236 0.0394569990762525
18.8356538775025 0.0709812996480167
18.8545093677814 0.102434844516615
18.8733648580603 0.133786280104476
18.8922203483392 0.165004354618797
18.9110758386181 0.196057949203977
18.929931328897 0.22691610896159
18.9487868191759 0.257548073806898
18.9676423094548 0.287923309131169
18.9864977997337 0.318011536239236
19.0053532900126 0.347782762531981
19.0242087802915 0.377207311403575
19.0430642705704 0.406255851823789
19.0619197608492 0.434899427575794
19.0807752511281 0.46310948612035
19.099630741407 0.490857907057592
19.1184862316859 0.518117030158076
19.1373417219648 0.54485968293507
19.1561972122437 0.571059207730696
19.1750527025226 0.596689488288857
19.1939081928015 0.621724975788498
19.2127636830804 0.646140714311208
19.2316191733593 0.669912365717854
19.2504746636382 0.693016233909332
19.2693301539171 0.715429288447372
19.288185644196 0.73712918751178
19.3070411344749 0.758094300171244
19.3258966247538 0.778303727945529
19.3447521150327 0.797737325637519
19.3636076053116 0.816375721414399
19.3824630955905 0.834200336117918
19.4013185858693 0.851193401784496
19.4201740761482 0.867337979356713
19.4390295664271 0.882617975568546
19.457885056706 0.897018158987463
19.4767405469849 0.910524175197463
19.4955960372638 0.923122561107861
19.5144515275427 0.934800758373599
19.5333070178216 0.945547125913666
19.5521625081005 0.955350951515194
19.5710179983794 0.964202462511612
19.5898734886583 0.972092835524257
19.6087289789372 0.979014205257715
19.6275844692161 0.98495967234011
19.646439959495 0.989923310200557
19.6652954497739 0.993900170976888
19.6841509400528 0.996886290447793
19.7030064303317 0.998878691984444
19.7218619206106 0.999875389517657
19.7407174108894 0.999875389517657
19.7595729011683 0.998878691984444
19.7784283914472 0.996886290447793
19.7972838817261 0.993900170976888
19.816139372005 0.989923310200557
19.8349948622839 0.98495967234011
19.8538503525628 0.979014205257715
19.8727058428417 0.972092835524257
19.8915613331206 0.964202462511612
19.9104168233995 0.955350951515194
19.9292723136784 0.945547125913667
19.9481278039573 0.934800758373599
19.9669832942362 0.923122561107861
19.9858387845151 0.910524175197463
20.004694274794 0.897018158987463
20.0235497650729 0.882617975568546
20.0424052553518 0.867337979356714
20.0612607456307 0.851193401784496
20.0801162359095 0.834200336117919
20.0989717261884 0.816375721414399
20.1178272164673 0.797737325637519
20.1366827067462 0.778303727945529
20.1555381970251 0.758094300171247
20.174393687304 0.737129187511781
20.1932491775829 0.715429288447372
20.2121046678618 0.693016233909332
20.2309601581407 0.669912365717854
20.2498156484196 0.646140714311209
20.2686711386985 0.621724975788493
20.2875266289774 0.596689488288857
20.3063821192563 0.571059207730696
20.3252376095352 0.54485968293507
20.3440930998141 0.518117030158076
20.362948590093 0.490857907057591
20.3818040803719 0.46310948612035
20.4006595706508 0.434899427575795
20.4195150609296 0.40625585182379
20.4383705512085 0.377207311403576
20.4572260414874 0.347782762531981
20.4760815317663 0.318011536239236
20.4949370220452 0.287923309131169
20.5137925123241 0.257548073806898
20.532648002603 0.22691610896159
20.5515034928819 0.196057949203977
20.5703589831608 0.165004354618797
20.5892144734397 0.133786280104482
20.6080699637186 0.102434844516616
20.6269254539975 0.0709812996480162
20.6457809442764 0.0394569990762527
20.6646364345553 0.007893366909712
20.6834919248342 -0.0236781335366256
20.7023474151131 -0.0552260311045048
20.721202905392 -0.0867188781635487
20.7400583956709 -0.118125281958907
20.7589138859497 -0.149413935904261
20.7777693762286 -0.180553650788903
20.7966248665075 -0.211513385867816
20.8154803567864 -0.24226227980378
20.8343358470653 -0.272769681430602
20.8531913373442 -0.303005180306872
20.8720468276231 -0.332938637029762
20.890902317902 -0.362540213278626
20.9097578081809 -0.391780401558496
20.9286132984598 -0.420630054613783
20.9474687887387 -0.449060414482919
20.9663242790176 -0.47704314116489
20.9851797692965 -0.504550340869178
21.0040352595754 -0.531554593820904
21.0228907498543 -0.558028981593438
21.0417462401332 -0.583947113941304
21.0606017304121 -0.609283155106516
21.079457220691 -0.634011849572238
21.0983127109699 -0.658108547238039
21.1171682012487 -0.681549227991636
21.1360236915276 -0.704310525652674
21.1548791818065 -0.726369751264638
21.1737346720854 -0.747704915711709
21.1925901623643 -0.768294751637971
21.2114456526432 -0.788118734647194
21.2303011429221 -0.807157103761987
21.249156633201 -0.825390881121975
21.2680121234799 -0.84280189090135
21.2868676137588 -0.859372777426912
21.3057231040377 -0.875087022478594
21.3245785943166 -0.889928961755181
21.3434340845955 -0.903883800488822
21.3622895748744 -0.916937628192788
21.3811450651533 -0.92907743252773
21.4000005554322 -0.940291112272676
21.4188560457111 -0.950567489387783
21.4377115359899 -0.959896320156856
21.4565670262688 -0.968268305398506
21.4754225165477 -0.975675099735773
21.4942780068266 -0.98210931991498
21.5131334971055 -0.987564552165524
21.5319889873844 -0.992035358593258
21.5508444776633 -0.995517282601106
21.5696999679422 -0.998006853331493
21.5885554582211 -0.999501589126174
21.6074109485 -1
21.6145579914518 -0.999501589126174
21.6217050344035 -0.998006853331493
21.6288520773553 -0.995517282601106
21.635999120307 -0.992035358593259
21.6431461632588 -0.987564552165523
21.6502932062106 -0.982109319914981
21.6574402491623 -0.975675099735772
21.6645872921141 -0.968268305398507
21.6717343350658 -0.959896320156858
21.6788813780176 -0.950567489387781
21.6860284209693 -0.940291112272676
21.6931754639211 -0.929077432527733
21.7003225068729 -0.916937628192787
21.7074695498246 -0.903883800488824
21.7146165927764 -0.889928961755177
21.7217636357281 -0.875087022478593
21.7289106786799 -0.859372777426914
21.7360577216317 -0.842801890901347
21.7432047645834 -0.825390881121976
21.7503518075352 -0.807157103761988
21.7574988504869 -0.78811873464719
21.7646458934387 -0.768294751637971
21.7717929363905 -0.747704915711714
21.7789399793422 -0.726369751264637
21.786087022294 -0.704310525652674
21.7932340652457 -0.681549227991629
21.8003811081975 -0.658108547238037
21.8075281511492 -0.634011849572242
21.814675194101 -0.609283155106512
21.8218222370528 -0.583947113941306
21.8289692800045 -0.558028981593445
21.8361163229563 -0.531554593820898
21.843263365908 -0.504550340869179
21.8504104088598 -0.477043141164896
21.8575574518116 -0.449060414482918
21.8647044947633 -0.420630054613787
21.8718515377151 -0.391780401558487
21.8789985806668 -0.362540213278624
21.8861456236186 -0.332938637029766
21.8932926665704 -0.303005180306868
21.9004397095221 -0.272769681430604
21.9075867524739 -0.242262279803789
21.9147337954256 -0.211513385867816
21.9218808383774 -0.180553650788904
21.9290278813291 -0.149413935904253
21.9361749242809 -0.118125281958906
21.9433219672327 -0.0867188781635545
21.9504690101844 -0.0552260311045022
21.9576160531362 -0.0236781335366237
21.9647630960879 0.00789336690970776
21.9719101390397 0.0394569990762574
21.9790571819915 0.0709812996480147
21.9862042249432 0.102434844516606
21.993351267895 0.133786280104482
22.0004983108467 0.165004354618796
22.0076453537985 0.196057949203985
22.0147923967503 0.226916108961591
22.021939439702 0.257548073806893
22.0290864826538 0.287923309131172
22.0362335256055 0.318011536239238
22.0433805685573 0.347782762531977
22.050527611509 0.377207311403579
22.0576746544608 0.406255851823787
22.0648216974126 0.434899427575786
22.0719687403643 0.46310948612035
22.0791157833161 0.490857907057591
22.0862628262678 0.518117030158083
22.0934098692196 0.544859682935071
22.1005569121714 0.571059207730691
22.1077039551231 0.59668948828886
22.1148509980749 0.621724975788494
22.1219980410266 0.646140714311205
22.1291450839784 0.669912365717858
22.1362921269302 0.69301623390933
22.1434391698819 0.715429288447377
22.1505862128337 0.73712918751178
22.1577332557854 0.758094300171243
22.1648802987372 0.778303727945534
22.1720273416889 0.797737325637519
22.1791743846407 0.816375721414396
22.1863214275925 0.83420033611792
22.1934684705442 0.851193401784494
22.200615513496 0.867337979356711
22.2077625564477 0.882617975568548
22.2149095993995 0.897018158987462
22.2220566423513 0.910524175197465
22.229203685303 0.923122561107861
22.2363507282548 0.934800758373597
22.2434977712065 0.945547125913669
22.2506448141583 0.955350951515195
22.25779185711 0.96420246251161
22.2649389000618 0.972092835524258
22.2720859430136 0.979014205257714
22.2792329859653 0.984959672340112
22.2863800289171 0.989923310200558
22.2935270718688 0.993900170976887
22.3006741148206 0.996886290447794
22.3078211577724 0.998878691984444
22.3149682007241 0.999875389517657
22.3221152436759 0.999875389517657
22.3292622866276 0.998878691984444
22.3364093295794 0.996886290447794
22.3435563725312 0.993900170976887
22.3507034154829 0.989923310200557
22.3578504584347 0.984959672340109
22.3649975013864 0.979014205257714
22.3721445443382 0.972092835524258
22.37929158729 0.96420246251161
22.3864386302417 0.955350951515195
22.3935856731935 0.945547125913669
22.4007327161452 0.934800758373597
22.407879759097 0.923122561107861
22.4150268020487 0.910524175197465
22.4221738450005 0.897018158987462
22.4293208879523 0.882617975568548
22.436467930904 0.867337979356711
22.4436149738558 0.851193401784494
22.4507620168075 0.83420033611792
22.4579090597593 0.816375721414396
22.4650561027111 0.79773732563752
22.4722031456628 0.778303727945534
22.4793501886146 0.758094300171243
22.4864972315663 0.73712918751178
22.4936442745181 0.715429288447377
22.5007913174699 0.69301623390933
22.5079383604216 0.669912365717858
22.5150854033734 0.646140714311205
22.5222324463251 0.621724975788495
22.5293794892769 0.59668948828886
22.5365265322286 0.571059207730691
22.5436735751804 0.544859682935072
22.5508206181322 0.518117030158083
22.5579676610839 0.490857907057591
22.5651147040357 0.46310948612035
22.5722617469874 0.4348994275758
22.5794087899392 0.406255851823787
22.586555832891 0.37720731140358
22.5937028758427 0.347782762531977
22.6008499187945 0.318011536239239
22.6079969617462 0.287923309131172
22.615144004698 0.257548073806892
22.6222910476497 0.226916108961592
22.6294380906015 0.196057949203985
22.6365851335533 0.165004354618796
22.643732176505 0.133786280104482
22.6508792194568 0.102434844516607
22.6580262624085 0.0709812996480153
22.6651733053603 0.0394569990762572
22.6723203483121 0.00789336690970845
22.6794673912638 -0.023678133536623
22.6866144342156 -0.0552260311045022
22.6937614771673 -0.0867188781635549
22.7009085201191 -0.118125281958905
22.7080555630709 -0.149413935904268
22.7152026060226 -0.180553650788905
22.7223496489744 -0.211513385867815
22.7294966919261 -0.242262279803789
22.7366437348779 -0.272769681430603
22.7437907778296 -0.303005180306868
22.7509378207814 -0.332938637029765
22.7580848637332 -0.362540213278623
22.7652319066849 -0.391780401558487
22.7723789496367 -0.420630054613788
22.7795259925884 -0.449060414482917
22.7866730355402 -0.477043141164896
22.793820078492 -0.504550340869178
22.8009671214437 -0.531554593820898
22.8081141643955 -0.558028981593445
22.8152612073472 -0.583947113941306
22.822408250299 -0.609283155106512
22.8295552932508 -0.634011849572242
22.8367023362025 -0.658108547238036
22.8438493791543 -0.681549227991629
22.850996422106 -0.704310525652674
22.8581434650578 -0.726369751264637
22.8652905080096 -0.747704915711713
22.8724375509613 -0.768294751637971
22.8795845939131 -0.788118734647189
22.8867316368648 -0.807157103761988
22.8938786798166 -0.825390881121976
22.9010257227683 -0.842801890901347
22.9081727657201 -0.859372777426914
22.9153198086719 -0.875087022478592
22.9224668516236 -0.889928961755183
22.9296138945754 -0.903883800488824
22.9367609375271 -0.916937628192787
22.9439079804789 -0.929077432527732
22.9510550234307 -0.940291112272676
22.9582020663824 -0.950567489387781
22.9653491093342 -0.959896320156859
22.9724961522859 -0.968268305398507
22.9796431952377 -0.975675099735772
22.9867902381894 -0.982109319914981
22.9939372811412 -0.987564552165523
23.001084324093 -0.992035358593257
23.0082313670447 -0.995517282601106
23.0153784099965 -0.998006853331493
23.0225254529482 -0.999501589126174
23.0296724959 -1
23.049623890393 -0.999501589126174
23.0695752848859 -0.998006853331493
23.0895266793789 -0.995517282601106
23.1094780738719 -0.992035358593257
23.1294294683648 -0.987564552165524
23.1493808628578 -0.982109319914981
23.1693322573508 -0.975675099735773
23.1892836518437 -0.968268305398507
23.2092350463367 -0.959896320156858
23.2291864408297 -0.950567489387783
23.2491378353226 -0.940291112272676
23.2690892298156 -0.92907743252773
23.2890406243085 -0.916937628192789
23.3089920188015 -0.903883800488824
23.3289434132945 -0.88992896175518
23.3488948077874 -0.875087022478594
23.3688462022804 -0.859372777426913
23.3887975967734 -0.84280189090135
23.4087489912663 -0.825390881121977
23.4287003857593 -0.807157103761984
23.4486517802523 -0.788118734647192
23.4686031747452 -0.768294751637972
23.4885545692382 -0.747704915711708
23.5085059637312 -0.72636975126464
23.5284573582241 -0.70431052565267
23.5484087527171 -0.681549227991634
23.5683601472101 -0.658108547238039
23.588311541703 -0.634011849572237
23.608262936196 -0.609283155106517
23.6282143306889 -0.583947113941308
23.6481657251819 -0.558028981593439
23.6681171196749 -0.531554593820903
23.6880685141678 -0.504550340869175
23.7080199086608 -0.47704314116489
23.7279713031538 -0.449060414482922
23.7479226976467 -0.420630054613783
23.7678740921397 -0.391780401558494
23.7878254866327 -0.362540213278627
23.8077768811256 -0.332938637029761
23.8277282756186 -0.303005180306874
23.8476796701116 -0.272769681430601
23.8676310646045 -0.242262279803783
23.8875824590975 -0.211513385867821
23.9075338535905 -0.180553650788901
23.9274852480834 -0.149413935904262
23.9474366425764 -0.118125281958906
23.9673880370693 -0.0867188781635505
23.9873394315623 -0.0552260311045102
24.0072908260553 -0.0236781335366225
24.0272422205482 0.00789336690971264
24.0471936150412 0.0394569990762556
24.0671450095342 0.0709812996480167
24.0870964040271 0.102434844516612
24.1070477985201 0.133786280104481
24.1269991930131 0.165004354618799
24.146950587506 0.196057949203976
24.166901981999 0.226916108961591
24.186853376492 0.257548073806896
24.2068047709849 0.287923309131169
24.2267561654779 0.318011536239239
24.2467075599709 0.347782762531981
24.2666589544638 0.377207311403578
24.2866103489568 0.406255851823789
24.3065617434497 0.434899427575791
24.3265131379427 0.463109486120349
24.3464645324357 0.490857907057593
24.3664159269286 0.518117030158079
24.3863673214216 0.54485968293507
24.4063187159146 0.571059207730693
24.4262701104075 0.596689488288857
24.4462215049005 0.621724975788495
24.4661728993935 0.646140714311212
24.4861242938864 0.669912365717856
24.5060756883794 0.69301623390933
24.5260270828724 0.715429288447373
24.5459784773653 0.737129187511779
24.5659298718583 0.758094300171244
24.5858812663513 0.778303727945531
24.6058326608442 0.797737325637519
24.6257840553372 0.8163757214144
24.6457354498302 0.834200336117917
24.6656868443231 0.851193401784494
24.6856382388161 0.867337979356715
24.705589633309 0.882617975568547
24.725541027802 0.897018158987462
24.745492422295 0.910524175197463
24.7654438167879 0.92312256110786
24.7853952112809 0.934800758373599
24.8053466057739 0.945547125913667
24.8252980002668 0.955350951515194
24.8452493947598 0.964202462511612
24.8652007892528 0.972092835524257
24.8851521837457 0.979014205257715
24.9051035782387 0.984959672340111
24.9250549727317 0.989923310200557
24.9450063672246 0.993900170976888
24.9649577617176 0.996886290447793
24.9849091562106 0.998878691984443
25.0048605507035 0.999875389517657
25.0248119451965 0.999875389517657
25.0447633396894 0.998878691984443
25.0647147341824 0.996886290447793
25.0846661286754 0.993900170976888
25.1046175231683 0.989923310200557
25.1245689176613 0.984959672340111
25.1445203121543 0.979014205257715
25.1644717066472 0.972092835524257
25.1844231011402 0.964202462511612
25.2043744956332 0.955350951515194
25.2243258901261 0.945547125913667
25.2442772846191 0.934800758373599
25.2642286791121 0.92312256110786
25.284180073605 0.910524175197463
25.304131468098 0.897018158987462
25.324082862591 0.882617975568547
25.3440342570839 0.867337979356716
25.3639856515769 0.851193401784494
25.3839370460698 0.834200336117918
25.4038884405628 0.816375721414397
25.4238398350558 0.797737325637519
25.4437912295487 0.778303727945531
25.4637426240417 0.758094300171244
25.4836940185347 0.737129187511779
25.5036454130276 0.715429288447373
25.5235968075206 0.693016233909331
25.5435482020136 0.669912365717856
25.5634995965065 0.646140714311212
25.5834509909995 0.621724975788495
25.6034023854925 0.596689488288857
25.6233537799854 0.571059207730693
25.6433051744784 0.544859682935071
25.6632565689714 0.518117030158079
25.6832079634643 0.490857907057593
25.7031593579573 0.463109486120349
25.7231107524503 0.434899427575791
25.7430621469432 0.406255851823789
25.7630135414362 0.377207311403577
25.7829649359291 0.347782762531982
25.8029163304221 0.318011536239239
25.8228677249151 0.287923309131164
25.842819119408 0.257548073806896
25.862770513901 0.226916108961591
25.882721908394 0.196057949203976
25.9026733028869 0.165004354618799
25.9226246973799 0.133786280104482
25.9425760918729 0.102434844516612
25.9625274863658 0.0709812996480162
25.9824788808588 0.0394569990762563
26.0024302753518 0.00789336690971289
26.0223816698447 -0.0236781335366221
26.0423330643377 -0.0552260311045101
26.0622844588307 -0.0867188781635505
26.0822358533236 -0.118125281958905
26.1021872478166 -0.149413935904262
26.1221386423095 -0.1805536507889
26.1420900368025 -0.211513385867821
26.1620414312955 -0.242262279803783
26.1819928257884 -0.272769681430601
26.2019442202814 -0.303005180306874
26.2218956147744 -0.33293863702976
26.2418470092673 -0.362540213278622
26.2617984037603 -0.391780401558493
26.2817497982533 -0.420630054613783
26.3017011927462 -0.449060414482922
26.3216525872392 -0.47704314116489
26.3416039817322 -0.504550340869175
26.3615553762251 -0.531554593820902
26.3815067707181 -0.558028981593439
26.4014581652111 -0.583947113941303
26.421409559704 -0.609283155106517
26.441360954197 -0.634011849572238
26.46131234869 -0.658108547238039
26.4812637431829 -0.681549227991633
26.5012151376759 -0.70431052565267
26.5211665321688 -0.72636975126464
26.5411179266618 -0.747704915711708
26.5610693211548 -0.768294751637972
26.5810207156477 -0.788118734647193
26.6009721101407 -0.807157103761984
26.6209235046337 -0.825390881121977
26.6408748991266 -0.84280189090135
26.6608262936196 -0.859372777426913
26.6807776881126 -0.875087022478594
26.7007290826055 -0.889928961755179
26.7206804770985 -0.903883800488824
26.7406318715915 -0.916937628192789
26.7605832660844 -0.929077432527731
26.7805346605774 -0.940291112272676
26.8004860550704 -0.950567489387782
26.8204374495633 -0.959896320156858
26.8403888440563 -0.968268305398507
26.8603402385492 -0.975675099735773
26.8802916330422 -0.982109319914981
26.9002430275352 -0.987564552165524
26.9201944220281 -0.992035358593258
26.9401458165211 -0.995517282601106
26.9600972110141 -0.998006853331493
26.980048605507 -0.999501589126174
27 -1
