0 -1
0.0159023029336683 -0.999501589126174
0.0318046058673367 -0.998006853331493
0.047706908801005 -0.995517282601106
0.0636092117346734 -0.992035358593258
0.0795115146683417 -0.987564552165524
0.0954138176020101 -0.98210931991498
0.111316120535678 -0.975675099735774
0.127218423469347 -0.968268305398507
0.143120726403015 -0.959896320156857
0.159023029336683 -0.950567489387783
0.174925332270352 -0.940291112272676
0.19082763520402 -0.929077432527731
0.206729938137688 -0.916937628192789
0.222632241071357 -0.903883800488824
0.238534544005025 -0.88992896175518
0.254436846938693 -0.875087022478594
0.270339149872362 -0.859372777426912
0.28624145280603 -0.842801890901351
0.302143755739698 -0.825390881121976
0.318046058673367 -0.807157103761985
0.333948361607035 -0.788118734647192
0.349850664540704 -0.768294751637971
0.365752967474372 -0.747704915711709
0.38165527040804 -0.726369751264639
0.397557573341709 -0.704310525652672
0.413459876275377 -0.681549227991634
0.429362179209045 -0.658108547238038
0.445264482142714 -0.634011849572239
0.461166785076382 -0.609283155106517
0.47706908801005 -0.583947113941306
0.492971390943719 -0.55802898159344
0.508873693877387 -0.531554593820901
0.524775996811055 -0.504550340869177
0.540678299744724 -0.47704314116489
0.556580602678392 -0.44906041448292
0.57248290561206 -0.420630054613784
0.588385208545729 -0.391780401558493
0.604287511479397 -0.362540213278625
0.620189814413065 -0.332938637029761
0.636092117346734 -0.303005180306873
0.651994420280402 -0.272769681430603
0.66789672321407 -0.242262279803783
0.683799026147739 -0.211513385867819
0.699701329081407 -0.180553650788902
0.715603632015075 -0.149413935904261
0.731505934948744 -0.118125281958908
0.747408237882412 -0.0867188781635509
0.76331054081608 -0.0552260311045084
0.779212843749749 -0.0236781335366239
0.795115146683417 0.00789336690971331
0.811017449617085 0.0394569990762525
0.826919752550754 0.0709812996480158
0.842822055484422 0.102434844516614
0.85872435841809 0.133786280104479
0.874626661351759 0.165004354618799
0.890528964285427 0.196057949203978
0.906431267219095 0.22691610896159
0.922333570152764 0.257548073806896
0.938235873086432 0.287923309131167
0.954138176020101 0.318011536239238
0.970040478953769 0.347782762531982
0.985942781887437 0.377207311403576
1.00184508482111 0.406255851823789
1.01774738775477 0.434899427575793
1.03364969068844 0.463109486120348
1.04955199362211 0.490857907057594
1.06545429655578 0.518117030158077
1.08135659948945 0.54485968293507
1.09725890242312 0.571059207730695
1.11316120535678 0.596689488288856
1.12906350829045 0.621724975788495
1.14496581122412 0.64614071431121
1.16086811415779 0.669912365717855
1.17677041709146 0.693016233909332
1.19267272002513 0.715429288447371
1.20857502295879 0.737129187511779
1.22447732589246 0.758094300171246
1.24037962882613 0.77830372794553
1.2562819317598 0.797737325637519
1.27218423469347 0.816375721414399
1.28808653762714 0.834200336117918
1.3039888405608 0.851193401784495
1.31989114349447 0.867337979356715
1.33579344642814 0.882617975568547
1.35169574936181 0.897018158987464
1.36759805229548 0.910524175197462
1.38350035522915 0.923122561107861
1.39940265816281 0.934800758373598
1.41530496109648 0.945547125913667
1.43120726403015 0.955350951515195
1.44710956696382 0.964202462511612
1.46301186989749 0.972092835524257
1.47891417283116 0.979014205257715
1.49481647576482 0.98495967234011
1.51071877869849 0.989923310200557
1.52662108163216 0.993900170976888
1.54252338456583 0.996886290447793
1.5584256874995 0.998878691984444
1.57432799043317 0.999875389517657
1.59023029336683 0.999875389517657
1.6061325963005 0.998878691984444
1.62203489923417 0.996886290447793
1.63793720216784 0.993900170976888
1.65383950510151 0.989923310200557
1.66974180803518 0.984959672340111
1.68564411096884 0.979014205257714
1.70154641390251 0.972092835524257
1.71744871683618 0.964202462511612
1.73335101976985 0.955350951515195
1.74925332270352 0.945547125913667
1.76515562563719 0.934800758373598
1.78105792857085 0.923122561107861
1.79696023150452 0.910524175197462
1.81286253443819 0.897018158987464
1.82876483737186 0.882617975568547
1.84466714030553 0.867337979356715
1.8605694432392 0.851193401784494
1.87647174617286 0.834200336117917
1.89237404910653 0.816375721414399
1.9082763520402 0.797737325637519
1.92417865497387 0.77830372794553
1.94008095790754 0.758094300171246
1.95598326084121 0.737129187511779
1.97188556377487 0.715429288447371
1.98778786670854 0.693016233909332
2.00369016964221 0.669912365717855
2.01959247257588 0.646140714311209
2.03549477550955 0.621724975788495
2.05139707844322 0.596689488288856
2.06729938137688 0.571059207730695
2.08320168431055 0.54485968293507
2.09910398724422 0.518117030158078
2.11500629017789 0.490857907057594
2.13090859311156 0.463109486120348
2.14681089604523 0.434899427575792
2.16271319897889 0.406255851823789
2.17861550191256 0.377207311403576
2.19451780484623 0.347782762531982
2.2104201077799 0.318011536239239
2.22632241071357 0.287923309131167
2.24222471364724 0.257548073806896
2.2581270165809 0.22691610896159
2.27402931951457 0.196057949203978
2.28993162244824 0.1650043546188
2.30583392538191 0.133786280104479
2.32173622831558 0.102434844516614
2.33763853124925 0.0709812996480153
2.35354083418291 0.0394569990762527
2.36944313711658 0.00789336690971378
2.38534544005025 -0.0236781335366239
2.40124774298392 -0.0552260311045075
2.41715004591759 -0.0867188781635505
2.43305234885126 -0.118125281958908
2.44895465178492 -0.149413935904261
2.46485695471859 -0.180553650788902
2.48075925765226 -0.211513385867818
2.49666156058593 -0.242262279803783
2.5125638635196 -0.272769681430602
2.52846616645327 -0.303005180306873
2.54436846938693 -0.332938637029761
2.5602707723206 -0.362540213278623
2.57617307525427 -0.391780401558494
2.59207537818794 -0.420630054613784
2.60797768112161 -0.44906041448292
2.62387998405528 -0.47704314116489
2.63978228698894 -0.504550340869178
2.65568458992261 -0.531554593820901
2.67158689285628 -0.558028981593439
2.68748919578995 -0.583947113941307
2.70339149872362 -0.609283155106517
2.71929380165729 -0.634011849572238
2.73519610459095 -0.658108547238037
2.75109840752462 -0.681549227991634
2.76700071045829 -0.704310525652672
2.78290301339196 -0.726369751264639
2.79880531632563 -0.747704915711709
2.8147076192593 -0.76829475163797
2.83060992219296 -0.788118734647192
2.84651222512663 -0.807157103761985
2.8624145280603 -0.825390881121976
2.87831683099397 -0.84280189090135
2.89421913392764 -0.859372777426912
2.91012143686131 -0.875087022478594
2.92602373979497 -0.88992896175518
2.94192604272864 -0.903883800488823
2.95782834566231 -0.916937628192789
2.97373064859598 -0.92907743252773
2.98963295152965 -0.940291112272675
3.00553525446332 -0.950567489387783
3.02143755739699 -0.959896320156857
3.03733986033065 -0.968268305398507
3.05324216326432 -0.975675099735773
3.06914446619799 -0.98210931991498
3.08504676913166 -0.987564552165524
3.10094907206533 -0.992035358593258
3.116851374999 -0.995517282601106
3.13275367793266 -0.998006853331493
3.14865598086633 -0.999501589126174
3.1645582838 -1
3.17290207846231 -0.999501589126174
3.18124587312462 -0.998006853331493
3.18958966778693 -0.995517282601106
3.19793346244925 -0.992035358593258
3.20627725711156 -0.987564552165524
3.21462105177387 -0.98210931991498
3.22296484643618 -0.975675099735774
3.23130864109849 -0.968268305398507
3.2396524357608 -0.959896320156857
3.24799623042312 -0.950567489387783
3.25634002508543 -0.940291112272676
3.26468381974774 -0.92907743252773
3.27302761441005 -0.916937628192789
3.28137140907236 -0.903883800488823
3.28971520373467 -0.88992896175518
3.29805899839698 -0.875087022478594
3.3064027930593 -0.859372777426912
3.31474658772161 -0.842801890901351
3.32309038238392 -0.825390881121976
3.33143417704623 -0.807157103761985
3.33977797170854 -0.788118734647192
3.34812176637085 -0.768294751637971
3.35646556103317 -0.747704915711709
3.36480935569548 -0.72636975126464
3.37315315035779 -0.704310525652673
3.3814969450201 -0.681549227991633
3.38984073968241 -0.658108547238037
3.39818453434472 -0.634011849572239
3.40652832900704 -0.609283155106517
3.41487212366935 -0.583947113941306
3.42321591833166 -0.55802898159344
3.43155971299397 -0.531554593820902
3.43990350765628 -0.504550340869177
3.44824730231859 -0.477043141164889
3.4565910969809 -0.44906041448292
3.46493489164322 -0.420630054613784
3.47327868630553 -0.391780401558493
3.48162248096784 -0.362540213278625
3.48996627563015 -0.332938637029762
3.49831007029246 -0.303005180306872
3.50665386495477 -0.272769681430604
3.51499765961709 -0.242262279803783
3.5233414542794 -0.211513385867819
3.53168524894171 -0.180553650788902
3.54002904360402 -0.149413935904261
3.54837283826633 -0.118125281958908
3.55671663292864 -0.0867188781635514
3.56506042759095 -0.055226031104509
3.57340422225327 -0.0236781335366234
3.58174801691558 0.00789336690971353
3.59009181157789 0.0394569990762527
3.5984356062402 0.0709812996480158
3.60677940090251 0.102434844516613
3.61512319556482 0.133786280104479
3.62346699022714 0.165004354618798
3.63181078488945 0.196057949203978
3.64015457955176 0.22691610896159
3.64849837421407 0.257548073806897
3.65684216887638 0.287923309131166
3.66518596353869 0.318011536239238
3.673529758201 0.347782762531982
3.68187355286332 0.377207311403575
3.69021734752563 0.40625585182379
3.69856114218794 0.434899427575793
3.70690493685025 0.463109486120348
3.71524873151256 0.490857907057594
3.72359252617487 0.518117030158077
3.73193632083719 0.54485968293507
3.7402801154995 0.571059207730694
3.74862391016181 0.596689488288857
3.75696770482412 0.621724975788496
3.76531149948643 0.64614071431121
3.77365529414874 0.669912365717855
3.78199908881106 0.693016233909331
3.79034288347337 0.715429288447371
3.79868667813568 0.737129187511779
3.80703047279799 0.758094300171246
3.8153742674603 0.77830372794553
3.82371806212261 0.79773732563752
3.83206185678492 0.816375721414399
3.84040565144724 0.834200336117918
3.84874944610955 0.851193401784495
3.85709324077186 0.867337979356714
3.86543703543417 0.882617975568546
3.87378083009648 0.897018158987463
3.88212462475879 0.910524175197463
3.89046841942111 0.923122561107861
3.89881221408342 0.934800758373598
3.90715600874573 0.945547125913667
3.91549980340804 0.955350951515195
3.92384359807035 0.964202462511612
3.93218739273266 0.972092835524257
3.94053118739498 0.979014205257715
3.94887498205729 0.984959672340111
3.9572187767196 0.989923310200557
3.96556257138191 0.993900170976888
3.97390636604422 0.996886290447793
3.98225016070653 0.998878691984444
3.99059395536884 0.999875389517657
3.99893775003116 0.999875389517657
4.00728154469347 0.998878691984444
4.01562533935578 0.996886290447793
4.02396913401809 0.993900170976888
4.0323129286804 0.989923310200557
4.04065672334271 0.98495967234011
4.04900051800503 0.979014205257715
4.05734431266734 0.972092835524257
4.06568810732965 0.964202462511612
4.07403190199196 0.955350951515195
4.08237569665427 0.945547125913668
4.09071949131658 0.934800758373598
4.09906328597889 0.92312256110786
4.10740708064121 0.910524175197462
4.11575087530352 0.897018158987463
4.12409466996583 0.882617975568547
4.13243846462814 0.867337979356715
4.14078225929045 0.851193401784496
4.14912605395276 0.834200336117918
4.15746984861508 0.816375721414398
4.16581364327739 0.79773732563752
4.1741574379397 0.778303727945529
4.18250123260201 0.758094300171246
4.19084502726432 0.737129187511779
4.19918882192663 0.715429288447372
4.20753261658894 0.693016233909332
4.21587641125126 0.669912365717854
4.22422020591357 0.64614071431121
4.23256400057588 0.621724975788495
4.24090779523819 0.596689488288857
4.2492515899005 0.571059207730694
4.25759538456281 0.544859682935072
4.26593917922513 0.518117030158077
4.27428297388744 0.490857907057592
4.28262676854975 0.463109486120348
4.29097056321206 0.434899427575795
4.29931435787437 0.40625585182379
4.30765815253668 0.377207311403576
4.31600194719899 0.347782762531984
4.32434574186131 0.318011536239238
4.33268953652362 0.287923309131165
4.34103333118593 0.257548073806897
4.34937712584824 0.226916108961589
4.35772092051055 0.196057949203979
4.36606471517286 0.165004354618799
4.37440850983518 0.13378628010448
4.38275230449749 0.102434844516613
4.3910960991598 0.0709812996480145
4.39943989382211 0.0394569990762536
4.40778368848442 0.007893366909712
4.41612748314673 -0.023678133536623
4.42447127780905 -0.0552260311045093
4.43281507247136 -0.0867188781635496
4.44115886713367 -0.118125281958909
4.44950266179598 -0.149413935904262
4.45784645645829 -0.180553650788902
4.4661902511206 -0.21151338586782
4.47453404578291 -0.242262279803782
4.48287784044523 -0.272769681430604
4.49122163510754 -0.303005180306871
4.49956542976985 -0.332938637029761
4.50790922443216 -0.362540213278626
4.51625301909447 -0.391780401558494
4.52459681375678 -0.420630054613783
4.5329406084191 -0.44906041448292
4.54128440308141 -0.47704314116489
4.54962819774372 -0.504550340869176
4.55797199240603 -0.531554593820902
4.56631578706834 -0.558028981593439
4.57465958173065 -0.583947113941306
4.58300337639296 -0.609283155106515
4.59134717105528 -0.634011849572238
4.59969096571759 -0.658108547238039
4.6080347603799 -0.681549227991633
4.61637855504221 -0.704310525652672
4.62472234970452 -0.726369751264638
4.63306614436683 -0.747704915711709
4.64140993902915 -0.76829475163797
4.64975373369146 -0.788118734647192
4.65809752835377 -0.807157103761986
4.66644132301608 -0.825390881121976
4.67478511767839 -0.842801890901351
4.6831289123407 -0.859372777426913
4.69147270700302 -0.875087022478594
4.69981650166533 -0.889928961755179
4.70816029632764 -0.903883800488823
4.71650409098995 -0.916937628192789
4.72484788565226 -0.92907743252773
4.73319168031457 -0.940291112272676
4.74153547497688 -0.950567489387782
4.7498792696392 -0.959896320156857
4.75822306430151 -0.968268305398507
4.76656685896382 -0.975675099735774
4.77491065362613 -0.982109319914981
4.78325444828844 -0.987564552165524
4.79159824295075 -0.992035358593258
4.79994203761307 -0.995517282601106
4.80828583227538 -0.998006853331493
4.81662962693769 -0.999501589126174
4.8249734216 -1
4.83341740144975 -0.999501589126174
4.8418613812995 -0.998006853331493
4.85030536114925 -0.995517282601106
4.85874934099899 -0.992035358593258
4.86719332084874 -0.987564552165524
4.87563730069849 -0.98210931991498
4.88408128054824 -0.975675099735773
4.89252526039799 -0.968268305398507
4.90096924024774 -0.959896320156857
4.90941322009749 -0.950567489387783
4.91785719994724 -0.940291112272676
4.92630117979698 -0.929077432527731
4.93474515964673 -0.916937628192789
4.94318913949648 -0.903883800488824
4.95163311934623 -0.88992896175518
4.96007709919598 -0.875087022478593
4.96852107904573 -0.859372777426912
4.97696505889548 -0.84280189090135
4.98540903874523 -0.825390881121976
4.99385301859497 -0.807157103761986
5.00229699844472 -0.788118734647193
5.01074097829447 -0.768294751637971
5.01918495814422 -0.74770491571171
5.02762893799397 -0.726369751264638
5.03607291784372 -0.704310525652671
5.04451689769347 -0.681549227991633
5.05296087754322 -0.658108547238037
5.06140485739297 -0.634011849572239
5.06984883724271 -0.609283155106517
5.07829281709246 -0.583947113941307
5.08673679694221 -0.558028981593441
5.09518077679196 -0.531554593820903
5.10362475664171 -0.504550340869176
5.11206873649146 -0.477043141164888
5.12051271634121 -0.449060414482919
5.12895669619096 -0.420630054613784
5.1374006760407 -0.391780401558493
5.14584465589045 -0.362540213278625
5.1542886357402 -0.332938637029761
5.16273261558995 -0.303005180306874
5.1711765954397 -0.272769681430604
5.17962057528945 -0.242262279803785
5.1880645551392 -0.211513385867821
5.19650853498895 -0.180553650788901
5.20495251483869 -0.14941393590426
5.21339649468844 -0.118125281958908
5.22184047453819 -0.0867188781635507
5.23028445438794 -0.0552260311045086
5.23872843423769 -0.0236781335366245
5.24717241408744 0.00789336690971242
5.25561639393719 0.0394569990762514
5.26406037378693 0.0709812996480142
5.27250435363668 0.102434844516614
5.28094833348643 0.13378628010448
5.28939231333618 0.1650043546188
5.29783629318593 0.196057949203978
5.30628027303568 0.22691610896159
5.31472425288543 0.257548073806896
5.32316823273518 0.287923309131166
5.33161221258492 0.318011536239237
5.34005619243467 0.347782762531981
5.34850017228442 0.377207311403577
5.35694415213417 0.40625585182379
5.36538813198392 0.434899427575794
5.37383211183367 0.463109486120348
5.38227609168342 0.490857907057594
5.39072007153317 0.518117030158077
5.39916405138291 0.54485968293507
5.40760803123266 0.571059207730694
5.41605201108241 0.596689488288855
5.42449599093216 0.621724975788496
5.43293997078191 0.646140714311211
5.44138395063166 0.669912365717856
5.44982793048141 0.693016233909332
5.45827191033116 0.715429288447371
5.4667158901809 0.737129187511779
5.47515987003065 0.758094300171245
5.4836038498804 0.778303727945529
5.49204782973015 0.797737325637519
5.5004918095799 0.8163757214144
5.50893578942965 0.834200336117918
5.5173797692794 0.851193401784495
5.52582374912915 0.867337979356715
5.53426772897889 0.882617975568547
5.54271170882864 0.897018158987464
5.55115568867839 0.910524175197462
5.55959966852814 0.923122561107861
5.56804364837789 0.934800758373598
5.57648762822764 0.945547125913667
5.58493160807739 0.955350951515195
5.59337558792714 0.964202462511612
5.60181956777688 0.972092835524257
5.61026354762663 0.979014205257715
5.61870752747638 0.984959672340111
5.62715150732613 0.989923310200557
5.63559548717588 0.993900170976888
5.64403946702563 0.996886290447793
5.65248344687538 0.998878691984444
5.66092742672513 0.999875389517657
5.66937140657488 0.999875389517657
5.67781538642462 0.998878691984444
5.68625936627437 0.996886290447793
5.69470334612412 0.993900170976888
5.70314732597387 0.989923310200557
5.71159130582362 0.984959672340111
5.72003528567337 0.979014205257715
5.72847926552312 0.972092835524257
5.73692324537286 0.964202462511612
5.74536722522261 0.955350951515194
5.75381120507236 0.945547125913668
5.76225518492211 0.934800758373598
5.77069916477186 0.923122561107861
5.77914314462161 0.910524175197462
5.78758712447136 0.897018158987464
5.79603110432111 0.882617975568547
5.80447508417085 0.867337979356715
5.8129190640206 0.851193401784495
5.82136304387035 0.834200336117919
5.8298070237201 0.8163757214144
5.83825100356985 0.797737325637519
5.8466949834196 0.778303727945529
5.85513896326935 0.758094300171245
5.8635829431191 0.737129187511779
5.87202692296884 0.715429288447371
5.88047090281859 0.693016233909332
5.88891488266834 0.669912365717856
5.89735886251809 0.646140714311211
5.90580284236784 0.621724975788497
5.91424682221759 0.596689488288855
5.92269080206734 0.571059207730694
5.93113478191709 0.54485968293507
5.93957876176683 0.518117030158077
5.94802274161658 0.490857907057594
5.95646672146633 0.463109486120348
5.96491070131608 0.434899427575794
5.97335468116583 0.40625585182379
5.98179866101558 0.377207311403578
5.99024264086533 0.347782762531982
5.99868662071508 0.318011536239238
6.00713060056482 0.287923309131166
6.01557458041457 0.257548073806896
6.02401856026432 0.22691610896159
6.03246254011407 0.196057949203978
6.04090651996382 0.1650043546188
6.04935049981357 0.13378628010448
6.05779447966332 0.102434844516615
6.06623845951307 0.0709812996480145
6.07468243936281 0.0394569990762554
6.08312641921256 0.00789336690971289
6.09157039906231 -0.0236781335366239
6.10001437891206 -0.0552260311045075
6.10845835876181 -0.0867188781635505
6.11690233861156 -0.118125281958908
6.12534631846131 -0.14941393590426
6.13379029831106 -0.180553650788901
6.1422342781608 -0.211513385867818
6.15067825801055 -0.242262279803781
6.1591222378603 -0.272769681430604
6.16756621771005 -0.303005180306873
6.1760101975598 -0.332938637029762
6.18445417740955 -0.362540213278624
6.1928981572593 -0.391780401558493
6.20134213710905 -0.420630054613784
6.20978611695879 -0.449060414482919
6.21823009680854 -0.477043141164888
6.22667407665829 -0.504550340869176
6.23511805650804 -0.531554593820902
6.24356203635779 -0.558028981593441
6.25200601620754 -0.583947113941307
6.26044999605729 -0.609283155106517
6.26889397590704 -0.634011849572238
6.27733795575678 -0.658108547238037
6.28578193560653 -0.681549227991633
6.29422591545628 -0.704310525652671
6.30266989530603 -0.726369751264638
6.31111387515578 -0.74770491571171
6.31955785500553 -0.768294751637971
6.32800183485528 -0.788118734647193
6.33644581470503 -0.807157103761986
6.34488979455477 -0.825390881121976
6.35333377440452 -0.84280189090135
6.36177775425427 -0.859372777426912
6.37022173410402 -0.875087022478593
6.37866571395377 -0.88992896175518
6.38710969380352 -0.903883800488824
6.39555367365327 -0.916937628192789
6.40399765350302 -0.929077432527731
6.41244163335276 -0.940291112272676
6.42088561320251 -0.950567489387783
6.42932959305226 -0.959896320156857
6.43777357290201 -0.968268305398507
6.44621755275176 -0.975675099735773
6.45466153260151 -0.98210931991498
6.46310551245126 -0.987564552165524
6.47154949230101 -0.992035358593258
6.47999347215075 -0.995517282601106
6.4884374520005 -0.998006853331493
6.49688143185025 -0.999501589126174
6.5053254117 -1
6.52486059372965 -0.999501589126174
6.5443957757593 -0.998006853331493
6.56393095778895 -0.995517282601106
6.58346613981859 -0.992035358593258
6.60300132184824 -0.987564552165524
6.62253650387789 -0.98210931991498
6.64207168590754 -0.975675099735773
6.66160686793719 -0.968268305398507
6.68114204996683 -0.959896320156857
6.70067723199648 -0.950567489387783
6.72021241402613 -0.940291112272676
6.73974759605578 -0.92907743252773
6.75928277808543 -0.916937628192789
6.77881796011508 -0.903883800488824
6.79835314214472 -0.88992896175518
6.81788832417437 -0.875087022478593
6.83742350620402 -0.859372777426912
6.85695868823367 -0.84280189090135
6.87649387026332 -0.825390881121976
6.89602905229297 -0.807157103761986
6.91556423432261 -0.788118734647192
6.93509941635226 -0.76829475163797
6.95463459838191 -0.747704915711709
6.97416978041156 -0.726369751264639
6.99370496244121 -0.704310525652673
7.01324014447085 -0.681549227991634
7.0327753265005 -0.658108547238037
7.05231050853015 -0.634011849572238
7.0718456905598 -0.609283155106517
7.09138087258945 -0.583947113941306
7.1109160546191 -0.558028981593441
7.13045123664874 -0.531554593820902
7.14998641867839 -0.504550340869177
7.16952160070804 -0.47704314116489
7.18905678273769 -0.44906041448292
7.20859196476734 -0.420630054613784
7.22812714679698 -0.391780401558494
7.24766232882663 -0.362540213278625
7.26719751085628 -0.332938637029761
7.28673269288593 -0.303005180306873
7.30626787491558 -0.272769681430603
7.32580305694523 -0.242262279803783
7.34533823897487 -0.21151338586782
7.36487342100452 -0.180553650788902
7.38440860303417 -0.14941393590426
7.40394378506382 -0.118125281958908
7.42347896709347 -0.0867188781635507
7.44301414912312 -0.0552260311045077
7.46254933115276 -0.0236781335366245
7.48208451318241 0.00789336690971331
7.50161969521206 0.0394569990762534
7.52115487724171 0.0709812996480156
7.54069005927136 0.102434844516613
7.560225241301 0.133786280104478
7.57976042333065 0.165004354618799
7.5992956053603 0.196057949203978
7.61883078738995 0.226916108961589
7.6383659694196 0.257548073806896
7.65790115144925 0.287923309131167
7.67743633347889 0.318011536239238
7.69697151550854 0.347782762531982
7.71650669753819 0.377207311403576
7.73604187956784 0.406255851823788
7.75557706159749 0.434899427575793
7.77511224362714 0.463109486120348
7.79464742565678 0.490857907057593
7.81418260768643 0.518117030158077
7.83371778971608 0.54485968293507
7.85325297174573 0.571059207730694
7.87278815377538 0.596689488288855
7.89232333580503 0.621724975788495
7.91185851783467 0.646140714311209
7.93139369986432 0.669912365717855
7.95092888189397 0.693016233909332
7.97046406392362 0.715429288447371
7.98999924595327 0.737129187511779
8.00953442798292 0.758094300171246
8.02906961001256 0.778303727945529
8.04860479204221 0.79773732563752
8.06813997407186 0.816375721414399
8.08767515610151 0.834200336117917
8.10721033813116 0.851193401784495
8.1267455201608 0.867337979356715
8.14628070219045 0.882617975568547
8.1658158842201 0.897018158987464
8.18535106624975 0.910524175197462
8.2048862482794 0.923122561107861
8.22442143030905 0.934800758373599
8.24395661233869 0.945547125913667
8.26349179436834 0.955350951515195
8.28302697639799 0.964202462511612
8.30256215842764 0.972092835524257
8.32209734045729 0.979014205257714
8.34163252248693 0.98495967234011
8.36116770451658 0.989923310200557
8.38070288654623 0.993900170976888
8.40023806857588 0.996886290447793
8.41977325060553 0.998878691984444
8.43930843263518 0.999875389517657
8.45884361466482 0.999875389517657
8.47837879669447 0.998878691984444
8.49791397872412 0.996886290447793
8.51744916075377 0.993900170976888
8.53698434278342 0.989923310200557
8.55651952481307 0.984959672340111
8.57605470684272 0.979014205257714
8.59558988887236 0.972092835524257
8.61512507090201 0.964202462511612
8.63466025293166 0.955350951515194
8.65419543496131 0.945547125913667
8.67373061699096 0.934800758373598
8.6932657990206 0.92312256110786
8.71280098105025 0.910524175197463
8.7323361630799 0.897018158987464
8.75187134510955 0.882617975568547
8.7714065271392 0.867337979356714
8.79094170916884 0.851193401784495
8.81047689119849 0.834200336117918
8.83001207322814 0.816375721414399
8.84954725525779 0.797737325637519
8.86908243728744 0.778303727945531
8.88861761931709 0.758094300171245
8.90815280134673 0.737129187511779
8.92768798337638 0.715429288447372
8.94722316540603 0.693016233909331
8.96675834743568 0.669912365717855
8.98629352946533 0.646140714311211
9.00582871149498 0.621724975788495
9.02536389352462 0.596689488288856
9.04489907555427 0.571059207730696
9.06443425758392 0.544859682935072
9.08396943961357 0.518117030158078
9.10350462164322 0.490857907057595
9.12303980367286 0.463109486120349
9.14257498570251 0.434899427575793
9.16211016773216 0.40625585182379
9.18164534976181 0.377207311403575
9.20118053179146 0.347782762531982
9.22071571382111 0.31801153623924
9.24025089585075 0.287923309131168
9.2597860778804 0.257548073806896
9.27932125991005 0.226916108961591
9.2988564419397 0.196057949203977
9.31839162396935 0.165004354618799
9.337926805999 0.13378628010448
9.35746198802864 0.102434844516615
9.37699717005829 0.0709812996480153
9.39653235208794 0.0394569990762536
9.41606753411759 0.00789336690971555
9.43560271614724 -0.0236781335366247
9.45513789817688 -0.0552260311045075
9.47467308020653 -0.0867188781635487
9.49420826223618 -0.118125281958908
9.51374344426583 -0.14941393590426
9.53327862629548 -0.1805536507889
9.55281380832513 -0.211513385867819
9.57234899035477 -0.242262279803783
9.59188417238442 -0.272769681430604
9.61141935441407 -0.303005180306873
9.63095453644372 -0.332938637029761
9.65048971847337 -0.362540213278623
9.67002490050302 -0.391780401558493
9.68956008253266 -0.420630054613784
9.70909526456231 -0.449060414482919
9.72863044659196 -0.47704314116489
9.74816562862161 -0.504550340869177
9.76770081065126 -0.531554593820901
9.78723599268091 -0.55802898159344
9.80677117471055 -0.583947113941306
9.8263063567402 -0.609283155106516
9.84584153876985 -0.634011849572239
9.8653767207995 -0.658108547238037
9.88491190282915 -0.681549227991633
9.90444708485879 -0.704310525652672
9.92398226688844 -0.726369751264639
9.94351744891809 -0.747704915711708
9.96305263094774 -0.768294751637971
9.98258781297739 -0.788118734647192
10.002122995007 -0.807157103761985
10.0216581770367 -0.825390881121977
10.0411933590663 -0.84280189090135
10.060728541096 -0.859372777426911
10.0802637231256 -0.875087022478594
10.0997989051553 -0.88992896175518
10.1193340871849 -0.903883800488823
10.1388692692146 -0.916937628192789
10.1584044512442 -0.92907743252773
10.1779396332739 -0.940291112272675
10.1974748153035 -0.950567489387783
10.2170099973332 -0.959896320156857
10.2365451793628 -0.968268305398507
10.2560803613925 -0.975675099735774
10.2756155434221 -0.98210931991498
10.2951507254518 -0.987564552165524
10.3146859074814 -0.992035358593258
10.3342210895111 -0.995517282601106
10.3537562715407 -0.998006853331493
10.3732914535704 -0.999501589126174
10.3928266356 -1
10.4116339541226 -0.999501589126174
10.4304412726452 -0.998006853331493
10.4492485911678 -0.995517282601106
10.4680559096905 -0.992035358593258
10.4868632282131 -0.987564552165524
10.5056705467357 -0.98210931991498
10.5244778652583 -0.975675099735773
10.5432851837809 -0.968268305398508
10.5620925023035 -0.959896320156857
10.5808998208261 -0.950567489387783
10.5997071393487 -0.940291112272675
10.6185144578714 -0.92907743252773
10.637321776394 -0.916937628192789
10.6561290949166 -0.903883800488824
10.6749364134392 -0.88992896175518
10.6937437319618 -0.875087022478593
10.7125510504844 -0.859372777426911
10.731358369007 -0.842801890901351
10.7501656875296 -0.825390881121977
10.7689730060523 -0.807157103761985
10.7877803245749 -0.788118734647192
10.8065876430975 -0.76829475163797
10.8253949616201 -0.747704915711708
10.8442022801427 -0.72636975126464
10.8630095986653 -0.704310525652672
10.8818169171879 -0.681549227991634
10.9006242357106 -0.658108547238037
10.9194315542332 -0.634011849572238
10.9382388727558 -0.609283155106517
10.9570461912784 -0.583947113941307
10.975853509801 -0.55802898159344
10.9946608283236 -0.531554593820901
11.0134681468462 -0.504550340869176
11.0322754653688 -0.477043141164891
11.0510827838915 -0.449060414482921
11.0698901024141 -0.420630054613784
11.0886974209367 -0.391780401558493
11.1075047394593 -0.362540213278623
11.1263120579819 -0.332938637029762
11.1451193765045 -0.303005180306873
11.1639266950271 -0.272769681430603
11.1827340135497 -0.242262279803783
11.2015413320724 -0.211513385867818
11.220348650595 -0.180553650788903
11.2391559691176 -0.149413935904262
11.2579632876402 -0.118125281958908
11.2767706061628 -0.0867188781635503
11.2955779246854 -0.0552260311045071
11.314385243208 -0.0236781335366252
11.3331925617307 0.00789336690971242
11.3519998802533 0.0394569990762527
11.3708071987759 0.0709812996480164
11.3896145172985 0.102434844516614
11.4084218358211 0.133786280104478
11.4272291543437 0.165004354618799
11.4460364728663 0.196057949203978
11.4648437913889 0.226916108961591
11.4836511099116 0.257548073806898
11.5024584284342 0.287923309131165
11.5212657469568 0.318011536239238
11.5400730654794 0.347782762531982
11.558880384002 0.377207311403576
11.5776877025246 0.40625585182379
11.5964950210472 0.434899427575792
11.6153023395698 0.463109486120347
11.6341096580925 0.490857907057594
11.6529169766151 0.518117030158078
11.6717242951377 0.544859682935071
11.6905316136603 0.571059207730694
11.7093389321829 0.596689488288855
11.7281462507055 0.621724975788495
11.7469535692281 0.64614071431121
11.7657608877508 0.669912365717856
11.7845682062734 0.693016233909331
11.803375524796 0.715429288447371
11.8221828433186 0.737129187511779
11.8409901618412 0.758094300171246
11.8597974803638 0.778303727945531
11.8786047988864 0.797737325637518
11.897412117409 0.816375721414399
11.9162194359317 0.834200336117917
11.9350267544543 0.851193401784495
11.9538340729769 0.867337979356715
11.9726413914995 0.882617975568546
11.9914487100221 0.897018158987463
12.0102560285447 0.910524175197462
12.0290633470673 0.923122561107861
12.04787066559 0.934800758373599
12.0666779841126 0.945547125913668
12.0854853026352 0.955350951515194
12.1042926211578 0.964202462511612
12.1230999396804 0.972092835524257
12.141907258203 0.979014205257715
12.1607145767256 0.984959672340111
12.1795218952482 0.989923310200557
12.1983292137709 0.993900170976888
12.2171365322935 0.996886290447793
12.2359438508161 0.998878691984444
12.2547511693387 0.999875389517657
12.2735584878613 0.999875389517657
12.2923658063839 0.998878691984444
12.3111731249065 0.996886290447793
12.3299804434291 0.993900170976888
12.3487877619518 0.989923310200557
12.3675950804744 0.98495967234011
12.386402398997 0.979014205257715
12.4052097175196 0.972092835524257
12.4240170360422 0.964202462511612
12.4428243545648 0.955350951515195
12.4616316730874 0.945547125913667
12.4804389916101 0.934800758373599
12.4992463101327 0.923122561107861
12.5180536286553 0.910524175197462
12.5368609471779 0.897018158987465
12.5556682657005 0.882617975568546
12.5744755842231 0.867337979356715
12.5932829027457 0.851193401784495
12.6120902212683 0.834200336117917
12.630897539791 0.816375721414401
12.6497048583136 0.797737325637518
12.6685121768362 0.77830372794553
12.6873194953588 0.758094300171246
12.7061268138814 0.737129187511779
12.724934132404 0.715429288447371
12.7437414509266 0.693016233909331
12.7625487694492 0.669912365717856
12.7813560879719 0.64614071431121
12.8001634064945 0.621724975788495
12.8189707250171 0.596689488288855
12.8377780435397 0.571059207730694
12.8565853620623 0.544859682935071
12.8753926805849 0.518117030158078
12.8941999991075 0.490857907057594
12.9130073176302 0.463109486120348
12.9318146361528 0.434899427575792
12.9506219546754 0.40625585182379
12.969429273198 0.377207311403576
12.9882365917206 0.347782762531982
13.0070439102432 0.318011536239238
13.0258512287658 0.287923309131165
13.0446585472884 0.257548073806897
13.0634658658111 0.226916108961591
13.0822731843337 0.196057949203978
13.1010805028563 0.165004354618799
13.1198878213789 0.133786280104478
13.1386951399015 0.102434844516615
13.1575024584241 0.0709812996480162
13.1763097769467 0.0394569990762527
13.1951170954693 0.007893366909712
13.213924413992 -0.0236781335366247
13.2327317325146 -0.0552260311045066
13.2515390510372 -0.0867188781635496
13.2703463695598 -0.118125281958908
13.2891536880824 -0.149413935904261
13.307961006605 -0.180553650788903
13.3267683251276 -0.211513385867818
13.3455756436503 -0.242262279803782
13.3643829621729 -0.272769681430602
13.3831902806955 -0.303005180306873
13.4019975992181 -0.332938637029762
13.4208049177407 -0.362540213278623
13.4396122362633 -0.391780401558493
13.4584195547859 -0.420630054613784
13.4772268733085 -0.44906041448292
13.4960341918312 -0.47704314116489
13.5148415103538 -0.504550340869176
13.5336488288764 -0.531554593820901
13.552456147399 -0.558028981593439
13.5712634659216 -0.583947113941307
13.5900707844442 -0.609283155106517
13.6088781029668 -0.634011849572237
13.6276854214894 -0.658108547238037
13.6464927400121 -0.681549227991633
13.6653000585347 -0.704310525652672
13.6841073770573 -0.72636975126464
13.7029146955799 -0.747704915711708
13.7217220141025 -0.76829475163797
13.7405293326251 -0.788118734647193
13.7593366511477 -0.807157103761985
13.7781439696704 -0.825390881121976
13.796951288193 -0.84280189090135
13.8157586067156 -0.859372777426911
13.8345659252382 -0.875087022478593
13.8533732437608 -0.889928961755181
13.8721805622834 -0.903883800488824
13.890987880806 -0.916937628192788
13.9097951993286 -0.92907743252773
13.9286025178513 -0.940291112272675
13.9474098363739 -0.950567489387783
13.9662171548965 -0.959896320156857
13.9850244734191 -0.968268305398507
14.0038317919417 -0.975675099735773
14.0226391104643 -0.98210931991498
14.0414464289869 -0.987564552165524
14.0602537475095 -0.992035358593258
14.0790610660322 -0.995517282601106
14.0978683845548 -0.998006853331493
14.1166757030774 -0.999501589126174
14.1354830216 -1
14.1453421529 -0.999501589126174
14.1552012842 -0.998006853331493
14.1650604155 -0.995517282601106
14.1749195468 -0.992035358593258
14.1847786781 -0.987564552165524
14.1946378094 -0.98210931991498
14.2044969407 -0.975675099735774
14.214356072 -0.968268305398507
14.2242152033 -0.959896320156858
14.2340743346 -0.950567489387783
14.2439334659 -0.940291112272675
14.2537925972 -0.929077432527731
14.2636517285 -0.916937628192788
14.2735108598 -0.903883800488824
14.2833699911 -0.88992896175518
14.2932291224 -0.875087022478595
14.3030882537 -0.859372777426912
14.312947385 -0.84280189090135
14.3228065163 -0.825390881121977
14.3326656476 -0.807157103761985
14.3425247789 -0.788118734647194
14.3523839102 -0.768294751637971
14.3622430415 -0.747704915711708
14.3721021728 -0.72636975126464
14.3819613041 -0.704310525652671
14.3918204354 -0.681549227991636
14.4016795667 -0.658108547238038
14.411538698 -0.634011849572237
14.4213978293 -0.609283155106518
14.4312569606 -0.583947113941305
14.4411160919 -0.558028981593442
14.4509752232 -0.531554593820901
14.4608343545 -0.504550340869175
14.4706934858 -0.477043141164891
14.4805526171 -0.449060414482919
14.4904117484 -0.420630054613786
14.5002708797 -0.391780401558493
14.510130011 -0.362540213278622
14.5199891423 -0.332938637029762
14.5298482736 -0.303005180306871
14.5397074049 -0.272769681430605
14.5495665362 -0.242262279803783
14.5594256675 -0.211513385867822
14.5692847988 -0.180553650788903
14.5791439301 -0.149413935904259
14.5890030614 -0.11812528195891
14.5988621927 -0.0867188781635501
14.608721324 -0.0552260311045108
14.6185804553 -0.0236781335366243
14.6284395866 0.00789336690971531
14.6382987179 0.0394569990762514
14.6481578492 0.0709812996480169
14.6580169805 0.102434844516611
14.6678761118 0.133786280104479
14.6777352431 0.165004354618802
14.6875943744 0.196057949203977
14.6974535057 0.226916108961591
14.707312637 0.257548073806895
14.7171717683 0.287923309131166
14.7270308996 0.31801153623924
14.7368900309 0.347782762531981
14.7467491622 0.377207311403577
14.7566082935 0.406255851823787
14.7664674248 0.434899427575793
14.7763265561 0.46310948612035
14.7861856874 0.490857907057593
14.7960448187 0.518117030158079
14.80590395 0.544859682935069
14.8157630813 0.571059207730695
14.8256222126 0.596689488288853
14.8354813439 0.621724975788495
14.8453404752 0.646140714311211
14.8551996065 0.669912365717854
14.8650587378 0.693016233909332
14.8749178691 0.715429288447369
14.8847770004 0.737129187511779
14.8946361317 0.758094300171247
14.904495263 0.778303727945529
14.9143543943 0.79773732563752
14.9242135256 0.816375721414398
14.9340726569 0.834200336117917
14.9439317882 0.851193401784496
14.9537909195 0.867337979356714
14.9636500508 0.882617975568547
14.9735091821 0.897018158987463
14.9833683134 0.910524175197462
14.9932274447 0.923122561107862
15.003086576 0.934800758373598
15.0129457073 0.945547125913667
15.0228048386 0.955350951515194
15.0326639699 0.964202462511612
15.0425231012 0.972092835524258
15.0523822325 0.979014205257714
15.0622413638 0.984959672340111
15.0721004951 0.989923310200557
15.0819596264 0.993900170976888
15.0918187577 0.996886290447793
15.101677889 0.998878691984444
15.1115370203 0.999875389517657
15.1213961516 0.999875389517657
15.1312552829 0.998878691984444
15.1411144142 0.996886290447793
15.1509735455 0.993900170976888
15.1608326768 0.989923310200557
15.1706918081 0.984959672340111
15.1805509394 0.979014205257714
15.1904100707 0.972092835524256
15.200269202 0.964202462511612
15.2101283333 0.955350951515194
15.2199874646 0.945547125913668
15.2298465959 0.934800758373598
15.2397057272 0.923122561107862
15.2495648585 0.910524175197462
15.2594239898 0.897018158987463
15.2692831211 0.882617975568547
15.2791422524 0.867337979356714
15.2890013837 0.851193401784496
15.298860515 0.834200336117918
15.3087196463 0.816375721414401
15.3185787776 0.79773732563752
15.3284379089 0.778303727945529
15.3382970402 0.758094300171247
15.3481561715 0.737129187511779
15.3580153028 0.715429288447374
15.3678744341 0.693016233909332
15.3777335654 0.669912365717854
15.3875926967 0.646140714311211
15.397451828 0.621724975788495
15.4073109593 0.596689488288859
15.4171700906 0.571059207730696
15.4270292219 0.544859682935069
15.4368883532 0.518117030158079
15.4467474845 0.490857907057593
15.4566066158 0.463109486120351
15.4664657471 0.434899427575794
15.4763248784 0.406255851823787
15.4861840097 0.377207311403578
15.496043141 0.347782762531982
15.5059022723 0.318011536239241
15.5157614036 0.287923309131167
15.5256205349 0.257548073806895
15.5354796662 0.226916108961591
15.5453387975 0.196057949203977
15.5551979288 0.165004354618802
15.5650570601 0.133786280104479
15.5749161914 0.102434844516611
15.5847753227 0.0709812996480171
15.594634454 0.0394569990762518
15.6044935853 0.00789336690971555
15.6143527166 -0.0236781335366247
15.6242118479 -0.055226031104511
15.6340709792 -0.0867188781635505
15.6439301105 -0.11812528195891
15.6537892418 -0.14941393590426
15.6636483731 -0.180553650788903
15.6735075044 -0.211513385867822
15.6833666357 -0.242262279803783
15.693225767 -0.272769681430605
15.7030848983 -0.303005180306871
15.7129440296 -0.332938637029762
15.7228031609 -0.362540213278627
15.7326622922 -0.391780401558493
15.7425214235 -0.420630054613786
15.7523805548 -0.449060414482919
15.7622396861 -0.47704314116489
15.7720988174 -0.504550340869175
15.7819579487 -0.531554593820901
15.79181708 -0.558028981593442
15.8016762113 -0.583947113941305
15.8115353426 -0.609283155106517
15.8213944739 -0.634011849572237
15.8312536052 -0.658108547238037
15.8411127365 -0.681549227991631
15.8509718678 -0.704310525652671
15.8608309991 -0.72636975126464
15.8706901304 -0.747704915711711
15.8805492617 -0.768294751637971
15.890408393 -0.788118734647194
15.9002675243 -0.807157103761985
15.9101266556 -0.825390881121977
15.9199857869 -0.842801890901349
15.9298449182 -0.859372777426912
15.9397040495 -0.875087022478592
15.9495631808 -0.88992896175518
15.9594223121 -0.903883800488824
15.9692814434 -0.916937628192788
15.9791405747 -0.92907743252773
15.988999706 -0.940291112272674
15.9988588373 -0.950567489387782
16.0087179686 -0.959896320156858
16.0185770999 -0.968268305398508
16.0284362312 -0.975675099735772
16.0382953625 -0.98210931991498
16.0481544938 -0.987564552165524
16.0580136251 -0.992035358593258
16.0678727564 -0.995517282601106
16.0777318877 -0.998006853331493
16.087591019 -0.999501589126174
16.0974501503 -1
16.1164372115658 -0.999501589126174
16.1354242728317 -0.998006853331493
16.1544113340975 -0.995517282601106
16.1733983953633 -0.992035358593258
16.1923854566291 -0.987564552165524
16.211372517895 -0.982109319914981
16.2303595791608 -0.975675099735774
16.2493466404266 -0.968268305398508
16.2683337016925 -0.959896320156856
16.2873207629583 -0.950567489387782
16.3063078242241 -0.940291112272675
16.3252948854899 -0.92907743252773
16.3442819467558 -0.916937628192788
16.3632690080216 -0.903883800488823
16.3822560692874 -0.88992896175518
16.4012431305533 -0.875087022478594
16.4202301918191 -0.859372777426912
16.4392172530849 -0.842801890901351
16.4582043143508 -0.825390881121977
16.4771913756166 -0.807157103761986
16.4961784368824 -0.788118734647193
16.5151654981482 -0.768294751637972
16.5341525594141 -0.747704915711711
16.5531396206799 -0.726369751264641
16.5721266819457 -0.704310525652674
16.5911137432116 -0.681549227991632
16.6101008044774 -0.658108547238036
16.6290878657432 -0.634011849572237
16.648074927009 -0.609283155106516
16.6670619882749 -0.583947113941305
16.6860490495407 -0.55802898159344
16.7050361108065 -0.531554593820901
16.7240231720724 -0.504550340869177
16.7430102333382 -0.47704314116489
16.761997294604 -0.449060414482921
16.7809843558698 -0.420630054613785
16.7999714171357 -0.391780401558495
16.8189584784015 -0.362540213278626
16.8379455396673 -0.332938637029763
16.8569326009332 -0.303005180306875
16.875919662199 -0.272769681430606
16.8949067234648 -0.242262279803781
16.9138937847307 -0.211513385867817
16.9328808459965 -0.1805536507889
16.9518679072623 -0.149413935904259
16.9708549685281 -0.118125281958907
16.989842029794 -0.0867188781635498
17.0088290910598 -0.0552260311045077
17.0278161523256 -0.0236781335366239
17.0468032135915 0.00789336690971309
17.0657902748573 0.0394569990762523
17.0847773361231 0.0709812996480149
17.1037643973889 0.102434844516612
17.1227514586548 0.133786280104477
17.1417385199206 0.165004354618797
17.1607255811864 0.196057949203976
17.1797126424523 0.226916108961587
17.1986997037181 0.257548073806899
17.2176867649839 0.287923309131169
17.2366738262497 0.31801153623924
17.2556608875156 0.347782762531984
17.2746479487814 0.377207311403577
17.2936350100472 0.40625585182379
17.3126220713131 0.434899427575794
17.3316091325789 0.463109486120348
17.3505961938447 0.490857907057594
17.3695832551106 0.518117030158077
17.3885703163764 0.54485968293507
17.4075573776422 0.571059207730694
17.426544438908 0.596689488288855
17.4455315001739 0.621724975788494
17.4645185614397 0.646140714311208
17.4835056227055 0.669912365717853
17.5024926839714 0.69301623390933
17.5214797452372 0.715429288447373
17.540466806503 0.737129187511781
17.5594538677688 0.758094300171247
17.5784409290347 0.778303727945531
17.5974279903005 0.79773732563752
17.6164150515663 0.8163757214144
17.6354021128322 0.834200336117918
17.654389174098 0.851193401784495
17.6733762353638 0.867337979356715
17.6923632966296 0.882617975568547
17.7113503578955 0.897018158987463
17.7303374191613 0.910524175197462
17.7493244804271 0.92312256110786
17.768311541693 0.934800758373598
17.7872986029588 0.945547125913666
17.8062856642246 0.955350951515194
17.8252727254904 0.964202462511611
17.8442597867563 0.972092835524258
17.8632468480221 0.979014205257715
17.8822339092879 0.984959672340111
17.9012209705538 0.989923310200557
17.9202080318196 0.993900170976888
17.9391950930854 0.996886290447793
17.9581821543513 0.998878691984444
17.9771692156171 0.999875389517657
17.9961562768829 0.999875389517657
18.0151433381487 0.998878691984444
18.0341303994146 0.996886290447793
18.0531174606804 0.993900170976888
18.0721045219462 0.989923310200557
18.0910915832121 0.984959672340111
18.1100786444779 0.979014205257715
18.1290657057437 0.972092835524256
18.1480527670095 0.964202462511613
18.1670398282754 0.955350951515194
18.1860268895412 0.945547125913667
18.205013950807 0.934800758373598
18.2240010120729 0.92312256110786
18.2429880733387 0.910524175197462
18.2619751346045 0.897018158987463
18.2809621958704 0.882617975568547
18.2999492571362 0.867337979356715
18.318936318402 0.851193401784495
18.3379233796678 0.834200336117918
18.3569104409337 0.8163757214144
18.3758975021995 0.79773732563752
18.3948845634653 0.778303727945531
18.4138716247312 0.758094300171247
18.432858685997 0.737129187511781
18.4518457472628 0.715429288447369
18.4708328085286 0.693016233909334
18.4898198697945 0.669912365717854
18.5088069310603 0.646140714311209
18.5277939923261 0.621724975788494
18.546781053592 0.596689488288855
18.5657681148578 0.571059207730694
18.5847551761236 0.54485968293507
18.6037422373894 0.518117030158078
18.6227292986553 0.490857907057595
18.6417163599211 0.463109486120348
18.6607034211869 0.434899427575794
18.6796904824528 0.40625585182379
18.6986775437186 0.377207311403578
18.7176646049844 0.347782762531985
18.7366516662502 0.31801153623924
18.7556387275161 0.287923309131169
18.7746257887819 0.257548073806894
18.7936128500477 0.226916108961594
18.8125999113136 0.196057949203975
18.8315869725794 0.165004354618797
18.8505740338452 0.133786280104478
18.8695610951111 0.102434844516612
18.8885481563769 0.0709812996480145
18.9075352176427 0.0394569990762518
18.9265222789085 0.00789336690971289
18.9455093401744 -0.0236781335366239
18.9644964014402 -0.0552260311045075
18.983483462706 -0.0867188781635505
19.0024705239719 -0.118125281958907
19.0214575852377 -0.14941393590426
19.0404446465035 -0.1805536507889
19.0594317077693 -0.211513385867817
19.0784187690352 -0.242262279803781
19.097405830301 -0.272769681430606
19.1163928915668 -0.30300518030687
19.1353799528327 -0.332938637029763
19.1543670140985 -0.362540213278626
19.1733540753643 -0.391780401558495
19.1923411366302 -0.420630054613785
19.211328197896 -0.449060414482921
19.2303152591618 -0.47704314116489
19.2493023204276 -0.504550340869178
19.2682893816935 -0.531554593820901
19.2872764429593 -0.558028981593439
19.3062635042251 -0.583947113941305
19.325250565491 -0.609283155106515
19.3442376267568 -0.634011849572238
19.3632246880226 -0.658108547238036
19.3822117492884 -0.681549227991636
19.4011988105543 -0.70431052565267
19.4201858718201 -0.726369751264641
19.4391729330859 -0.74770491571171
19.4581599943518 -0.768294751637972
19.4771470556176 -0.788118734647193
19.4961341168834 -0.807157103761986
19.5151211781492 -0.825390881121977
19.5341082394151 -0.842801890901351
19.5530953006809 -0.859372777426912
19.5720823619467 -0.875087022478593
19.5910694232126 -0.88992896175518
19.6100564844784 -0.903883800488823
19.6290435457442 -0.916937628192788
19.64803060701 -0.92907743252773
19.6670176682759 -0.940291112272675
19.6860047295417 -0.950567489387782
19.7049917908075 -0.959896320156858
19.7239788520734 -0.968268305398506
19.7429659133392 -0.975675099735774
19.761952974605 -0.982109319914981
19.7809400358709 -0.987564552165524
19.7999270971367 -0.992035358593258
19.8189141584025 -0.995517282601106
19.8379012196683 -0.998006853331493
19.8568882809342 -0.999501589126174
19.8758753422 -1
19.8856719069774 -0.999501589126174
19.8954684717548 -0.998006853331493
19.9052650365322 -0.995517282601106
19.9150616013095 -0.992035358593257
19.9248581660869 -0.987564552165524
19.9346547308643 -0.982109319914979
19.9444512956417 -0.975675099735773
19.9542478604191 -0.968268305398508
19.9640444251965 -0.959896320156856
19.9738409899739 -0.950567489387783
19.9836375547513 -0.940291112272674
19.9934341195286 -0.929077432527731
20.003230684306 -0.916937628192791
20.0130272490834 -0.903883800488823
20.0228238138608 -0.889928961755182
20.0326203786382 -0.875087022478592
20.0424169434156 -0.859372777426913
20.052213508193 -0.842801890901348
20.0620100729704 -0.825390881121976
20.0718066377477 -0.807157103761988
20.0816032025251 -0.788118734647191
20.0913997673025 -0.768294751637972
20.1011963320799 -0.747704915711706
20.1109928968573 -0.726369751264639
20.1207894616347 -0.704310525652676
20.1305860264121 -0.681549227991632
20.1403825911894 -0.65810854723804
20.1501791559668 -0.634011849572236
20.1599757207442 -0.609283155106518
20.1697722855216 -0.583947113941302
20.179568850299 -0.55802898159344
20.1893654150764 -0.531554593820905
20.1991619798538 -0.504550340869175
20.2089585446312 -0.477043141164891
20.2187551094085 -0.449060414482916
20.2285516741859 -0.420630054613784
20.2383482389633 -0.391780401558498
20.2481448037407 -0.362540213278623
20.2579413685181 -0.332938637029764
20.2677379332955 -0.303005180306869
20.2775344980729 -0.272769681430604
20.2873310628503 -0.242262279803778
20.2971276276276 -0.211513385867818
20.306924192405 -0.180553650788906
20.3167207571824 -0.149413935904259
20.3265173219598 -0.11812528195891
20.3363138867372 -0.0867188781635463
20.3461104515146 -0.0552260311045084
20.355907016292 -0.023678133536629
20.3657035810693 0.00789336690971509
20.3755001458467 0.0394569990762496
20.3852967106241 0.0709812996480195
20.3950932754015 0.102434844516612
20.4048898401789 0.133786280104485
20.4146864049563 0.1650043546188
20.4244829697337 0.196057949203974
20.4342795345111 0.226916108961593
20.4440760992884 0.257548073806894
20.4538726640658 0.287923309131171
20.4636692288432 0.318011536239238
20.4734657936206 0.347782762531978
20.483262358398 0.377207311403577
20.4930589231754 0.406255851823786
20.5028554879528 0.434899427575796
20.5126520527302 0.463109486120347
20.5224486175075 0.490857907057599
20.5322451822849 0.518117030158078
20.5420417470623 0.544859682935067
20.5518383118397 0.571059207730697
20.5616348766171 0.596689488288854
20.5714314413945 0.621724975788499
20.5812280061719 0.64614071431121
20.5910245709492 0.669912365717851
20.6008211357266 0.693016233909333
20.610617700504 0.715429288447369
20.6204142652814 0.737129187511781
20.6302108300588 0.758094300171244
20.6400073948362 0.778303727945533
20.6498039596136 0.79773732563752
20.659600524391 0.816375721414397
20.6693970891683 0.834200336117919
20.6791936539457 0.851193401784493
20.6889902187231 0.867337979356717
20.6987867835005 0.882617975568547
20.7085833482779 0.897018158987461
20.7183799130553 0.910524175197463
20.7281764778327 0.923122561107859
20.7379730426101 0.934800758373599
20.7477696073874 0.945547125913667
20.7575661721648 0.955350951515196
20.7673627369422 0.964202462511612
20.7771593017196 0.972092835524256
20.786955866497 0.979014205257715
20.7967524312744 0.98495967234011
20.8065489960518 0.989923310200558
20.8163455608291 0.993900170976888
20.8261421256065 0.996886290447793
20.8359386903839 0.998878691984444
20.8457352551613 0.999875389517657
20.8555318199387 0.999875389517657
20.8653283847161 0.998878691984444
20.8751249494935 0.996886290447793
20.8849215142709 0.993900170976888
20.8947180790482 0.989923310200558
20.9045146438256 0.98495967234011
20.914311208603 0.979014205257715
20.9241077733804 0.972092835524256
20.9339043381578 0.964202462511612
20.9437009029352 0.955350951515193
20.9534974677126 0.945547125913667
20.9632940324899 0.9348007583736
20.9730905972673 0.92312256110786
20.9828871620447 0.910524175197463
20.9926837268221 0.897018158987461
21.0024802915995 0.882617975568547
21.0122768563769 0.867337979356717
21.0220734211543 0.851193401784493
21.0318699859317 0.834200336117919
21.041666550709 0.816375721414397
21.0514631154864 0.79773732563752
21.0612596802638 0.778303727945534
21.0710562450412 0.758094300171245
21.0808528098186 0.737129187511781
21.090649374596 0.715429288447369
21.1004459393734 0.693016233909333
21.1102425041508 0.669912365717852
21.1200390689281 0.646140714311209
21.1298356337055 0.621724975788499
21.1396321984829 0.596689488288854
21.1494287632603 0.571059207730697
21.1592253280377 0.544859682935067
21.1690218928151 0.518117030158078
21.1788184575925 0.490857907057588
21.1886150223698 0.463109486120347
21.1984115871472 0.434899427575796
21.2082081519246 0.406255851823786
21.218004716702 0.377207311403577
21.2278012814794 0.347782762531978
21.2375978462568 0.318011536239239
21.2473944110342 0.287923309131171
21.2571909758116 0.257548073806895
21.2669875405889 0.226916108961593
21.2767841053663 0.196057949203974
21.2865806701437 0.1650043546188
21.2963772349211 0.133786280104485
21.3061737996985 0.102434844516612
21.3159703644759 0.0709812996480198
21.3257669292533 0.0394569990762501
21.3355634940307 0.00789336690971467
21.345360058808 -0.0236781335366283
21.3551566235854 -0.0552260311045084
21.3649531883628 -0.0867188781635461
21.3747497531402 -0.11812528195891
21.3845463179176 -0.149413935904258
21.394342882695 -0.180553650788906
21.4041394474724 -0.211513385867818
21.4139360122497 -0.242262279803788
21.4237325770271 -0.272769681430604
21.4335291418045 -0.30300518030687
21.4433257065819 -0.332938637029764
21.4531222713593 -0.362540213278622
21.4629188361367 -0.391780401558498
21.4727154009141 -0.420630054613784
21.4825119656915 -0.449060414482916
21.4923085304688 -0.477043141164891
21.5021050952462 -0.504550340869175
21.5119016600236 -0.531554593820905
21.521698224801 -0.558028981593439
21.5314947895784 -0.583947113941302
21.5412913543558 -0.609283155106517
21.5510879191332 -0.634011849572236
21.5608844839106 -0.658108547238039
21.5706810486879 -0.681549227991632
21.5804776134653 -0.704310525652676
21.5902741782427 -0.726369751264639
21.6000707430201 -0.747704915711706
21.6098673077975 -0.768294751637972
21.6196638725749 -0.788118734647191
21.6294604373523 -0.807157103761988
21.6392570021296 -0.825390881121976
21.649053566907 -0.842801890901354
21.6588501316844 -0.859372777426912
21.6686466964618 -0.875087022478592
21.6784432612392 -0.889928961755181
21.6882398260166 -0.903883800488822
21.698036390794 -0.916937628192791
21.7078329555714 -0.92907743252773
21.7176295203487 -0.940291112272674
21.7274260851261 -0.950567489387784
21.7372226499035 -0.959896320156856
21.7470192146809 -0.968268305398508
21.7568157794583 -0.975675099735773
21.7666123442357 -0.982109319914979
21.7764089090131 -0.987564552165524
21.7862054737904 -0.992035358593257
21.7960020385678 -0.995517282601106
21.8057986033452 -0.998006853331493
21.8155951681226 -0.999501589126174
21.8253917329 -1
21.832526944593 -0.999501589126174
21.8396621562859 -0.998006853331493
21.8467973679789 -0.995517282601105
21.8539325796719 -0.992035358593259
21.8610677913648 -0.987564552165525
21.8682030030578 -0.982109319914981
21.8753382147508 -0.975675099735774
21.8824734264437 -0.968268305398507
21.8896086381367 -0.959896320156856
21.8967438498296 -0.950567489387782
21.9038790615226 -0.940291112272673
21.9110142732156 -0.929077432527733
21.9181494849085 -0.916937628192791
21.9252846966015 -0.903883800488825
21.9324199082945 -0.889928961755181
21.9395551199874 -0.875087022478594
21.9466903316804 -0.859372777426911
21.9538255433734 -0.842801890901348
21.9609607550663 -0.825390881121973
21.9680959667593 -0.80715710376199
21.9752311784523 -0.788118734647196
21.9823663901452 -0.768294751637973
21.9895016018382 -0.74770491571171
21.9966368135312 -0.726369751264639
22.0037720252241 -0.704310525652671
22.0109072369171 -0.681549227991631
22.01804244861 -0.658108547238033
22.025177660303 -0.634011849572245
22.032312871996 -0.609283155106521
22.0394480836889 -0.583947113941309
22.0465832953819 -0.558028981593442
22.0537185070749 -0.531554593820901
22.0608537187678 -0.504550340869176
22.0679889304608 -0.477043141164886
22.0751241421538 -0.449060414482915
22.0822593538467 -0.420630054613791
22.0893945655397 -0.391780401558498
22.0965297772327 -0.362540213278628
22.1036649889256 -0.332938637029763
22.1108002006186 -0.303005180306872
22.1179354123116 -0.272769681430601
22.1250706240045 -0.242262279803779
22.1322058356975 -0.211513385867813
22.1393410473904 -0.18055365078891
22.1464762590834 -0.149413935904266
22.1536114707764 -0.118125281958911
22.1607466824693 -0.0867188781635523
22.1678818941623 -0.0552260311045079
22.1750171058553 -0.0236781335366217
22.1821523175482 0.00789336690971753
22.1892875292412 0.0394569990762591
22.1964227409342 0.0709812996480087
22.2035579526271 0.102434844516608
22.2106931643201 0.133786280104476
22.2178283760131 0.165004354618798
22.224963587706 0.196057949203978
22.232098799399 0.226916108961592
22.239234011092 0.257548073806901
22.2463692227849 0.287923309131173
22.2535044344779 0.318011536239231
22.2606396461709 0.347782762531977
22.2677748578638 0.377207311403573
22.2749100695568 0.406255851823788
22.2820452812497 0.434899427575794
22.2891804929427 0.46310948612035
22.2963157046357 0.490857907057597
22.3034509163286 0.518117030158083
22.3105861280216 0.544859682935065
22.3177213397146 0.57105920773069
22.3248565514075 0.596689488288853
22.3319917631005 0.621724975788494
22.3391269747935 0.64614071431121
22.3462621864864 0.669912365717857
22.3533973981794 0.693016233909335
22.3605326098724 0.715429288447376
22.3676678215653 0.737129187511774
22.3748030332583 0.758094300171242
22.3819382449513 0.778303727945528
22.3890734566442 0.797737325637519
22.3962086683372 0.8163757214144
22.4033438800301 0.834200336117919
22.4104790917231 0.851193401784497
22.4176143034161 0.867337979356718
22.424749515109 0.882617975568544
22.431884726802 0.897018158987461
22.439019938495 0.910524175197461
22.4461551501879 0.92312256110786
22.4532903618809 0.934800758373599
22.4604255735739 0.945547125913668
22.4675607852668 0.955350951515196
22.4746959969598 0.964202462511613
22.4818312086528 0.972092835524255
22.4889664203457 0.979014205257713
22.4961016320387 0.98495967234011
22.5032368437317 0.989923310200557
22.5103720554246 0.993900170976888
22.5175072671176 0.996886290447793
22.5246424788106 0.998878691984444
22.5317776905035 0.999875389517657
22.5389129021965 0.999875389517657
22.5460481138894 0.998878691984444
22.5531833255824 0.996886290447793
22.5603185372754 0.993900170976888
22.5674537489683 0.989923310200557
22.5745889606613 0.98495967234011
22.5817241723543 0.979014205257714
22.5888593840472 0.972092835524255
22.5959945957402 0.964202462511614
22.6031298074332 0.955350951515196
22.6102650191261 0.945547125913668
22.6174002308191 0.934800758373599
22.6245354425121 0.92312256110786
22.631670654205 0.910524175197461
22.638805865898 0.897018158987461
22.645941077591 0.882617975568544
22.6530762892839 0.867337979356718
22.6602115009769 0.851193401784497
22.6673467126698 0.834200336117919
22.6744819243628 0.816375721414399
22.6816171360558 0.797737325637519
22.6887523477487 0.778303727945528
22.6958875594417 0.758094300171242
22.7030227711347 0.737129187511774
22.7101579828276 0.715429288447376
22.7172931945206 0.693016233909335
22.7244284062136 0.669912365717857
22.7315636179065 0.64614071431121
22.7386988295995 0.621724975788494
22.7458340412925 0.596689488288854
22.7529692529854 0.571059207730691
22.7601044646784 0.544859682935064
22.7672396763714 0.518117030158083
22.7743748880643 0.490857907057598
22.7815100997573 0.46310948612035
22.7886453114502 0.434899427575794
22.7957805231432 0.406255851823788
22.8029157348362 0.377207311403573
22.8100509465291 0.347782762531977
22.8171861582221 0.318011536239231
22.8243213699151 0.287923309131173
22.831456581608 0.257548073806902
22.838591793301 0.226916108961593
22.845727004994 0.196057949203978
22.8528622166869 0.165004354618798
22.8599974283799 0.133786280104476
22.8671326400729 0.102434844516608
22.8742678517658 0.0709812996480092
22.8814030634588 0.0394569990762589
22.8885382751518 0.00789336690971822
22.8956734868447 -0.0236781335366212
22.9028086985377 -0.0552260311045075
22.9099439102307 -0.0867188781635514
22.9170791219236 -0.118125281958912
22.9242143336166 -0.149413935904267
22.9313495453095 -0.180553650788893
22.9384847570025 -0.211513385867812
22.9456199686955 -0.242262279803779
22.9527551803884 -0.272769681430601
22.9598903920814 -0.303005180306872
22.9670256037744 -0.332938637029763
22.9741608154673 -0.362540213278627
22.9812960271603 -0.391780401558498
22.9884312388533 -0.420630054613791
22.9955664505462 -0.449060414482914
23.0027016622392 -0.477043141164886
23.0098368739322 -0.504550340869175
23.0169720856251 -0.531554593820901
23.0241072973181 -0.558028981593441
23.0312425090111 -0.583947113941309
23.038377720704 -0.609283155106521
23.045512932397 -0.634011849572232
23.0526481440899 -0.658108547238033
23.0597833557829 -0.681549227991631
23.0669185674759 -0.704310525652671
23.0740537791688 -0.726369751264639
23.0811889908618 -0.74770491571171
23.0883242025548 -0.768294751637973
23.0954594142477 -0.788118734647196
23.1025946259407 -0.80715710376199
23.1097298376337 -0.825390881121973
23.1168650493266 -0.842801890901348
23.1240002610196 -0.859372777426911
23.1311354727126 -0.875087022478593
23.1382706844055 -0.889928961755181
23.1454058960985 -0.903883800488825
23.1525411077915 -0.916937628192791
23.1596763194844 -0.929077432527728
23.1668115311774 -0.940291112272673
23.1739467428703 -0.950567489387782
23.1810819545633 -0.959896320156857
23.1882171662563 -0.968268305398507
23.1953523779492 -0.975675099735774
23.2024875896422 -0.982109319914981
23.2096228013352 -0.987564552165525
23.2167580130281 -0.992035358593259
23.2238932247211 -0.995517282601105
23.2310284364141 -0.998006853331493
23.238163648107 -0.999501589126174
23.2452988598 -1
23.2641667047256 -0.999501589126174
23.2830345496513 -0.998006853331493
23.3019023945769 -0.995517282601106
23.3207702395025 -0.992035358593258
23.3396380844281 -0.987564552165524
23.3585059293538 -0.98210931991498
23.3773737742794 -0.975675099735774
23.396241619205 -0.968268305398507
23.4151094641307 -0.959896320156857
23.4339773090563 -0.950567489387782
23.4528451539819 -0.940291112272675
23.4717129989075 -0.929077432527731
23.4905808438332 -0.916937628192788
23.5094486887588 -0.903883800488824
23.5283165336844 -0.88992896175518
23.54718437861 -0.875087022478594
23.5660522235357 -0.859372777426911
23.5849200684613 -0.842801890901351
23.6037879133869 -0.825390881121975
23.6226557583126 -0.807157103761986
23.6415236032382 -0.788118734647191
23.6603914481638 -0.76829475163797
23.6792592930894 -0.747704915711711
23.6981271380151 -0.726369751264639
23.7169949829407 -0.704310525652673
23.7358628278663 -0.681549227991633
23.754730672792 -0.658108547238039
23.7735985177176 -0.634011849572237
23.7924663626432 -0.609283155106517
23.8113342075688 -0.583947113941304
23.8302020524945 -0.55802898159344
23.8490698974201 -0.531554593820904
23.8679377423457 -0.504550340869177
23.8868055872714 -0.477043141164891
23.905673432197 -0.449060414482919
23.9245412771226 -0.420630054613786
23.9434091220482 -0.391780401558492
23.9622769669739 -0.362540213278626
23.9811448118995 -0.332938637029759
24.0000126568251 -0.303005180306873
24.0188805017508 -0.2727696814306
24.0377483466764 -0.242262279803783
24.056616191602 -0.211513385867822
24.0754840365276 -0.180553650788901
24.0943518814533 -0.149413935904263
24.1132197263789 -0.118125281958907
24.1320875713045 -0.0867188781635525
24.1509554162302 -0.0552260311045064
24.1698232611558 -0.023678133536625
24.1886911060814 0.00789336690971553
24.207558951007 0.0394569990762525
24.2264267959327 0.0709812996480127
24.2452946408583 0.102434844516614
24.2641624857839 0.133786280104477
24.2830303307095 0.1650043546188
24.3018981756352 0.196057949203976
24.3207660205608 0.226916108961591
24.3396338654864 0.257548073806895
24.3585017104121 0.287923309131168
24.3773695553377 0.318011536239238
24.3962374002633 0.347782762531984
24.4151052451889 0.377207311403576
24.4339730901146 0.406255851823786
24.4528409350402 0.434899427575793
24.4717087799658 0.463109486120346
24.4905766248915 0.490857907057594
24.5094444698171 0.518117030158076
24.5283123147427 0.544859682935072
24.5471801596683 0.571059207730694
24.566048004594 0.596689488288857
24.5849158495196 0.621724975788495
24.6037836944452 0.646140714311212
24.6226515393709 0.669912365717855
24.6415193842965 0.69301623390933
24.6603872292221 0.715429288447372
24.6792550741477 0.737129187511777
24.6981229190734 0.758094300171246
24.716990763999 0.778303727945529
24.7358586089246 0.79773732563752
24.7547264538502 0.816375721414398
24.7735942987759 0.834200336117919
24.7924621437015 0.851193401784494
24.8113299886271 0.867337979356716
24.8301978335528 0.882617975568547
24.8490656784784 0.897018158987462
24.867933523404 0.910524175197462
24.8868013683296 0.92312256110786
24.9056692132553 0.934800758373599
24.9245370581809 0.945547125913667
24.9434049031065 0.955350951515195
24.9622727480322 0.964202462511611
24.9811405929578 0.972092835524258
25.0000084378834 0.979014205257714
25.018876282809 0.984959672340111
25.0377441277347 0.989923310200557
25.0566119726603 0.993900170976888
25.0754798175859 0.996886290447793
25.0943476625116 0.998878691984443
25.1132155074372 0.999875389517657
25.1320833523628 0.999875389517657
25.1509511972884 0.998878691984444
25.1698190422141 0.996886290447793
25.1886868871397 0.993900170976888
25.2075547320653 0.989923310200557
25.226422576991 0.98495967234011
25.2452904219166 0.979014205257714
25.2641582668422 0.972092835524258
25.2830261117678 0.964202462511612
25.3018939566935 0.955350951515195
25.3207618016191 0.945547125913667
25.3396296465447 0.934800758373599
25.3584974914704 0.92312256110786
25.377365336396 0.910524175197462
25.3962331813216 0.897018158987462
25.4151010262472 0.882617975568547
25.4339688711729 0.867337979356713
25.4528367160985 0.851193401784494
25.4717045610241 0.834200336117919
25.4905724059497 0.816375721414398
25.5094402508754 0.79773732563752
25.528308095801 0.778303727945529
25.5471759407266 0.758094300171246
25.5660437856523 0.737129187511777
25.5849116305779 0.715429288447372
25.6037794755035 0.693016233909334
25.6226473204291 0.669912365717855
25.6415151653548 0.646140714311207
25.6603830102804 0.621724975788495
25.679250855206 0.596689488288858
25.6981187001317 0.571059207730694
25.7169865450573 0.544859682935072
25.7358543899829 0.518117030158076
25.7547222349085 0.490857907057595
25.7735900798342 0.463109486120346
25.7924579247598 0.434899427575793
25.8113257696854 0.406255851823792
25.8301936146111 0.377207311403576
25.8490614595367 0.34778276253198
25.8679293044623 0.318011536239237
25.8867971493879 0.287923309131168
25.9056649943136 0.257548073806896
25.9245328392392 0.226916108961591
25.9434006841648 0.196057949203976
25.9622685290905 0.165004354618801
25.9811363740161 0.133786280104477
26.0000042189417 0.102434844516614
26.0188720638673 0.0709812996480189
26.037739908793 0.0394569990762527
26.0566077537186 0.00789336690971555
26.0754755986442 -0.0236781335366247
26.0943434435698 -0.0552260311045066
26.1132112884955 -0.0867188781635523
26.1320791334211 -0.118125281958907
26.1509469783467 -0.149413935904262
26.1698148232724 -0.180553650788902
26.188682668198 -0.211513385867821
26.2075505131236 -0.242262279803783
26.2264183580492 -0.2727696814306
26.2452862029749 -0.303005180306873
26.2641540479005 -0.332938637029759
26.2830218928261 -0.362540213278626
26.3018897377518 -0.391780401558491
26.3207575826774 -0.420630054613786
26.339625427603 -0.449060414482919
26.3584932725286 -0.477043141164891
26.3773611174543 -0.504550340869177
26.3962289623799 -0.531554593820904
26.4150968073055 -0.558028981593439
26.4339646522312 -0.583947113941304
26.4528324971568 -0.609283155106517
26.4717003420824 -0.634011849572237
26.490568187008 -0.658108547238038
26.5094360319337 -0.681549227991633
26.5283038768593 -0.704310525652673
26.5471717217849 -0.726369751264639
26.5660395667106 -0.747704915711711
26.5849074116362 -0.768294751637971
26.6037752565618 -0.788118734647194
26.6226431014874 -0.807157103761986
26.6415109464131 -0.825390881121975
26.6603787913387 -0.842801890901351
26.6792466362643 -0.859372777426911
26.69811448119 -0.875087022478594
26.7169823261156 -0.889928961755179
26.7358501710412 -0.903883800488824
26.7547180159668 -0.916937628192788
26.7735858608925 -0.929077432527731
26.7924537058181 -0.940291112272675
26.8113215507437 -0.950567489387784
26.8301893956693 -0.959896320156857
26.849057240595 -0.968268305398507
26.8679250855206 -0.975675099735774
26.8867929304462 -0.98210931991498
26.9056607753719 -0.987564552165524
26.9245286202975 -0.992035358593258
26.9433964652231 -0.995517282601106
26.9622643101487 -0.998006853331493
26.9811321550744 -0.999501589126174
27 -1
