0 -1
0.00862013808090452 -0.999501589126174
0.017240276161809 -0.998006853331493
0.0258604142427136 -0.995517282601106
0.0344805523236181 -0.992035358593258
0.0431006904045226 -0.987564552165524
0.0517208284854271 -0.98210931991498
0.0603409665663317 -0.975675099735774
0.0689611046472362 -0.968268305398507
0.0775812427281407 -0.959896320156857
0.0862013808090452 -0.950567489387783
0.0948215188899497 -0.940291112272676
0.103441656970854 -0.929077432527731
0.112061795051759 -0.916937628192789
0.120681933132663 -0.903883800488824
0.129302071213568 -0.88992896175518
0.137922209294472 -0.875087022478594
0.146542347375377 -0.859372777426912
0.155162485456281 -0.842801890901351
0.163782623537186 -0.825390881121976
0.17240276161809 -0.807157103761985
0.181022899698995 -0.788118734647192
0.189643037779899 -0.768294751637971
0.198263175860804 -0.747704915711709
0.206883313941709 -0.726369751264639
0.215503452022613 -0.704310525652672
0.224123590103518 -0.681549227991634
0.232743728184422 -0.658108547238038
0.241363866265327 -0.634011849572239
0.249984004346231 -0.609283155106517
0.258604142427136 -0.583947113941306
0.26722428050804 -0.55802898159344
0.275844418588945 -0.531554593820901
0.284464556669849 -0.504550340869177
0.293084694750754 -0.47704314116489
0.301704832831658 -0.44906041448292
0.310324970912563 -0.420630054613784
0.318945108993467 -0.391780401558493
0.327565247074372 -0.362540213278624
0.336185385155276 -0.332938637029761
0.344805523236181 -0.303005180306873
0.353425661317085 -0.272769681430603
0.36204579939799 -0.242262279803783
0.370665937478894 -0.211513385867819
0.379286075559799 -0.180553650788902
0.387906213640704 -0.149413935904261
0.396526351721608 -0.118125281958908
0.405146489802513 -0.0867188781635509
0.413766627883417 -0.0552260311045082
0.422386765964322 -0.0236781335366241
0.431006904045226 0.00789336690971331
0.439627042126131 0.0394569990762527
0.448247180207035 0.0709812996480158
0.45686731828794 0.102434844516613
0.465487456368844 0.133786280104479
0.474107594449749 0.165004354618799
0.482727732530653 0.196057949203978
0.491347870611558 0.22691610896159
0.499968008692462 0.257548073806897
0.508588146773367 0.287923309131166
0.517208284854271 0.318011536239238
0.525828422935176 0.347782762531982
0.53444856101608 0.377207311403576
0.543068699096985 0.406255851823789
0.551688837177889 0.434899427575793
0.560308975258794 0.463109486120348
0.568929113339698 0.490857907057594
0.577549251420603 0.518117030158078
0.586169389501508 0.54485968293507
0.594789527582412 0.571059207730694
0.603409665663317 0.596689488288856
0.612029803744221 0.621724975788495
0.620649941825126 0.64614071431121
0.62927007990603 0.669912365717855
0.637890217986935 0.693016233909332
0.646510356067839 0.715429288447371
0.655130494148744 0.737129187511779
0.663750632229648 0.758094300171245
0.672370770310553 0.77830372794553
0.680990908391457 0.797737325637519
0.689611046472362 0.816375721414399
0.698231184553266 0.834200336117918
0.706851322634171 0.851193401784495
0.715471460715075 0.867337979356714
0.72409159879598 0.882617975568547
0.732711736876884 0.897018158987464
0.741331874957789 0.910524175197462
0.749952013038694 0.923122561107861
0.758572151119598 0.934800758373598
0.767192289200502 0.945547125913667
0.775812427281407 0.955350951515195
0.784432565362312 0.964202462511612
0.793052703443216 0.972092835524257
0.801672841524121 0.979014205257715
0.810292979605025 0.98495967234011
0.81891311768593 0.989923310200557
0.827533255766834 0.993900170976888
0.836153393847739 0.996886290447793
0.844773531928643 0.998878691984444
0.853393670009548 0.999875389517657
0.862013808090452 0.999875389517657
0.870633946171357 0.998878691984444
0.879254084252261 0.996886290447793
0.887874222333166 0.993900170976888
0.89649436041407 0.989923310200557
0.905114498494975 0.984959672340111
0.913734636575879 0.979014205257715
0.922354774656784 0.972092835524257
0.930974912737688 0.964202462511612
0.939595050818593 0.955350951515195
0.948215188899497 0.945547125913667
0.956835326980402 0.934800758373598
0.965455465061307 0.923122561107861
0.974075603142211 0.910524175197462
0.982695741223116 0.897018158987464
0.99131587930402 0.882617975568547
0.999936017384925 0.867337979356715
1.00855615546583 0.851193401784495
1.01717629354673 0.834200336117918
1.02579643162764 0.816375721414399
1.03441656970854 0.79773732563752
1.04303670778945 0.77830372794553
1.05165684587035 0.758094300171246
1.06027698395126 0.737129187511779
1.06889712203216 0.715429288447371
1.07751726011307 0.693016233909332
1.08613739819397 0.669912365717855
1.09475753627487 0.646140714311209
1.10337767435578 0.621724975788495
1.11199781243668 0.596689488288856
1.12061795051759 0.571059207730695
1.12923808859849 0.54485968293507
1.1378582266794 0.518117030158078
1.1464783647603 0.490857907057593
1.15509850284121 0.463109486120348
1.16371864092211 0.434899427575793
1.17233877900302 0.406255851823789
1.18095891708392 0.377207311403576
1.18957905516482 0.347782762531983
1.19819919324573 0.318011536239238
1.20681933132663 0.287923309131167
1.21543946940754 0.257548073806896
1.22405960748844 0.22691610896159
1.23267974556935 0.196057949203978
1.24129988365025 0.1650043546188
1.24992002173116 0.133786280104479
1.25854015981206 0.102434844516613
1.26716029789296 0.0709812996480162
1.27578043597387 0.0394569990762527
1.28440057405477 0.00789336690971289
1.29302071213568 -0.0236781335366239
1.30164085021658 -0.0552260311045075
1.31026098829749 -0.0867188781635514
1.31888112637839 -0.118125281958908
1.3275012644593 -0.14941393590426
1.3361214025402 -0.180553650788902
1.34474154062111 -0.211513385867819
1.35336167870201 -0.242262279803782
1.36198181678291 -0.272769681430603
1.37060195486382 -0.303005180306872
1.37922209294472 -0.33293863702976
1.38784223102563 -0.362540213278624
1.39646236910653 -0.391780401558494
1.40508250718744 -0.420630054613784
1.41370264526834 -0.44906041448292
1.42232278334925 -0.47704314116489
1.43094292143015 -0.504550340869176
1.43956305951106 -0.531554593820902
1.44818319759196 -0.55802898159344
1.45680333567286 -0.583947113941306
1.46542347375377 -0.609283155106517
1.47404361183467 -0.634011849572239
1.48266374991558 -0.658108547238037
1.49128388799648 -0.681549227991634
1.49990402607739 -0.704310525652672
1.50852416415829 -0.726369751264639
1.5171443022392 -0.747704915711709
1.5257644403201 -0.768294751637971
1.534384578401 -0.788118734647192
1.54300471648191 -0.807157103761985
1.55162485456281 -0.825390881121977
1.56024499264372 -0.842801890901351
1.56886513072462 -0.859372777426912
1.57748526880553 -0.875087022478594
1.58610540688643 -0.88992896175518
1.59472554496734 -0.903883800488824
1.60334568304824 -0.916937628192789
1.61196582112915 -0.92907743252773
1.62058595921005 -0.940291112272675
1.62920609729095 -0.950567489387783
1.63782623537186 -0.959896320156857
1.64644637345276 -0.968268305398507
1.65506651153367 -0.975675099735774
1.66368664961457 -0.98210931991498
1.67230678769548 -0.987564552165524
1.68092692577638 -0.992035358593258
1.68954706385729 -0.995517282601106
1.69816720193819 -0.998006853331493
1.7067873400191 -0.999501589126174
1.7154074781 -1
1.73208407435628 -0.999501589126174
1.74876067061256 -0.998006853331493
1.76543726686884 -0.995517282601106
1.78211386312513 -0.992035358593258
1.79879045938141 -0.987564552165524
1.81546705563769 -0.98210931991498
1.83214365189397 -0.975675099735774
1.84882024815025 -0.968268305398507
1.86549684440653 -0.959896320156857
1.88217344066281 -0.950567489387783
1.8988500369191 -0.940291112272676
1.91552663317538 -0.929077432527731
1.93220322943166 -0.916937628192789
1.94887982568794 -0.903883800488824
1.96555642194422 -0.88992896175518
1.9822330182005 -0.875087022478594
1.99890961445678 -0.859372777426912
2.01558621071307 -0.842801890901351
2.03226280696935 -0.825390881121976
2.04893940322563 -0.807157103761986
2.06561599948191 -0.788118734647192
2.08229259573819 -0.768294751637971
2.09896919199447 -0.747704915711709
2.11564578825075 -0.726369751264639
2.13232238450703 -0.704310525652672
2.14899898076332 -0.681549227991634
2.1656755770196 -0.658108547238037
2.18235217327588 -0.634011849572239
2.19902876953216 -0.609283155106517
2.21570536578844 -0.583947113941306
2.23238196204472 -0.55802898159344
2.24905855830101 -0.531554593820901
2.26573515455729 -0.504550340869177
2.28241175081357 -0.47704314116489
2.29908834706985 -0.44906041448292
2.31576494332613 -0.420630054613784
2.33244153958241 -0.391780401558494
2.34911813583869 -0.362540213278624
2.36579473209498 -0.332938637029761
2.38247132835126 -0.303005180306873
2.39914792460754 -0.272769681430604
2.41582452086382 -0.242262279803783
2.4325011171201 -0.211513385867819
2.44917771337638 -0.180553650788903
2.46585430963266 -0.149413935904261
2.48253090588894 -0.118125281958908
2.49920750214523 -0.0867188781635512
2.51588409840151 -0.0552260311045079
2.53256069465779 -0.0236781335366243
2.54923729091407 0.00789336690971309
2.56591388717035 0.0394569990762523
2.58259048342663 0.0709812996480158
2.59926707968291 0.102434844516614
2.6159436759392 0.133786280104479
2.63262027219548 0.165004354618799
2.64929686845176 0.196057949203978
2.66597346470804 0.22691610896159
2.68265006096432 0.257548073806896
2.6993266572206 0.287923309131166
2.71600325347688 0.318011536239239
2.73267984973317 0.347782762531982
2.74935644598945 0.377207311403575
2.76603304224573 0.406255851823789
2.78270963850201 0.434899427575793
2.79938623475829 0.463109486120347
2.81606283101457 0.490857907057594
2.83273942727085 0.518117030158078
2.84941602352714 0.54485968293507
2.86609261978342 0.571059207730695
2.8827692160397 0.596689488288856
2.89944581229598 0.621724975788495
2.91612240855226 0.646140714311209
2.93279900480854 0.669912365717855
2.94947560106482 0.693016233909332
2.96615219732111 0.715429288447371
2.98282879357739 0.737129187511779
2.99950538983367 0.758094300171246
3.01618198608995 0.77830372794553
3.03285858234623 0.797737325637519
3.04953517860251 0.816375721414399
3.06621177485879 0.834200336117918
3.08288837111508 0.851193401784495
3.09956496737136 0.867337979356715
3.11624156362764 0.882617975568547
3.13291815988392 0.897018158987463
3.1495947561402 0.910524175197462
3.16627135239648 0.923122561107861
3.18294794865276 0.934800758373598
3.19962454490905 0.945547125913667
3.21630114116533 0.955350951515195
3.23297773742161 0.964202462511612
3.24965433367789 0.972092835524257
3.26633092993417 0.979014205257714
3.28300752619045 0.98495967234011
3.29968412244673 0.989923310200557
3.31636071870301 0.993900170976888
3.3330373149593 0.996886290447793
3.34971391121558 0.998878691984444
3.36639050747186 0.999875389517657
3.38306710372814 0.999875389517657
3.39974369998442 0.998878691984444
3.4164202962407 0.996886290447793
3.43309689249698 0.993900170976888
3.44977348875327 0.989923310200557
3.46645008500955 0.984959672340111
3.48312668126583 0.979014205257715
3.49980327752211 0.972092835524257
3.51647987377839 0.964202462511612
3.53315647003467 0.955350951515195
3.54983306629095 0.945547125913667
3.56650966254724 0.934800758373598
3.58318625880352 0.923122561107861
3.5998628550598 0.910524175197462
3.61653945131608 0.897018158987463
3.63321604757236 0.882617975568547
3.64989264382864 0.867337979356715
3.66656924008492 0.851193401784495
3.68324583634121 0.834200336117918
3.69992243259749 0.816375721414399
3.71659902885377 0.797737325637519
3.73327562511005 0.77830372794553
3.74995222136633 0.758094300171246
3.76662881762261 0.737129187511779
3.78330541387889 0.715429288447372
3.79998201013518 0.693016233909332
3.81665860639146 0.669912365717855
3.83333520264774 0.64614071431121
3.85001179890402 0.621724975788495
3.8666883951603 0.596689488288856
3.88336499141658 0.571059207730695
3.90004158767286 0.54485968293507
3.91671818392915 0.518117030158077
3.93339478018543 0.490857907057594
3.95007137644171 0.463109486120348
3.96674797269799 0.434899427575793
3.98342456895427 0.40625585182379
4.00010116521055 0.377207311403576
4.01677776146683 0.347782762531983
4.03345435772312 0.318011536239238
4.0501309539794 0.287923309131167
4.06680755023568 0.257548073806897
4.08348414649196 0.22691610896159
4.10016074274824 0.196057949203978
4.11683733900452 0.1650043546188
4.1335139352608 0.133786280104478
4.15019053151708 0.102434844516615
4.16686712777337 0.0709812996480162
4.18354372402965 0.0394569990762536
4.20022032028593 0.00789336690971467
4.21689691654221 -0.0236781335366239
4.23357351279849 -0.0552260311045075
4.25025010905477 -0.0867188781635496
4.26692670531106 -0.118125281958908
4.28360330156734 -0.14941393590426
4.30027989782362 -0.180553650788901
4.3169564940799 -0.211513385867819
4.33363309033618 -0.242262279803783
4.35030968659246 -0.272769681430602
4.36698628284874 -0.303005180306874
4.38366287910502 -0.332938637029759
4.40033947536131 -0.362540213278625
4.41701607161759 -0.391780401558494
4.43369266787387 -0.420630054613784
4.45036926413015 -0.449060414482921
4.46704586038643 -0.47704314116489
4.48372245664271 -0.504550340869177
4.500399052899 -0.531554593820901
4.51707564915528 -0.558028981593439
4.53375224541156 -0.583947113941305
4.55042884166784 -0.609283155106517
4.56710543792412 -0.634011849572238
4.5837820341804 -0.658108547238037
4.60045863043668 -0.681549227991633
4.61713522669297 -0.704310525652672
4.63381182294925 -0.726369751264639
4.65048841920553 -0.747704915711709
4.66716501546181 -0.768294751637971
4.68384161171809 -0.788118734647193
4.70051820797437 -0.807157103761985
4.71719480423065 -0.825390881121976
4.73387140048693 -0.842801890901351
4.75054799674322 -0.859372777426912
4.7672245929995 -0.875087022478593
4.78390118925578 -0.88992896175518
4.80057778551206 -0.903883800488823
4.81725438176834 -0.916937628192788
4.83393097802462 -0.929077432527731
4.8506075742809 -0.940291112272675
4.86728417053719 -0.950567489387783
4.88396076679347 -0.959896320156857
4.90063736304975 -0.968268305398507
4.91731395930603 -0.975675099735774
4.93399055556231 -0.98210931991498
4.95066715181859 -0.987564552165524
4.96734374807487 -0.992035358593258
4.98402034433116 -0.995517282601106
5.00069694058744 -0.998006853331493
5.01737353684372 -0.999501589126174
5.0340501331 -1
5.05065702468392 -0.999501589126174
5.06726391626784 -0.998006853331493
5.08387080785176 -0.995517282601106
5.10047769943568 -0.992035358593258
5.1170845910196 -0.987564552165524
5.13369148260352 -0.98210931991498
5.15029837418744 -0.975675099735774
5.16690526577136 -0.968268305398507
5.18351215735528 -0.959896320156857
5.2001190489392 -0.950567489387783
5.21672594052312 -0.940291112272675
5.23333283210704 -0.92907743252773
5.24993972369095 -0.916937628192789
5.26654661527487 -0.903883800488823
5.28315350685879 -0.889928961755181
5.29976039844271 -0.875087022478594
5.31636729002663 -0.859372777426912
5.33297418161055 -0.842801890901351
5.34958107319447 -0.825390881121976
5.36618796477839 -0.807157103761985
5.38279485636231 -0.788118734647193
5.39940174794623 -0.76829475163797
5.41600863953015 -0.747704915711708
5.43261553111407 -0.726369751264639
5.44922242269799 -0.704310525652672
5.46582931428191 -0.681549227991634
5.48243620586583 -0.658108547238038
5.49904309744975 -0.634011849572238
5.51564998903367 -0.609283155106517
5.53225688061759 -0.583947113941306
5.54886377220151 -0.558028981593441
5.56547066378543 -0.531554593820902
5.58207755536935 -0.504550340869177
5.59868444695327 -0.47704314116489
5.61529133853719 -0.44906041448292
5.63189823012111 -0.420630054613784
5.64850512170502 -0.391780401558494
5.66511201328894 -0.362540213278624
5.68171890487286 -0.33293863702976
5.69832579645678 -0.303005180306873
5.7149326880407 -0.272769681430603
5.73153957962462 -0.242262279803784
5.74814647120854 -0.211513385867819
5.76475336279246 -0.180553650788901
5.78136025437638 -0.149413935904261
5.7979671459603 -0.118125281958908
5.81457403754422 -0.0867188781635518
5.83118092912814 -0.0552260311045084
5.84778782071206 -0.0236781335366237
5.86439471229598 0.00789336690971242
5.8810016038799 0.0394569990762527
5.89760849546382 0.0709812996480162
5.91421538704774 0.102434844516613
5.93082227863166 0.133786280104479
5.94742917021558 0.1650043546188
5.9640360617995 0.196057949203978
5.98064295338342 0.22691610896159
5.99724984496734 0.257548073806898
6.01385673655126 0.287923309131166
6.03046362813518 0.318011536239239
6.0470705197191 0.347782762531982
6.06367741130301 0.377207311403576
6.08028430288693 0.406255851823789
6.09689119447085 0.434899427575793
6.11349808605477 0.463109486120348
6.13010497763869 0.490857907057593
6.14671186922261 0.518117030158077
6.16331876080653 0.544859682935071
6.17992565239045 0.571059207730694
6.19653254397437 0.596689488288856
6.21313943555829 0.621724975788496
6.22974632714221 0.646140714311209
6.24635321872613 0.669912365717855
6.26296011031005 0.693016233909332
6.27956700189397 0.715429288447371
6.29617389347789 0.737129187511779
6.31278078506181 0.758094300171245
6.32938767664573 0.77830372794553
6.34599456822965 0.797737325637519
6.36260145981357 0.816375721414399
6.37920835139749 0.834200336117918
6.39581524298141 0.851193401784494
6.41242213456533 0.867337979356715
6.42902902614925 0.882617975568547
6.44563591773317 0.897018158987463
6.46224280931709 0.910524175197462
6.47884970090101 0.923122561107861
6.49545659248492 0.934800758373598
6.51206348406884 0.945547125913667
6.52867037565276 0.955350951515195
6.54527726723668 0.964202462511612
6.5618841588206 0.972092835524257
6.57849105040452 0.979014205257715
6.59509794198844 0.98495967234011
6.61170483357236 0.989923310200557
6.62831172515628 0.993900170976888
6.6449186167402 0.996886290447793
6.66152550832412 0.998878691984444
6.67813239990804 0.999875389517657
6.69473929149196 0.999875389517657
6.71134618307588 0.998878691984444
6.7279530746598 0.996886290447793
6.74455996624372 0.993900170976888
6.76116685782764 0.989923310200557
6.77777374941156 0.984959672340111
6.79438064099548 0.979014205257714
6.8109875325794 0.972092835524257
6.82759442416332 0.964202462511612
6.84420131574724 0.955350951515195
6.86080820733116 0.945547125913667
6.87741509891508 0.934800758373598
6.894021990499 0.92312256110786
6.91062888208291 0.910524175197462
6.92723577366683 0.897018158987464
6.94384266525075 0.882617975568547
6.96044955683467 0.867337979356715
6.97705644841859 0.851193401784495
6.99366334000251 0.834200336117918
7.01027023158643 0.816375721414399
7.02687712317035 0.79773732563752
7.04348401475427 0.77830372794553
7.06009090633819 0.758094300171245
7.07669779792211 0.737129187511779
7.09330468950603 0.715429288447371
7.10991158108995 0.693016233909331
7.12651847267387 0.669912365717855
7.14312536425779 0.646140714311209
7.15973225584171 0.621724975788495
7.17633914742563 0.596689488288856
7.19294603900955 0.571059207730696
7.20955293059347 0.54485968293507
7.22615982217739 0.518117030158077
7.24276671376131 0.490857907057595
7.25937360534523 0.463109486120348
7.27598049692915 0.434899427575793
7.29258738851306 0.40625585182379
7.30919428009698 0.377207311403576
7.3258011716809 0.347782762531982
7.34240806326482 0.318011536239239
7.35901495484874 0.287923309131167
7.37562184643266 0.257548073806896
7.39222873801658 0.22691610896159
7.4088356296005 0.196057949203978
7.42544252118442 0.165004354618798
7.44204941276834 0.133786280104479
7.45865630435226 0.102434844516613
7.47526319593618 0.0709812996480153
7.4918700875201 0.0394569990762527
7.50847697910402 0.00789336690971467
7.52508387068794 -0.023678133536623
7.54169076227186 -0.0552260311045084
7.55829765385578 -0.0867188781635496
7.5749045454397 -0.118125281958908
7.59151143702362 -0.149413935904261
7.60811832860754 -0.180553650788901
7.62472522019146 -0.211513385867819
7.64133211177538 -0.242262279803784
7.6579390033593 -0.272769681430602
7.67454589494322 -0.303005180306872
7.69115278652714 -0.332938637029762
7.70775967811105 -0.362540213278625
7.72436656969497 -0.391780401558491
7.74097346127889 -0.420630054613784
7.75758035286281 -0.44906041448292
7.77418724444673 -0.47704314116489
7.79079413603065 -0.504550340869178
7.80740102761457 -0.531554593820901
7.82400791919849 -0.558028981593439
7.84061481078241 -0.583947113941306
7.85722170236633 -0.609283155106517
7.87382859395025 -0.634011849572238
7.89043548553417 -0.658108547238036
7.90704237711809 -0.681549227991634
7.92364926870201 -0.704310525652671
7.94025616028593 -0.726369751264639
7.95686305186985 -0.747704915711709
7.97346994345377 -0.768294751637971
7.99007683503769 -0.788118734647192
8.00668372662161 -0.807157103761986
8.02329061820553 -0.825390881121976
8.03989750978945 -0.84280189090135
8.05650440137337 -0.859372777426913
8.07311129295729 -0.875087022478593
8.0897181845412 -0.88992896175518
8.10632507612513 -0.903883800488824
8.12293196770904 -0.916937628192789
8.13953885929296 -0.92907743252773
8.15614575087688 -0.940291112272676
8.1727526424608 -0.950567489387783
8.18935953404472 -0.959896320156857
8.20596642562864 -0.968268305398507
8.22257331721256 -0.975675099735774
8.23918020879648 -0.98210931991498
8.2557871003804 -0.987564552165524
8.27239399196432 -0.992035358593258
8.28900088354824 -0.995517282601106
8.30560777513216 -0.998006853331493
8.32221466671608 -0.999501589126174
8.3388215583 -1
8.35428301331558 -0.999501589126174
8.36974446833116 -0.998006853331493
8.38520592334673 -0.995517282601106
8.40066737836231 -0.992035358593258
8.41612883337789 -0.987564552165524
8.43159028839347 -0.98210931991498
8.44705174340904 -0.975675099735774
8.46251319842462 -0.968268305398508
8.4779746534402 -0.959896320156857
8.49343610845578 -0.950567489387783
8.50889756347136 -0.940291112272676
8.52435901848693 -0.929077432527731
8.53982047350251 -0.916937628192788
8.55528192851809 -0.903883800488824
8.57074338353367 -0.889928961755181
8.58620483854925 -0.875087022478593
8.60166629356482 -0.859372777426912
8.6171277485804 -0.842801890901351
8.63258920359598 -0.825390881121977
8.64805065861156 -0.807157103761985
8.66351211362714 -0.788118734647192
8.67897356864271 -0.768294751637971
8.69443502365829 -0.747704915711708
8.70989647867387 -0.726369751264639
8.72535793368945 -0.704310525652672
8.74081938870502 -0.681549227991635
8.7562808437206 -0.658108547238037
8.77174229873618 -0.634011849572239
8.78720375375176 -0.609283155106518
8.80266520876734 -0.583947113941305
8.81812666378291 -0.55802898159344
8.83358811879849 -0.531554593820902
8.84904957381407 -0.504550340869179
8.86451102882965 -0.477043141164889
8.87997248384523 -0.44906041448292
8.8954339388608 -0.420630054613785
8.91089539387638 -0.391780401558492
8.92635684889196 -0.362540213278624
8.94181830390754 -0.332938637029762
8.95727975892311 -0.303005180306874
8.97274121393869 -0.272769681430602
8.98820266895427 -0.242262279803783
9.00366412396985 -0.21151338586782
9.01912557898543 -0.180553650788901
9.034587034001 -0.14941393590426
9.05004848901658 -0.118125281958909
9.06550994403216 -0.0867188781635487
9.08097139904774 -0.0552260311045071
9.09643285406332 -0.0236781335366241
9.11189430907889 0.0078933669097122
9.12735576409447 0.039456999076254
9.14281721911005 0.0709812996480162
9.15827867412563 0.102434844516613
9.1737401291412 0.133786280104477
9.18920158415678 0.1650043546188
9.20466303917236 0.196057949203978
9.22012449418794 0.226916108961589
9.23558594920352 0.257548073806898
9.2510474042191 0.287923309131167
9.26650885923467 0.318011536239238
9.28197031425025 0.34778276253198
9.29743176926583 0.377207311403577
9.31289322428141 0.406255851823789
9.32835467929698 0.434899427575792
9.34381613431256 0.463109486120349
9.35927758932814 0.490857907057594
9.37473904434372 0.518117030158077
9.3902004993593 0.544859682935069
9.40566195437487 0.571059207730696
9.42112340939045 0.596689488288855
9.43658486440603 0.621724975788494
9.45204631942161 0.646140714311211
9.46750777443719 0.669912365717855
9.48296922945276 0.693016233909331
9.49843068446834 0.715429288447373
9.51389213948392 0.737129187511779
9.5293535944995 0.758094300171245
9.54481504951507 0.778303727945529
9.56027650453065 0.79773732563752
9.57573795954623 0.816375721414399
9.59119941456181 0.834200336117917
9.60666086957739 0.851193401784494
9.62212232459297 0.867337979356715
9.63758377960854 0.882617975568547
9.65304523462412 0.897018158987463
9.6685066896397 0.910524175197463
9.68396814465528 0.923122561107861
9.69942959967085 0.934800758373598
9.71489105468643 0.945547125913668
9.73035250970201 0.955350951515195
9.74581396471759 0.964202462511612
9.76127541973317 0.972092835524257
9.77673687474874 0.979014205257715
9.79219832976432 0.984959672340111
9.8076597847799 0.989923310200557
9.82312123979548 0.993900170976888
9.83858269481106 0.996886290447793
9.85404414982663 0.998878691984444
9.86950560484221 0.999875389517657
9.88496705985779 0.999875389517657
9.90042851487337 0.998878691984444
9.91588996988894 0.996886290447793
9.93135142490452 0.993900170976888
9.9468128799201 0.989923310200557
9.96227433493568 0.984959672340111
9.97773578995126 0.979014205257715
9.99319724496683 0.972092835524257
10.0086586999824 0.964202462511612
10.024120154998 0.955350951515195
10.0395816100136 0.945547125913668
10.0550430650291 0.934800758373598
10.0705045200447 0.923122561107861
10.0859659750603 0.910524175197463
10.1014274300759 0.897018158987463
10.1168888850915 0.882617975568547
10.132350340107 0.867337979356715
10.1478117951226 0.851193401784494
10.1632732501382 0.834200336117917
10.1787347051538 0.816375721414399
10.1941961601693 0.79773732563752
10.2096576151849 0.778303727945529
10.2251190702005 0.758094300171245
10.2405805252161 0.73712918751178
10.2560419802317 0.71542928844737
10.2715034352472 0.693016233909332
10.2869648902628 0.669912365717855
10.3024263452784 0.646140714311211
10.317887800294 0.621724975788495
10.3333492553095 0.596689488288856
10.3488107103251 0.571059207730696
10.3642721653407 0.544859682935069
10.3797336203563 0.518117030158077
10.3951950753719 0.490857907057595
10.4106565303874 0.463109486120346
10.426117985403 0.434899427575796
10.4415794404186 0.406255851823789
10.4570408954342 0.377207311403577
10.4725023504497 0.347782762531984
10.4879638054653 0.318011536239238
10.5034252604809 0.287923309131167
10.5188867154965 0.257548073806898
10.5343481705121 0.226916108961589
10.5498096255276 0.196057949203978
10.5652710805432 0.1650043546188
10.5807325355588 0.133786280104478
10.5961939905744 0.102434844516613
10.6116554455899 0.0709812996480162
10.6271169006055 0.0394569990762545
10.6425783556211 0.007893366909712
10.6580398106367 -0.0236781335366239
10.6735012656523 -0.0552260311045075
10.6889627206678 -0.0867188781635487
10.7044241756834 -0.118125281958908
10.719885630699 -0.14941393590426
10.7353470857146 -0.1805536507889
10.7508085407302 -0.21151338586782
10.7662699957457 -0.242262279803783
10.7817314507613 -0.272769681430602
10.7971929057769 -0.303005180306874
10.8126543607925 -0.332938637029762
10.828115815808 -0.362540213278624
10.8435772708236 -0.391780401558491
10.8590387258392 -0.420630054613785
10.8745001808548 -0.44906041448292
10.8899616358704 -0.477043141164889
10.9054230908859 -0.504550340869176
10.9208845459015 -0.531554593820902
10.9363460009171 -0.558028981593439
10.9518074559327 -0.583947113941304
10.9672689109482 -0.609283155106517
10.9827303659638 -0.634011849572239
10.9981918209794 -0.658108547238036
11.013653275995 -0.681549227991635
11.0291147310106 -0.704310525652672
11.0445761860261 -0.726369751264639
11.0600376410417 -0.74770491571171
11.0754990960573 -0.768294751637972
11.0909605510729 -0.788118734647192
11.1064220060884 -0.807157103761985
11.121883461104 -0.825390881121975
11.1373449161196 -0.842801890901351
11.1528063711352 -0.859372777426911
11.1682678261508 -0.875087022478593
11.1837292811663 -0.889928961755181
11.1991907361819 -0.903883800488824
11.2146521911975 -0.916937628192789
11.2301136462131 -0.929077432527731
11.2455751012286 -0.940291112272676
11.2610365562442 -0.950567489387783
11.2764980112598 -0.959896320156857
11.2919594662754 -0.968268305398508
11.307420921291 -0.975675099735773
11.3228823763065 -0.98210931991498
11.3383438313221 -0.987564552165524
11.3538052863377 -0.992035358593258
11.3692667413533 -0.995517282601106
11.3847281963688 -0.998006853331493
11.4001896513844 -0.999501589126174
11.4156511064 -1
11.433881039493 -0.999501589126174
11.4521109725859 -0.998006853331493
11.4703409056789 -0.995517282601106
11.4885708387719 -0.992035358593258
11.5068007718648 -0.987564552165524
11.5250307049578 -0.98210931991498
11.5432606380508 -0.975675099735774
11.5614905711437 -0.968268305398508
11.5797205042367 -0.959896320156857
11.5979504373296 -0.950567489387783
11.6161803704226 -0.940291112272676
11.6344103035156 -0.929077432527731
11.6526402366085 -0.916937628192789
11.6708701697015 -0.903883800488823
11.6891001027945 -0.88992896175518
11.7073300358874 -0.875087022478593
11.7255599689804 -0.859372777426912
11.7437899020734 -0.842801890901351
11.7620198351663 -0.825390881121977
11.7802497682593 -0.807157103761985
11.7984797013523 -0.788118734647192
11.8167096344452 -0.768294751637971
11.8349395675382 -0.747704915711709
11.8531695006312 -0.72636975126464
11.8713994337241 -0.704310525652671
11.8896293668171 -0.681549227991633
11.9078592999101 -0.658108547238037
11.926089233003 -0.634011849572239
11.944319166096 -0.609283155106517
11.9625490991889 -0.583947113941307
11.9807790322819 -0.558028981593439
11.9990089653749 -0.531554593820901
12.0172388984678 -0.504550340869177
12.0354688315608 -0.47704314116489
12.0536987646538 -0.449060414482921
12.0719286977467 -0.420630054613783
12.0901586308397 -0.391780401558492
12.1083885639327 -0.362540213278624
12.1266184970256 -0.332938637029761
12.1448484301186 -0.303005180306874
12.1630783632116 -0.272769681430604
12.1813082963045 -0.242262279803782
12.1995382293975 -0.211513385867818
12.2177681624905 -0.180553650788902
12.2359980955834 -0.149413935904261
12.2542280286764 -0.118125281958909
12.2724579617693 -0.0867188781635492
12.2906878948623 -0.0552260311045073
12.3089178279553 -0.0236781335366237
12.3271477610482 0.00789336690971309
12.3453776941412 0.039456999076252
12.3636076272342 0.0709812996480147
12.3818375603271 0.102434844516615
12.4000674934201 0.13378628010448
12.4182974265131 0.165004354618799
12.436527359606 0.196057949203978
12.454757292699 0.226916108961589
12.472987225792 0.257548073806898
12.4912171588849 0.287923309131167
12.5094470919779 0.318011536239239
12.5276770250709 0.347782762531982
12.5459069581638 0.377207311403575
12.5641368912568 0.406255851823788
12.5823668243497 0.434899427575794
12.6005967574427 0.463109486120348
12.6188266905357 0.490857907057594
12.6370566236286 0.518117030158077
12.6552865567216 0.54485968293507
12.6735164898146 0.571059207730696
12.6917464229075 0.596689488288857
12.7099763560005 0.621724975788496
12.7282062890935 0.64614071431121
12.7464362221864 0.669912365717855
12.7646661552794 0.693016233909331
12.7828960883724 0.71542928844737
12.8011260214653 0.737129187511779
12.8193559545583 0.758094300171246
12.8375858876513 0.77830372794553
12.8558158207442 0.797737325637519
12.8740457538372 0.8163757214144
12.8922756869302 0.834200336117918
12.9105056200231 0.851193401784495
12.9287355531161 0.867337979356715
12.946965486209 0.882617975568547
12.965195419302 0.897018158987463
12.983425352395 0.910524175197463
13.0016552854879 0.923122561107861
13.0198852185809 0.934800758373598
13.0381151516739 0.945547125913667
13.0563450847668 0.955350951515195
13.0745750178598 0.964202462511611
13.0928049509528 0.972092835524257
13.1110348840457 0.979014205257715
13.1292648171387 0.984959672340111
13.1474947502317 0.989923310200557
13.1657246833246 0.993900170976888
13.1839546164176 0.996886290447793
13.2021845495106 0.998878691984444
13.2204144826035 0.999875389517657
13.2386444156965 0.999875389517657
13.2568743487894 0.998878691984444
13.2751042818824 0.996886290447793
13.2933342149754 0.993900170976888
13.3115641480683 0.989923310200557
13.3297940811613 0.984959672340111
13.3480240142543 0.979014205257715
13.3662539473472 0.972092835524257
13.3844838804402 0.964202462511612
13.4027138135332 0.955350951515195
13.4209437466261 0.945547125913667
13.4391736797191 0.934800758373598
13.4574036128121 0.923122561107861
13.475633545905 0.910524175197462
13.493863478998 0.897018158987463
13.512093412091 0.882617975568547
13.5303233451839 0.867337979356715
13.5485532782769 0.851193401784495
13.5667832113698 0.834200336117918
13.5850131444628 0.8163757214144
13.6032430775558 0.797737325637519
13.6214730106487 0.77830372794553
13.6397029437417 0.758094300171246
13.6579328768347 0.73712918751178
13.6761628099276 0.71542928844737
13.6943927430206 0.693016233909331
13.7126226761136 0.669912365717855
13.7308526092065 0.64614071431121
13.7490825422995 0.621724975788496
13.7673124753925 0.596689488288857
13.7855424084854 0.571059207730696
13.8037723415784 0.54485968293507
13.8220022746714 0.518117030158077
13.8402322077643 0.490857907057594
13.8584621408573 0.463109486120348
13.8766920739503 0.434899427575792
13.8949220070432 0.406255851823788
13.9131519401362 0.377207311403576
13.9313818732291 0.347782762531982
13.9496118063221 0.318011536239239
13.9678417394151 0.287923309131167
13.986071672508 0.257548073806898
14.004301605601 0.226916108961589
14.022531538694 0.196057949203978
14.0407614717869 0.1650043546188
14.0589914048799 0.13378628010448
14.0772213379729 0.102434844516615
14.0954512710658 0.0709812996480153
14.1136812041588 0.0394569990762518
14.1319111372518 0.00789336690971378
14.1501410703447 -0.0236781335366239
14.1683710034377 -0.0552260311045066
14.1866009365307 -0.0867188781635487
14.2048308696236 -0.118125281958906
14.2230608027166 -0.149413935904261
14.2412907358095 -0.180553650788902
14.2595206689025 -0.211513385867818
14.2777506019955 -0.242262279803782
14.2959805350884 -0.272769681430604
14.3142104681814 -0.303005180306873
14.3324404012744 -0.332938637029761
14.3506703343673 -0.362540213278624
14.3689002674603 -0.391780401558492
14.3871302005533 -0.420630054613783
14.4053601336462 -0.449060414482921
14.4235900667392 -0.47704314116489
14.4418199998322 -0.504550340869178
14.4600499329251 -0.531554593820901
14.4782798660181 -0.558028981593442
14.4965097991111 -0.583947113941307
14.514739732204 -0.609283155106517
14.532969665297 -0.634011849572238
14.5511995983899 -0.658108547238037
14.5694295314829 -0.681549227991633
14.5876594645759 -0.704310525652671
14.6058893976688 -0.72636975126464
14.6241193307618 -0.747704915711709
14.6423492638548 -0.768294751637971
14.6605791969477 -0.788118734647192
14.6788091300407 -0.807157103761985
14.6970390631337 -0.825390881121977
14.7152689962266 -0.842801890901351
14.7334989293196 -0.859372777426912
14.7517288624126 -0.875087022478593
14.7699587955055 -0.88992896175518
14.7881887285985 -0.903883800488823
14.8064186616915 -0.916937628192788
14.8246485947844 -0.92907743252773
14.8428785278774 -0.940291112272676
14.8611084609704 -0.950567489387782
14.8793383940633 -0.959896320156857
14.8975683271563 -0.968268305398508
14.9157982602492 -0.975675099735774
14.9340281933422 -0.98210931991498
14.9522581264352 -0.987564552165524
14.9704880595281 -0.992035358593258
14.9887179926211 -0.995517282601106
15.0069479257141 -0.998006853331493
15.025177858807 -0.999501589126174
15.0434077919 -1
15.0610118109905 -0.999501589126174
15.0786158300809 -0.998006853331493
15.0962198491714 -0.995517282601106
15.1138238682618 -0.992035358593258
15.1314278873523 -0.987564552165524
15.1490319064427 -0.98210931991498
15.1666359255332 -0.975675099735773
15.1842399446236 -0.968268305398507
15.2018439637141 -0.959896320156857
15.2194479828045 -0.950567489387783
15.237052001895 -0.940291112272675
15.2546560209854 -0.92907743252773
15.2722600400759 -0.916937628192788
15.2898640591663 -0.903883800488823
15.3074680782568 -0.88992896175518
15.3250720973472 -0.875087022478593
15.3426761164377 -0.859372777426912
15.3602801355281 -0.84280189090135
15.3778841546186 -0.825390881121976
15.395488173709 -0.807157103761985
15.4130921927995 -0.788118734647192
15.43069621189 -0.76829475163797
15.4483002309804 -0.747704915711708
15.4659042500709 -0.726369751264639
15.4835082691613 -0.704310525652671
15.5011122882518 -0.681549227991633
15.5187163073422 -0.658108547238037
15.5363203264327 -0.634011849572238
15.5539243455231 -0.609283155106516
15.5715283646136 -0.583947113941305
15.589132383704 -0.558028981593442
15.6067364027945 -0.531554593820903
15.6243404218849 -0.504550340869179
15.6419444409754 -0.477043141164891
15.6595484600658 -0.449060414482922
15.6771524791563 -0.420630054613786
15.6947564982467 -0.391780401558494
15.7123605173372 -0.362540213278626
15.7299645364276 -0.332938637029762
15.7475685555181 -0.303005180306874
15.7651725746085 -0.272769681430604
15.782776593699 -0.242262279803784
15.8003806127894 -0.21151338586782
15.8179846318799 -0.180553650788903
15.8355886509704 -0.149413935904262
15.8531926700608 -0.118125281958909
15.8707966891513 -0.0867188781635518
15.8884007082417 -0.055226031104509
15.9060047273322 -0.0236781335366248
15.9236087464226 0.00789336690971264
15.9412127655131 0.0394569990762518
15.9588167846035 0.0709812996480151
15.976420803694 0.102434844516613
15.9940248227844 0.133786280104478
16.0116288418749 0.165004354618799
16.0292328609653 0.196057949203978
16.0468368800558 0.22691610896159
16.0644408991462 0.257548073806896
16.0820449182367 0.287923309131166
16.0996489373271 0.318011536239238
16.1172529564176 0.347782762531982
16.134856975508 0.377207311403576
16.1524609945985 0.406255851823789
16.1700650136889 0.434899427575793
16.1876690327794 0.463109486120348
16.2052730518698 0.490857907057594
16.2228770709603 0.518117030158078
16.2404810900508 0.54485968293507
16.2580851091412 0.571059207730695
16.2756891282317 0.596689488288856
16.2932931473221 0.621724975788495
16.3108971664126 0.64614071431121
16.328501185503 0.669912365717856
16.3461052045935 0.693016233909332
16.3637092236839 0.715429288447372
16.3813132427744 0.737129187511779
16.3989172618648 0.758094300171246
16.4165212809553 0.77830372794553
16.4341253000457 0.79773732563752
16.4517293191362 0.8163757214144
16.4693333382266 0.834200336117918
16.4869373573171 0.851193401784495
16.5045413764075 0.867337979356715
16.522145395498 0.882617975568547
16.5397494145884 0.897018158987464
16.5573534336789 0.910524175197463
16.5749574527693 0.923122561107861
16.5925614718598 0.934800758373599
16.6101654909503 0.945547125913667
16.6277695100407 0.955350951515195
16.6453735291312 0.964202462511612
16.6629775482216 0.972092835524257
16.6805815673121 0.979014205257715
16.6981855864025 0.984959672340111
16.715789605493 0.989923310200557
16.7333936245834 0.993900170976888
16.7509976436739 0.996886290447793
16.7686016627643 0.998878691984444
16.7862056818548 0.999875389517657
16.8038097009452 0.999875389517657
16.8214137200357 0.998878691984444
16.8390177391261 0.996886290447793
16.8566217582166 0.993900170976888
16.874225777307 0.989923310200557
16.8918297963975 0.98495967234011
16.9094338154879 0.979014205257714
16.9270378345784 0.972092835524257
16.9446418536688 0.964202462511611
16.9622458727593 0.955350951515194
16.9798498918497 0.945547125913667
16.9974539109402 0.934800758373598
17.0150579300307 0.92312256110786
17.0326619491211 0.910524175197461
17.0502659682116 0.897018158987463
17.067869987302 0.882617975568546
17.0854740063925 0.867337979356714
17.1030780254829 0.851193401784493
17.1206820445734 0.834200336117916
17.1382860636638 0.816375721414398
17.1558900827543 0.797737325637518
17.1734941018447 0.778303727945528
17.1910981209352 0.758094300171244
17.2087021400256 0.737129187511777
17.2263061591161 0.715429288447374
17.2439101782065 0.69301623390933
17.261514197297 0.669912365717853
17.2791182163874 0.646140714311207
17.2967222354779 0.621724975788498
17.3143262545683 0.596689488288854
17.3319302736588 0.571059207730698
17.3495342927492 0.544859682935068
17.3671383118397 0.51811703015808
17.3847423309302 0.490857907057591
17.4023463500206 0.463109486120351
17.4199503691111 0.43489942757579
17.4375543882015 0.406255851823792
17.455158407292 0.377207311403579
17.4727624263824 0.347782762531986
17.4903664454729 0.318011536239235
17.5079704645633 0.287923309131169
17.5255744836538 0.257548073806899
17.5431785027442 0.226916108961593
17.5607825218347 0.196057949203975
17.5783865409251 0.165004354618802
17.5959905600156 0.133786280104482
17.613594579106 0.102434844516617
17.6311985981965 0.0709812996480189
17.6488026172869 0.0394569990762554
17.6664066363774 0.00789336690970934
17.6840106554678 -0.0236781335366212
17.7016146745583 -0.0552260311045057
17.7192186936487 -0.0867188781635487
17.7368227127392 -0.118125281958906
17.7544267318296 -0.149413935904259
17.7720307509201 -0.180553650788899
17.7896347700106 -0.211513385867817
17.807238789101 -0.24226227980378
17.8248428081915 -0.272769681430601
17.8424468272819 -0.303005180306871
17.8600508463724 -0.332938637029759
17.8776548654628 -0.362540213278622
17.8952588845533 -0.391780401558491
17.9128629036437 -0.420630054613783
17.9304669227342 -0.449060414482919
17.9480709418246 -0.477043141164888
17.9656749609151 -0.504550340869176
17.9832789800055 -0.531554593820901
18.000882999096 -0.558028981593438
18.0184870181864 -0.583947113941304
18.0360910372769 -0.609283155106515
18.0536950563673 -0.634011849572238
18.0712990754578 -0.658108547238036
18.0889030945482 -0.681549227991633
18.1065071136387 -0.704310525652671
18.1241111327291 -0.726369751264639
18.1417151518196 -0.747704915711708
18.15931917091 -0.76829475163797
18.1769231900005 -0.788118734647192
18.194527209091 -0.807157103761985
18.2121312281814 -0.825390881121976
18.2297352472719 -0.84280189090135
18.2473392663623 -0.859372777426911
18.2649432854528 -0.875087022478593
18.2825473045432 -0.88992896175518
18.3001513236337 -0.903883800488823
18.3177553427241 -0.916937628192789
18.3353593618146 -0.92907743252773
18.352963380905 -0.940291112272675
18.3705673999955 -0.950567489387783
18.3881714190859 -0.959896320156857
18.4057754381764 -0.968268305398507
18.4233794572668 -0.975675099735774
18.4409834763573 -0.98210931991498
18.4585874954477 -0.987564552165524
18.4761915145382 -0.992035358593258
18.4937955336286 -0.995517282601106
18.5113995527191 -0.998006853331493
18.5290035718095 -0.999501589126174
18.5466075909 -1
18.5550514819342 -0.999501589126174
18.5634953729683 -0.998006853331493
18.5719392640025 -0.995517282601106
18.5803831550367 -0.992035358593258
18.5888270460709 -0.987564552165523
18.597270937105 -0.982109319914981
18.6057148281392 -0.975675099735773
18.6141587191734 -0.968268305398509
18.6226026102075 -0.959896320156857
18.6310465012417 -0.950567489387781
18.6394903922759 -0.940291112272676
18.6479342833101 -0.929077432527729
18.6563781743442 -0.91693762819279
18.6648220653784 -0.903883800488822
18.6732659564126 -0.889928961755183
18.6817098474467 -0.875087022478593
18.6901537384809 -0.859372777426915
18.6985976295151 -0.842801890901351
18.7070415205492 -0.825390881121973
18.7154854115834 -0.807157103761987
18.7239293026176 -0.78811873464719
18.7323731936518 -0.768294751637973
18.7408170846859 -0.747704915711708
18.7492609757201 -0.726369751264643
18.7577048667543 -0.704310525652672
18.7661487577884 -0.681549227991629
18.7745926488226 -0.658108547238038
18.7830365398568 -0.634011849572235
18.791480430891 -0.609283155106519
18.7999243219251 -0.583947113941303
18.8083682129593 -0.558028981593443
18.8168121039935 -0.5315545938209
18.8252559950276 -0.504550340869182
18.8336998860618 -0.477043141164889
18.842143777096 -0.449060414482914
18.8505876681301 -0.420630054613785
18.8590315591643 -0.391780401558489
18.8674754501985 -0.362540213278627
18.8759193412327 -0.332938637029758
18.8843632322668 -0.303005180306877
18.892807123301 -0.272769681430601
18.9012510143352 -0.242262279803789
18.9096949053693 -0.211513385867819
18.9181387964035 -0.180553650788896
18.9265826874377 -0.149413935904262
18.9350265784719 -0.118125281958904
18.943470469506 -0.0867188781635536
18.9519143605402 -0.0552260311045053
18.9603582515744 -0.0236781335366283
18.9688021426085 0.00789336690971464
18.9772460336427 0.0394569990762469
18.9856899246769 0.0709812996480158
18.9941338157111 0.102434844516619
19.0025777067452 0.133786280104477
19.0110215977794 0.165004354618803
19.0194654888136 0.196057949203975
19.0279093798477 0.226916108961593
19.0363532708819 0.257548073806892
19.0447971619161 0.287923309131167
19.0532410529502 0.318011536239232
19.0616849439844 0.347782762531982
19.0701288350186 0.377207311403581
19.0785727260528 0.406255851823787
19.0870166170869 0.434899427575797
19.0954605081211 0.463109486120345
19.1039043991553 0.490857907057596
19.1123482901894 0.518117030158073
19.1207921812236 0.544859682935071
19.1292360722578 0.571059207730689
19.137679963292 0.596689488288855
19.1461238543261 0.621724975788499
19.1545677453603 0.646140714311208
19.1630116363945 0.669912365717858
19.1714555274286 0.693016233909329
19.1798994184628 0.715429288447373
19.188343309497 0.737129187511776
19.1967872005312 0.758094300171246
19.2052310915653 0.778303727945534
19.2136749825995 0.797737325637519
19.2221188736337 0.816375721414402
19.2305627646678 0.834200336117916
19.239006655702 0.851193401784496
19.2474505467362 0.867337979356713
19.2558944377704 0.882617975568548
19.2643383288045 0.897018158987461
19.2727822198387 0.910524175197462
19.2812261108729 0.923122561107863
19.289670001907 0.934800758373598
19.2981138929412 0.945547125913669
19.3065577839754 0.955350951515194
19.3150016750095 0.964202462511613
19.3234455660437 0.972092835524256
19.3318894570779 0.979014205257715
19.3403333481121 0.98495967234011
19.3487772391462 0.989923310200557
19.3572211301804 0.993900170976888
19.3656650212146 0.996886290447793
19.3741089122487 0.998878691984444
19.3825528032829 0.999875389517657
19.3909966943171 0.999875389517657
19.3994405853513 0.998878691984444
19.4078844763854 0.996886290447793
19.4163283674196 0.993900170976888
19.4247722584538 0.989923310200557
19.4332161494879 0.98495967234011
19.4416600405221 0.979014205257715
19.4501039315563 0.972092835524256
19.4585478225905 0.964202462511613
19.4669917136246 0.955350951515194
19.4754356046588 0.945547125913669
19.483879495693 0.934800758373598
19.4923233867271 0.923122561107863
19.5007672777613 0.910524175197462
19.5092111687955 0.897018158987461
19.5176550598296 0.882617975568548
19.5260989508638 0.867337979356713
19.534542841898 0.851193401784496
19.5429867329322 0.834200336117916
19.5514306239663 0.816375721414402
19.5598745150005 0.797737325637519
19.5683184060347 0.778303727945534
19.5767622970688 0.758094300171246
19.585206188103 0.737129187511776
19.5936500791372 0.715429288447373
19.6020939701714 0.693016233909329
19.6105378612055 0.669912365717858
19.6189817522397 0.646140714311208
19.6274256432739 0.621724975788499
19.635869534308 0.596689488288856
19.6443134253422 0.57105920773069
19.6527573163764 0.544859682935071
19.6612012074106 0.518117030158073
19.6696450984447 0.490857907057596
19.6780889894789 0.463109486120345
19.6865328805131 0.434899427575796
19.6949767715472 0.406255851823787
19.7034206625814 0.377207311403581
19.7118645536156 0.347782762531982
19.7203084446497 0.318011536239245
19.7287523356839 0.287923309131167
19.7371962267181 0.257548073806892
19.7456401177523 0.226916108961593
19.7540840087864 0.196057949203975
19.7625278998206 0.165004354618804
19.7709717908548 0.133786280104478
19.7794156818889 0.102434844516619
19.7878595729231 0.0709812996480162
19.7963034639573 0.0394569990762474
19.8047473549915 0.00789336690971467
19.8131912460256 -0.0236781335366283
19.8216351370598 -0.0552260311045057
19.830079028094 -0.0867188781635531
19.8385229191281 -0.118125281958904
19.8469668101623 -0.149413935904262
19.8554107011965 -0.180553650788909
19.8638545922307 -0.211513385867818
19.8722984832648 -0.242262279803789
19.880742374299 -0.272769681430601
19.8891862653332 -0.303005180306877
19.8976301563673 -0.332938637029758
19.9060740474015 -0.362540213278626
19.9145179384357 -0.391780401558488
19.9229618294698 -0.420630054613785
19.931405720504 -0.449060414482914
19.9398496115382 -0.477043141164889
19.9482935025724 -0.504550340869182
19.9567373936065 -0.5315545938209
19.9651812846407 -0.558028981593443
19.9736251756749 -0.583947113941303
19.982069066709 -0.609283155106519
19.9905129577432 -0.634011849572235
19.9989568487774 -0.658108547238038
20.0074007398116 -0.681549227991639
20.0158446308457 -0.704310525652672
20.0242885218799 -0.726369751264642
20.0327324129141 -0.747704915711707
20.0411763039482 -0.768294751637973
20.0496201949824 -0.78811873464719
20.0580640860166 -0.807157103761986
20.0665079770508 -0.825390881121973
20.0749518680849 -0.842801890901351
20.0833957591191 -0.859372777426909
20.0918396501533 -0.875087022478593
20.1002835411874 -0.889928961755183
20.1087274322216 -0.903883800488822
20.1171713232558 -0.91693762819279
20.1256152142899 -0.929077432527729
20.1340591053241 -0.940291112272676
20.1425029963583 -0.950567489387781
20.1509468873925 -0.959896320156857
20.1593907784266 -0.968268305398509
20.1678346694608 -0.975675099735773
20.176278560495 -0.982109319914981
20.1847224515291 -0.987564552165523
20.1931663425633 -0.992035358593258
20.2016102335975 -0.995517282601106
20.2100541246317 -0.998006853331493
20.2184980156658 -0.999501589126174
20.2269419067 -1
20.2452352323779 -0.999501589126174
20.2635285580558 -0.998006853331493
20.2818218837337 -0.995517282601106
20.3001152094116 -0.992035358593257
20.3184085350894 -0.987564552165524
20.3367018607673 -0.982109319914981
20.3549951864452 -0.975675099735773
20.3732885121231 -0.968268305398507
20.391581837801 -0.959896320156858
20.4098751634789 -0.950567489387782
20.4281684891568 -0.940291112272676
20.4464618148347 -0.929077432527729
20.4647551405126 -0.916937628192788
20.4830484661904 -0.903883800488824
20.5013417918683 -0.889928961755179
20.5196351175462 -0.875087022478594
20.5379284432241 -0.859372777426913
20.556221768902 -0.84280189090135
20.5745150945799 -0.825390881121977
20.5928084202578 -0.807157103761984
20.6111017459357 -0.788118734647192
20.6293950716136 -0.768294751637972
20.6476883972915 -0.747704915711708
20.6659817229693 -0.72636975126464
20.6842750486472 -0.704310525652674
20.7025683743251 -0.681549227991633
20.720861700003 -0.658108547238039
20.7391550256809 -0.634011849572237
20.7574483513588 -0.609283155106516
20.7757416770367 -0.583947113941308
20.7940350027146 -0.558028981593439
20.8123283283925 -0.531554593820902
20.8306216540703 -0.50455034086918
20.8489149797482 -0.477043141164889
20.8672083054261 -0.449060414482921
20.885501631104 -0.420630054613782
20.9037949567819 -0.391780401558493
20.9220882824598 -0.362540213278626
20.9403816081377 -0.33293863702976
20.9586749338156 -0.303005180306873
20.9769682594935 -0.272769681430606
20.9952615851714 -0.242262279803782
21.0135549108492 -0.21151338586782
21.0318482365271 -0.1805536507889
21.050141562205 -0.149413935904261
21.0684348878829 -0.11812528195891
21.0867282135608 -0.0867188781635492
21.1050215392387 -0.0552260311045088
21.1233148649166 -0.0236781335366268
21.1416081905945 0.0078933669097142
21.1599015162724 0.0394569990762511
21.1781948419503 0.0709812996480184
21.1964881676281 0.102434844516613
21.214781493306 0.133786280104477
21.2330748189839 0.165004354618801
21.2513681446618 0.196057949203977
21.2696614703397 0.226916108961587
21.2879547960176 0.257548073806898
21.3062481216955 0.287923309131165
21.3245414473734 0.31801153623924
21.3428347730513 0.347782762531982
21.3611280987291 0.377207311403574
21.379421424407 0.40625585182379
21.3977147500849 0.434899427575792
21.4160080757628 0.463109486120345
21.4343014014407 0.490857907057594
21.4525947271186 0.518117030158076
21.4708880527965 0.544859682935072
21.4891813784744 0.571059207730695
21.5074747041523 0.596689488288854
21.5257680298302 0.621724975788496
21.544061355508 0.646140714311209
21.5623546811859 0.669912365717857
21.5806480068638 0.693016233909332
21.5989413325417 0.71542928844737
21.6172346582196 0.737129187511781
21.6355279838975 0.758094300171245
21.6538213095754 0.778303727945528
21.6721146352533 0.79773732563752
21.6904079609312 0.816375721414399
21.708701286609 0.834200336117915
21.7269946122869 0.851193401784495
21.7452879379648 0.867337979356714
21.7635812636427 0.882617975568548
21.7818745893206 0.897018158987463
21.8001679149985 0.910524175197461
21.8184612406764 0.923122561107861
21.8367545663543 0.934800758373598
21.8550478920322 0.945547125913668
21.87334121771 0.955350951515195
21.8916345433879 0.964202462511611
21.9099278690658 0.972092835524257
21.9282211947437 0.979014205257714
21.9465145204216 0.98495967234011
21.9648078460995 0.989923310200557
21.9831011717774 0.993900170976888
22.0013944974553 0.996886290447793
22.0196878231332 0.998878691984444
22.0379811488111 0.999875389517657
22.0562744744889 0.999875389517657
22.0745678001668 0.998878691984444
22.0928611258447 0.996886290447793
22.1111544515226 0.993900170976888
22.1294477772005 0.989923310200557
22.1477411028784 0.98495967234011
22.1660344285563 0.979014205257715
22.1843277542342 0.972092835524257
22.2026210799121 0.964202462511611
22.2209144055899 0.955350951515195
22.2392077312678 0.945547125913666
22.2575010569457 0.934800758373598
22.2757943826236 0.923122561107861
22.2940877083015 0.910524175197461
22.3123810339794 0.897018158987463
22.3306743596573 0.882617975568548
22.3489676853352 0.867337979356714
22.3672610110131 0.851193401784495
22.385554336691 0.834200336117919
22.4038476623688 0.816375721414399
22.4221409880467 0.79773732563752
22.4404343137246 0.778303727945528
22.4587276394025 0.758094300171246
22.4770209650804 0.737129187511781
22.4953142907583 0.71542928844737
22.5136076164362 0.693016233909333
22.5319009421141 0.669912365717853
22.550194267792 0.646140714311209
22.5684875934698 0.621724975788497
22.5867809191477 0.596689488288854
22.6050742448256 0.571059207730695
22.6233675705035 0.544859682935073
22.6416608961814 0.518117030158076
22.6599542218593 0.490857907057595
22.6782475475372 0.463109486120351
22.6965408732151 0.434899427575792
22.714834198893 0.40625585182379
22.7331275245709 0.377207311403574
22.7514208502487 0.347782762531982
22.7697141759266 0.31801153623924
22.7880075016045 0.287923309131166
22.8063008272824 0.257548073806897
22.8245941529603 0.226916108961588
22.8428874786382 0.196057949203977
22.8611808043161 0.165004354618801
22.879474129994 0.133786280104478
22.8977674556719 0.102434844516613
22.9160607813497 0.070981299648018
22.9343541070276 0.0394569990762509
22.9526474327055 0.00789336690971378
22.9709407583834 -0.0236781335366203
22.9892340840613 -0.0552260311045084
23.0075274097392 -0.0867188781635487
23.0258207354171 -0.11812528195891
23.044114061095 -0.14941393590426
23.0624073867729 -0.180553650788899
23.0807007124508 -0.21151338586782
23.0989940381286 -0.242262279803782
23.1172873638065 -0.272769681430606
23.1355806894844 -0.303005180306873
23.1538740151623 -0.332938637029759
23.1721673408402 -0.362540213278626
23.1904606665181 -0.391780401558493
23.208753992196 -0.420630054613781
23.2270473178739 -0.449060414482921
23.2453406435518 -0.477043141164888
23.2636339692296 -0.504550340869179
23.2819272949075 -0.531554593820901
23.3002206205854 -0.558028981593438
23.3185139462633 -0.583947113941307
23.3368072719412 -0.609283155106516
23.3551005976191 -0.634011849572236
23.373393923297 -0.658108547238038
23.3916872489749 -0.681549227991633
23.4099805746528 -0.704310525652674
23.4282739003307 -0.726369751264639
23.4465672260085 -0.747704915711708
23.4648605516864 -0.768294751637972
23.4831538773643 -0.788118734647193
23.5014472030422 -0.807157103761987
23.5197405287201 -0.825390881121976
23.538033854398 -0.84280189090135
23.5563271800759 -0.859372777426913
23.5746205057538 -0.875087022478594
23.5929138314317 -0.889928961755179
23.6112071571095 -0.903883800488824
23.6295004827874 -0.916937628192789
23.6477938084653 -0.929077432527729
23.6660871341432 -0.940291112272676
23.6843804598211 -0.950567489387782
23.702673785499 -0.959896320156858
23.7209671111769 -0.968268305398507
23.7392604368548 -0.975675099735773
23.7575537625327 -0.982109319914981
23.7758470882106 -0.987564552165524
23.7941404138884 -0.992035358593258
23.8124337395663 -0.995517282601106
23.8307270652442 -0.998006853331493
23.8490203909221 -0.999501589126174
23.8673137166 -1
23.8730119795709 -0.999501589126174
23.8787102425417 -0.998006853331493
23.8844085055126 -0.995517282601106
23.8901067684834 -0.992035358593257
23.8958050314543 -0.987564552165524
23.9015032944251 -0.982109319914982
23.907201557396 -0.975675099735773
23.9128998203668 -0.968268305398508
23.9185980833377 -0.959896320156855
23.9242963463085 -0.950567489387783
23.9299946092794 -0.940291112272678
23.9356928722503 -0.929077432527729
23.9413911352211 -0.916937628192791
23.947089398192 -0.90388380048882
23.9527876611628 -0.889928961755181
23.9584859241337 -0.875087022478598
23.9641841871045 -0.85937277742691
23.9698824500754 -0.842801890901353
23.9755807130462 -0.825390881121972
23.9812789760171 -0.807157103761986
23.9869772389879 -0.788118734647198
23.9926755019588 -0.768294751637969
23.9983737649296 -0.747704915711712
24.0040720279005 -0.726369751264635
24.0097702908714 -0.704310525652673
24.0154685538422 -0.68154922799164
24.0211668168131 -0.658108547238035
24.0268650797839 -0.634011849572243
24.0325633427548 -0.609283155106511
24.0382616057256 -0.583947113941307
24.0439598686965 -0.558028981593448
24.0496581316673 -0.531554593820899
24.0553563946382 -0.504550340869182
24.061054657609 -0.477043141164884
24.0667529205799 -0.449060414482921
24.0724511835508 -0.420630054613793
24.0781494465216 -0.391780401558491
24.0838477094925 -0.36254021327863
24.0895459724633 -0.332938637029755
24.0952442354342 -0.303005180306874
24.100942498405 -0.272769681430612
24.1066407613759 -0.242262279803781
24.1123390243467 -0.211513385867825
24.1180372873176 -0.180553650788896
24.1237355502884 -0.149413935904263
24.1294338132593 -0.118125281958898
24.1351320762301 -0.0867188781635487
24.140830339201 -0.0552260311045141
24.1465286021719 -0.0236781335366181
24.1522268651427 0.00789336690971131
24.1579251281136 0.0394569990762625
24.1636233910844 0.0709812996480178
24.1693216540553 0.102434844516607
24.1750199170261 0.133786280104485
24.180718179997 0.165004354618797
24.1864164429678 0.196057949203987
24.1921147059387 0.226916108961592
24.1978129689095 0.257548073806891
24.2035112318804 0.287923309131172
24.2092094948513 0.318011536239236
24.2149077578221 0.347782762531991
24.220606020793 0.377207311403577
24.2263042837638 0.406255851823783
24.2320025467347 0.434899427575798
24.2377008097055 0.463109486120345
24.2433990726764 0.490857907057602
24.2490973356472 0.518117030158079
24.2547955986181 0.544859682935065
24.2604938615889 0.571059207730699
24.2661921245598 0.596689488288854
24.2718903875307 0.621724975788502
24.2775886505015 0.646140714311211
24.2832869134724 0.66991236571785
24.2889851764432 0.693016233909335
24.2946834394141 0.715429288447369
24.3003817023849 0.737129187511785
24.3060799653558 0.758094300171246
24.3117782283266 0.778303727945526
24.3174764912975 0.797737325637522
24.3231747542683 0.816375721414397
24.3288730172392 0.834200336117922
24.33457128021 0.851193401784495
24.3402695431809 0.867337979356711
24.3459678061518 0.882617975568549
24.3516660691226 0.897018158987462
24.3573643320935 0.910524175197466
24.3630625950643 0.923122561107861
24.3687608580352 0.934800758373596
24.374459121006 0.945547125913668
24.3801573839769 0.955350951515194
24.3858556469477 0.964202462511614
24.3915539099186 0.972092835524257
24.3972521728894 0.979014205257713
24.4029504358603 0.984959672340111
24.4086486988312 0.989923310200557
24.414346961802 0.993900170976889
24.4200452247729 0.996886290447793
24.4257434877437 0.998878691984443
24.4314417507146 0.999875389517657
24.4371400136854 0.999875389517657
24.4428382766563 0.998878691984443
24.4485365396271 0.996886290447793
24.454234802598 0.993900170976889
24.4599330655688 0.989923310200557
24.4656313285397 0.984959672340111
24.4713295915106 0.979014205257713
24.4770278544814 0.972092835524257
24.4827261174523 0.964202462511614
24.4884243804231 0.955350951515194
24.494122643394 0.945547125913669
24.4998209063648 0.934800758373596
24.5055191693357 0.923122561107861
24.5112174323065 0.910524175197466
24.5169156952774 0.897018158987462
24.5226139582482 0.882617975568549
24.5283122212191 0.867337979356711
24.5340104841899 0.851193401784495
24.5397087471608 0.834200336117922
24.5454070101317 0.816375721414397
24.5511052731025 0.797737325637522
24.5568035360734 0.778303727945526
24.5625017990442 0.758094300171246
24.5682000620151 0.737129187511785
24.5738983249859 0.71542928844737
24.5795965879568 0.693016233909335
24.5852948509276 0.669912365717851
24.5909931138985 0.646140714311211
24.5966913768693 0.621724975788502
24.6023896398402 0.596689488288854
24.6080879028111 0.571059207730699
24.6137861657819 0.544859682935065
24.6194844287528 0.518117030158079
24.6251826917236 0.490857907057602
24.6308809546945 0.463109486120345
24.6365792176653 0.434899427575798
24.6422774806362 0.406255851823783
24.647975743607 0.377207311403577
24.6536740065779 0.347782762531991
24.6593722695487 0.318011536239236
24.6650705325196 0.287923309131172
24.6707687954905 0.25754807380689
24.6764670584613 0.226916108961591
24.6821653214322 0.196057949203988
24.687863584403 0.165004354618797
24.6935618473739 0.133786280104485
24.6992601103447 0.102434844516608
24.7049583733156 0.070981299648018
24.7106566362864 0.0394569990762625
24.7163548992573 0.00789336690971111
24.7220531622281 -0.0236781335366176
24.727751425199 -0.0552260311045137
24.7334496881698 -0.0867188781635487
24.7391479511407 -0.118125281958917
24.7448462141116 -0.149413935904262
24.7505444770824 -0.180553650788896
24.7562427400533 -0.211513385867824
24.7619410030241 -0.24226227980378
24.767639265995 -0.272769681430612
24.7733375289658 -0.303005180306874
24.7790357919367 -0.332938637029754
24.7847340549075 -0.362540213278629
24.7904323178784 -0.39178040155849
24.7961305808492 -0.420630054613775
24.8018288438201 -0.449060414482921
24.807527106791 -0.477043141164883
24.8132253697618 -0.504550340869182
24.8189236327327 -0.531554593820899
24.8246218957035 -0.558028981593448
24.8303201586744 -0.583947113941307
24.8360184216452 -0.609283155106512
24.8417166846161 -0.634011849572242
24.8474149475869 -0.658108547238035
24.8531132105578 -0.68154922799164
24.8588114735286 -0.704310525652672
24.8645097364995 -0.726369751264634
24.8702079994704 -0.747704915711712
24.8759062624412 -0.768294751637969
24.8816045254121 -0.788118734647197
24.8873027883829 -0.807157103761986
24.8930010513538 -0.825390881121972
24.8986993143246 -0.842801890901353
24.9043975772955 -0.85937277742691
24.9100958402663 -0.875087022478598
24.9157941032372 -0.889928961755181
24.921492366208 -0.90388380048882
24.9271906291789 -0.91693762819279
24.9328888921497 -0.929077432527729
24.9385871551206 -0.940291112272678
24.9442854180915 -0.950567489387783
24.9499836810623 -0.959896320156855
24.9556819440332 -0.968268305398508
24.961380207004 -0.975675099735773
24.9670784699749 -0.982109319914982
24.9727767329457 -0.987564552165524
24.9784749959166 -0.992035358593257
24.9841732588874 -0.995517282601106
24.9898715218583 -0.998006853331493
24.9955697848291 -0.999501589126174
25.0012680478 -1
25.0113119269568 -0.999501589126174
25.0213558061136 -0.998006853331493
25.0313996852704 -0.995517282601106
25.0414435644271 -0.992035358593257
25.0514874435839 -0.987564552165524
25.0615313227407 -0.982109319914981
25.0715752018975 -0.975675099735773
25.0816190810543 -0.968268305398508
25.0916629602111 -0.959896320156856
25.1017068393678 -0.950567489387783
25.1117507185246 -0.940291112272677
25.1217945976814 -0.92907743252773
25.1318384768382 -0.916937628192789
25.141882355995 -0.903883800488821
25.1519262351518 -0.88992896175518
25.1619701143085 -0.875087022478596
25.1720139934653 -0.859372777426911
25.1820578726221 -0.842801890901351
25.1921017517789 -0.825390881121973
25.2021456309357 -0.807157103761985
25.2121895100925 -0.788118734647195
25.2222333892492 -0.768294751637969
25.232277268406 -0.74770491571171
25.2423211475628 -0.726369751264636
25.2523650267196 -0.704310525652672
25.2624089058764 -0.681549227991636
25.2724527850332 -0.658108547238035
25.2824966641899 -0.63401184957224
25.2925405433467 -0.609283155106512
25.3025844225035 -0.583947113941305
25.3126283016603 -0.558028981593443
25.3226721808171 -0.531554593820899
25.3327160599739 -0.504550340869178
25.3427599391307 -0.477043141164894
25.3528038182874 -0.449060414482919
25.3628476974442 -0.420630054613787
25.372891576601 -0.39178040155849
25.3829354557578 -0.362540213278626
25.3929793349146 -0.332938637029766
25.4030232140714 -0.303005180306871
25.4130670932281 -0.272769681430606
25.4231109723849 -0.24226227980378
25.4331548515417 -0.21151338586782
25.4431987306985 -0.180553650788907
25.4532426098553 -0.149413935904259
25.4632864890121 -0.118125281958911
25.4733303681688 -0.086718878163547
25.4833742473256 -0.0552260311045088
25.4934181264824 -0.0236781335366292
25.5034620056392 0.00789336690971486
25.513505884796 0.0394569990762498
25.5235497639528 0.0709812996480198
25.5335936431095 0.102434844516613
25.5436375222663 0.133786280104474
25.5536814014231 0.165004354618801
25.5637252805799 0.196057949203975
25.5737691597367 0.226916108961594
25.5838130388935 0.257548073806896
25.5938569180502 0.287923309131162
25.603900797207 0.31801153623924
25.6139446763638 0.34778276253198
25.6239885555206 0.37720731140358
25.6340324346774 0.406255851823789
25.6440763138342 0.434899427575789
25.654120192991 0.46310948612035
25.6641640721477 0.490857907057592
25.6742079513045 0.518117030158081
25.6842518304613 0.54485968293507
25.6942957096181 0.571059207730691
25.7043395887749 0.596689488288858
25.7143834679317 0.621724975788493
25.7244273470884 0.646140714311213
25.7344712262452 0.669912365717855
25.744515105402 0.693016233909329
25.7545589845588 0.715429288447373
25.7646028637156 0.737129187511777
25.7746467428724 0.758094300171249
25.7846906220291 0.77830372794553
25.7947345011859 0.797737325637517
25.8047783803427 0.816375721414401
25.8148222594995 0.834200336117916
25.8248661386563 0.851193401784497
25.8349100178131 0.867337979356715
25.8449538969698 0.882617975568545
25.8549977761266 0.897018158987465
25.8650416552834 0.910524175197461
25.8750855344402 0.923122561107863
25.885129413597 0.934800758373599
25.8951732927538 0.945547125913666
25.9052171719106 0.955350951515196
25.9152610510673 0.964202462511611
25.9253049302241 0.972092835524258
25.9353488093809 0.979014205257715
25.9453926885377 0.98495967234011
25.9554365676945 0.989923310200558
25.9654804468513 0.993900170976888
25.975524326008 0.996886290447794
25.9855682051648 0.998878691984444
25.9956120843216 0.999875389517657
26.0056559634784 0.999875389517657
26.0156998426352 0.998878691984444
26.025743721792 0.996886290447793
26.0357876009487 0.993900170976888
26.0458314801055 0.989923310200558
26.0558753592623 0.98495967234011
26.0659192384191 0.979014205257715
26.0759631175759 0.972092835524256
26.0860069967327 0.964202462511611
26.0960508758894 0.955350951515196
26.1060947550462 0.945547125913666
26.116138634203 0.934800758373599
26.1261825133598 0.923122561107863
26.1362263925166 0.910524175197462
26.1462702716734 0.897018158987465
26.1563141508302 0.882617975568545
26.1663580299869 0.867337979356715
26.1764019091437 0.851193401784497
26.1864457883005 0.834200336117917
26.1964896674573 0.816375721414401
26.2065335466141 0.797737325637517
26.2165774257709 0.77830372794553
26.2266213049276 0.758094300171249
26.2366651840844 0.737129187511778
26.2467090632412 0.715429288447373
26.256752942398 0.693016233909329
26.2667968215548 0.669912365717855
26.2768407007116 0.646140714311213
26.2868845798683 0.621724975788493
26.2969284590251 0.596689488288858
26.3069723381819 0.571059207730691
26.3170162173387 0.54485968293507
26.3270600964955 0.518117030158082
26.3371039756523 0.490857907057591
26.347147854809 0.46310948612035
26.3571917339658 0.434899427575789
26.3672356131226 0.406255851823789
26.3772794922794 0.37720731140358
26.3873233714362 0.34778276253198
26.397367250593 0.31801153623924
26.4074111297498 0.287923309131162
26.4174550089065 0.257548073806896
26.4274988880633 0.226916108961595
26.4375427672201 0.196057949203975
26.4475866463769 0.165004354618802
26.4576305255337 0.133786280104474
26.4676744046905 0.102434844516613
26.4777182838472 0.0709812996480207
26.487762163004 0.0394569990762501
26.4978060421608 0.00789336690971555
26.5078499213176 -0.0236781335366292
26.5178938004744 -0.0552260311045084
26.5279376796312 -0.0867188781635461
26.5379815587879 -0.118125281958911
26.5480254379447 -0.149413935904259
26.5580693171015 -0.180553650788897
26.5681131962583 -0.211513385867819
26.5781570754151 -0.242262279803779
26.5882009545719 -0.272769681430606
26.5982448337286 -0.303005180306871
26.6082887128854 -0.332938637029756
26.6183325920422 -0.362540213278626
26.628376471199 -0.39178040155849
26.6384203503558 -0.420630054613788
26.6484642295126 -0.449060414482919
26.6585081086693 -0.477043141164885
26.6685519878261 -0.504550340869178
26.6785958669829 -0.531554593820898
26.6886397461397 -0.558028981593443
26.6986836252965 -0.583947113941305
26.7087275044533 -0.609283155106512
26.7187713836101 -0.63401184957224
26.7288152627668 -0.658108547238035
26.7388591419236 -0.681549227991637
26.7489030210804 -0.704310525652671
26.7589469002372 -0.726369751264636
26.768990779394 -0.74770491571171
26.7790346585508 -0.768294751637968
26.7890785377075 -0.788118734647195
26.7991224168643 -0.807157103761985
26.8091662960211 -0.825390881121973
26.8192101751779 -0.842801890901351
26.8292540543347 -0.85937277742691
26.8392979334915 -0.875087022478595
26.8493418126482 -0.88992896175518
26.859385691805 -0.903883800488821
26.8694295709618 -0.916937628192789
26.8794734501186 -0.929077432527729
26.8895173292754 -0.940291112272677
26.8995612084322 -0.950567489387782
26.9096050875889 -0.959896320156856
26.9196489667457 -0.968268305398508
26.9296928459025 -0.975675099735773
26.9397367250593 -0.982109319914981
26.9497806042161 -0.987564552165524
26.9598244833729 -0.992035358593257
26.9698683625296 -0.995517282601106
26.9799122416864 -0.998006853331493
26.9899561208432 -0.999501589126174
27 -1
