0 -1
0.00823379095929648 -0.999501589126174
0.016467581918593 -0.998006853331493
0.0247013728778894 -0.995517282601106
0.0329351638371859 -0.992035358593258
0.0411689547964824 -0.987564552165524
0.0494027457557789 -0.98210931991498
0.0576365367150754 -0.975675099735774
0.0658703276743719 -0.968268305398507
0.0741041186336683 -0.959896320156857
0.0823379095929648 -0.950567489387783
0.0905717005522613 -0.940291112272676
0.0988054915115578 -0.929077432527731
0.107039282470854 -0.916937628192789
0.115273073430151 -0.903883800488824
0.123506864389447 -0.88992896175518
0.131740655348744 -0.875087022478594
0.13997444630804 -0.859372777426912
0.148208237267337 -0.842801890901351
0.156442028226633 -0.825390881121976
0.16467581918593 -0.807157103761985
0.172909610145226 -0.788118734647192
0.181143401104523 -0.768294751637971
0.189377192063819 -0.747704915711709
0.197610983023116 -0.726369751264639
0.205844773982412 -0.704310525652672
0.214078564941709 -0.681549227991634
0.222312355901005 -0.658108547238038
0.230546146860302 -0.634011849572239
0.238779937819598 -0.609283155106517
0.247013728778894 -0.583947113941306
0.255247519738191 -0.55802898159344
0.263481310697487 -0.531554593820901
0.271715101656784 -0.504550340869177
0.27994889261608 -0.47704314116489
0.288182683575377 -0.44906041448292
0.296416474534673 -0.420630054613784
0.30465026549397 -0.391780401558493
0.312884056453266 -0.362540213278625
0.321117847412563 -0.332938637029761
0.329351638371859 -0.303005180306873
0.337585429331156 -0.272769681430603
0.345819220290452 -0.242262279803783
0.354053011249749 -0.211513385867819
0.362286802209045 -0.180553650788902
0.370520593168342 -0.149413935904261
0.378754384127638 -0.118125281958908
0.386988175086935 -0.0867188781635512
0.395221966046231 -0.0552260311045079
0.403455757005528 -0.0236781335366241
0.411689547964824 0.00789336690971331
0.419923338924121 0.0394569990762529
0.428157129883417 0.070981299648016
0.436390920842714 0.102434844516613
0.44462471180201 0.133786280104479
0.452858502761307 0.165004354618799
0.461092293720603 0.196057949203978
0.4693260846799 0.22691610896159
0.477559875639196 0.257548073806896
0.485793666598492 0.287923309131167
0.494027457557789 0.318011536239238
0.502261248517085 0.347782762531982
0.510495039476382 0.377207311403576
0.518728830435678 0.406255851823789
0.526962621394975 0.434899427575793
0.535196412354271 0.463109486120347
0.543430203313568 0.490857907057594
0.551663994272864 0.518117030158077
0.559897785232161 0.54485968293507
0.568131576191457 0.571059207730695
0.576365367150754 0.596689488288856
0.58459915811005 0.621724975788495
0.592832949069347 0.64614071431121
0.601066740028643 0.669912365717855
0.60930053098794 0.693016233909332
0.617534321947236 0.715429288447371
0.625768112906533 0.737129187511779
0.634001903865829 0.758094300171245
0.642235694825126 0.77830372794553
0.650469485784422 0.797737325637519
0.658703276743719 0.816375721414399
0.666937067703015 0.834200336117917
0.675170858662312 0.851193401784495
0.683404649621608 0.867337979356715
0.691638440580905 0.882617975568547
0.699872231540201 0.897018158987463
0.708106022499497 0.910524175197462
0.716339813458794 0.923122561107861
0.72457360441809 0.934800758373598
0.732807395377387 0.945547125913667
0.741041186336683 0.955350951515195
0.74927497729598 0.964202462511612
0.757508768255276 0.972092835524257
0.765742559214573 0.979014205257714
0.773976350173869 0.98495967234011
0.782210141133166 0.989923310200557
0.790443932092462 0.993900170976888
0.798677723051759 0.996886290447793
0.806911514011055 0.998878691984444
0.815145304970352 0.999875389517657
0.823379095929648 0.999875389517657
0.831612886888945 0.998878691984444
0.839846677848241 0.996886290447793
0.848080468807538 0.993900170976888
0.856314259766834 0.989923310200557
0.864548050726131 0.984959672340111
0.872781841685427 0.979014205257715
0.881015632644724 0.972092835524257
0.88924942360402 0.964202462511612
0.897483214563316 0.955350951515195
0.905717005522613 0.945547125913667
0.91395079648191 0.934800758373598
0.922184587441206 0.923122561107861
0.930418378400502 0.910524175197462
0.938652169359799 0.897018158987464
0.946885960319095 0.882617975568547
0.955119751278392 0.867337979356715
0.963353542237688 0.851193401784495
0.971587333196985 0.834200336117917
0.979821124156281 0.816375721414399
0.988054915115578 0.797737325637519
0.996288706074874 0.77830372794553
1.00452249703417 0.758094300171246
1.01275628799347 0.737129187511779
1.02099007895276 0.715429288447371
1.02922386991206 0.693016233909331
1.03745766087136 0.669912365717855
1.04569145183065 0.64614071431121
1.05392524278995 0.621724975788495
1.06215903374925 0.596689488288856
1.07039282470854 0.571059207730696
1.07862661566784 0.544859682935071
1.08686040662714 0.518117030158077
1.09509419758643 0.490857907057594
1.10332798854573 0.463109486120348
1.11156177950503 0.434899427575792
1.11979557046432 0.406255851823789
1.12802936142362 0.377207311403576
1.13626315238291 0.347782762531982
1.14449694334221 0.318011536239239
1.15273073430151 0.287923309131167
1.1609645252608 0.257548073806896
1.1691983162201 0.22691610896159
1.1774321071794 0.196057949203978
1.18566589813869 0.1650043546188
1.19389968909799 0.133786280104479
1.20213348005729 0.102434844516614
1.21036727101658 0.0709812996480162
1.21860106197588 0.0394569990762527
1.22683485293518 0.00789336690971378
1.23506864389447 -0.023678133536623
1.24330243485377 -0.0552260311045084
1.25153622581307 -0.0867188781635505
1.25977001677236 -0.118125281958908
1.26800380773166 -0.14941393590426
1.27623759869095 -0.180553650788902
1.28447138965025 -0.211513385867819
1.29270518060955 -0.242262279803782
1.30093897156884 -0.272769681430602
1.30917276252814 -0.303005180306873
1.31740655348744 -0.332938637029762
1.32564034444673 -0.362540213278625
1.33387413540603 -0.391780401558493
1.34210792636533 -0.420630054613784
1.35034171732462 -0.44906041448292
1.35857550828392 -0.47704314116489
1.36680929924322 -0.504550340869177
1.37504309020251 -0.531554593820901
1.38327688116181 -0.55802898159344
1.39151067212111 -0.583947113941306
1.3997444630804 -0.609283155106516
1.4079782540397 -0.634011849572238
1.41621204499899 -0.658108547238037
1.42444583595829 -0.681549227991633
1.43267962691759 -0.704310525652672
1.44091341787688 -0.72636975126464
1.44914720883618 -0.747704915711709
1.45738099979548 -0.768294751637971
1.46561479075477 -0.788118734647193
1.47384858171407 -0.807157103761986
1.48208237267337 -0.825390881121976
1.49031616363266 -0.84280189090135
1.49854995459196 -0.859372777426912
1.50678374555126 -0.875087022478594
1.51501753651055 -0.88992896175518
1.52325132746985 -0.903883800488823
1.53148511842915 -0.916937628192789
1.53971890938844 -0.92907743252773
1.54795270034774 -0.940291112272675
1.55618649130704 -0.950567489387783
1.56442028226633 -0.959896320156857
1.57265407322563 -0.968268305398507
1.58088786418492 -0.975675099735774
1.58912165514422 -0.98210931991498
1.59735544610352 -0.987564552165524
1.60558923706281 -0.992035358593258
1.61382302802211 -0.995517282601106
1.62205681898141 -0.998006853331493
1.6302906099407 -0.999501589126174
1.6385244009 -1
1.64572596221055 -0.999501589126174
1.65292752352111 -0.998006853331493
1.66012908483166 -0.995517282601106
1.66733064614221 -0.992035358593258
1.67453220745276 -0.987564552165524
1.68173376876332 -0.98210931991498
1.68893533007387 -0.975675099735774
1.69613689138442 -0.968268305398507
1.70333845269497 -0.959896320156857
1.71054001400553 -0.950567489387783
1.71774157531608 -0.940291112272676
1.72494313662663 -0.92907743252773
1.73214469793719 -0.916937628192789
1.73934625924774 -0.903883800488824
1.74654782055829 -0.88992896175518
1.75374938186884 -0.875087022478594
1.7609509431794 -0.859372777426912
1.76815250448995 -0.842801890901351
1.7753540658005 -0.825390881121976
1.78255562711106 -0.807157103761985
1.78975718842161 -0.788118734647193
1.79695874973216 -0.76829475163797
1.80416031104271 -0.747704915711709
1.81136187235327 -0.726369751264639
1.81856343366382 -0.704310525652672
1.82576499497437 -0.681549227991634
1.83296655628492 -0.658108547238037
1.84016811759548 -0.634011849572239
1.84736967890603 -0.609283155106517
1.85457124021658 -0.583947113941306
1.86177280152714 -0.558028981593441
1.86897436283769 -0.531554593820901
1.87617592414824 -0.504550340869177
1.88337748545879 -0.47704314116489
1.89057904676935 -0.44906041448292
1.8977806080799 -0.420630054613785
1.90498216939045 -0.391780401558493
1.91218373070101 -0.362540213278625
1.91938529201156 -0.332938637029761
1.92658685332211 -0.303005180306872
1.93378841463266 -0.272769681430603
1.94098997594322 -0.242262279803783
1.94819153725377 -0.211513385867819
1.95539309856432 -0.180553650788903
1.96259465987487 -0.149413935904261
1.96979622118543 -0.118125281958909
1.97699778249598 -0.0867188781635507
1.98419934380653 -0.0552260311045084
1.99140090511709 -0.0236781335366243
1.99860246642764 0.00789336690971375
2.00580402773819 0.039456999076252
2.01300558904874 0.070981299648016
2.0202071503593 0.102434844516614
2.02740871166985 0.133786280104479
2.0346102729804 0.165004354618799
2.04181183429095 0.196057949203977
2.04901339560151 0.22691610896159
2.05621495691206 0.257548073806897
2.06341651822261 0.287923309131166
2.07061807953317 0.318011536239239
2.07781964084372 0.347782762531982
2.08502120215427 0.377207311403576
2.09222276346482 0.40625585182379
2.09942432477538 0.434899427575793
2.10662588608593 0.463109486120348
2.11382744739648 0.490857907057593
2.12102900870704 0.518117030158077
2.12823057001759 0.544859682935071
2.13543213132814 0.571059207730694
2.14263369263869 0.596689488288856
2.14983525394925 0.621724975788494
2.1570368152598 0.64614071431121
2.16423837657035 0.669912365717856
2.1714399378809 0.693016233909331
2.17864149919146 0.715429288447371
2.18584306050201 0.737129187511778
2.19304462181256 0.758094300171245
2.20024618312312 0.77830372794553
2.20744774443367 0.797737325637519
2.21464930574422 0.816375721414399
2.22185086705477 0.834200336117917
2.22905242836533 0.851193401784494
2.23625398967588 0.867337979356715
2.24345555098643 0.882617975568547
2.25065711229698 0.897018158987464
2.25785867360754 0.910524175197463
2.26506023491809 0.923122561107861
2.27226179622864 0.934800758373598
2.2794633575392 0.945547125913667
2.28666491884975 0.955350951515195
2.2938664801603 0.964202462511611
2.30106804147085 0.972092835524257
2.30826960278141 0.979014205257715
2.31547116409196 0.98495967234011
2.32267272540251 0.989923310200557
2.32987428671307 0.993900170976888
2.33707584802362 0.996886290447793
2.34427740933417 0.998878691984444
2.35147897064472 0.999875389517657
2.35868053195528 0.999875389517657
2.36588209326583 0.998878691984444
2.37308365457638 0.996886290447793
2.38028521588693 0.993900170976888
2.38748677719749 0.989923310200557
2.39468833850804 0.984959672340111
2.40188989981859 0.979014205257714
2.40909146112915 0.972092835524257
2.4162930224397 0.964202462511612
2.42349458375025 0.955350951515195
2.4306961450608 0.945547125913667
2.43789770637136 0.934800758373598
2.44509926768191 0.923122561107861
2.45230082899246 0.910524175197462
2.45950239030302 0.897018158987463
2.46670395161357 0.882617975568547
2.47390551292412 0.867337979356714
2.48110707423467 0.851193401784495
2.48830863554523 0.834200336117917
2.49551019685578 0.816375721414398
2.50271175816633 0.79773732563752
2.50991331947688 0.77830372794553
2.51711488078744 0.758094300171246
2.52431644209799 0.737129187511779
2.53151800340854 0.715429288447371
2.5387195647191 0.693016233909332
2.54592112602965 0.669912365717855
2.5531226873402 0.646140714311211
2.56032424865075 0.621724975788495
2.56752580996131 0.596689488288856
2.57472737127186 0.571059207730695
2.58192893258241 0.54485968293507
2.58913049389296 0.518117030158079
2.59633205520352 0.490857907057594
2.60353361651407 0.463109486120348
2.61073517782462 0.434899427575793
2.61793673913518 0.406255851823789
2.62513830044573 0.377207311403577
2.63233986175628 0.347782762531982
2.63954142306683 0.318011536239238
2.64674298437739 0.287923309131165
2.65394454568794 0.257548073806896
2.66114610699849 0.226916108961591
2.66834766830905 0.196057949203978
2.6755492296196 0.165004354618799
2.68275079093015 0.133786280104478
2.6899523522407 0.102434844516614
2.69715391355126 0.0709812996480171
2.70435547486181 0.0394569990762536
2.71155703617236 0.00789336690971289
2.71875859748291 -0.0236781335366247
2.72596015879347 -0.0552260311045084
2.73316172010402 -0.0867188781635496
2.74036328141457 -0.118125281958907
2.74756484272513 -0.149413935904261
2.75476640403568 -0.180553650788903
2.76196796534623 -0.211513385867819
2.76916952665678 -0.242262279803782
2.77637108796734 -0.272769681430602
2.78357264927789 -0.303005180306873
2.79077421058844 -0.332938637029762
2.797975771899 -0.362540213278625
2.80517733320955 -0.391780401558492
2.8123788945201 -0.420630054613784
2.81958045583065 -0.449060414482921
2.82678201714121 -0.47704314116489
2.83398357845176 -0.504550340869178
2.84118513976231 -0.5315545938209
2.84838670107286 -0.558028981593439
2.85558826238342 -0.583947113941307
2.86278982369397 -0.609283155106517
2.86999138500452 -0.634011849572238
2.87719294631508 -0.658108547238037
2.88439450762563 -0.681549227991633
2.89159606893618 -0.704310525652672
2.89879763024673 -0.72636975126464
2.90599919155729 -0.747704915711709
2.91320075286784 -0.768294751637971
2.92040231417839 -0.788118734647193
2.92760387548894 -0.807157103761985
2.9348054367995 -0.825390881121977
2.94200699811005 -0.84280189090135
2.9492085594206 -0.859372777426911
2.95641012073116 -0.875087022478593
2.96361168204171 -0.88992896175518
2.97081324335226 -0.903883800488824
2.97801480466281 -0.916937628192789
2.98521636597337 -0.92907743252773
2.99241792728392 -0.940291112272675
2.99961948859447 -0.950567489387783
3.00682104990503 -0.959896320156857
3.01402261121558 -0.968268305398507
3.02122417252613 -0.975675099735773
3.02842573383668 -0.98210931991498
3.03562729514724 -0.987564552165524
3.04282885645779 -0.992035358593258
3.05003041776834 -0.995517282601106
3.05723197907889 -0.998006853331493
3.06443354038945 -0.999501589126174
3.0716351017 -1
3.09162094528995 -0.999501589126174
3.1116067888799 -0.998006853331493
3.13159263246985 -0.995517282601106
3.1515784760598 -0.992035358593258
3.17156431964975 -0.987564552165524
3.1915501632397 -0.98210931991498
3.21153600682965 -0.975675099735774
3.2315218504196 -0.968268305398507
3.25150769400955 -0.959896320156857
3.2714935375995 -0.950567489387783
3.29147938118945 -0.940291112272675
3.3114652247794 -0.929077432527731
3.33145106836935 -0.916937628192789
3.3514369119593 -0.903883800488824
3.37142275554925 -0.88992896175518
3.3914085991392 -0.875087022478593
3.41139444272915 -0.859372777426912
3.4313802863191 -0.842801890901351
3.45136612990905 -0.825390881121976
3.471351973499 -0.807157103761985
3.49133781708894 -0.788118734647193
3.51132366067889 -0.768294751637971
3.53130950426884 -0.747704915711709
3.55129534785879 -0.72636975126464
3.57128119144874 -0.704310525652672
3.59126703503869 -0.681549227991634
3.61125287862864 -0.658108547238038
3.63123872221859 -0.634011849572239
3.65122456580854 -0.609283155106517
3.67121040939849 -0.583947113941307
3.69119625298844 -0.55802898159344
3.71118209657839 -0.531554593820901
3.73116794016834 -0.504550340869178
3.75115378375829 -0.47704314116489
3.77113962734824 -0.44906041448292
3.79112547093819 -0.420630054613785
3.81111131452814 -0.391780401558493
3.83109715811809 -0.362540213278625
3.85108300170804 -0.332938637029761
3.87106884529799 -0.303005180306873
3.89105468888794 -0.272769681430603
3.91104053247789 -0.242262279803783
3.93102637606784 -0.211513385867819
3.95101221965779 -0.180553650788902
3.97099806324774 -0.149413935904261
3.99098390683769 -0.118125281958908
4.01096975042764 -0.0867188781635503
4.03095559401759 -0.0552260311045086
4.05094143760754 -0.0236781335366241
4.07092728119749 0.00789336690971375
4.09091312478744 0.0394569990762523
4.11089896837739 0.0709812996480158
4.13088481196734 0.102434844516614
4.15087065555729 0.133786280104479
4.17085649914724 0.165004354618799
4.19084234273719 0.196057949203978
4.21082818632714 0.226916108961589
4.23081402991709 0.257548073806896
4.25079987350704 0.287923309131167
4.27078571709698 0.318011536239238
4.29077156068693 0.347782762531982
4.31075740427688 0.377207311403576
4.33074324786683 0.40625585182379
4.35072909145678 0.434899427575793
4.37071493504673 0.463109486120348
4.39070077863668 0.490857907057593
4.41068662222663 0.518117030158077
4.43067246581658 0.54485968293507
4.45065830940653 0.571059207730695
4.47064415299648 0.596689488288855
4.49062999658643 0.621724975788495
4.51061584017638 0.646140714311209
4.53060168376633 0.669912365717855
4.55058752735628 0.693016233909332
4.57057337094623 0.715429288447372
4.59055921453618 0.737129187511779
4.61054505812613 0.758094300171245
4.63053090171608 0.778303727945529
4.65051674530603 0.797737325637519
4.67050258889598 0.816375721414399
4.69048843248593 0.834200336117918
4.71047427607588 0.851193401784494
4.73046011966583 0.867337979356715
4.75044596325578 0.882617975568547
4.77043180684573 0.897018158987464
4.79041765043568 0.910524175197462
4.81040349402563 0.923122561107861
4.83038933761558 0.934800758373599
4.85037518120553 0.945547125913667
4.87036102479548 0.955350951515195
4.89034686838543 0.964202462511612
4.91033271197538 0.972092835524257
4.93031855556533 0.979014205257715
4.95030439915528 0.984959672340111
4.97029024274523 0.989923310200557
4.99027608633518 0.993900170976888
5.01026192992513 0.996886290447793
5.03024777351508 0.998878691984444
5.05023361710503 0.999875389517657
5.07021946069497 0.999875389517657
5.09020530428492 0.998878691984444
5.11019114787487 0.996886290447793
5.13017699146482 0.993900170976888
5.15016283505477 0.989923310200557
5.17014867864472 0.984959672340111
5.19013452223467 0.979014205257714
5.21012036582462 0.972092835524257
5.23010620941457 0.964202462511612
5.25009205300452 0.955350951515195
5.27007789659447 0.945547125913667
5.29006374018442 0.934800758373598
5.31004958377437 0.923122561107861
5.33003542736432 0.910524175197462
5.35002127095427 0.897018158987464
5.37000711454422 0.882617975568547
5.38999295813417 0.867337979356715
5.40997880172412 0.851193401784494
5.42996464531407 0.834200336117917
5.44995048890402 0.816375721414399
5.46993633249397 0.797737325637519
5.48992217608392 0.77830372794553
5.50990801967387 0.758094300171246
5.52989386326382 0.737129187511779
5.54987970685377 0.715429288447371
5.56986555044372 0.693016233909332
5.58985139403367 0.669912365717855
5.60983723762362 0.64614071431121
5.62982308121357 0.621724975788495
5.64980892480352 0.596689488288856
5.66979476839347 0.571059207730694
5.68978061198342 0.544859682935071
5.70976645557337 0.518117030158078
5.72975229916332 0.490857907057595
5.74973814275327 0.463109486120348
5.76972398634322 0.434899427575793
5.78970982993317 0.406255851823789
5.80969567352312 0.377207311403576
5.82968151711307 0.347782762531982
5.84966736070301 0.31801153623924
5.86965320429296 0.287923309131167
5.88963904788291 0.257548073806896
5.90962489147286 0.22691610896159
5.92961073506281 0.196057949203977
5.94959657865276 0.165004354618799
5.96958242224271 0.13378628010448
5.98956826583266 0.102434844516614
6.00955410942261 0.0709812996480162
6.02953995301256 0.0394569990762527
6.04952579660251 0.00789336690971289
6.06951164019246 -0.0236781335366239
6.08949748378241 -0.0552260311045084
6.10948332737236 -0.0867188781635496
6.12946917096231 -0.118125281958907
6.14945501455226 -0.14941393590426
6.16944085814221 -0.180553650788903
6.18942670173216 -0.211513385867819
6.20941254532211 -0.242262279803784
6.22939838891206 -0.272769681430602
6.24938423250201 -0.303005180306872
6.26937007609196 -0.332938637029761
6.28935591968191 -0.362540213278625
6.30934176327186 -0.391780401558495
6.32932760686181 -0.420630054613784
6.34931345045176 -0.449060414482919
6.36929929404171 -0.477043141164889
6.38928513763166 -0.504550340869178
6.40927098122161 -0.531554593820902
6.42925682481156 -0.558028981593441
6.44924266840151 -0.583947113941306
6.46922851199146 -0.609283155106517
6.48921435558141 -0.634011849572239
6.50920019917136 -0.658108547238038
6.52918604276131 -0.681549227991635
6.54917188635126 -0.704310525652673
6.56915772994121 -0.726369751264639
6.58914357353116 -0.747704915711709
6.60912941712111 -0.768294751637971
6.62911526071106 -0.788118734647193
6.64910110430101 -0.807157103761986
6.66908694789096 -0.825390881121977
6.6890727914809 -0.84280189090135
6.70905863507085 -0.859372777426912
6.7290444786608 -0.875087022478593
6.74903032225075 -0.88992896175518
6.7690161658407 -0.903883800488824
6.78900200943065 -0.916937628192789
6.8089878530206 -0.92907743252773
6.82897369661055 -0.940291112272676
6.8489595402005 -0.950567489387783
6.86894538379045 -0.959896320156857
6.8889312273804 -0.968268305398507
6.90891707097035 -0.975675099735773
6.9289029145603 -0.98210931991498
6.94888875815025 -0.987564552165524
6.9688746017402 -0.992035358593258
6.98886044533015 -0.995517282601106
7.0088462889201 -0.998006853331493
7.02883213251005 -0.999501589126174
7.0488179761 -1
7.06422312157638 -0.999501589126174
7.07962826705276 -0.998006853331493
7.09503341252914 -0.995517282601106
7.11043855800553 -0.992035358593258
7.12584370348191 -0.987564552165524
7.14124884895829 -0.98210931991498
7.15665399443467 -0.975675099735774
7.17205913991106 -0.968268305398507
7.18746428538744 -0.959896320156857
7.20286943086382 -0.950567489387783
7.2182745763402 -0.940291112272676
7.23367972181658 -0.92907743252773
7.24908486729296 -0.916937628192789
7.26449001276935 -0.903883800488824
7.27989515824573 -0.88992896175518
7.29530030372211 -0.875087022478594
7.31070544919849 -0.859372777426912
7.32611059467487 -0.842801890901351
7.34151574015126 -0.825390881121976
7.35692088562764 -0.807157103761986
7.37232603110402 -0.788118734647192
7.3877311765804 -0.768294751637971
7.40313632205678 -0.747704915711709
7.41854146753317 -0.72636975126464
7.43394661300955 -0.704310525652672
7.44935175848593 -0.681549227991634
7.46475690396231 -0.658108547238038
7.48016204943869 -0.634011849572239
7.49556719491507 -0.609283155106517
7.51097234039146 -0.583947113941306
7.52637748586784 -0.558028981593441
7.54178263134422 -0.531554593820901
7.5571877768206 -0.504550340869178
7.57259292229698 -0.477043141164889
7.58799806777337 -0.449060414482921
7.60340321324975 -0.420630054613784
7.61880835872613 -0.391780401558493
7.63421350420251 -0.362540213278625
7.64961864967889 -0.332938637029761
7.66502379515528 -0.303005180306872
7.68042894063166 -0.272769681430603
7.69583408610804 -0.242262279803784
7.71123923158442 -0.211513385867819
7.7266443770608 -0.180553650788903
7.74204952253719 -0.149413935904261
7.75745466801357 -0.118125281958908
7.77285981348995 -0.0867188781635503
7.78826495896633 -0.0552260311045086
7.80367010444271 -0.0236781335366232
7.81907524991909 0.00789336690971309
7.83448039539548 0.0394569990762534
7.84988554087186 0.0709812996480158
7.86529068634824 0.102434844516612
7.88069583182462 0.133786280104479
7.89610097730101 0.1650043546188
7.91150612277739 0.196057949203978
7.92691126825377 0.22691610896159
7.94231641373015 0.257548073806897
7.95772155920653 0.287923309131166
7.97312670468291 0.318011536239239
7.9885318501593 0.347782762531982
8.00393699563568 0.377207311403577
8.01934214111206 0.40625585182379
8.03474728658844 0.434899427575792
8.05015243206482 0.463109486120348
8.06555757754121 0.490857907057594
8.08096272301759 0.518117030158079
8.09636786849397 0.54485968293507
8.11177301397035 0.571059207730695
8.12717815944673 0.596689488288857
8.14258330492311 0.621724975788494
8.1579884503995 0.646140714311209
8.17339359587588 0.669912365717855
8.18879874135226 0.693016233909333
8.20420388682864 0.71542928844737
8.21960903230502 0.737129187511779
8.23501417778141 0.758094300171246
8.25041932325779 0.778303727945529
8.26582446873417 0.797737325637519
8.28122961421055 0.816375721414399
8.29663475968693 0.834200336117918
8.31203990516332 0.851193401784496
8.3274450506397 0.867337979356714
8.34285019611608 0.882617975568547
8.35825534159246 0.897018158987464
8.37366048706884 0.910524175197462
8.38906563254523 0.923122561107861
8.40447077802161 0.934800758373598
8.41987592349799 0.945547125913668
8.43528106897437 0.955350951515194
8.45068621445075 0.964202462511612
8.46609135992714 0.972092835524257
8.48149650540352 0.979014205257714
8.4969016508799 0.98495967234011
8.51230679635628 0.989923310200557
8.52771194183266 0.993900170976888
8.54311708730905 0.996886290447793
8.55852223278543 0.998878691984444
8.57392737826181 0.999875389517657
8.58933252373819 0.999875389517657
8.60473766921457 0.998878691984444
8.62014281469095 0.996886290447793
8.63554796016734 0.993900170976888
8.65095310564372 0.989923310200557
8.6663582511201 0.984959672340111
8.68176339659648 0.979014205257715
8.69716854207286 0.972092835524257
8.71257368754924 0.964202462511612
8.72797883302563 0.955350951515195
8.74338397850201 0.945547125913667
8.75878912397839 0.934800758373598
8.77419426945477 0.923122561107861
8.78959941493116 0.910524175197462
8.80500456040754 0.897018158987463
8.82040970588392 0.882617975568546
8.8358148513603 0.867337979356715
8.85121999683668 0.851193401784495
8.86662514231307 0.834200336117917
8.88203028778945 0.816375721414398
8.89743543326583 0.79773732563752
8.91284057874221 0.77830372794553
8.92824572421859 0.758094300171245
8.94365086969497 0.73712918751178
8.95905601517136 0.715429288447372
8.97446116064774 0.693016233909332
8.98986630612412 0.669912365717854
9.0052714516005 0.646140714311211
9.02067659707688 0.621724975788495
9.03608174255327 0.596689488288856
9.05148688802965 0.571059207730696
9.06689203350603 0.544859682935071
9.08229717898241 0.518117030158078
9.09770232445879 0.490857907057593
9.11310746993518 0.463109486120346
9.12851261541156 0.434899427575794
9.14391776088794 0.406255851823789
9.15932290636432 0.377207311403575
9.1747280518407 0.347782762531984
9.19013319731708 0.318011536239239
9.20553834279347 0.287923309131167
9.22094348826985 0.257548073806895
9.23634863374623 0.226916108961591
9.25175377922261 0.196057949203978
9.26715892469899 0.165004354618799
9.28256407017538 0.133786280104481
9.29796921565176 0.102434844516615
9.31337436112814 0.0709812996480162
9.32877950660452 0.0394569990762518
9.34418465208091 0.00789336690971111
9.35958979755729 -0.023678133536623
9.37499494303367 -0.0552260311045084
9.39040008851005 -0.0867188781635487
9.40580523398643 -0.118125281958906
9.42121037946281 -0.14941393590426
9.4366155249392 -0.180553650788902
9.45202067041558 -0.211513385867821
9.46742581589196 -0.242262279803782
9.48283096136834 -0.272769681430603
9.49823610684472 -0.303005180306873
9.5136412523211 -0.332938637029759
9.52904639779749 -0.362540213278623
9.54445154327387 -0.391780401558493
9.55985668875025 -0.420630054613785
9.57526183422663 -0.449060414482922
9.59066697970301 -0.477043141164889
9.6060721251794 -0.504550340869178
9.62147727065578 -0.531554593820903
9.63688241613216 -0.558028981593439
9.65228756160854 -0.583947113941306
9.66769270708492 -0.609283155106517
9.68309785256131 -0.63401184957224
9.69850299803769 -0.658108547238036
9.71390814351407 -0.681549227991634
9.72931328899045 -0.70431052565267
9.74471843446683 -0.726369751264638
9.76012357994322 -0.747704915711709
9.7755287254196 -0.768294751637971
9.79093387089598 -0.788118734647193
9.80633901637236 -0.807157103761986
9.82174416184874 -0.825390881121976
9.83714930732513 -0.842801890901351
9.85255445280151 -0.859372777426911
9.86795959827789 -0.875087022478593
9.88336474375427 -0.88992896175518
9.89876988923065 -0.903883800488824
9.91417503470703 -0.916937628192788
9.92958018018342 -0.92907743252773
9.9449853256598 -0.940291112272675
9.96039047113618 -0.950567489387783
9.97579561661256 -0.959896320156857
9.99120076208894 -0.968268305398507
10.0066059075653 -0.975675099735774
10.0220110530417 -0.982109319914981
10.0374161985181 -0.987564552165524
10.0528213439945 -0.992035358593258
10.0682264894709 -0.995517282601106
10.0836316349472 -0.998006853331493
10.0990367804236 -0.999501589126174
10.1144419259 -1
10.1313268568101 -0.999501589126174
10.1482117877201 -0.998006853331493
10.1650967186302 -0.995517282601106
10.1819816495402 -0.992035358593258
10.1988665804503 -0.987564552165524
10.2157515113603 -0.982109319914981
10.2326364422704 -0.975675099735774
10.2495213731804 -0.968268305398507
10.2664063040905 -0.959896320156857
10.2832912350005 -0.950567489387782
10.3001761659106 -0.940291112272676
10.3170610968206 -0.929077432527731
10.3339460277307 -0.916937628192789
10.3508309586407 -0.903883800488824
10.3677158895508 -0.88992896175518
10.3846008204608 -0.875087022478593
10.4014857513709 -0.859372777426911
10.4183706822809 -0.842801890901351
10.435255613191 -0.825390881121977
10.452140544101 -0.807157103761986
10.4690254750111 -0.788118734647192
10.4859104059211 -0.768294751637971
10.5027953368312 -0.747704915711709
10.5196802677412 -0.726369751264638
10.5365651986513 -0.704310525652671
10.5534501295613 -0.681549227991635
10.5703350604714 -0.658108547238038
10.5872199913814 -0.634011849572239
10.6041049222915 -0.609283155106517
10.6209898532015 -0.583947113941306
10.6378747841116 -0.558028981593439
10.6547597150216 -0.5315545938209
10.6716446459317 -0.504550340869178
10.6885295768417 -0.47704314116489
10.7054145077518 -0.44906041448292
10.7222994386618 -0.420630054613784
10.7391843695719 -0.391780401558493
10.7560693004819 -0.362540213278623
10.772954231392 -0.33293863702976
10.789839162302 -0.303005180306874
10.8067240932121 -0.272769681430604
10.8236090241221 -0.242262279803783
10.8404939550322 -0.211513385867819
10.8573788859422 -0.180553650788902
10.8742638168523 -0.14941393590426
10.8911487477623 -0.118125281958907
10.9080336786724 -0.086718878163552
10.9249186095824 -0.055226031104509
10.9418035404925 -0.0236781335366245
10.9586884714025 0.00789336690971331
10.9755734023126 0.0394569990762534
10.9924583332226 0.0709812996480169
11.0093432641327 0.102434844516615
11.0262281950427 0.133786280104478
11.0431131259528 0.165004354618798
11.0599980568628 0.196057949203978
11.0768829877729 0.22691610896159
11.0937679186829 0.257548073806897
11.110652849593 0.287923309131167
11.127537780503 0.31801153623924
11.1444227114131 0.347782762531981
11.1613076423231 0.377207311403575
11.1781925732332 0.406255851823788
11.1950775041432 0.434899427575793
11.2119624350533 0.463109486120348
11.2288473659633 0.490857907057594
11.2457322968734 0.518117030158079
11.2626172277834 0.544859682935069
11.2795021586935 0.571059207730694
11.2963870896035 0.596689488288855
11.3132720205136 0.621724975788495
11.3301569514236 0.64614071431121
11.3470418823337 0.669912365717856
11.3639268132437 0.693016233909333
11.3808117441538 0.71542928844737
11.3976966750638 0.737129187511778
11.4145816059739 0.758094300171245
11.4314665368839 0.77830372794553
11.448351467794 0.79773732563752
11.465236398704 0.8163757214144
11.4821213296141 0.834200336117918
11.4990062605241 0.851193401784494
11.5158911914342 0.867337979356714
11.5327761223442 0.882617975568547
11.5496610532543 0.897018158987463
11.5665459841643 0.910524175197462
11.5834309150744 0.923122561107861
11.6003158459844 0.934800758373599
11.6172007768945 0.945547125913667
11.6340857078045 0.955350951515194
11.6509706387146 0.964202462511611
11.6678555696246 0.972092835524257
11.6847405005347 0.979014205257715
11.7016254314447 0.984959672340111
11.7185103623548 0.989923310200557
11.7353952932648 0.993900170976888
11.7522802241749 0.996886290447793
11.7691651550849 0.998878691984444
11.786050085995 0.999875389517657
11.802935016905 0.999875389517657
11.8198199478151 0.998878691984444
11.8367048787251 0.996886290447793
11.8535898096352 0.993900170976888
11.8704747405452 0.989923310200557
11.8873596714553 0.984959672340111
11.9042446023653 0.979014205257715
11.9211295332754 0.972092835524257
11.9380144641854 0.964202462511612
11.9548993950955 0.955350951515195
11.9717843260055 0.945547125913668
11.9886692569156 0.934800758373599
12.0055541878256 0.923122561107861
12.0224391187357 0.910524175197462
12.0393240496457 0.897018158987464
12.0562089805558 0.882617975568547
12.0730939114658 0.867337979356714
12.0899788423759 0.851193401784496
12.1068637732859 0.834200336117918
12.123748704196 0.816375721414399
12.140633635106 0.79773732563752
12.1575185660161 0.77830372794553
12.1744034969261 0.758094300171246
12.1912884278362 0.737129187511778
12.2081733587462 0.715429288447373
12.2250582896563 0.693016233909331
12.2419432205663 0.669912365717856
12.2588281514764 0.64614071431121
12.2757130823864 0.621724975788495
12.2925980132965 0.596689488288856
12.3094829442065 0.571059207730694
12.3263678751166 0.544859682935073
12.3432528060266 0.518117030158076
12.3601377369367 0.490857907057595
12.3770226678467 0.463109486120348
12.3939075987568 0.434899427575793
12.4107925296668 0.406255851823789
12.4276774605769 0.377207311403576
12.4445623914869 0.347782762531982
12.461447322397 0.318011536239236
12.478332253307 0.287923309131167
12.4952171842171 0.257548073806897
12.5121021151271 0.22691610896159
12.5289870460372 0.196057949203978
12.5458719769472 0.165004354618799
12.5627569078573 0.133786280104478
12.5796418387673 0.102434844516611
12.5965267696774 0.0709812996480171
12.6134117005874 0.0394569990762536
12.6302966314975 0.00789336690971378
12.6471815624075 -0.0236781335366247
12.6640664933176 -0.0552260311045093
12.6809514242276 -0.0867188781635514
12.6978363551377 -0.118125281958909
12.7147212860477 -0.14941393590426
12.7316062169578 -0.180553650788902
12.7484911478678 -0.211513385867818
12.7653760787779 -0.242262279803783
12.7822610096879 -0.272769681430604
12.799145940598 -0.303005180306871
12.816030871508 -0.332938637029759
12.8329158024181 -0.362540213278623
12.8498007333281 -0.391780401558492
12.8666856642382 -0.420630054613784
12.8835705951482 -0.449060414482921
12.9004555260583 -0.47704314116489
12.9173404569683 -0.504550340869178
12.9342253878784 -0.531554593820903
12.9511103187884 -0.558028981593439
12.9679952496985 -0.583947113941305
12.9848801806085 -0.609283155106516
13.0017651115186 -0.634011849572239
13.0186500424286 -0.658108547238038
13.0355349733387 -0.681549227991635
13.0524199042487 -0.704310525652672
13.0693048351588 -0.726369751264638
13.0861897660688 -0.747704915711709
13.1030746969789 -0.768294751637971
13.1199596278889 -0.788118734647192
13.136844558799 -0.807157103761986
13.153729489709 -0.825390881121977
13.1706144206191 -0.842801890901351
13.1874993515291 -0.859372777426911
13.2043842824392 -0.875087022478593
13.2212692133492 -0.88992896175518
13.2381541442593 -0.903883800488824
13.2550390751693 -0.916937628192789
13.2719240060794 -0.929077432527731
13.2888089369894 -0.940291112272676
13.3056938678995 -0.950567489387782
13.3225787988095 -0.959896320156857
13.3394637297196 -0.968268305398507
13.3563486606296 -0.975675099735774
13.3732335915397 -0.98210931991498
13.3901185224497 -0.987564552165524
13.4070034533598 -0.992035358593258
13.4238883842698 -0.995517282601106
13.4407733151799 -0.998006853331493
13.4576582460899 -0.999501589126174
13.474543177 -1
13.4799055383869 -0.999501589126174
13.4852678997739 -0.998006853331494
13.4906302611608 -0.995517282601106
13.4959926225477 -0.992035358593258
13.5013549839347 -0.987564552165523
13.5067173453216 -0.98210931991498
13.5120797067085 -0.975675099735773
13.5174420680955 -0.968268305398507
13.5228044294824 -0.959896320156857
13.5281667908693 -0.950567489387784
13.5335291522563 -0.940291112272677
13.5388915136432 -0.929077432527732
13.5442538750302 -0.916937628192787
13.5496162364171 -0.903883800488822
13.554978597804 -0.889928961755179
13.560340959191 -0.875087022478593
13.5657033205779 -0.859372777426912
13.5710656819648 -0.842801890901352
13.5764280433518 -0.825390881121978
13.5817904047387 -0.807157103761988
13.5871527661256 -0.788118734647189
13.5925151275126 -0.768294751637968
13.5978774888995 -0.747704915711707
13.6032398502864 -0.726369751264639
13.6086022116734 -0.704310525652672
13.6139645730603 -0.681549227991635
13.6193269344472 -0.65810854723804
13.6246892958342 -0.634011849572242
13.6300516572211 -0.609283155106513
13.635414018608 -0.583947113941303
13.640776379995 -0.558028981593438
13.6461387413819 -0.5315545938209
13.6515011027688 -0.504550340869177
13.6568634641558 -0.477043141164891
13.6622258255427 -0.449060414482922
13.6675881869296 -0.420630054613788
13.6729505483166 -0.391780401558498
13.6783129097035 -0.362540213278621
13.6836752710905 -0.332938637029758
13.6890376324774 -0.303005180306871
13.6943999938643 -0.272769681430603
13.6997623552513 -0.242262279803784
13.7051247166382 -0.211513385867821
13.7104870780251 -0.180553650788905
13.7158494394121 -0.149413935904266
13.721211800799 -0.118125281958903
13.7265741621859 -0.0867188781635474
13.7319365235729 -0.0552260311045059
13.7372988849598 -0.023678133536623
13.7426612463467 0.00789336690971287
13.7480236077337 0.0394569990762511
13.7533859691206 0.0709812996480129
13.7587483305075 0.102434844516609
13.7641106918945 0.133786280104484
13.7694730532814 0.165004354618803
13.7748354146683 0.19605794920398
13.7801977760553 0.226916108961592
13.7855601374422 0.257548073806897
13.7909224988291 0.287923309131165
13.7962848602161 0.318011536239236
13.801647221603 0.347782762531979
13.8070095829899 0.377207311403571
13.8123719443769 0.406255851823793
13.8177343057638 0.434899427575796
13.8230966671508 0.463109486120349
13.8284590285377 0.490857907057594
13.8338213899246 0.518117030158076
13.8391837513116 0.544859682935069
13.8445461126985 0.571059207730692
13.8499084740854 0.596689488288852
13.8552708354724 0.621724975788499
13.8606331968593 0.646140714311212
13.8659955582462 0.669912365717857
13.8713579196332 0.693016233909332
13.8767202810201 0.715429288447371
13.882082642407 0.737129187511778
13.887445003794 0.758094300171243
13.8928073651809 0.778303727945527
13.8981697265678 0.797737325637522
13.9035320879548 0.816375721414401
13.9088944493417 0.834200336117919
13.9142568107286 0.851193401784495
13.9196191721156 0.867337979356715
13.9249815335025 0.882617975568546
13.9303438948894 0.897018158987462
13.9357062562764 0.910524175197461
13.9410686176633 0.923122561107859
13.9464309790503 0.9348007583736
13.9517933404372 0.945547125913668
13.9571557018241 0.955350951515195
13.9625180632111 0.964202462511612
13.967880424598 0.972092835524257
13.9732427859849 0.979014205257714
13.9786051473719 0.98495967234011
13.9839675087588 0.989923310200556
13.9893298701457 0.993900170976888
13.9946922315327 0.996886290447793
14.0000545929196 0.998878691984444
14.0054169543065 0.999875389517657
14.0107793156935 0.999875389517657
14.0161416770804 0.998878691984444
14.0215040384673 0.996886290447793
14.0268663998543 0.993900170976888
14.0322287612412 0.989923310200556
14.0375911226281 0.98495967234011
14.0429534840151 0.979014205257714
14.048315845402 0.972092835524257
14.0536782067889 0.964202462511612
14.0590405681759 0.955350951515195
14.0644029295628 0.945547125913668
14.0697652909497 0.9348007583736
14.0751276523367 0.923122561107863
14.0804900137236 0.910524175197461
14.0858523751106 0.897018158987462
14.0912147364975 0.882617975568546
14.0965770978844 0.867337979356715
14.1019394592714 0.851193401784495
14.1073018206583 0.834200336117919
14.1126641820452 0.816375721414402
14.1180265434322 0.797737325637516
14.1233889048191 0.778303727945527
14.128751266206 0.758094300171243
14.134113627593 0.737129187511778
14.1394759889799 0.715429288447371
14.1448383503668 0.693016233909333
14.1502007117538 0.669912365717857
14.1555630731407 0.646140714311212
14.1609254345276 0.621724975788499
14.1662877959146 0.596689488288853
14.1716501573015 0.571059207730692
14.1770125186884 0.544859682935069
14.1823748800754 0.518117030158077
14.1877372414623 0.490857907057594
14.1930996028492 0.46310948612035
14.1984619642362 0.434899427575796
14.2038243256231 0.406255851823793
14.2091866870101 0.377207311403571
14.214549048397 0.347782762531979
14.2199114097839 0.318011536239236
14.2252737711709 0.287923309131166
14.2306361325578 0.257548073806897
14.2359984939447 0.226916108961591
14.2413608553317 0.196057949203981
14.2467232167186 0.165004354618803
14.2520855781055 0.133786280104485
14.2574479394925 0.10243484451661
14.2628103008794 0.0709812996480136
14.2681726622663 0.0394569990762509
14.2735350236533 0.00789336690971289
14.2788973850402 -0.023678133536623
14.2842597464271 -0.0552260311045057
14.2896221078141 -0.0867188781635469
14.294984469201 -0.118125281958904
14.3003468305879 -0.149413935904266
14.3057091919749 -0.180553650788905
14.3110715533618 -0.21151338586782
14.3164339147487 -0.242262279803784
14.3217962761357 -0.272769681430602
14.3271586375226 -0.303005180306871
14.3325209989095 -0.332938637029758
14.3378833602965 -0.36254021327862
14.3432457216834 -0.391780401558497
14.3486080830704 -0.420630054613788
14.3539704444573 -0.449060414482922
14.3593328058442 -0.47704314116489
14.3646951672312 -0.504550340869177
14.3700575286181 -0.5315545938209
14.375419890005 -0.558028981593438
14.380782251392 -0.583947113941303
14.3861446127789 -0.609283155106521
14.3915069741658 -0.634011849572241
14.3968693355528 -0.658108547238039
14.4022316969397 -0.681549227991635
14.4075940583266 -0.704310525652672
14.4129564197136 -0.726369751264639
14.4183187811005 -0.747704915711707
14.4236811424874 -0.768294751637968
14.4290435038744 -0.788118734647189
14.4344058652613 -0.807157103761988
14.4397682266482 -0.825390881121978
14.4451305880352 -0.842801890901351
14.4504929494221 -0.859372777426912
14.455855310809 -0.875087022478593
14.461217672196 -0.889928961755179
14.4665800335829 -0.903883800488822
14.4719423949698 -0.916937628192787
14.4773047563568 -0.929077432527728
14.4826671177437 -0.940291112272677
14.4880294791307 -0.950567489387784
14.4933918405176 -0.959896320156857
14.4987542019045 -0.968268305398507
14.5041165632915 -0.975675099735773
14.5094789246784 -0.98210931991498
14.5148412860653 -0.987564552165523
14.5202036474523 -0.992035358593258
14.5255660088392 -0.995517282601106
14.5309283702261 -0.998006853331493
14.5362907316131 -0.999501589126174
14.541653093 -1
14.5588976945729 -0.999501589126174
14.5761422961457 -0.998006853331493
14.5933868977186 -0.995517282601106
14.6106314992915 -0.992035358593258
14.6278761008643 -0.987564552165524
14.6451207024372 -0.982109319914981
14.6623653040101 -0.975675099735774
14.6796099055829 -0.968268305398508
14.6968545071558 -0.959896320156857
14.7140991087286 -0.950567489387782
14.7313437103015 -0.940291112272675
14.7485883118744 -0.92907743252773
14.7658329134472 -0.916937628192788
14.7830775150201 -0.903883800488823
14.800322116593 -0.88992896175518
14.8175667181658 -0.875087022478593
14.8348113197387 -0.859372777426912
14.8520559213116 -0.842801890901351
14.8693005228844 -0.825390881121976
14.8865451244573 -0.807157103761986
14.9037897260302 -0.788118734647193
14.921034327603 -0.768294751637971
14.9382789291759 -0.74770491571171
14.9555235307487 -0.72636975126464
14.9727681323216 -0.704310525652673
14.9900127338945 -0.681549227991635
15.0072573354673 -0.658108547238039
15.0245019370402 -0.634011849572238
15.0417465386131 -0.609283155106516
15.0589911401859 -0.583947113941305
15.0762357417588 -0.558028981593439
15.0934803433317 -0.531554593820901
15.1107249449045 -0.504550340869177
15.1279695464774 -0.477043141164889
15.1452141480503 -0.44906041448292
15.1624587496231 -0.420630054613784
15.179703351196 -0.391780401558493
15.1969479527688 -0.362540213278625
15.2141925543417 -0.332938637029762
15.2314371559146 -0.303005180306873
15.2486817574874 -0.272769681430604
15.2659263590603 -0.242262279803784
15.2831709606332 -0.21151338586782
15.300415562206 -0.180553650788904
15.3176601637789 -0.149413935904262
15.3349047653518 -0.11812528195891
15.3521493669246 -0.0867188781635494
15.3693939684975 -0.0552260311045071
15.3866385700704 -0.023678133536623
15.4038831716432 0.00789336690971398
15.4211277732161 0.0394569990762531
15.4383723747889 0.0709812996480162
15.4556169763618 0.102434844516613
15.4728615779347 0.133786280104479
15.4901061795075 0.165004354618799
15.5073507810804 0.196057949203978
15.5245953826533 0.22691610896159
15.5418399842261 0.257548073806896
15.559084585799 0.287923309131166
15.5763291873719 0.318011536239237
15.5935737889447 0.347782762531981
15.6108183905176 0.377207311403575
15.6280629920905 0.406255851823788
15.6453075936633 0.434899427575794
15.6625521952362 0.463109486120349
15.679796796809 0.490857907057595
15.6970413983819 0.518117030158078
15.7142859999548 0.544859682935071
15.7315306015276 0.571059207730695
15.7487752031005 0.596689488288856
15.7660198046734 0.621724975788495
15.7832644062462 0.64614071431121
15.8005090078191 0.669912365717855
15.817753609392 0.693016233909331
15.8349982109648 0.715429288447371
15.8522428125377 0.737129187511779
15.8694874141106 0.758094300171245
15.8867320156834 0.778303727945529
15.9039766172563 0.797737325637519
15.9212212188291 0.816375721414398
15.938465820402 0.834200336117918
15.9557104219749 0.851193401784494
15.9729550235477 0.867337979356715
15.9901996251206 0.882617975568548
16.0074442266935 0.897018158987464
16.0246888282663 0.910524175197461
16.0419334298392 0.923122561107861
16.0591780314121 0.934800758373597
16.0764226329849 0.945547125913667
16.0936672345578 0.955350951515194
16.1109118361307 0.964202462511612
16.1281564377035 0.972092835524256
16.1454010392764 0.979014205257714
16.1626456408492 0.984959672340111
16.1798902424221 0.989923310200557
16.197134843995 0.993900170976888
16.2143794455678 0.996886290447793
16.2316240471407 0.998878691984444
16.2488686487136 0.999875389517657
16.2661132502864 0.999875389517657
16.2833578518593 0.998878691984444
16.3006024534322 0.996886290447793
16.317847055005 0.993900170976888
16.3350916565779 0.989923310200557
16.3523362581508 0.984959672340111
16.3695808597236 0.979014205257715
16.3868254612965 0.972092835524258
16.4040700628693 0.964202462511612
16.4213146644422 0.955350951515194
16.4385592660151 0.945547125913667
16.4558038675879 0.934800758373597
16.4730484691608 0.923122561107861
16.4902930707337 0.910524175197461
16.5075376723065 0.897018158987464
16.5247822738794 0.882617975568546
16.5420268754523 0.867337979356716
16.5592714770251 0.851193401784494
16.576516078598 0.834200336117919
16.5937606801709 0.816375721414398
16.6110052817437 0.797737325637521
16.6282498833166 0.778303727945529
16.6454944848894 0.758094300171247
16.6627390864623 0.737129187511779
16.6799836880352 0.715429288447373
16.697228289608 0.693016233909332
16.7144728911809 0.669912365717857
16.7317174927538 0.646140714311209
16.7489620943266 0.621724975788493
16.7662066958995 0.596689488288856
16.7834512974724 0.571059207730693
16.8006958990452 0.544859682935071
16.8179405006181 0.518117030158076
16.835185102191 0.490857907057595
16.8524297037638 0.463109486120346
16.8696743053367 0.434899427575795
16.8869189069095 0.406255851823788
16.9041635084824 0.377207311403578
16.9214081100553 0.347782762531982
16.9386527116281 0.31801153623924
16.955897313201 0.287923309131166
16.9731419147739 0.2575480738069
16.9903865163467 0.22691610896159
17.0076311179196 0.196057949203975
17.0248757194925 0.1650043546188
17.0421203210653 0.133786280104483
17.0593649226382 0.102434844516613
17.0766095242111 0.0709812996480136
17.0938541257839 0.0394569990762536
17.1110987273568 0.00789336690971111
17.1283433289296 -0.0236781335366221
17.1455879305025 -0.0552260311045101
17.1628325320754 -0.0867188781635496
17.1800771336482 -0.118125281958909
17.1973217352211 -0.14941393590426
17.214566336794 -0.180553650788904
17.2318109383668 -0.211513385867817
17.2490555399397 -0.242262279803785
17.2663001415126 -0.272769681430601
17.2835447430854 -0.303005180306873
17.3007893446583 -0.332938637029759
17.3180339462312 -0.362540213278625
17.335278547804 -0.391780401558496
17.3525231493769 -0.420630054613784
17.3697677509497 -0.449060414482917
17.3870123525226 -0.47704314116489
17.4042569540955 -0.504550340869179
17.4215015556683 -0.531554593820901
17.4387461572412 -0.558028981593442
17.4559907588141 -0.583947113941305
17.4732353603869 -0.609283155106518
17.4904799619598 -0.634011849572237
17.5077245635327 -0.658108547238039
17.5249691651055 -0.681549227991633
17.5422137666784 -0.704310525652672
17.5594583682513 -0.726369751264638
17.5767029698241 -0.747704915711709
17.593947571397 -0.768294751637969
17.6111921729699 -0.788118734647193
17.6284367745427 -0.807157103761984
17.6456813761156 -0.825390881121976
17.6629259776884 -0.842801890901352
17.6801705792613 -0.859372777426912
17.6974151808342 -0.875087022478592
17.714659782407 -0.88992896175518
17.7319043839799 -0.903883800488825
17.7491489855528 -0.916937628192788
17.7663935871256 -0.929077432527731
17.7836381886985 -0.940291112272675
17.8008827902714 -0.950567489387783
17.8181273918442 -0.959896320156857
17.8353719934171 -0.968268305398507
17.85261659499 -0.975675099735773
17.8698611965628 -0.982109319914981
17.8871057981357 -0.987564552165523
17.9043503997085 -0.992035358593258
17.9215950012814 -0.995517282601106
17.9388396028543 -0.998006853331493
17.9560842044271 -0.999501589126174
17.973328806 -1
17.9927569636487 -0.999501589126174
18.0121851212975 -0.998006853331493
18.0316132789462 -0.995517282601106
18.051041436595 -0.992035358593258
18.0704695942437 -0.987564552165524
18.0898977518925 -0.98210931991498
18.1093259095412 -0.975675099735773
18.12875406719 -0.968268305398507
18.1481822248387 -0.959896320156857
18.1676103824874 -0.950567489387783
18.1870385401362 -0.940291112272676
18.2064666977849 -0.929077432527731
18.2258948554337 -0.916937628192789
18.2453230130824 -0.903883800488824
18.2647511707312 -0.889928961755181
18.2841793283799 -0.875087022478595
18.3036074860286 -0.859372777426911
18.3230356436774 -0.842801890901349
18.3424638013261 -0.825390881121975
18.3618919589749 -0.807157103761985
18.3813201166236 -0.788118734647192
18.4007482742724 -0.768294751637971
18.4201764319211 -0.747704915711709
18.4396045895698 -0.72636975126464
18.4590327472186 -0.704310525652673
18.4784609048673 -0.681549227991635
18.4978890625161 -0.65810854723804
18.5173172201648 -0.634011849572237
18.5367453778136 -0.609283155106515
18.5561735354623 -0.583947113941305
18.5756016931111 -0.558028981593439
18.5950298507598 -0.531554593820901
18.6144580084085 -0.504550340869177
18.6338861660573 -0.47704314116489
18.653314323706 -0.449060414482921
18.6727424813548 -0.420630054613786
18.6921706390035 -0.391780401558495
18.7115987966523 -0.362540213278627
18.731026954301 -0.332938637029759
18.7504551119498 -0.303005180306871
18.7698832695985 -0.272769681430602
18.7893114272472 -0.242262279803782
18.808739584896 -0.211513385867818
18.8281677425447 -0.180553650788902
18.8475959001935 -0.149413935904261
18.8670240578422 -0.118125281958909
18.886452215491 -0.0867188781635523
18.9058803731397 -0.0552260311045102
18.9253085307884 -0.0236781335366265
18.9447366884372 0.00789336690971598
18.9641648460859 0.0394569990762549
18.9835930037347 0.0709812996480175
19.0030211613834 0.102434844516614
19.0224493190322 0.13378628010448
19.0418774766809 0.165004354618799
19.0613056343296 0.196057949203978
19.0807337919784 0.226916108961589
19.1001619496271 0.257548073806895
19.1195901072759 0.287923309131165
19.1390182649246 0.318011536239236
19.1584464225734 0.347782762531985
19.1778745802221 0.377207311403578
19.1973027378709 0.40625585182379
19.2167308955196 0.434899427575794
19.2361590531683 0.463109486120348
19.2555872108171 0.490857907057594
19.2750153684658 0.518117030158077
19.2944435261146 0.54485968293507
19.3138716837633 0.571059207730693
19.3332998414121 0.596689488288854
19.3527279990608 0.621724975788493
19.3721561567096 0.646140714311212
19.3915843143583 0.669912365717857
19.411012472007 0.693016233909333
19.4304406296558 0.715429288447372
19.4498687873045 0.737129187511779
19.4692969449533 0.758094300171245
19.488725102602 0.77830372794553
19.5081532602508 0.797737325637519
19.5275814178995 0.816375721414398
19.5470095755482 0.834200336117916
19.566437733197 0.851193401784493
19.5858658908457 0.867337979356716
19.6052940484945 0.882617975568548
19.6247222061432 0.897018158987464
19.644150363792 0.910524175197463
19.6635785214407 0.923122561107861
19.6830066790894 0.934800758373598
19.7024348367382 0.945547125913667
19.7218629943869 0.955350951515195
19.7412911520357 0.964202462511611
19.7607193096844 0.972092835524257
19.7801474673332 0.979014205257714
19.7995756249819 0.984959672340111
19.8190037826307 0.989923310200557
19.8384319402794 0.993900170976888
19.8578600979281 0.996886290447793
19.8772882555769 0.998878691984444
19.8967164132256 0.999875389517657
19.9161445708744 0.999875389517657
19.9355727285231 0.998878691984444
19.9550008861719 0.996886290447793
19.9744290438206 0.993900170976888
19.9938572014693 0.989923310200557
20.0132853591181 0.98495967234011
20.0327135167668 0.979014205257714
20.0521416744156 0.972092835524257
20.0715698320643 0.964202462511611
20.0909979897131 0.955350951515195
20.1104261473618 0.945547125913667
20.1298543050106 0.934800758373598
20.1492824626593 0.923122561107861
20.168710620308 0.910524175197463
20.1881387779568 0.897018158987464
20.2075669356055 0.882617975568548
20.2269950932543 0.867337979356713
20.246423250903 0.851193401784496
20.2658514085518 0.834200336117917
20.2852795662005 0.816375721414398
20.3047077238492 0.797737325637519
20.324135881498 0.77830372794553
20.3435640391467 0.758094300171246
20.3629921967955 0.737129187511779
20.3824203544442 0.715429288447372
20.401848512093 0.693016233909333
20.4212766697417 0.669912365717857
20.4407048273905 0.646140714311208
20.4601329850392 0.621724975788493
20.4795611426879 0.596689488288854
20.4989893003367 0.571059207730694
20.5184174579854 0.54485968293507
20.5378456156342 0.518117030158078
20.5572737732829 0.490857907057594
20.5767019309317 0.463109486120348
20.5961300885804 0.434899427575794
20.6155582462291 0.40625585182379
20.6349864038779 0.377207311403579
20.6544145615266 0.347782762531986
20.6738427191754 0.318011536239241
20.6932708768241 0.287923309131165
20.7126990344729 0.257548073806896
20.7321271921216 0.22691610896159
20.7515553497704 0.196057949203978
20.7709835074191 0.165004354618799
20.7904116650678 0.13378628010448
20.8098398227166 0.102434844516615
20.8292679803653 0.070981299648018
20.8486961380141 0.0394569990762554
20.8681242956628 0.00789336690971022
20.8875524533116 -0.0236781335366265
20.9069806109603 -0.0552260311045101
20.926408768609 -0.0867188781635523
20.9458369262578 -0.118125281958909
20.9652650839065 -0.14941393590426
20.9846932415553 -0.180553650788902
21.004121399204 -0.211513385867818
21.0235495568528 -0.242262279803782
21.0429777145015 -0.272769681430601
21.0624058721503 -0.303005180306871
21.081834029799 -0.332938637029764
21.1012621874477 -0.362540213278627
21.1206903450965 -0.391780401558495
21.1401185027452 -0.420630054613785
21.159546660394 -0.449060414482921
21.1789748180427 -0.47704314116489
21.1984029756915 -0.504550340869178
21.2178311333402 -0.531554593820901
21.2372592909889 -0.558028981593439
21.2566874486377 -0.583947113941304
21.2761156062864 -0.609283155106515
21.2955437639352 -0.634011849572236
21.3149719215839 -0.658108547238035
21.3344000792327 -0.681549227991635
21.3538282368814 -0.704310525652673
21.3732563945302 -0.72636975126464
21.3926845521789 -0.747704915711709
21.4121127098276 -0.76829475163797
21.4315408674764 -0.788118734647192
21.4509690251251 -0.807157103761985
21.4703971827739 -0.825390881121975
21.4898253404226 -0.842801890901349
21.5092534980714 -0.859372777426914
21.5286816557201 -0.875087022478592
21.5481098133688 -0.889928961755181
21.5675379710176 -0.903883800488824
21.5869661286663 -0.916937628192789
21.6063942863151 -0.92907743252773
21.6258224439638 -0.940291112272675
21.6452506016126 -0.950567489387783
21.6646787592613 -0.959896320156857
21.68410691691 -0.968268305398507
21.7035350745588 -0.975675099735773
21.7229632322075 -0.982109319914981
21.7423913898563 -0.987564552165524
21.761819547505 -0.992035358593258
21.7812477051538 -0.995517282601106
21.8006758628025 -0.998006853331493
21.8201040204513 -0.999501589126174
21.8395321781 -1
21.8492533236467 -0.999501589126174
21.8589744691935 -0.998006853331493
21.8686956147402 -0.995517282601106
21.8784167602869 -0.992035358593258
21.8881379058337 -0.987564552165523
21.8978590513804 -0.982109319914979
21.9075801969271 -0.975675099735774
21.9173013424739 -0.968268305398507
21.9270224880206 -0.959896320156856
21.9367436335673 -0.950567489387781
21.9464647791141 -0.940291112272677
21.9561859246608 -0.929077432527731
21.9659070702075 -0.916937628192788
21.9756282157543 -0.903883800488821
21.985349361301 -0.889928961755182
21.9950705068477 -0.875087022478594
22.0047916523945 -0.859372777426911
22.0145127979412 -0.842801890901348
22.0242339434879 -0.825390881121978
22.0339550890347 -0.807157103761986
22.0436762345814 -0.788118734647191
22.0533973801281 -0.768294751637968
22.0631185256749 -0.747704915711712
22.0728396712216 -0.72636975126464
22.0825608167683 -0.704310525652671
22.0922819623151 -0.68154922799163
22.1020031078618 -0.658108547238041
22.1117242534085 -0.63401184957224
22.1214453989553 -0.609283155106515
22.131166544502 -0.583947113941303
22.1408876900487 -0.558028981593444
22.1506088355955 -0.531554593820903
22.1603299811422 -0.504550340869176
22.1700511266889 -0.477043141164886
22.1797722722357 -0.449060414482924
22.1894934177824 -0.420630054613786
22.1992145633291 -0.391780401558492
22.2089357088759 -0.362540213278621
22.2186568544226 -0.332938637029765
22.2283779999693 -0.303005180306874
22.2380991455161 -0.272769681430602
22.2478202910628 -0.24226227980378
22.2575414366095 -0.211513385867824
22.2672625821563 -0.180553650788904
22.276983727703 -0.14941393590426
22.2867048732498 -0.118125281958904
22.2964260187965 -0.0867188781635556
22.3061471643432 -0.0552260311045102
22.31586830989 -0.0236781335366232
22.3255894554367 0.00789336690971686
22.3353106009834 0.0394569990762476
22.3450317465302 0.0709812996480136
22.3547528920769 0.102434844516614
22.3644740376236 0.133786280104483
22.3741951831704 0.165004354618794
22.3839163287171 0.196057949203976
22.3936374742638 0.22691610896159
22.4033586198106 0.2575480738069
22.4130797653573 0.287923309131161
22.422800910904 0.318011536239236
22.4325220564508 0.347782762531982
22.4422432019975 0.377207311403579
22.4519643475442 0.406255851823784
22.461685493091 0.43489942757579
22.4714066386377 0.463109486120348
22.4811277841844 0.490857907057596
22.4908489297312 0.518117030158082
22.5005700752779 0.544859682935068
22.5102912208246 0.571059207730695
22.5200123663714 0.596689488288858
22.5297335119181 0.621724975788491
22.5394546574648 0.646140714311207
22.5491758030116 0.669912365717855
22.5588969485583 0.693016233909334
22.568618094105 0.715429288447375
22.5783392396518 0.737129187511777
22.5880603851985 0.758094300171245
22.5977815307452 0.778303727945531
22.607502676292 0.797737325637523
22.6172238218387 0.816375721414397
22.6269449673854 0.834200336117917
22.6366661129322 0.851193401784496
22.6463872584789 0.867337979356717
22.6561084040256 0.882617975568545
22.6658295495724 0.897018158987463
22.6755506951191 0.910524175197463
22.6852718406658 0.923122561107863
22.6949929862126 0.934800758373597
22.7047141317593 0.945547125913667
22.714435277306 0.955350951515195
22.7241564228528 0.964202462511613
22.7338775683995 0.972092835524256
22.7435987139462 0.979014205257714
22.753319859493 0.984959672340111
22.7630410050397 0.989923310200558
22.7727621505864 0.993900170976887
22.7824832961332 0.996886290447793
22.7922044416799 0.998878691984444
22.8019255872266 0.999875389517657
22.8116467327734 0.999875389517657
22.8213678783201 0.998878691984444
22.8310890238668 0.996886290447793
22.8408101694136 0.993900170976887
22.8505313149603 0.989923310200558
22.860252460507 0.984959672340111
22.8699736060538 0.979014205257714
22.8796947516005 0.972092835524256
22.8894158971472 0.964202462511613
22.899137042694 0.955350951515195
22.9088581882407 0.945547125913667
22.9185793337874 0.934800758373597
22.9283004793342 0.923122561107863
22.9380216248809 0.910524175197463
22.9477427704276 0.897018158987463
22.9574639159744 0.882617975568545
22.9671850615211 0.867337979356717
22.9769062070678 0.851193401784496
22.9866273526146 0.834200336117917
22.9963484981613 0.816375721414397
23.006069643708 0.797737325637523
23.0157907892548 0.778303727945532
23.0255119348015 0.758094300171246
23.0352330803482 0.737129187511777
23.044954225895 0.715429288447375
23.0546753714417 0.693016233909334
23.0643965169884 0.669912365717855
23.0741176625352 0.646140714311207
23.0838388080819 0.6217249757885
23.0935599536286 0.596689488288859
23.1032810991754 0.571059207730695
23.1130022447221 0.544859682935068
23.1227233902688 0.518117030158073
23.1324445358156 0.490857907057597
23.1421656813623 0.463109486120348
23.151886826909 0.434899427575791
23.1616079724558 0.406255851823784
23.1713291180025 0.377207311403579
23.1810502635492 0.347782762531982
23.190771409096 0.318011536239236
23.2004925546427 0.287923309131161
23.2102137001894 0.2575480738069
23.2199348457362 0.22691610896159
23.2296559912829 0.196057949203975
23.2393771368296 0.165004354618795
23.2490982823764 0.133786280104483
23.2588194279231 0.102434844516614
23.2685405734698 0.0709812996480136
23.2782617190166 0.0394569990762474
23.2879828645633 0.00789336690971644
23.29770401011 -0.023678133536623
23.3074251556568 -0.0552260311045101
23.3171463012035 -0.0867188781635549
23.3268674467502 -0.118125281958904
23.336588592297 -0.14941393590426
23.3463097378437 -0.180553650788904
23.3560308833905 -0.211513385867824
23.3657520289372 -0.242262279803779
23.3754731744839 -0.272769681430601
23.3851943200307 -0.303005180306874
23.3949154655774 -0.332938637029765
23.4046366111241 -0.36254021327862
23.4143577566709 -0.391780401558492
23.4240789022176 -0.420630054613785
23.4338000477643 -0.449060414482924
23.4435211933111 -0.477043141164886
23.4532423388578 -0.504550340869176
23.4629634844045 -0.531554593820903
23.4726846299513 -0.558028981593444
23.482405775498 -0.583947113941303
23.4921269210447 -0.609283155106515
23.5018480665915 -0.63401184957224
23.5115692121382 -0.65810854723804
23.5212903576849 -0.68154922799163
23.5310115032317 -0.704310525652671
23.5407326487784 -0.72636975126464
23.5504537943251 -0.747704915711712
23.5601749398719 -0.768294751637968
23.5698960854186 -0.788118734647191
23.5796172309653 -0.807157103761986
23.5893383765121 -0.825390881121978
23.5990595220588 -0.842801890901347
23.6087806676055 -0.859372777426911
23.6185018131523 -0.875087022478594
23.628222958699 -0.889928961755182
23.6379441042457 -0.903883800488821
23.6476652497925 -0.916937628192787
23.6573863953392 -0.929077432527731
23.6671075408859 -0.940291112272677
23.6768286864327 -0.950567489387781
23.6865498319794 -0.959896320156856
23.6962709775261 -0.968268305398507
23.7059921230729 -0.975675099735774
23.7157132686196 -0.982109319914979
23.7254344141663 -0.987564552165523
23.7351555597131 -0.992035358593258
23.7448767052598 -0.995517282601106
23.7545978508065 -0.998006853331494
23.7643189963533 -0.999501589126174
23.7740401419 -1
23.7902509954583 -0.999501589126174
23.8064618490166 -0.998006853331493
23.8226727025749 -0.995517282601106
23.8388835561332 -0.992035358593258
23.8550944096915 -0.987564552165523
23.8713052632497 -0.98210931991498
23.887516116808 -0.975675099735773
23.9037269703663 -0.968268305398507
23.9199378239246 -0.959896320156858
23.9361486774829 -0.950567489387784
23.9523595310412 -0.940291112272676
23.9685703845995 -0.929077432527731
23.9847812381578 -0.91693762819279
24.0009920917161 -0.903883800488824
24.0172029452744 -0.889928961755181
24.0334137988327 -0.875087022478594
24.049624652391 -0.859372777426912
24.0658355059492 -0.842801890901351
24.0820463595075 -0.825390881121976
24.0982572130658 -0.807157103761985
24.1144680666241 -0.788118734647192
24.1306789201824 -0.76829475163797
24.1468897737407 -0.747704915711708
24.163100627299 -0.726369751264638
24.1793114808573 -0.70431052565267
24.1955223344156 -0.681549227991632
24.2117331879739 -0.658108547238035
24.2279440415322 -0.634011849572241
24.2441548950904 -0.609283155106519
24.2603657486487 -0.583947113941308
24.276576602207 -0.558028981593442
24.2927874557653 -0.531554593820903
24.3089983093236 -0.504550340869178
24.3252091628819 -0.47704314116489
24.3414200164402 -0.449060414482921
24.3576308699985 -0.420630054613784
24.3738417235568 -0.391780401558493
24.3900525771151 -0.362540213278624
24.4062634306734 -0.33293863702976
24.4224742842317 -0.303005180306871
24.4386851377899 -0.272769681430601
24.4548959913482 -0.242262279803781
24.4711068449065 -0.211513385867817
24.4873176984648 -0.180553650788899
24.5035285520231 -0.149413935904258
24.5197394055814 -0.118125281958911
24.5359502591397 -0.0867188781635536
24.552161112698 -0.0552260311045106
24.5683719662563 -0.0236781335366261
24.5845828198146 0.00789336690971153
24.6007936733729 0.0394569990762516
24.6170045269312 0.0709812996480149
24.6332153804894 0.102434844516613
24.6494262340477 0.133786280104479
24.665637087606 0.165004354618799
24.6818479411643 0.196057949203979
24.6980587947226 0.226916108961591
24.7142696482809 0.257548073806898
24.7304805018392 0.287923309131168
24.7466913553975 0.31801153623924
24.7629022089558 0.347782762531985
24.7791130625141 0.377207311403579
24.7953239160724 0.406255851823792
24.8115347696307 0.43489942757579
24.8277456231889 0.463109486120345
24.8439564767472 0.490857907057592
24.8601673303055 0.518117030158076
24.8763781838638 0.544859682935069
24.8925890374221 0.571059207730694
24.9087998909804 0.596689488288855
24.9250107445387 0.621724975788495
24.941221598097 0.64614071431121
24.9574324516553 0.669912365717855
24.9736433052136 0.693016233909332
24.9898541587719 0.715429288447372
25.0060650123302 0.73712918751178
25.0222758658884 0.758094300171246
25.0384867194467 0.778303727945531
25.054697573005 0.797737325637521
25.0709084265633 0.816375721414401
25.0871192801216 0.834200336117915
25.1033301336799 0.851193401784493
25.1195409872382 0.867337979356713
25.1357518407965 0.882617975568546
25.1519626943548 0.897018158987463
25.1681735479131 0.910524175197461
25.1843844014714 0.92312256110786
25.2005952550296 0.934800758373598
25.2168061085879 0.945547125913667
25.2330169621462 0.955350951515195
25.2492278157045 0.964202462511612
25.2654386692628 0.972092835524257
25.2816495228211 0.979014205257715
25.2978603763794 0.984959672340111
25.3140712299377 0.989923310200557
25.330282083496 0.993900170976888
25.3464929370543 0.996886290447793
25.3627037906126 0.998878691984444
25.3789146441709 0.999875389517657
25.3951254977291 0.999875389517657
25.4113363512874 0.998878691984444
25.4275472048457 0.996886290447793
25.443758058404 0.993900170976888
25.4599689119623 0.989923310200557
25.4761797655206 0.984959672340111
25.4923906190789 0.979014205257715
25.5086014726372 0.972092835524257
25.5248123261955 0.964202462511612
25.5410231797538 0.955350951515195
25.5572340333121 0.945547125913667
25.5734448868704 0.934800758373598
25.5896557404286 0.92312256110786
25.6058665939869 0.910524175197462
25.6220774475452 0.897018158987463
25.6382883011035 0.882617975568546
25.6544991546618 0.867337979356713
25.6707100082201 0.851193401784496
25.6869208617784 0.834200336117919
25.7031317153367 0.816375721414401
25.719342568895 0.797737325637521
25.7355534224533 0.778303727945531
25.7517642760116 0.758094300171247
25.7679751295698 0.73712918751178
25.7841859831281 0.715429288447372
25.8003968366864 0.693016233909332
25.8166076902447 0.669912365717855
25.832818543803 0.64614071431121
25.8490293973613 0.621724975788495
25.8652402509196 0.596689488288856
25.8814511044779 0.571059207730694
25.8976619580362 0.544859682935069
25.9138728115945 0.518117030158076
25.9300836651528 0.490857907057592
25.9462945187111 0.463109486120345
25.9625053722693 0.43489942757579
25.9787162258276 0.406255851823786
25.9949270793859 0.377207311403572
26.0111379329442 0.347782762531985
26.0273487865025 0.31801153623924
26.0435596400608 0.287923309131168
26.0597704936191 0.257548073806898
26.0759813471774 0.226916108961591
26.0921922007357 0.196057949203979
26.108403054294 0.1650043546188
26.1246139078523 0.133786280104479
26.1408247614106 0.102434844516613
26.1570356149688 0.0709812996480153
26.1732464685271 0.0394569990762518
26.1894573220854 0.007893366909712
26.2056681756437 -0.0236781335366256
26.221879029202 -0.055226031104511
26.2380898827603 -0.0867188781635531
26.2543007363186 -0.118125281958911
26.2705115898769 -0.149413935904257
26.2867224434352 -0.180553650788899
26.3029332969935 -0.211513385867817
26.3191441505518 -0.24226227980378
26.33535500411 -0.272769681430601
26.3515658576683 -0.303005180306871
26.3677767112266 -0.33293863702976
26.3839875647849 -0.362540213278624
26.4001984183432 -0.391780401558492
26.4164092719015 -0.420630054613784
26.4326201254598 -0.449060414482921
26.4488309790181 -0.47704314116489
26.4650418325764 -0.504550340869178
26.4812526861347 -0.531554593820903
26.497463539693 -0.558028981593442
26.5136743932513 -0.583947113941307
26.5298852468095 -0.609283155106519
26.5460961003678 -0.634011849572241
26.5623069539261 -0.658108547238035
26.5785178074844 -0.681549227991637
26.5947286610427 -0.70431052565267
26.610939514601 -0.726369751264638
26.6271503681593 -0.747704915711707
26.6433612217176 -0.768294751637969
26.6595720752759 -0.788118734647191
26.6757829288342 -0.807157103761985
26.6919937823925 -0.825390881121976
26.7082046359508 -0.84280189090135
26.724415489509 -0.859372777426912
26.7406263430673 -0.875087022478594
26.7568371966256 -0.889928961755181
26.7730480501839 -0.903883800488824
26.7892589037422 -0.91693762819279
26.8054697573005 -0.929077432527731
26.8216806108588 -0.940291112272676
26.8378914644171 -0.950567489387782
26.8541023179754 -0.959896320156856
26.8703131715337 -0.968268305398506
26.886524025092 -0.975675099735773
26.9027348786503 -0.98210931991498
26.9189457322085 -0.987564552165523
26.9351565857668 -0.992035358593258
26.9513674393251 -0.995517282601106
26.9675782928834 -0.998006853331493
26.9837891464417 -0.999501589126174
27 -1
