0 -1
0.00788546977788945 -0.999501589126174
0.0157709395557789 -0.998006853331493
0.0236564093336683 -0.995517282601106
0.0315418791115578 -0.992035358593258
0.0394273488894472 -0.987564552165524
0.0473128186673367 -0.98210931991498
0.0551982884452261 -0.975675099735774
0.0630837582231156 -0.968268305398507
0.070969228001005 -0.959896320156857
0.0788546977788945 -0.950567489387783
0.0867401675567839 -0.940291112272676
0.0946256373346734 -0.929077432527731
0.102511107112563 -0.916937628192789
0.110396576890452 -0.903883800488824
0.118282046668342 -0.88992896175518
0.126167516446231 -0.875087022478594
0.134052986224121 -0.859372777426912
0.14193845600201 -0.842801890901351
0.149823925779899 -0.825390881121976
0.157709395557789 -0.807157103761985
0.165594865335678 -0.788118734647192
0.173480335113568 -0.768294751637971
0.181365804891457 -0.747704915711709
0.189251274669347 -0.726369751264639
0.197136744447236 -0.704310525652672
0.205022214225126 -0.681549227991634
0.212907684003015 -0.658108547238038
0.220793153780904 -0.634011849572239
0.228678623558794 -0.609283155106517
0.236564093336683 -0.583947113941306
0.244449563114573 -0.55802898159344
0.252335032892462 -0.531554593820902
0.260220502670352 -0.504550340869177
0.268105972448241 -0.47704314116489
0.275991442226131 -0.44906041448292
0.28387691200402 -0.420630054613784
0.29176238178191 -0.391780401558493
0.299647851559799 -0.362540213278625
0.307533321337688 -0.332938637029761
0.315418791115578 -0.303005180306873
0.323304260893467 -0.272769681430603
0.331189730671357 -0.242262279803783
0.339075200449246 -0.211513385867819
0.346960670227136 -0.180553650788902
0.354846140005025 -0.149413935904261
0.362731609782915 -0.118125281958908
0.370617079560804 -0.0867188781635509
0.378502549338693 -0.0552260311045082
0.386388019116583 -0.0236781335366239
0.394273488894472 0.00789336690971309
0.402158958672362 0.0394569990762527
0.410044428450251 0.070981299648016
0.417929898228141 0.102434844516613
0.42581536800603 0.133786280104479
0.43370083778392 0.165004354618799
0.441586307561809 0.196057949203978
0.449471777339698 0.22691610896159
0.457357247117588 0.257548073806897
0.465242716895477 0.287923309131167
0.473128186673367 0.318011536239238
0.481013656451256 0.347782762531982
0.488899126229146 0.377207311403576
0.496784596007035 0.406255851823789
0.504670065784925 0.434899427575793
0.512555535562814 0.463109486120348
0.520441005340703 0.490857907057594
0.528326475118593 0.518117030158078
0.536211944896482 0.54485968293507
0.544097414674372 0.571059207730695
0.551982884452261 0.596689488288856
0.559868354230151 0.621724975788495
0.56775382400804 0.64614071431121
0.57563929378593 0.669912365717855
0.583524763563819 0.693016233909332
0.591410233341709 0.715429288447371
0.599295703119598 0.737129187511779
0.607181172897487 0.758094300171245
0.615066642675377 0.77830372794553
0.622952112453266 0.797737325637519
0.630837582231156 0.816375721414399
0.638723052009045 0.834200336117917
0.646608521786935 0.851193401784495
0.654493991564824 0.867337979356715
0.662379461342714 0.882617975568547
0.670264931120603 0.897018158987464
0.678150400898493 0.910524175197462
0.686035870676382 0.923122561107861
0.693921340454271 0.934800758373598
0.701806810232161 0.945547125913667
0.70969228001005 0.955350951515195
0.71757774978794 0.964202462511612
0.725463219565829 0.972092835524257
0.733348689343719 0.979014205257714
0.741234159121608 0.98495967234011
0.749119628899497 0.989923310200557
0.757005098677387 0.993900170976888
0.764890568455276 0.996886290447793
0.772776038233166 0.998878691984444
0.780661508011055 0.999875389517657
0.788546977788945 0.999875389517657
0.796432447566834 0.998878691984444
0.804317917344724 0.996886290447793
0.812203387122613 0.993900170976888
0.820088856900502 0.989923310200557
0.827974326678392 0.984959672340111
0.835859796456281 0.979014205257715
0.843745266234171 0.972092835524257
0.85163073601206 0.964202462511612
0.85951620578995 0.955350951515195
0.867401675567839 0.945547125913667
0.875287145345729 0.934800758373598
0.883172615123618 0.923122561107861
0.891058084901508 0.910524175197462
0.898943554679397 0.897018158987464
0.906829024457286 0.882617975568547
0.914714494235176 0.867337979356715
0.922599964013065 0.851193401784495
0.930485433790955 0.834200336117917
0.938370903568844 0.816375721414399
0.946256373346734 0.79773732563752
0.954141843124623 0.77830372794553
0.962027312902513 0.758094300171246
0.969912782680402 0.737129187511779
0.977798252458291 0.715429288447371
0.985683722236181 0.693016233909332
0.99356919201407 0.669912365717855
1.00145466179196 0.64614071431121
1.00934013156985 0.621724975788496
1.01722560134774 0.596689488288856
1.02511107112563 0.571059207730695
1.03299654090352 0.54485968293507
1.04088201068141 0.518117030158078
1.0487674804593 0.490857907057594
1.05665295023719 0.463109486120348
1.06453842001508 0.434899427575793
1.07242388979296 0.406255851823789
1.08030935957085 0.377207311403576
1.08819482934874 0.347782762531982
1.09608029912663 0.318011536239238
1.10396576890452 0.287923309131167
1.11185123868241 0.257548073806896
1.1197367084603 0.22691610896159
1.12762217823819 0.196057949203978
1.13550764801608 0.165004354618799
1.14339311779397 0.133786280104479
1.15127858757186 0.102434844516613
1.15916405734975 0.0709812996480162
1.16704952712764 0.0394569990762527
1.17493499690553 0.00789336690971289
1.18282046668342 -0.0236781335366239
1.19070593646131 -0.0552260311045075
1.1985914062392 -0.0867188781635496
1.20647687601709 -0.118125281958908
1.21436234579497 -0.14941393590426
1.22224781557286 -0.180553650788901
1.23013328535075 -0.211513385867819
1.23801875512864 -0.242262279803782
1.24590422490653 -0.272769681430603
1.25378969468442 -0.303005180306872
1.26167516446231 -0.33293863702976
1.2695606342402 -0.362540213278625
1.27744610401809 -0.391780401558493
1.28533157379598 -0.420630054613784
1.29321704357387 -0.44906041448292
1.30110251335176 -0.477043141164889
1.30898798312965 -0.504550340869177
1.31687345290754 -0.531554593820901
1.32475892268543 -0.55802898159344
1.33264439246332 -0.583947113941307
1.34052986224121 -0.609283155106517
1.3484153320191 -0.634011849572238
1.35630080179699 -0.658108547238038
1.36418627157487 -0.681549227991634
1.37207174135276 -0.704310525652672
1.37995721113065 -0.726369751264639
1.38784268090854 -0.747704915711709
1.39572815068643 -0.768294751637971
1.40361362046432 -0.788118734647192
1.41149909024221 -0.807157103761986
1.4193845600201 -0.825390881121976
1.42727002979799 -0.84280189090135
1.43515549957588 -0.859372777426912
1.44304096935377 -0.875087022478594
1.45092643913166 -0.889928961755181
1.45881190890955 -0.903883800488824
1.46669737868744 -0.916937628192789
1.47458284846533 -0.92907743252773
1.48246831824322 -0.940291112272675
1.49035378802111 -0.950567489387782
1.49823925779899 -0.959896320156857
1.50612472757688 -0.968268305398507
1.51401019735477 -0.975675099735774
1.52189566713266 -0.98210931991498
1.52978113691055 -0.987564552165524
1.53766660668844 -0.992035358593258
1.54555207646633 -0.995517282601106
1.55343754624422 -0.998006853331493
1.56132301602211 -0.999501589126174
1.5692084858 -1
1.57645095782764 -0.999501589126174
1.58369342985528 -0.998006853331493
1.59093590188291 -0.995517282601106
1.59817837391055 -0.992035358593258
1.60542084593819 -0.987564552165524
1.61266331796583 -0.98210931991498
1.61990578999347 -0.975675099735774
1.62714826202111 -0.968268305398507
1.63439073404874 -0.959896320156857
1.64163320607638 -0.950567489387783
1.64887567810402 -0.940291112272675
1.65611815013166 -0.929077432527731
1.6633606221593 -0.916937628192789
1.67060309418693 -0.903883800488824
1.67784556621457 -0.88992896175518
1.68508803824221 -0.875087022478593
1.69233051026985 -0.859372777426912
1.69957298229749 -0.842801890901351
1.70681545432513 -0.825390881121976
1.71405792635276 -0.807157103761985
1.7213003983804 -0.788118734647192
1.72854287040804 -0.768294751637971
1.73578534243568 -0.747704915711709
1.74302781446332 -0.72636975126464
1.75027028649095 -0.704310525652672
1.75751275851859 -0.681549227991634
1.76475523054623 -0.658108547238038
1.77199770257387 -0.634011849572239
1.77924017460151 -0.609283155106516
1.78648264662915 -0.583947113941306
1.79372511865678 -0.55802898159344
1.80096759068442 -0.531554593820902
1.80821006271206 -0.504550340869177
1.8154525347397 -0.47704314116489
1.82269500676734 -0.44906041448292
1.82993747879497 -0.420630054613784
1.83717995082261 -0.391780401558494
1.84442242285025 -0.362540213278625
1.85166489487789 -0.332938637029761
1.85890736690553 -0.303005180306873
1.86614983893317 -0.272769681430603
1.8733923109608 -0.242262279803784
1.88063478298844 -0.211513385867819
1.88787725501608 -0.180553650788903
1.89511972704372 -0.149413935904261
1.90236219907136 -0.118125281958908
1.90960467109899 -0.0867188781635512
1.91684714312663 -0.0552260311045082
1.92408961515427 -0.0236781335366234
1.93133208718191 0.00789336690971309
1.93857455920955 0.0394569990762529
1.94581703123719 0.0709812996480153
1.95305950326482 0.102434844516613
1.96030197529246 0.133786280104479
1.9675444473201 0.165004354618799
1.97478691934774 0.196057949203978
1.98202939137538 0.22691610896159
1.98927186340302 0.257548073806896
1.99651433543065 0.287923309131167
2.00375680745829 0.318011536239238
2.01099927948593 0.347782762531982
2.01824175151357 0.377207311403577
2.02548422354121 0.406255851823789
2.03272669556884 0.434899427575793
2.03996916759648 0.463109486120348
2.04721163962412 0.490857907057594
2.05445411165176 0.518117030158077
2.0616965836794 0.544859682935069
2.06893905570704 0.571059207730695
2.07618152773467 0.596689488288855
2.08342399976231 0.621724975788496
2.09066647178995 0.64614071431121
2.09790894381759 0.669912365717855
2.10515141584523 0.693016233909331
2.11239388787286 0.715429288447371
2.1196363599005 0.737129187511779
2.12687883192814 0.758094300171245
2.13412130395578 0.778303727945531
2.14136377598342 0.797737325637519
2.14860624801106 0.816375721414399
2.15584872003869 0.834200336117917
2.16309119206633 0.851193401784495
2.17033366409397 0.867337979356715
2.17757613612161 0.882617975568546
2.18481860814925 0.897018158987464
2.19206108017688 0.910524175197462
2.19930355220452 0.923122561107861
2.20654602423216 0.934800758373598
2.2137884962598 0.945547125913667
2.22103096828744 0.955350951515195
2.22827344031508 0.964202462511612
2.23551591234271 0.972092835524257
2.24275838437035 0.979014205257715
2.25000085639799 0.98495967234011
2.25724332842563 0.989923310200557
2.26448580045327 0.993900170976888
2.2717282724809 0.996886290447793
2.27897074450854 0.998878691984444
2.28621321653618 0.999875389517657
2.29345568856382 0.999875389517657
2.30069816059146 0.998878691984444
2.3079406326191 0.996886290447793
2.31518310464673 0.993900170976888
2.32242557667437 0.989923310200557
2.32966804870201 0.98495967234011
2.33691052072965 0.979014205257715
2.34415299275729 0.972092835524257
2.35139546478492 0.964202462511612
2.35863793681256 0.955350951515195
2.3658804088402 0.945547125913667
2.37312288086784 0.934800758373599
2.38036535289548 0.923122561107861
2.38760782492312 0.910524175197462
2.39485029695075 0.897018158987464
2.40209276897839 0.882617975568547
2.40933524100603 0.867337979356715
2.41657771303367 0.851193401784495
2.42382018506131 0.834200336117917
2.43106265708894 0.816375721414399
2.43830512911658 0.79773732563752
2.44554760114422 0.778303727945531
2.45279007317186 0.758094300171246
2.4600325451995 0.737129187511779
2.46727501722714 0.715429288447371
2.47451748925477 0.693016233909331
2.48175996128241 0.669912365717855
2.48900243331005 0.64614071431121
2.49624490533769 0.621724975788496
2.50348737736533 0.596689488288856
2.51072984939296 0.571059207730695
2.5179723214206 0.54485968293507
2.52521479344824 0.518117030158077
2.53245726547588 0.490857907057594
2.53969973750352 0.463109486120349
2.54694220953116 0.434899427575793
2.55418468155879 0.40625585182379
2.56142715358643 0.377207311403576
2.56866962561407 0.347782762531982
2.57591209764171 0.318011536239238
2.58315456966935 0.287923309131167
2.59039704169698 0.257548073806898
2.59763951372462 0.22691610896159
2.60488198575226 0.196057949203978
2.6121244577799 0.165004354618798
2.61936692980754 0.133786280104478
2.62660940183518 0.102434844516614
2.63385187386281 0.0709812996480171
2.64109434589045 0.0394569990762545
2.64833681791809 0.00789336690971289
2.65557928994573 -0.0236781335366239
2.66282176197337 -0.0552260311045093
2.67006423400101 -0.0867188781635505
2.67730670602864 -0.118125281958907
2.68454917805628 -0.14941393590426
2.69179165008392 -0.1805536507889
2.69903412211156 -0.211513385867819
2.7062765941392 -0.242262279803783
2.71351906616683 -0.272769681430603
2.72076153819447 -0.303005180306872
2.72800401022211 -0.33293863702976
2.73524648224975 -0.362540213278623
2.74248895427739 -0.391780401558494
2.74973142630503 -0.420630054613784
2.75697389833266 -0.449060414482921
2.7642163703603 -0.47704314116489
2.77145884238794 -0.504550340869177
2.77870131441558 -0.531554593820901
2.78594378644322 -0.558028981593439
2.79318625847085 -0.583947113941307
2.80042873049849 -0.609283155106517
2.80767120252613 -0.634011849572239
2.81491367455377 -0.658108547238037
2.82215614658141 -0.681549227991633
2.82939861860905 -0.704310525652671
2.83664109063668 -0.726369751264638
2.84388356266432 -0.747704915711709
2.85112603469196 -0.768294751637972
2.8583685067196 -0.788118734647193
2.86561097874724 -0.807157103761986
2.87285345077487 -0.825390881121976
2.88009592280251 -0.84280189090135
2.88733839483015 -0.859372777426912
2.89458086685779 -0.875087022478593
2.90182333888543 -0.889928961755181
2.90906581091307 -0.903883800488824
2.9163082829407 -0.916937628192789
2.92355075496834 -0.92907743252773
2.93079322699598 -0.940291112272676
2.93803569902362 -0.950567489387783
2.94527817105126 -0.959896320156857
2.95252064307889 -0.968268305398508
2.95976311510653 -0.975675099735774
2.96700558713417 -0.98210931991498
2.97424805916181 -0.987564552165524
2.98149053118945 -0.992035358593258
2.98873300321709 -0.995517282601106
2.99597547524472 -0.998006853331493
3.00321794727236 -0.999501589126174
3.0104604193 -1
3.03044643016332 -0.999501589126174
3.05043244102663 -0.998006853331493
3.07041845188995 -0.995517282601106
3.09040446275327 -0.992035358593258
3.11039047361658 -0.987564552165524
3.1303764844799 -0.98210931991498
3.15036249534322 -0.975675099735774
3.17034850620653 -0.968268305398507
3.19033451706985 -0.959896320156857
3.21032052793317 -0.950567489387783
3.23030653879648 -0.940291112272675
3.2502925496598 -0.929077432527731
3.27027856052312 -0.916937628192789
3.29026457138643 -0.903883800488823
3.31025058224975 -0.88992896175518
3.33023659311307 -0.875087022478594
3.35022260397638 -0.859372777426912
3.3702086148397 -0.842801890901351
3.39019462570302 -0.825390881121976
3.41018063656633 -0.807157103761986
3.43016664742965 -0.788118734647192
3.45015265829297 -0.768294751637971
3.47013866915628 -0.747704915711709
3.4901246800196 -0.726369751264639
3.51011069088291 -0.704310525652672
3.53009670174623 -0.681549227991634
3.55008271260955 -0.658108547238037
3.57006872347286 -0.634011849572239
3.59005473433618 -0.609283155106517
3.6100407451995 -0.583947113941307
3.63002675606281 -0.55802898159344
3.65001276692613 -0.531554593820901
3.66999877778945 -0.504550340869178
3.68998478865276 -0.47704314116489
3.70997079951608 -0.449060414482921
3.7299568103794 -0.420630054613785
3.74994282124271 -0.391780401558493
3.76992883210603 -0.362540213278624
3.78991484296935 -0.332938637029761
3.80990085383266 -0.303005180306873
3.82988686469598 -0.272769681430603
3.8498728755593 -0.242262279803783
3.86985888642261 -0.211513385867819
3.88984489728593 -0.180553650788902
3.90983090814925 -0.149413935904261
3.92981691901256 -0.118125281958908
3.94980292987588 -0.0867188781635509
3.9697889407392 -0.0552260311045079
3.98977495160251 -0.0236781335366241
4.00976096246583 0.00789336690971398
4.02974697332915 0.0394569990762523
4.04973298419246 0.0709812996480158
4.06971899505578 0.102434844516613
4.0897050059191 0.133786280104479
4.10969101678241 0.165004354618799
4.12967702764573 0.196057949203977
4.14966303850905 0.22691610896159
4.16964904937236 0.257548073806897
4.18963506023568 0.287923309131167
4.209621071099 0.318011536239239
4.22960708196231 0.347782762531983
4.24959309282563 0.377207311403576
4.26957910368894 0.406255851823789
4.28956511455226 0.434899427575793
4.30955112541558 0.463109486120348
4.32953713627889 0.490857907057593
4.34952314714221 0.518117030158077
4.36950915800553 0.54485968293507
4.38949516886884 0.571059207730695
4.40948117973216 0.596689488288856
4.42946719059548 0.621724975788496
4.44945320145879 0.646140714311209
4.46943921232211 0.669912365717855
4.48942522318543 0.693016233909332
4.50941123404874 0.715429288447372
4.52939724491206 0.737129187511779
4.54938325577538 0.758094300171245
4.56936926663869 0.77830372794553
4.58935527750201 0.797737325637519
4.60934128836533 0.816375721414399
4.62932729922864 0.834200336117918
4.64931331009196 0.851193401784494
4.66929932095528 0.867337979356715
4.68928533181859 0.882617975568547
4.70927134268191 0.897018158987464
4.72925735354523 0.910524175197462
4.74924336440854 0.923122561107861
4.76922937527186 0.934800758373598
4.78921538613518 0.945547125913667
4.80920139699849 0.955350951515195
4.82918740786181 0.964202462511612
4.84917341872513 0.972092835524257
4.86915942958844 0.979014205257714
4.88914544045176 0.98495967234011
4.90913145131508 0.989923310200557
4.92911746217839 0.993900170976888
4.94910347304171 0.996886290447793
4.96908948390502 0.998878691984444
4.98907549476834 0.999875389517657
5.00906150563166 0.999875389517657
5.02904751649498 0.998878691984444
5.04903352735829 0.996886290447793
5.06901953822161 0.993900170976888
5.08900554908492 0.989923310200557
5.10899155994824 0.984959672340111
5.12897757081156 0.979014205257715
5.14896358167487 0.972092835524257
5.16894959253819 0.964202462511612
5.18893560340151 0.955350951515195
5.20892161426482 0.945547125913667
5.22890762512814 0.934800758373598
5.24889363599146 0.92312256110786
5.26887964685477 0.910524175197462
5.28886565771809 0.897018158987463
5.30885166858141 0.882617975568547
5.32883767944472 0.867337979356715
5.34882369030804 0.851193401784495
5.36880970117136 0.834200336117918
5.38879571203467 0.816375721414399
5.40878172289799 0.79773732563752
5.42876773376131 0.77830372794553
5.44875374462462 0.758094300171245
5.46873975548794 0.737129187511778
5.48872576635126 0.715429288447371
5.50871177721457 0.693016233909332
5.52869778807789 0.669912365717855
5.54868379894121 0.646140714311211
5.56866980980452 0.621724975788496
5.58865582066784 0.596689488288856
5.60864183153116 0.571059207730696
5.62862784239447 0.54485968293507
5.64861385325779 0.518117030158078
5.66859986412111 0.490857907057593
5.68858587498442 0.463109486120348
5.70857188584774 0.434899427575793
5.72855789671106 0.406255851823789
5.74854390757437 0.377207311403576
5.76852991843769 0.347782762531982
5.788515929301 0.31801153623924
5.80850194016432 0.287923309131167
5.82848795102764 0.257548073806897
5.84847396189095 0.22691610896159
5.86845997275427 0.196057949203978
5.88844598361759 0.165004354618799
5.9084319944809 0.133786280104478
5.92841800534422 0.102434844516614
5.94840401620754 0.0709812996480171
5.96839002707085 0.0394569990762536
5.98837603793417 0.00789336690971378
6.00836204879749 -0.023678133536623
6.0283480596608 -0.0552260311045075
6.04833407052412 -0.0867188781635505
6.06832008138744 -0.118125281958908
6.08830609225075 -0.149413935904261
6.10829210311407 -0.180553650788903
6.12827811397739 -0.211513385867819
6.1482641248407 -0.242262279803783
6.16825013570402 -0.272769681430603
6.18823614656734 -0.303005180306873
6.20822215743065 -0.332938637029762
6.22820816829397 -0.362540213278624
6.24819417915729 -0.391780401558493
6.2681801900206 -0.420630054613784
6.28816620088392 -0.449060414482921
6.30815221174724 -0.47704314116489
6.32813822261055 -0.504550340869178
6.34812423347387 -0.531554593820902
6.36811024433718 -0.558028981593439
6.3880962552005 -0.583947113941305
6.40808226606382 -0.609283155106515
6.42806827692714 -0.634011849572238
6.44805428779045 -0.658108547238037
6.46804029865377 -0.681549227991634
6.48802630951709 -0.704310525652672
6.5080123203804 -0.72636975126464
6.52799833124372 -0.747704915711709
6.54798434210703 -0.76829475163797
6.56797035297035 -0.788118734647193
6.58795636383367 -0.807157103761985
6.60794237469698 -0.825390881121977
6.6279283855603 -0.84280189090135
6.64791439642362 -0.859372777426912
6.66790040728693 -0.875087022478593
6.68788641815025 -0.88992896175518
6.70787242901357 -0.903883800488824
6.72785843987688 -0.916937628192789
6.7478444507402 -0.929077432527731
6.76783046160352 -0.940291112272676
6.78781647246683 -0.950567489387782
6.80780248333015 -0.959896320156857
6.82778849419347 -0.968268305398507
6.84777450505678 -0.975675099735773
6.8677605159201 -0.98210931991498
6.88774652678342 -0.987564552165524
6.90773253764673 -0.992035358593258
6.92771854851005 -0.995517282601106
6.94770455937337 -0.998006853331493
6.96769057023668 -0.999501589126174
6.9876765811 -1
6.99418687003367 -0.999501589126174
7.00069715896734 -0.998006853331493
7.007207447901 -0.995517282601106
7.01371773683467 -0.992035358593258
7.02022802576834 -0.987564552165524
7.02673831470201 -0.98210931991498
7.03324860363568 -0.975675099735774
7.03975889256935 -0.968268305398507
7.04626918150301 -0.959896320156857
7.05277947043668 -0.950567489387782
7.05928975937035 -0.940291112272676
7.06580004830402 -0.929077432527731
7.07231033723769 -0.916937628192788
7.07882062617136 -0.903883800488823
7.08533091510502 -0.889928961755181
7.09184120403869 -0.875087022478594
7.09835149297236 -0.859372777426912
7.10486178190603 -0.84280189090135
7.1113720708397 -0.825390881121977
7.11788235977337 -0.807157103761986
7.12439264870704 -0.788118734647192
7.1309029376407 -0.76829475163797
7.13741322657437 -0.74770491571171
7.14392351550804 -0.72636975126464
7.15043380444171 -0.704310525652672
7.15694409337538 -0.681549227991632
7.16345438230904 -0.658108547238039
7.16996467124271 -0.634011849572239
7.17647496017638 -0.609283155106516
7.18298524911005 -0.583947113941305
7.18949553804372 -0.558028981593441
7.19600582697739 -0.531554593820902
7.20251611591106 -0.504550340869177
7.20902640484472 -0.477043141164888
7.21553669377839 -0.449060414482922
7.22204698271206 -0.420630054613785
7.22855727164573 -0.391780401558493
7.2350675605794 -0.362540213278623
7.24157784951306 -0.332938637029763
7.24808813844673 -0.303005180306873
7.2545984273804 -0.272769681430603
7.26110871631407 -0.242262279803782
7.26761900524774 -0.211513385867821
7.27412929418141 -0.180553650788903
7.28063958311508 -0.149413935904261
7.28714987204874 -0.118125281958907
7.29366016098241 -0.0867188781635527
7.30017044991608 -0.055226031104509
7.30668073884975 -0.0236781335366237
7.31319102778342 0.00789336690971464
7.31970131671708 0.0394569990762509
7.32621160565075 0.0709812996480151
7.33272189458442 0.102434844516613
7.33923218351809 0.13378628010448
7.34574247245176 0.165004354618802
7.35225276138543 0.196057949203977
7.3587630503191 0.22691610896159
7.36527333925276 0.257548073806898
7.37178362818643 0.287923309131164
7.3782939171201 0.318011536239237
7.38480420605377 0.347782762531982
7.39131449498744 0.377207311403577
7.39782478392111 0.406255851823791
7.40433507285477 0.434899427575792
7.41084536178844 0.463109486120348
7.41735565072211 0.490857907057595
7.42386593965578 0.518117030158075
7.43037622858945 0.544859682935069
7.43688651752312 0.571059207730695
7.44339680645678 0.596689488288857
7.44990709539045 0.621724975788497
7.45641738432412 0.646140714311209
7.46292767325779 0.669912365717855
7.46943796219146 0.693016233909332
7.47594825112512 0.71542928844737
7.48245854005879 0.737129187511778
7.48896882899246 0.758094300171245
7.49547911792613 0.778303727945531
7.5019894068598 0.79773732563752
7.50849969579347 0.816375721414398
7.51500998472714 0.834200336117917
7.5215202736608 0.851193401784495
7.52803056259447 0.867337979356715
7.53454085152814 0.882617975568546
7.54105114046181 0.897018158987463
7.54756142939548 0.910524175197462
7.55407171832915 0.923122561107861
7.56058200726281 0.934800758373598
7.56709229619648 0.945547125913667
7.57360258513015 0.955350951515195
7.58011287406382 0.964202462511612
7.58662316299749 0.972092835524257
7.59313345193116 0.979014205257714
7.59964374086482 0.984959672340111
7.60615402979849 0.989923310200557
7.61266431873216 0.993900170976888
7.61917460766583 0.996886290447793
7.6256848965995 0.998878691984444
7.63219518553317 0.999875389517657
7.63870547446683 0.999875389517657
7.6452157634005 0.998878691984444
7.65172605233417 0.996886290447793
7.65823634126784 0.993900170976888
7.66474663020151 0.989923310200557
7.67125691913518 0.984959672340111
7.67776720806884 0.979014205257715
7.68427749700251 0.972092835524257
7.69078778593618 0.964202462511612
7.69729807486985 0.955350951515195
7.70380836380352 0.945547125913667
7.71031865273719 0.934800758373598
7.71682894167085 0.923122561107862
7.72333923060452 0.910524175197463
7.72984951953819 0.897018158987463
7.73635980847186 0.882617975568546
7.74287009740553 0.867337979356716
7.7493803863392 0.851193401784495
7.75589067527286 0.834200336117917
7.76240096420653 0.816375721414398
7.7689112531402 0.797737325637521
7.77542154207387 0.77830372794553
7.78193183100754 0.758094300171246
7.78844211994121 0.737129187511778
7.79495240887487 0.715429288447373
7.80146269780854 0.693016233909333
7.80797298674221 0.669912365717855
7.81448327567588 0.646140714311209
7.82099356460955 0.621724975788494
7.82750385354322 0.596689488288857
7.83401414247688 0.571059207730695
7.84052443141055 0.54485968293507
7.84703472034422 0.518117030158079
7.85354500927789 0.490857907057595
7.86005529821156 0.463109486120348
7.86656558714523 0.434899427575792
7.87307587607889 0.406255851823787
7.87958616501256 0.377207311403577
7.88609645394623 0.347782762531982
7.8926067428799 0.318011536239237
7.89911703181357 0.287923309131165
7.90562732074724 0.257548073806898
7.9121376096809 0.22691610896159
7.91864789861457 0.196057949203977
7.92515818754824 0.165004354618798
7.93166847648191 0.13378628010448
7.93817876541558 0.102434844516614
7.94468905434925 0.0709812996480153
7.95119934328291 0.0394569990762554
7.95770963221658 0.00789336690971467
7.96421992115025 -0.023678133536623
7.97073021008392 -0.0552260311045084
7.97724049901759 -0.0867188781635531
7.98375078795126 -0.118125281958906
7.99026107688492 -0.14941393590426
7.99677136581859 -0.180553650788903
8.00328165475226 -0.211513385867816
8.00979194368593 -0.242262279803782
8.0163022326196 -0.272769681430602
8.02281252155327 -0.303005180306873
8.02932281048693 -0.332938637029763
8.0358330994206 -0.362540213278627
8.04234338835427 -0.391780401558496
8.04885367728794 -0.420630054613781
8.05536396622161 -0.449060414482917
8.06187425515528 -0.477043141164888
8.06838454408894 -0.504550340869177
8.07489483302261 -0.531554593820901
8.08140512195628 -0.558028981593441
8.08791541088995 -0.583947113941308
8.09442569982362 -0.609283155106519
8.10093598875729 -0.634011849572235
8.10744627769095 -0.658108547238035
8.11395656662462 -0.681549227991632
8.12046685555829 -0.704310525652671
8.12697714449196 -0.72636975126464
8.13348743342563 -0.74770491571171
8.1399977223593 -0.768294751637972
8.14650801129297 -0.788118734647195
8.15301830022663 -0.807157103761988
8.1595285891603 -0.825390881121975
8.16603887809397 -0.842801890901349
8.17254916702764 -0.859372777426911
8.17905945596131 -0.875087022478594
8.18556974489498 -0.889928961755181
8.19208003382864 -0.903883800488824
8.19859032276231 -0.91693762819279
8.20510061169598 -0.929077432527729
8.21161090062965 -0.940291112272674
8.21812118956332 -0.950567489387782
8.22463147849698 -0.959896320156857
8.23114176743065 -0.968268305398507
8.23765205636432 -0.975675099735774
8.24416234529799 -0.982109319914981
8.25067263423166 -0.987564552165524
8.25718292316533 -0.992035358593258
8.26369321209899 -0.995517282601106
8.27020350103266 -0.998006853331493
8.27671378996633 -0.999501589126174
8.2832240789 -1
8.30256528393719 -0.999501589126174
8.32190648897437 -0.998006853331493
8.34124769401156 -0.995517282601106
8.36058889904874 -0.992035358593258
8.37993010408593 -0.987564552165524
8.39927130912312 -0.982109319914981
8.4186125141603 -0.975675099735774
8.43795371919749 -0.968268305398507
8.45729492423467 -0.959896320156857
8.47663612927186 -0.950567489387783
8.49597733430905 -0.940291112272675
8.51531853934623 -0.929077432527731
8.53465974438342 -0.916937628192789
8.5540009494206 -0.903883800488824
8.57334215445779 -0.88992896175518
8.59268335949498 -0.875087022478593
8.61202456453216 -0.859372777426912
8.63136576956935 -0.84280189090135
8.65070697460653 -0.825390881121977
8.67004817964372 -0.807157103761986
8.6893893846809 -0.788118734647193
8.70873058971809 -0.768294751637971
8.72807179475528 -0.747704915711709
8.74741299979246 -0.726369751264639
8.76675420482965 -0.704310525652671
8.78609540986683 -0.681549227991635
8.80543661490402 -0.658108547238038
8.82477781994121 -0.634011849572239
8.84411902497839 -0.609283155106517
8.86346023001558 -0.583947113941306
8.88280143505276 -0.55802898159344
8.90214264008995 -0.531554593820901
8.92148384512713 -0.504550340869179
8.94082505016432 -0.477043141164891
8.96016625520151 -0.449060414482921
8.97950746023869 -0.420630054613785
8.99884866527588 -0.391780401558493
9.01818987031307 -0.362540213278624
9.03753107535025 -0.33293863702976
9.05687228038744 -0.303005180306871
9.07621348542462 -0.272769681430604
9.09555469046181 -0.242262279803784
9.11489589549899 -0.21151338586782
9.13423710053618 -0.180553650788902
9.15357830557337 -0.149413935904261
9.17291951061055 -0.118125281958907
9.19226071564774 -0.0867188781635498
9.21160192068492 -0.0552260311045095
9.23094312572211 -0.023678133536625
9.2502843307593 0.00789336690971264
9.26962553579648 0.0394569990762525
9.28896674083367 0.070981299648016
9.30830794587085 0.102434844516614
9.32764915090804 0.13378628010448
9.34699035594523 0.1650043546188
9.36633156098241 0.19605794920398
9.3856727660196 0.226916108961589
9.40501397105678 0.257548073806896
9.42435517609397 0.287923309131166
9.44369638113116 0.318011536239239
9.46303758616834 0.347782762531983
9.48237879120553 0.377207311403577
9.50171999624271 0.406255851823788
9.5210612012799 0.434899427575792
9.54040240631709 0.463109486120347
9.55974361135427 0.490857907057594
9.57908481639146 0.518117030158078
9.59842602142864 0.544859682935071
9.61776722646583 0.571059207730696
9.63710843150302 0.596689488288857
9.6564496365402 0.621724975788494
9.67579084157739 0.646140714311209
9.69513204661457 0.669912365717855
9.71447325165176 0.693016233909332
9.73381445668895 0.715429288447372
9.75315566172613 0.73712918751178
9.77249686676332 0.758094300171244
9.7918380718005 0.778303727945529
9.81117927683769 0.797737325637519
9.83052048187487 0.816375721414399
9.84986168691206 0.834200336117917
9.86920289194925 0.851193401784495
9.88854409698643 0.867337979356715
9.90788530202362 0.882617975568548
9.9272265070608 0.897018158987463
9.94656771209799 0.910524175197462
9.96590891713518 0.923122561107861
9.98525012217236 0.934800758373598
10.0045913272095 0.945547125913667
10.0239325322467 0.955350951515195
10.0432737372839 0.964202462511612
10.0626149423211 0.972092835524257
10.0819561473583 0.979014205257714
10.1012973523955 0.98495967234011
10.1206385574327 0.989923310200557
10.1399797624698 0.993900170976888
10.159320967507 0.996886290447793
10.1786621725442 0.998878691984444
10.1980033775814 0.999875389517657
10.2173445826186 0.999875389517657
10.2366857876558 0.998878691984444
10.256026992693 0.996886290447793
10.2753681977302 0.993900170976888
10.2947094027673 0.989923310200557
10.3140506078045 0.98495967234011
10.3333918128417 0.979014205257714
10.3527330178789 0.972092835524257
10.3720742229161 0.964202462511612
10.3914154279533 0.955350951515195
10.4107566329905 0.945547125913667
10.4300978380276 0.934800758373598
10.4494390430648 0.923122561107861
10.468780248102 0.910524175197462
10.4881214531392 0.897018158987463
10.5074626581764 0.882617975568546
10.5268038632136 0.867337979356715
10.5461450682508 0.851193401784495
10.5654862732879 0.834200336117918
10.5848274783251 0.816375721414399
10.6041686833623 0.797737325637519
10.6235098883995 0.778303727945529
10.6428510934367 0.758094300171246
10.6621922984739 0.73712918751178
10.6815335035111 0.715429288447372
10.7008747085482 0.693016233909332
10.7202159135854 0.669912365717855
10.7395571186226 0.646140714311209
10.7588983236598 0.621724975788495
10.778239528697 0.596689488288855
10.7975807337342 0.571059207730694
10.8169219387714 0.544859682935071
10.8362631438085 0.518117030158078
10.8556043488457 0.490857907057594
10.8749455538829 0.463109486120348
10.8942867589201 0.434899427575792
10.9136279639573 0.40625585182379
10.9329691689945 0.377207311403577
10.9523103740317 0.347782762531983
10.9716515790688 0.318011536239239
10.990992784106 0.287923309131167
11.0103339891432 0.257548073806896
11.0296751941804 0.22691610896159
11.0490163992176 0.196057949203977
11.0683576042548 0.165004354618798
11.087698809292 0.133786280104478
11.1070400143291 0.102434844516614
11.1263812193663 0.0709812996480162
11.1457224244035 0.0394569990762527
11.1650636294407 0.00789336690971289
11.1844048344779 -0.0236781335366247
11.2037460395151 -0.0552260311045066
11.2230872445523 -0.0867188781635487
11.2424284495894 -0.118125281958907
11.2617696546266 -0.14941393590426
11.2811108596638 -0.180553650788902
11.300452064701 -0.21151338586782
11.3197932697382 -0.242262279803784
11.3391344747754 -0.272769681430604
11.3584756798126 -0.303005180306874
11.3778168848497 -0.332938637029759
11.3971580898869 -0.362540213278624
11.4164992949241 -0.391780401558493
11.4358404999613 -0.420630054613784
11.4551817049985 -0.449060414482921
11.4745229100357 -0.477043141164888
11.4938641150729 -0.504550340869176
11.51320532011 -0.531554593820901
11.5325465251472 -0.558028981593439
11.5518877301844 -0.583947113941306
11.5712289352216 -0.609283155106517
11.5905701402588 -0.634011849572239
11.609911345296 -0.658108547238038
11.6292525503332 -0.681549227991635
11.6485937553704 -0.704310525652673
11.6679349604075 -0.726369751264639
11.6872761654447 -0.747704915711709
11.7066173704819 -0.768294751637971
11.7259585755191 -0.788118734647193
11.7452997805563 -0.807157103761986
11.7646409855935 -0.825390881121975
11.7839821906307 -0.842801890901349
11.8033233956678 -0.859372777426911
11.822664600705 -0.875087022478593
11.8420058057422 -0.88992896175518
11.8613470107794 -0.903883800488824
11.8806882158166 -0.916937628192789
11.9000294208538 -0.929077432527731
11.919370625891 -0.940291112272675
11.9387118309281 -0.950567489387784
11.9580530359653 -0.959896320156857
11.9773942410025 -0.968268305398507
11.9967354460397 -0.975675099735774
12.0160766510769 -0.98210931991498
12.0354178561141 -0.987564552165524
12.0547590611513 -0.992035358593258
12.0741002661884 -0.995517282601106
12.0934414712256 -0.998006853331493
12.1127826762628 -0.999501589126174
12.1321238813 -1
12.1421432785829 -0.999501589126174
12.1521626758658 -0.998006853331493
12.1621820731487 -0.995517282601106
12.1722014704317 -0.992035358593257
12.1822208677146 -0.987564552165524
12.1922402649975 -0.982109319914981
12.2022596622804 -0.975675099735773
12.2122790595633 -0.968268305398507
12.2222984568462 -0.959896320156858
12.2323178541291 -0.950567489387782
12.2423372514121 -0.940291112272676
12.252356648695 -0.92907743252773
12.2623760459779 -0.916937628192789
12.2723954432608 -0.903883800488824
12.2824148405437 -0.889928961755179
12.2924342378266 -0.875087022478594
12.3024536351095 -0.859372777426913
12.3124730323925 -0.84280189090135
12.3224924296754 -0.825390881121977
12.3325118269583 -0.807157103761984
12.3425312242412 -0.788118734647192
12.3525506215241 -0.768294751637972
12.362570018807 -0.747704915711708
12.3725894160899 -0.72636975126464
12.3826088133729 -0.704310525652674
12.3926282106558 -0.681549227991633
12.4026476079387 -0.658108547238038
12.4126670052216 -0.634011849572237
12.4226864025045 -0.609283155106516
12.4327057997874 -0.583947113941308
12.4427251970704 -0.558028981593439
12.4527445943533 -0.531554593820902
12.4627639916362 -0.50455034086918
12.4727833889191 -0.477043141164889
12.482802786202 -0.449060414482921
12.4928221834849 -0.420630054613782
12.5028415807678 -0.391780401558493
12.5128609780508 -0.362540213278626
12.5228803753337 -0.33293863702976
12.5328997726166 -0.303005180306873
12.5429191698995 -0.272769681430606
12.5529385671824 -0.242262279803782
12.5629579644653 -0.21151338586782
12.5729773617482 -0.1805536507889
12.5829967590312 -0.149413935904261
12.5930161563141 -0.11812528195891
12.603035553597 -0.0867188781635492
12.6130549508799 -0.0552260311045088
12.6230743481628 -0.0236781335366265
12.6330937454457 0.00789336690971398
12.6431131427286 0.0394569990762516
12.6531325400116 0.070981299648018
12.6631519372945 0.102434844516614
12.6731713345774 0.133786280104477
12.6831907318603 0.165004354618801
12.6932101291432 0.196057949203977
12.7032295264261 0.226916108961593
12.713248923709 0.257548073806897
12.723268320992 0.287923309131165
12.7332877182749 0.31801153623924
12.7433071155578 0.347782762531982
12.7533265128407 0.377207311403574
12.7633459101236 0.40625585182379
12.7733653074065 0.434899427575793
12.7833847046894 0.463109486120345
12.7934041019724 0.490857907057594
12.8034234992553 0.518117030158076
12.8134428965382 0.544859682935072
12.8234622938211 0.571059207730695
12.833481691104 0.596689488288854
12.8435010883869 0.621724975788496
12.8535204856698 0.646140714311209
12.8635398829528 0.669912365717857
12.8735592802357 0.693016233909332
12.8835786775186 0.71542928844737
12.8935980748015 0.73712918751178
12.9036174720844 0.758094300171245
12.9136368693673 0.778303727945528
12.9236562666503 0.79773732563752
12.9336756639332 0.816375721414399
12.9436950612161 0.834200336117919
12.953714458499 0.851193401784495
12.9637338557819 0.867337979356714
12.9737532530648 0.882617975568548
12.9837726503477 0.897018158987464
12.9937920476307 0.910524175197461
13.0038114449136 0.923122561107861
13.0138308421965 0.934800758373598
13.0238502394794 0.945547125913668
13.0338696367623 0.955350951515195
13.0438890340452 0.964202462511611
13.0539084313281 0.972092835524257
13.0639278286111 0.979014205257714
13.073947225894 0.98495967234011
13.0839666231769 0.989923310200557
13.0939860204598 0.993900170976888
13.1040054177427 0.996886290447793
13.1140248150256 0.998878691984444
13.1240442123085 0.999875389517657
13.1340636095915 0.999875389517657
13.1440830068744 0.998878691984444
13.1541024041573 0.996886290447793
13.1641218014402 0.993900170976888
13.1741411987231 0.989923310200557
13.184160596006 0.98495967234011
13.1941799932889 0.979014205257714
13.2041993905719 0.972092835524257
13.2142187878548 0.964202462511611
13.2242381851377 0.955350951515195
13.2342575824206 0.945547125913668
13.2442769797035 0.934800758373598
13.2542963769864 0.923122561107861
13.2643157742693 0.910524175197461
13.2743351715523 0.897018158987463
13.2843545688352 0.882617975568548
13.2943739661181 0.867337979356714
13.304393363401 0.851193401784495
13.3144127606839 0.834200336117919
13.3244321579668 0.816375721414399
13.3344515552497 0.79773732563752
13.3444709525327 0.778303727945529
13.3544903498156 0.758094300171246
13.3645097470985 0.73712918751178
13.3745291443814 0.71542928844737
13.3845485416643 0.693016233909332
13.3945679389472 0.669912365717853
13.4045873362302 0.646140714311209
13.4146067335131 0.621724975788496
13.424626130796 0.596689488288854
13.4346455280789 0.571059207730694
13.4446649253618 0.544859682935073
13.4546843226447 0.518117030158076
13.4647037199276 0.490857907057595
13.4747231172106 0.463109486120351
13.4847425144935 0.434899427575792
13.4947619117764 0.40625585182379
13.5047813090593 0.377207311403574
13.5148007063422 0.347782762531982
13.5248201036251 0.31801153623924
13.534839500908 0.287923309131166
13.544858898191 0.257548073806898
13.5548782954739 0.226916108961588
13.5648976927568 0.196057949203978
13.5749170900397 0.165004354618801
13.5849364873226 0.133786280104478
13.5949558846055 0.102434844516613
13.6049752818884 0.070981299648018
13.6149946791714 0.0394569990762518
13.6250140764543 0.00789336690971467
13.6350334737372 -0.0236781335366203
13.6450528710201 -0.0552260311045084
13.655072268303 -0.0867188781635487
13.6650916655859 -0.11812528195891
13.6751110628688 -0.14941393590426
13.6851304601518 -0.1805536507889
13.6951498574347 -0.211513385867819
13.7051692547176 -0.242262279803782
13.7151886520005 -0.272769681430605
13.7252080492834 -0.303005180306873
13.7352274465663 -0.332938637029759
13.7452468438492 -0.362540213278626
13.7552662411322 -0.391780401558493
13.7652856384151 -0.420630054613788
13.775305035698 -0.449060414482921
13.7853244329809 -0.477043141164888
13.7953438302638 -0.504550340869175
13.8053632275467 -0.531554593820901
13.8153826248296 -0.558028981593439
13.8254020221126 -0.583947113941307
13.8354214193955 -0.609283155106517
13.8454408166784 -0.634011849572237
13.8554602139613 -0.658108547238039
13.8654796112442 -0.681549227991633
13.8754990085271 -0.704310525652673
13.88551840581 -0.726369751264639
13.895537803093 -0.747704915711707
13.9055572003759 -0.768294751637972
13.9155765976588 -0.788118734647192
13.9255959949417 -0.807157103761984
13.9356153922246 -0.825390881121977
13.9456347895075 -0.842801890901349
13.9556541867905 -0.859372777426913
13.9656735840734 -0.875087022478593
13.9756929813563 -0.889928961755179
13.9857123786392 -0.903883800488824
13.9957317759221 -0.916937628192789
14.005751173205 -0.929077432527729
14.0157705704879 -0.940291112272676
14.0257899677709 -0.950567489387782
14.0358093650538 -0.959896320156858
14.0458287623367 -0.968268305398507
14.0558481596196 -0.975675099735773
14.0658675569025 -0.982109319914981
14.0758869541854 -0.987564552165524
14.0859063514683 -0.992035358593258
14.0959257487513 -0.995517282601106
14.1059451460342 -0.998006853331493
14.1159645433171 -0.999501589126174
14.1259839406 -1
14.1348112655769 -0.999501589126174
14.1436385905538 -0.998006853331493
14.1524659155307 -0.995517282601106
14.1612932405075 -0.992035358593258
14.1701205654844 -0.987564552165524
14.1789478904613 -0.982109319914981
14.1877752154382 -0.975675099735774
14.1966025404151 -0.968268305398507
14.205429865392 -0.959896320156857
14.2142571903688 -0.950567489387782
14.2230845153457 -0.940291112272675
14.2319118403226 -0.929077432527732
14.2407391652995 -0.91693762819279
14.2495664902764 -0.903883800488824
14.2583938152533 -0.88992896175518
14.2672211402302 -0.875087022478593
14.276048465207 -0.859372777426911
14.2848757901839 -0.842801890901349
14.2937031151608 -0.825390881121974
14.3025304401377 -0.807157103761987
14.3113577651146 -0.788118734647193
14.3201850900915 -0.768294751637971
14.3290124150683 -0.747704915711709
14.3378397400452 -0.726369751264639
14.3466670650221 -0.704310525652671
14.355494389999 -0.681549227991632
14.3643217149759 -0.65810854723804
14.3731490399528 -0.63401184957224
14.3819763649296 -0.609283155106518
14.3908036899065 -0.583947113941307
14.3996310148834 -0.55802898159344
14.4084583398603 -0.531554593820901
14.4172856648372 -0.504550340869176
14.4261129898141 -0.477043141164887
14.434940314791 -0.449060414482923
14.4437676397678 -0.420630054613786
14.4525949647447 -0.391780401558494
14.4614222897216 -0.362540213278625
14.4702496146985 -0.332938637029761
14.4790769396754 -0.303005180306871
14.4879042646523 -0.272769681430601
14.4967315896291 -0.24226227980378
14.505558914606 -0.211513385867821
14.5143862395829 -0.180553650788904
14.5232135645598 -0.149413935904262
14.5320408895367 -0.118125281958908
14.5408682145136 -0.0867188781635498
14.5496955394905 -0.0552260311045064
14.5585228644673 -0.0236781335366214
14.5673501894442 0.00789336690971042
14.5761775144211 0.0394569990762507
14.585004839398 0.0709812996480147
14.5938321643749 0.102434844516613
14.6026594893518 0.133786280104479
14.6114868143286 0.1650043546188
14.6203141393055 0.19605794920398
14.6291414642824 0.226916108961593
14.6379687892593 0.257548073806894
14.6467961142362 0.287923309131164
14.6556234392131 0.318011536239237
14.6644507641899 0.347782762531982
14.6732780891668 0.377207311403576
14.6821054141437 0.40625585182379
14.6909327391206 0.434899427575795
14.6997600640975 0.463109486120345
14.7085873890744 0.490857907057592
14.7174147140513 0.518117030158076
14.7262420390281 0.54485968293507
14.735069364005 0.571059207730695
14.7438966889819 0.596689488288857
14.7527240139588 0.621724975788496
14.7615513389357 0.646140714311212
14.7703786639126 0.669912365717858
14.7792059888894 0.69301623390933
14.7880333138663 0.71542928844737
14.7968606388432 0.737129187511779
14.8056879638201 0.758094300171246
14.814515288797 0.778303727945531
14.8233426137739 0.79773732563752
14.8321699387508 0.816375721414401
14.8409972637276 0.834200336117916
14.8498245887045 0.851193401784494
14.8586519136814 0.867337979356714
14.8674792386583 0.882617975568547
14.8763065636352 0.897018158987464
14.8851338886121 0.910524175197463
14.8939612135889 0.923122561107862
14.9027885385658 0.934800758373599
14.9116158635427 0.945547125913666
14.9204431885196 0.955350951515194
14.9292705134965 0.964202462511612
14.9380978384734 0.972092835524257
14.9469251634503 0.979014205257715
14.9557524884271 0.984959672340111
14.964579813404 0.989923310200558
14.9734071383809 0.993900170976887
14.9822344633578 0.996886290447793
14.9910617883347 0.998878691984444
14.9998891133116 0.999875389517657
15.0087164382884 0.999875389517657
15.0175437632653 0.998878691984444
15.0263710882422 0.996886290447793
15.0351984132191 0.993900170976888
15.044025738196 0.989923310200557
15.0528530631729 0.984959672340111
15.0616803881497 0.979014205257715
15.0705077131266 0.972092835524257
15.0793350381035 0.964202462511612
15.0881623630804 0.955350951515194
15.0969896880573 0.945547125913666
15.1058170130342 0.9348007583736
15.1146443380111 0.923122561107862
15.1234716629879 0.910524175197463
15.1322989879648 0.897018158987464
15.1411263129417 0.882617975568547
15.1499536379186 0.867337979356714
15.1587809628955 0.851193401784494
15.1676082878724 0.834200336117916
15.1764356128492 0.816375721414401
15.1852629378261 0.797737325637521
15.194090262803 0.778303727945531
15.2029175877799 0.758094300171246
15.2117449127568 0.737129187511779
15.2205722377337 0.715429288447371
15.2293995627106 0.69301623390933
15.2382268876874 0.669912365717858
15.2470542126643 0.646140714311212
15.2558815376412 0.621724975788497
15.2647088626181 0.596689488288856
15.273536187595 0.571059207730695
15.2823635125719 0.54485968293507
15.2911908375487 0.518117030158076
15.3000181625256 0.490857907057591
15.3088454875025 0.463109486120345
15.3176728124794 0.434899427575796
15.3265001374563 0.40625585182379
15.3353274624332 0.377207311403577
15.34415478741 0.347782762531982
15.3529821123869 0.318011536239238
15.3618094373638 0.287923309131165
15.3706367623407 0.257548073806894
15.3794640873176 0.226916108961593
15.3882914122945 0.19605794920398
15.3971187372714 0.165004354618801
15.4059460622482 0.133786280104479
15.4147733872251 0.102434844516613
15.423600712202 0.0709812996480145
15.4324280371789 0.0394569990762509
15.4412553621558 0.00789336690971022
15.4500826871327 -0.0236781335366212
15.4589100121095 -0.0552260311045066
15.4677373370864 -0.0867188781635496
15.4765646620633 -0.118125281958908
15.4853919870402 -0.149413935904261
15.4942193120171 -0.180553650788904
15.503046636994 -0.211513385867821
15.5118739619709 -0.242262279803779
15.5207012869477 -0.272769681430601
15.5295286119246 -0.303005180306871
15.5383559369015 -0.332938637029761
15.5471832618784 -0.362540213278624
15.5560105868553 -0.391780401558495
15.5648379118322 -0.420630054613786
15.573665236809 -0.449060414482923
15.5824925617859 -0.477043141164893
15.5913198867628 -0.504550340869175
15.6001472117397 -0.531554593820901
15.6089745367166 -0.558028981593439
15.6178018616935 -0.583947113941307
15.6266291866704 -0.609283155106517
15.6354565116472 -0.63401184957224
15.6442838366241 -0.658108547238039
15.653111161601 -0.681549227991632
15.6619384865779 -0.704310525652671
15.6707658115548 -0.726369751264639
15.6795931365317 -0.747704915711709
15.6884204615085 -0.768294751637971
15.6972477864854 -0.788118734647193
15.7060751114623 -0.807157103761987
15.7149024364392 -0.825390881121978
15.7237297614161 -0.842801890901349
15.732557086393 -0.859372777426911
15.7413844113698 -0.875087022478593
15.7502117363467 -0.889928961755181
15.7590390613236 -0.903883800488824
15.7678663863005 -0.91693762819279
15.7766937112774 -0.929077432527729
15.7855210362543 -0.940291112272675
15.7943483612312 -0.950567489387782
15.803175686208 -0.959896320156857
15.8120030111849 -0.968268305398507
15.8208303361618 -0.975675099735774
15.8296576611387 -0.982109319914981
15.8384849861156 -0.987564552165524
15.8473123110925 -0.992035358593258
15.8561396360693 -0.995517282601106
15.8649669610462 -0.998006853331493
15.8737942860231 -0.999501589126174
15.882621611 -1
15.9020830400216 -0.999501589126174
15.9215444690432 -0.998006853331493
15.9410058980648 -0.995517282601106
15.9604673270864 -0.992035358593258
15.979928756108 -0.987564552165524
15.9993901851296 -0.98210931991498
16.0188516141513 -0.975675099735774
16.0383130431729 -0.968268305398508
16.0577744721945 -0.959896320156858
16.0772359012161 -0.950567489387782
16.0966973302377 -0.940291112272675
16.1161587592593 -0.929077432527731
16.1356201882809 -0.916937628192789
16.1550816173025 -0.903883800488825
16.1745430463241 -0.889928961755179
16.1940044753457 -0.875087022478593
16.2134659043673 -0.859372777426912
16.2329273333889 -0.842801890901351
16.2523887624106 -0.825390881121978
16.2718501914322 -0.807157103761984
16.2913116204538 -0.788118734647192
16.3107730494754 -0.768294751637971
16.330234478497 -0.74770491571171
16.3496959075186 -0.726369751264637
16.3691573365402 -0.704310525652671
16.3886187655618 -0.681549227991634
16.4080801945834 -0.658108547238038
16.427541623605 -0.63401184957224
16.4470030526266 -0.609283155106515
16.4664644816482 -0.583947113941305
16.4859259106698 -0.55802898159344
16.5053873396915 -0.531554593820902
16.5248487687131 -0.504550340869179
16.5443101977347 -0.477043141164888
16.5637716267563 -0.449060414482919
16.5832330557779 -0.420630054613784
16.6026944847995 -0.391780401558494
16.6221559138211 -0.362540213278627
16.6416173428427 -0.332938637029759
16.6610787718643 -0.303005180306872
16.6805402008859 -0.272769681430603
16.7000016299075 -0.242262279803785
16.7194630589291 -0.211513385867822
16.7389244879508 -0.1805536507889
16.7583859169724 -0.14941393590426
16.777847345994 -0.118125281958908
16.7973087750156 -0.0867188781635525
16.8167702040372 -0.0552260311045113
16.8362316330588 -0.0236781335366223
16.8556930620804 0.00789336690971375
16.875154491102 0.0394569990762518
16.8946159201236 0.0709812996480138
16.9140773491452 0.102434844516616
16.9335387781668 0.13378628010448
16.9530002071884 0.165004354618799
16.97246163621 0.196057949203977
16.9919230652317 0.226916108961588
17.0113844942533 0.257548073806899
17.0308459232749 0.287923309131167
17.0503073522965 0.318011536239238
17.0697687813181 0.347782762531981
17.0892302103397 0.377207311403573
17.1086916393613 0.406255851823791
17.1281530683829 0.434899427575794
17.1476144974045 0.463109486120347
17.1670759264261 0.490857907057592
17.1865373554477 0.518117030158075
17.2059987844693 0.544859682935072
17.225460213491 0.571059207730695
17.2449216425126 0.596689488288855
17.2643830715342 0.621724975788494
17.2838445005558 0.646140714311212
17.3033059295774 0.669912365717856
17.322767358599 0.693016233909332
17.3422287876206 0.715429288447371
17.3616902166422 0.737129187511777
17.3811516456638 0.758094300171247
17.4006130746854 0.778303727945531
17.420074503707 0.797737325637519
17.4395359327286 0.816375721414399
17.4589973617502 0.834200336117916
17.4784587907719 0.851193401784496
17.4979202197935 0.867337979356715
17.5173816488151 0.882617975568547
17.5368430778367 0.897018158987463
17.5563045068583 0.910524175197461
17.5757659358799 0.923122561107862
17.5952273649015 0.934800758373599
17.6146887939231 0.945547125913667
17.6341502229447 0.955350951515194
17.6536116519663 0.964202462511611
17.6730730809879 0.972092835524257
17.6925345100095 0.979014205257715
17.7119959390312 0.98495967234011
17.7314573680528 0.989923310200557
17.7509187970744 0.993900170976887
17.770380226096 0.996886290447793
17.7898416551176 0.998878691984444
17.8093030841392 0.999875389517657
17.8287645131608 0.999875389517657
17.8482259421824 0.998878691984443
17.867687371204 0.996886290447793
17.8871488002256 0.993900170976888
17.9066102292472 0.989923310200557
17.9260716582688 0.984959672340111
17.9455330872905 0.979014205257714
17.9649945163121 0.972092835524257
17.9844559453337 0.964202462511612
18.0039173743553 0.955350951515195
18.0233788033769 0.945547125913666
18.0428402323985 0.934800758373598
18.0623016614201 0.92312256110786
18.0817630904417 0.910524175197462
18.1012245194633 0.897018158987464
18.1206859484849 0.882617975568546
18.1401473775065 0.867337979356714
18.1596088065281 0.851193401784494
18.1790702355497 0.834200336117918
18.1985316645714 0.8163757214144
18.217993093593 0.797737325637518
18.2374545226146 0.778303727945529
18.2569159516362 0.758094300171245
18.2763773806578 0.73712918751178
18.2958388096794 0.715429288447373
18.315300238701 0.69301623390933
18.3347616677226 0.669912365717854
18.3542230967442 0.646140714311209
18.3736845257658 0.621724975788496
18.3931459547874 0.596689488288858
18.412607383809 0.571059207730693
18.4320688128307 0.54485968293507
18.4515302418523 0.518117030158078
18.4709916708739 0.490857907057595
18.4904530998955 0.463109486120351
18.5099145289171 0.434899427575791
18.5293759579387 0.406255851823788
18.5488373869603 0.377207311403576
18.5682988159819 0.347782762531984
18.5877602450035 0.318011536239241
18.6072216740251 0.287923309131165
18.6266831030467 0.257548073806896
18.6461445320683 0.226916108961591
18.6656059610899 0.196057949203981
18.6850673901116 0.165004354618802
18.7045288191332 0.133786280104478
18.7239902481548 0.102434844516613
18.7434516771764 0.0709812996480171
18.762913106198 0.0394569990762554
18.7823745352196 0.00789336690971644
18.8018359642412 -0.0236781335366247
18.8212973932628 -0.0552260311045075
18.8407588222844 -0.0867188781635496
18.860220251306 -0.118125281958912
18.8796816803276 -0.149413935904263
18.8991431093492 -0.180553650788903
18.9186045383709 -0.211513385867818
18.9380659673925 -0.242262279803781
18.9575273964141 -0.272769681430607
18.9769888254357 -0.303005180306875
18.9964502544573 -0.332938637029762
19.0159116834789 -0.362540213278624
19.0353731125005 -0.391780401558491
19.0548345415221 -0.420630054613787
19.0742959705437 -0.449060414482921
19.0937573995653 -0.47704314116489
19.1132188285869 -0.504550340869176
19.1326802576085 -0.531554593820899
19.1521416866302 -0.558028981593442
19.1716031156518 -0.583947113941307
19.1910645446734 -0.609283155106517
19.210525973695 -0.634011849572238
19.2299874027166 -0.658108547238036
19.2494488317382 -0.681549227991635
19.2689102607598 -0.704310525652673
19.2883716897814 -0.726369751264639
19.307833118803 -0.747704915711708
19.3272945478246 -0.768294751637969
19.3467559768462 -0.788118734647194
19.3662174058678 -0.807157103761986
19.3856788348894 -0.825390881121976
19.4051402639111 -0.842801890901349
19.4246016929327 -0.859372777426911
19.4440631219543 -0.875087022478595
19.4635245509759 -0.889928961755181
19.4829859799975 -0.903883800488823
19.5024474090191 -0.916937628192788
19.5219088380407 -0.929077432527729
19.5413702670623 -0.940291112272676
19.5608316960839 -0.950567489387783
19.5802931251055 -0.959896320156857
19.5997545541271 -0.968268305398507
19.6192159831487 -0.975675099735773
19.6386774121704 -0.982109319914981
19.658138841192 -0.987564552165524
19.6776002702136 -0.992035358593258
19.6970616992352 -0.995517282601106
19.7165231282568 -0.998006853331494
19.7359845572784 -0.999501589126174
19.7554459863 -1
19.773622121107 -0.999501589126174
19.7917982559141 -0.998006853331493
19.8099743907211 -0.995517282601106
19.8281505255281 -0.992035358593258
19.8463266603352 -0.987564552165524
19.8645027951422 -0.98210931991498
19.8826789299492 -0.975675099735773
19.9008550647563 -0.968268305398507
19.9190311995633 -0.959896320156857
19.9372073343704 -0.950567489387782
19.9553834691774 -0.940291112272675
19.9735596039844 -0.92907743252773
19.9917357387915 -0.916937628192788
20.0099118735985 -0.903883800488822
20.0280880084055 -0.889928961755179
20.0462641432126 -0.875087022478592
20.0644402780196 -0.859372777426914
20.0826164128266 -0.842801890901352
20.1007925476337 -0.825390881121978
20.1189686824407 -0.807157103761987
20.1371448172477 -0.788118734647194
20.1553209520548 -0.768294751637972
20.1734970868618 -0.74770491571171
20.1916732216688 -0.726369751264641
20.2098493564759 -0.704310525652673
20.2280254912829 -0.681549227991635
20.2462016260899 -0.658108547238039
20.264377760897 -0.634011849572239
20.282553895704 -0.609283155106517
20.3007300305111 -0.583947113941307
20.3189061653181 -0.55802898159344
20.3370823001251 -0.531554593820902
20.3552584349322 -0.504550340869177
20.3734345697392 -0.477043141164889
20.3916107045462 -0.44906041448292
20.4097868393533 -0.420630054613784
20.4279629741603 -0.391780401558493
20.4461391089673 -0.362540213278624
20.4643152437744 -0.33293863702976
20.4824913785814 -0.303005180306872
20.5006675133884 -0.272769681430602
20.5188436481955 -0.242262279803781
20.5370197830025 -0.211513385867817
20.5551959178095 -0.1805536507889
20.5733720526166 -0.149413935904259
20.5915481874236 -0.118125281958906
20.6097243222307 -0.0867188781635483
20.6279004570377 -0.0552260311045053
20.6460765918447 -0.023678133536621
20.6642527266518 0.00789336690971642
20.6824288614588 0.0394569990762498
20.7006049962658 0.0709812996480131
20.7187811310729 0.102434844516611
20.7369572658799 0.133786280104477
20.7551334006869 0.165004354618797
20.773309535494 0.196057949203976
20.791485670301 0.226916108961589
20.809661805108 0.257548073806895
20.8278379399151 0.287923309131165
20.8460140747221 0.318011536239237
20.8641902095291 0.347782762531981
20.8823663443362 0.377207311403575
20.9005424791432 0.406255851823788
20.9187186139503 0.434899427575793
20.9368947487573 0.463109486120347
20.9550708835643 0.490857907057594
20.9732470183714 0.518117030158078
20.9914231531784 0.544859682935071
21.0095992879854 0.571059207730695
21.0277754227925 0.596689488288857
21.0459515575995 0.621724975788496
21.0641276924065 0.646140714311211
21.0823038272136 0.669912365717856
21.1004799620206 0.693016233909333
21.1186560968276 0.715429288447372
21.1368322316347 0.73712918751178
21.1550083664417 0.758094300171246
21.1731845012487 0.778303727945531
21.1913606360558 0.797737325637521
21.2095367708628 0.8163757214144
21.2277129056699 0.834200336117919
21.2458890404769 0.851193401784496
21.2640651752839 0.867337979356713
21.282241310091 0.882617975568545
21.300417444898 0.897018158987462
21.318593579705 0.910524175197461
21.3367697145121 0.92312256110786
21.3549458493191 0.934800758373597
21.3731219841261 0.945547125913666
21.3912981189332 0.955350951515194
21.4094742537402 0.964202462511611
21.4276503885472 0.972092835524257
21.4458265233543 0.979014205257714
21.4640026581613 0.98495967234011
21.4821787929683 0.989923310200557
21.5003549277754 0.993900170976888
21.5185310625824 0.996886290447793
21.5367071973894 0.998878691984444
21.5548833321965 0.999875389517657
21.5730594670035 0.999875389517657
21.5912356018106 0.998878691984444
21.6094117366176 0.996886290447793
21.6275878714246 0.993900170976888
21.6457640062317 0.989923310200557
21.6639401410387 0.98495967234011
21.6821162758457 0.979014205257714
21.7002924106528 0.972092835524257
21.7184685454598 0.964202462511611
21.7366446802668 0.955350951515194
21.7548208150739 0.945547125913667
21.7729969498809 0.934800758373598
21.7911730846879 0.92312256110786
21.809349219495 0.910524175197461
21.827525354302 0.897018158987462
21.845701489109 0.882617975568546
21.8638776239161 0.867337979356713
21.8820537587231 0.851193401784493
21.9002298935301 0.834200336117919
21.9184060283372 0.816375721414401
21.9365821631442 0.797737325637521
21.9547582979513 0.778303727945531
21.9729344327583 0.758094300171247
21.9911105675653 0.73712918751178
22.0092867023724 0.715429288447372
22.0274628371794 0.693016233909333
22.0456389719864 0.669912365717856
22.0638151067935 0.646140714311211
22.0819912416005 0.621724975788496
22.1001673764075 0.596689488288856
22.1183435112146 0.571059207730696
22.1365196460216 0.54485968293507
22.1546957808286 0.518117030158078
22.1728719156357 0.490857907057594
22.1910480504427 0.463109486120348
22.2092241852497 0.434899427575792
22.2274003200568 0.406255851823788
22.2455764548638 0.377207311403576
22.2637525896709 0.347782762531982
22.2819287244779 0.318011536239237
22.3001048592849 0.287923309131165
22.318280994092 0.257548073806896
22.336457128899 0.226916108961589
22.354633263706 0.196057949203976
22.3728093985131 0.165004354618797
22.3909855333201 0.133786280104478
22.4091616681271 0.102434844516611
22.4273378029342 0.0709812996480136
22.4455139377412 0.0394569990762501
22.4636900725482 0.00789336690971644
22.4818662073553 -0.0236781335366212
22.5000423421623 -0.0552260311045057
22.5182184769693 -0.0867188781635487
22.5363946117764 -0.118125281958905
22.5545707465834 -0.149413935904259
22.5727468813905 -0.1805536507889
22.5909230161975 -0.211513385867818
22.6090991510045 -0.242262279803782
22.6272752858116 -0.272769681430601
22.6454514206186 -0.303005180306871
22.6636275554256 -0.33293863702976
22.6818036902327 -0.362540213278624
22.6999798250397 -0.391780401558493
22.7181559598467 -0.420630054613784
22.7363320946538 -0.44906041448292
22.7545082294608 -0.47704314116489
22.7726843642678 -0.504550340869178
22.7908604990749 -0.531554593820901
22.8090366338819 -0.55802898159344
22.8272127686889 -0.583947113941307
22.845388903496 -0.609283155106517
22.863565038303 -0.63401184957224
22.8817411731101 -0.658108547238038
22.8999173079171 -0.681549227991635
22.9180934427241 -0.704310525652673
22.9362695775312 -0.726369751264641
22.9544457123382 -0.74770491571171
22.9726218471452 -0.768294751637972
22.9907979819523 -0.788118734647194
23.0089741167593 -0.807157103761987
23.0271502515663 -0.825390881121978
23.0453263863734 -0.842801890901352
23.0635025211804 -0.859372777426913
23.0816786559874 -0.875087022478595
23.0998547907945 -0.889928961755179
23.1180309256015 -0.903883800488822
23.1362070604085 -0.916937628192787
23.1543831952156 -0.929077432527729
23.1725593300226 -0.940291112272675
23.1907354648296 -0.950567489387782
23.2089115996367 -0.959896320156856
23.2270877344437 -0.968268305398507
23.2452638692508 -0.975675099735773
23.2634400040578 -0.98210931991498
23.2816161388648 -0.987564552165524
23.2997922736719 -0.992035358593258
23.3179684084789 -0.995517282601106
23.3361445432859 -0.998006853331493
23.354320678093 -0.999501589126174
23.3724968129 -1
23.3907254721317 -0.999501589126174
23.4089541313633 -0.998006853331493
23.427182790595 -0.995517282601106
23.4454114498266 -0.992035358593258
23.4636401090583 -0.987564552165523
23.4818687682899 -0.98210931991498
23.5000974275216 -0.975675099735773
23.5183260867533 -0.968268305398507
23.5365547459849 -0.959896320156856
23.5547834052166 -0.950567489387783
23.5730120644482 -0.940291112272675
23.5912407236799 -0.929077432527731
23.6094693829116 -0.916937628192788
23.6276980421432 -0.903883800488824
23.6459267013749 -0.889928961755179
23.6641553606065 -0.875087022478594
23.6823840198382 -0.859372777426911
23.7006126790698 -0.842801890901351
23.7188413383015 -0.825390881121975
23.7370699975332 -0.807157103761986
23.7552986567648 -0.788118734647191
23.7735273159965 -0.768294751637971
23.7917559752281 -0.747704915711707
23.8099846344598 -0.72636975126464
23.8282132936915 -0.70431052565267
23.8464419529231 -0.681549227991634
23.8646706121548 -0.658108547238036
23.8828992713864 -0.634011849572239
23.9011279306181 -0.609283155106515
23.9193565898497 -0.583947113941307
23.9375852490814 -0.558028981593438
23.9558139083131 -0.531554593820902
23.9740425675447 -0.504550340869175
23.9922712267764 -0.47704314116489
24.010499886008 -0.449060414482918
24.0287285452397 -0.420630054613785
24.0469572044714 -0.391780401558491
24.065185863703 -0.362540213278625
24.0834145229347 -0.332938637029759
24.1016431821663 -0.303005180306873
24.119871841398 -0.272769681430601
24.1381005006296 -0.242262279803784
24.1563291598613 -0.211513385867817
24.174557819093 -0.180553650788903
24.1927864783246 -0.149413935904259
24.2110151375563 -0.118125281958909
24.2292437967879 -0.0867188781635485
24.2474724560196 -0.0552260311045088
24.2657011152513 -0.0236781335366219
24.2839297744829 0.00789336690971242
24.3021584337146 0.0394569990762549
24.3203870929462 0.0709812996480151
24.3386157521779 0.102434844516615
24.3568444114095 0.133786280104478
24.3750730706412 0.165004354618802
24.3933017298729 0.196057949203977
24.4115303891045 0.226916108961592
24.4297590483362 0.257548073806896
24.4479877075678 0.287923309131169
24.4662163667995 0.318011536239237
24.4844450260312 0.347782762531984
24.5026736852628 0.377207311403575
24.5209023444945 0.406255851823791
24.5391310037261 0.434899427575792
24.5573596629578 0.46310948612035
24.5755883221894 0.490857907057593
24.5938169814211 0.518117030158079
24.6120456406528 0.544859682935069
24.6302742998844 0.571059207730697
24.6485029591161 0.596689488288855
24.6667316183477 0.621724975788497
24.6849602775794 0.646140714311209
24.7031889368111 0.669912365717857
24.7214175960427 0.693016233909331
24.7396462552744 0.715429288447373
24.757874914506 0.737129187511778
24.7761035737377 0.758094300171247
24.7943322329693 0.778303727945529
24.812560892201 0.79773732563752
24.8307895514327 0.816375721414398
24.8490182106643 0.834200336117918
24.867246869896 0.851193401784494
24.8854755291276 0.867337979356715
24.9037041883593 0.882617975568546
24.921932847591 0.897018158987464
24.9401615068226 0.910524175197462
24.9583901660543 0.923122561107861
24.9766188252859 0.934800758373598
24.9948474845176 0.945547125913668
25.0130761437492 0.955350951515194
25.0313048029809 0.964202462511612
25.0495334622126 0.972092835524257
25.0677621214442 0.979014205257715
25.0859907806759 0.98495967234011
25.1042194399075 0.989923310200557
25.1224480991392 0.993900170976888
25.1406767583709 0.996886290447793
25.1589054176025 0.998878691984444
25.1771340768342 0.999875389517657
25.1953627360658 0.999875389517657
25.2135913952975 0.998878691984444
25.2318200545291 0.996886290447793
25.2500487137608 0.993900170976888
25.2682773729925 0.989923310200557
25.2865060322241 0.98495967234011
25.3047346914558 0.979014205257715
25.3229633506874 0.972092835524257
25.3411920099191 0.964202462511612
25.3594206691508 0.955350951515194
25.3776493283824 0.945547125913668
25.3958779876141 0.934800758373598
25.4141066468457 0.923122561107861
25.4323353060774 0.910524175197462
25.450563965309 0.897018158987464
25.4687926245407 0.882617975568546
25.4870212837724 0.867337979356716
25.505249943004 0.851193401784494
25.5234786022357 0.834200336117919
25.5417072614673 0.816375721414398
25.559935920699 0.797737325637521
25.5781645799307 0.778303727945529
25.5963932391623 0.758094300171247
25.614621898394 0.737129187511778
25.6328505576256 0.715429288447373
25.6510792168573 0.693016233909331
25.6693078760889 0.669912365717857
25.6875365353206 0.646140714311209
25.7057651945523 0.621724975788497
25.7239938537839 0.596689488288855
25.7422225130156 0.571059207730696
25.7604511722472 0.54485968293507
25.7786798314789 0.518117030158079
25.7969084907106 0.490857907057593
25.8151371499422 0.46310948612035
25.8333658091739 0.434899427575792
25.8515944684055 0.406255851823791
25.8698231276372 0.377207311403576
25.8880517868688 0.347782762531985
25.9062804461005 0.318011536239237
25.9245091053322 0.287923309131168
25.9427377645638 0.257548073806896
25.9609664237955 0.226916108961593
25.9791950830271 0.196057949203977
25.9974237422588 0.165004354618795
26.0156524014905 0.133786280104478
26.0338810607221 0.102434844516616
26.0521097199538 0.0709812996480153
26.0703383791854 0.0394569990762554
26.0885670384171 0.00789336690971289
26.1067956976487 -0.0236781335366212
26.1250243568804 -0.0552260311045093
26.1432530161121 -0.0867188781635478
26.1614816753437 -0.118125281958908
26.1797103345754 -0.149413935904259
26.197938993807 -0.180553650788902
26.2161676530387 -0.211513385867822
26.2343963122704 -0.242262279803784
26.252624971502 -0.2727696814306
26.2708536307337 -0.303005180306873
26.2890822899653 -0.332938637029759
26.307310949197 -0.362540213278626
26.3255396084286 -0.39178040155849
26.3437682676603 -0.420630054613784
26.361996926892 -0.449060414482918
26.3802255861236 -0.47704314116489
26.3984542453553 -0.504550340869175
26.4166829045869 -0.531554593820902
26.4349115638186 -0.558028981593443
26.4531402230503 -0.583947113941307
26.4713688822819 -0.609283155106515
26.4895975415136 -0.634011849572239
26.5078262007452 -0.658108547238035
26.5260548599769 -0.681549227991634
26.5442835192085 -0.70431052565267
26.5625121784402 -0.726369751264639
26.5807408376719 -0.747704915711707
26.5989694969035 -0.768294751637971
26.6171981561352 -0.78811873464719
26.6354268153668 -0.807157103761985
26.6536554745985 -0.825390881121978
26.6718841338302 -0.84280189090135
26.6901127930618 -0.859372777426911
26.7083414522935 -0.875087022478594
26.7265701115251 -0.889928961755179
26.7447987707568 -0.903883800488824
26.7630274299884 -0.916937628192787
26.7812560892201 -0.929077432527731
26.7994847484518 -0.940291112272677
26.8177134076834 -0.950567489387783
26.8359420669151 -0.959896320156856
26.8541707261467 -0.968268305398507
26.8723993853784 -0.975675099735774
26.8906280446101 -0.98210931991498
26.9088567038417 -0.987564552165523
26.9270853630734 -0.992035358593258
26.945314022305 -0.995517282601106
26.9635426815367 -0.998006853331493
26.9817713407683 -0.999501589126174
27 -1
