0 -1
0.0175377522723618 -0.999501589126174
0.0350755045447236 -0.998006853331493
0.0526132568170854 -0.995517282601106
0.0701510090894472 -0.992035358593258
0.087688761361809 -0.987564552165524
0.105226513634171 -0.98210931991498
0.122764265906533 -0.975675099735774
0.140302018178894 -0.968268305398507
0.157839770451256 -0.959896320156857
0.175377522723618 -0.950567489387783
0.19291527499598 -0.940291112272676
0.210453027268342 -0.929077432527731
0.227990779540704 -0.916937628192789
0.245528531813065 -0.903883800488824
0.263066284085427 -0.88992896175518
0.280604036357789 -0.875087022478594
0.298141788630151 -0.859372777426912
0.315679540902513 -0.842801890901351
0.333217293174874 -0.825390881121976
0.350755045447236 -0.807157103761985
0.368292797719598 -0.788118734647192
0.38583054999196 -0.768294751637971
0.403368302264322 -0.747704915711709
0.420906054536683 -0.726369751264639
0.438443806809045 -0.704310525652672
0.455981559081407 -0.681549227991634
0.473519311353769 -0.658108547238038
0.491057063626131 -0.634011849572239
0.508594815898492 -0.609283155106517
0.526132568170854 -0.583947113941306
0.543670320443216 -0.55802898159344
0.561208072715578 -0.531554593820901
0.57874582498794 -0.504550340869177
0.596283577260301 -0.47704314116489
0.613821329532663 -0.44906041448292
0.631359081805025 -0.420630054613784
0.648896834077387 -0.391780401558493
0.666434586349749 -0.362540213278625
0.68397233862211 -0.332938637029761
0.701510090894472 -0.303005180306873
0.719047843166834 -0.272769681430603
0.736585595439196 -0.242262279803783
0.754123347711558 -0.211513385867819
0.77166109998392 -0.180553650788902
0.789198852256281 -0.149413935904261
0.806736604528643 -0.118125281958908
0.824274356801005 -0.0867188781635509
0.841812109073367 -0.0552260311045082
0.859349861345729 -0.0236781335366241
0.87688761361809 0.00789336690971309
0.894425365890452 0.0394569990762525
0.911963118162814 0.0709812996480158
0.929500870435176 0.102434844516613
0.947038622707538 0.133786280104479
0.9645763749799 0.165004354618799
0.982114127252261 0.196057949203978
0.999651879524623 0.22691610896159
1.01718963179698 0.257548073806896
1.03472738406935 0.287923309131166
1.05226513634171 0.318011536239238
1.06980288861407 0.347782762531982
1.08734064088643 0.377207311403576
1.10487839315879 0.406255851823789
1.12241614543116 0.434899427575793
1.13995389770352 0.463109486120348
1.15749164997588 0.490857907057594
1.17502940224824 0.518117030158077
1.1925671545206 0.54485968293507
1.21010490679296 0.571059207730695
1.22764265906533 0.596689488288856
1.24518041133769 0.621724975788495
1.26271816361005 0.64614071431121
1.28025591588241 0.669912365717855
1.29779366815477 0.693016233909332
1.31533142042714 0.715429288447371
1.3328691726995 0.737129187511779
1.35040692497186 0.758094300171245
1.36794467724422 0.77830372794553
1.38548242951658 0.797737325637519
1.40302018178894 0.816375721414399
1.42055793406131 0.834200336117917
1.43809568633367 0.851193401784495
1.45563343860603 0.867337979356715
1.47317119087839 0.882617975568547
1.49070894315075 0.897018158987463
1.50824669542312 0.910524175197462
1.52578444769548 0.923122561107861
1.54332219996784 0.934800758373598
1.5608599522402 0.945547125913667
1.57839770451256 0.955350951515195
1.59593545678492 0.964202462511612
1.61347320905729 0.972092835524257
1.63101096132965 0.979014205257714
1.64854871360201 0.98495967234011
1.66608646587437 0.989923310200557
1.68362421814673 0.993900170976888
1.7011619704191 0.996886290447793
1.71869972269146 0.998878691984444
1.73623747496382 0.999875389517657
1.75377522723618 0.999875389517657
1.77131297950854 0.998878691984444
1.7888507317809 0.996886290447793
1.80638848405327 0.993900170976888
1.82392623632563 0.989923310200557
1.84146398859799 0.984959672340111
1.85900174087035 0.979014205257715
1.87653949314271 0.972092835524257
1.89407724541508 0.964202462511612
1.91161499768744 0.955350951515195
1.9291527499598 0.945547125913667
1.94669050223216 0.934800758373598
1.96422825450452 0.923122561107861
1.98176600677688 0.910524175197462
1.99930375904925 0.897018158987464
2.01684151132161 0.882617975568547
2.03437926359397 0.867337979356715
2.05191701586633 0.851193401784495
2.06945476813869 0.834200336117918
2.08699252041106 0.816375721414399
2.10453027268342 0.797737325637519
2.12206802495578 0.77830372794553
2.13960577722814 0.758094300171246
2.1571435295005 0.737129187511779
2.17468128177286 0.715429288447371
2.19221903404523 0.693016233909332
2.20975678631759 0.669912365717855
2.22729453858995 0.646140714311209
2.24483229086231 0.621724975788495
2.26237004313467 0.596689488288856
2.27990779540704 0.571059207730695
2.2974455476794 0.54485968293507
2.31498329995176 0.518117030158078
2.33252105222412 0.490857907057594
2.35005880449648 0.463109486120348
2.36759655676884 0.434899427575793
2.38513430904121 0.40625585182379
2.40267206131357 0.377207311403576
2.42020981358593 0.347782762531982
2.43774756585829 0.318011536239238
2.45528531813065 0.287923309131167
2.47282307040301 0.257548073806897
2.49036082267538 0.22691610896159
2.50789857494774 0.196057949203978
2.5254363272201 0.165004354618799
2.54297407949246 0.133786280104479
2.56051183176482 0.102434844516614
2.57804958403719 0.0709812996480153
2.59558733630955 0.0394569990762527
2.61312508858191 0.00789336690971378
2.63066284085427 -0.023678133536623
2.64820059312663 -0.0552260311045084
2.66573834539899 -0.0867188781635505
2.68327609767136 -0.118125281958908
2.70081384994372 -0.14941393590426
2.71835160221608 -0.180553650788903
2.73588935448844 -0.211513385867818
2.7534271067608 -0.242262279803783
2.77096485903317 -0.272769681430603
2.78850261130553 -0.303005180306871
2.80604036357789 -0.332938637029761
2.82357811585025 -0.362540213278625
2.84111586812261 -0.391780401558493
2.85865362039497 -0.420630054613784
2.87619137266734 -0.449060414482921
2.8937291249397 -0.47704314116489
2.91126687721206 -0.504550340869177
2.92880462948442 -0.531554593820901
2.94634238175678 -0.55802898159344
2.96388013402915 -0.583947113941306
2.98141788630151 -0.609283155106516
2.99895563857387 -0.634011849572238
3.01649339084623 -0.658108547238038
3.03403114311859 -0.681549227991633
3.05156889539095 -0.704310525652672
3.06910664766332 -0.726369751264639
3.08664439993568 -0.747704915711709
3.10418215220804 -0.768294751637971
3.1217199044804 -0.788118734647193
3.13925765675276 -0.807157103761985
3.15679540902513 -0.825390881121976
3.17433316129749 -0.842801890901351
3.19187091356985 -0.859372777426911
3.20940866584221 -0.875087022478593
3.22694641811457 -0.88992896175518
3.24448417038693 -0.903883800488824
3.2620219226593 -0.916937628192789
3.27955967493166 -0.92907743252773
3.29709742720402 -0.940291112272675
3.31463517947638 -0.950567489387783
3.33217293174874 -0.959896320156857
3.34971068402111 -0.968268305398507
3.36724843629347 -0.975675099735774
3.38478618856583 -0.98210931991498
3.40232394083819 -0.987564552165524
3.41986169311055 -0.992035358593258
3.43739944538291 -0.995517282601106
3.45493719765528 -0.998006853331493
3.47247494992764 -0.999501589126174
3.4900127022 -1
3.49911402394623 -0.999501589126174
3.50821534569246 -0.998006853331493
3.51731666743869 -0.995517282601106
3.52641798918492 -0.992035358593258
3.53551931093116 -0.987564552165524
3.54462063267739 -0.98210931991498
3.55372195442362 -0.975675099735773
3.56282327616985 -0.968268305398507
3.57192459791608 -0.959896320156857
3.58102591966231 -0.950567489387783
3.59012724140854 -0.940291112272675
3.59922856315477 -0.92907743252773
3.60832988490101 -0.916937628192788
3.61743120664724 -0.903883800488824
3.62653252839347 -0.88992896175518
3.6356338501397 -0.875087022478594
3.64473517188593 -0.859372777426912
3.65383649363216 -0.84280189090135
3.66293781537839 -0.825390881121977
3.67203913712462 -0.807157103761985
3.68114045887085 -0.788118734647192
3.69024178061709 -0.768294751637971
3.69934310236332 -0.747704915711709
3.70844442410955 -0.72636975126464
3.71754574585578 -0.704310525652672
3.72664706760201 -0.681549227991634
3.73574838934824 -0.658108547238037
3.74484971109447 -0.634011849572238
3.7539510328407 -0.609283155106517
3.76305235458693 -0.583947113941307
3.77215367633317 -0.55802898159344
3.7812549980794 -0.531554593820901
3.79035631982563 -0.504550340869177
3.79945764157186 -0.47704314116489
3.80855896331809 -0.449060414482921
3.81766028506432 -0.420630054613785
3.82676160681055 -0.391780401558493
3.83586292855678 -0.362540213278624
3.84496425030301 -0.332938637029762
3.85406557204925 -0.303005180306873
3.86316689379548 -0.272769681430603
3.87226821554171 -0.242262279803783
3.88136953728794 -0.211513385867819
3.89047085903417 -0.180553650788902
3.8995721807804 -0.14941393590426
3.90867350252663 -0.118125281958908
3.91777482427286 -0.0867188781635509
3.9268761460191 -0.0552260311045079
3.93597746776533 -0.0236781335366237
3.94507878951156 0.00789336690971264
3.95418011125779 0.0394569990762525
3.96328143300402 0.0709812996480158
3.97238275475025 0.102434844516613
3.98148407649648 0.133786280104479
3.99058539824271 0.1650043546188
3.99968671998894 0.196057949203978
4.00878804173518 0.226916108961591
4.01788936348141 0.257548073806897
4.02699068522764 0.287923309131165
4.03609200697387 0.318011536239239
4.0451933287201 0.347782762531982
4.05429465046633 0.377207311403577
4.06339597221256 0.406255851823789
4.07249729395879 0.434899427575792
4.08159861570503 0.463109486120348
4.09069993745126 0.490857907057593
4.09980125919749 0.518117030158078
4.10890258094372 0.54485968293507
4.11800390268995 0.571059207730694
4.12710522443618 0.596689488288857
4.13620654618241 0.621724975788495
4.14530786792864 0.646140714311211
4.15440918967487 0.669912365717855
4.16351051142111 0.693016233909331
4.17261183316734 0.715429288447372
4.18171315491357 0.737129187511778
4.1908144766598 0.758094300171246
4.19991579840603 0.77830372794553
4.20901712015226 0.797737325637518
4.21811844189849 0.816375721414399
4.22721976364472 0.834200336117917
4.23632108539095 0.851193401784495
4.24542240713719 0.867337979356715
4.25452372888342 0.882617975568546
4.26362505062965 0.897018158987464
4.27272637237588 0.910524175197462
4.28182769412211 0.923122561107861
4.29092901586834 0.934800758373598
4.30003033761457 0.945547125913667
4.3091316593608 0.955350951515195
4.31823298110703 0.964202462511611
4.32733430285327 0.972092835524257
4.3364356245995 0.979014205257714
4.34553694634573 0.984959672340111
4.35463826809196 0.989923310200557
4.36373958983819 0.993900170976888
4.37284091158442 0.996886290447793
4.38194223333065 0.998878691984444
4.39104355507688 0.999875389517657
4.40014487682312 0.999875389517657
4.40924619856935 0.998878691984444
4.41834752031558 0.996886290447793
4.42744884206181 0.993900170976888
4.43655016380804 0.989923310200557
4.44565148555427 0.984959672340111
4.4547528073005 0.979014205257715
4.46385412904673 0.972092835524257
4.47295545079296 0.964202462511612
4.4820567725392 0.955350951515195
4.49115809428543 0.945547125913667
4.50025941603166 0.934800758373599
4.50936073777789 0.923122561107861
4.51846205952412 0.910524175197463
4.52756338127035 0.897018158987463
4.53666470301658 0.882617975568547
4.54576602476281 0.867337979356714
4.55486734650905 0.851193401784494
4.56396866825528 0.834200336117918
4.57306999000151 0.816375721414398
4.58217131174774 0.79773732563752
4.59127263349397 0.778303727945529
4.6003739552402 0.758094300171245
4.60947527698643 0.73712918751178
4.61857659873266 0.715429288447371
4.62767792047889 0.693016233909332
4.63677924222513 0.669912365717854
4.64588056397136 0.646140714311209
4.65498188571759 0.621724975788496
4.66408320746382 0.596689488288858
4.67318452921005 0.571059207730695
4.68228585095628 0.544859682935069
4.69138717270251 0.518117030158077
4.70048849444874 0.490857907057595
4.70958981619497 0.463109486120347
4.71869113794121 0.434899427575793
4.72779245968744 0.406255851823788
4.73689378143367 0.377207311403576
4.7459951031799 0.347782762531984
4.75509642492613 0.318011536239238
4.76419774667236 0.287923309131167
4.77329906841859 0.257548073806896
4.78240039016482 0.22691610896159
4.79150171191105 0.19605794920398
4.80060303365729 0.165004354618799
4.80970435540352 0.133786280104479
4.81880567714975 0.102434844516612
4.82790699889598 0.0709812996480162
4.83700832064221 0.0394569990762536
4.84610964238844 0.007893366909712
4.85521096413467 -0.023678133536623
4.8643122858809 -0.0552260311045093
4.87341360762714 -0.0867188781635514
4.88251492937337 -0.118125281958906
4.8916162511196 -0.149413935904261
4.90071757286583 -0.180553650788902
4.90981889461206 -0.211513385867819
4.91892021635829 -0.242262279803783
4.92802153810452 -0.272769681430601
4.93712285985075 -0.303005180306873
4.94622418159698 -0.33293863702976
4.95532550334322 -0.362540213278626
4.96442682508945 -0.391780401558493
4.97352814683568 -0.420630054613783
4.98262946858191 -0.449060414482921
4.99173079032814 -0.477043141164889
5.00083211207437 -0.504550340869178
5.0099334338206 -0.531554593820901
5.01903475556683 -0.558028981593439
5.02813607731307 -0.583947113941307
5.0372373990593 -0.609283155106518
5.04633872080553 -0.634011849572239
5.05544004255176 -0.658108547238037
5.06454136429799 -0.681549227991633
5.07364268604422 -0.704310525652672
5.08274400779045 -0.726369751264639
5.09184532953668 -0.74770491571171
5.10094665128291 -0.76829475163797
5.11004797302915 -0.788118734647191
5.11914929477538 -0.807157103761986
5.12825061652161 -0.825390881121977
5.13735193826784 -0.842801890901351
5.14645326001407 -0.859372777426912
5.1555545817603 -0.875087022478592
5.16465590350653 -0.88992896175518
5.17375722525276 -0.903883800488823
5.18285854699899 -0.916937628192789
5.19195986874523 -0.92907743252773
5.20106119049146 -0.940291112272676
5.21016251223769 -0.950567489387783
5.21926383398392 -0.959896320156857
5.22836515573015 -0.968268305398507
5.23746647747638 -0.975675099735774
5.24656779922261 -0.98210931991498
5.25566912096884 -0.987564552165524
5.26477044271508 -0.992035358593258
5.27387176446131 -0.995517282601106
5.28297308620754 -0.998006853331493
5.29207440795377 -0.999501589126174
5.3011757297 -1
5.31821192916281 -0.999501589126174
5.33524812862563 -0.998006853331493
5.35228432808844 -0.995517282601106
5.36932052755126 -0.992035358593258
5.38635672701407 -0.987564552165524
5.40339292647688 -0.982109319914981
5.4204291259397 -0.975675099735774
5.43746532540251 -0.968268305398507
5.45450152486533 -0.959896320156857
5.47153772432814 -0.950567489387783
5.48857392379095 -0.940291112272676
5.50561012325377 -0.92907743252773
5.52264632271658 -0.916937628192789
5.5396825221794 -0.903883800488824
5.55671872164221 -0.88992896175518
5.57375492110503 -0.875087022478593
5.59079112056784 -0.859372777426912
5.60782732003065 -0.842801890901351
5.62486351949347 -0.825390881121976
5.64189971895628 -0.807157103761985
5.6589359184191 -0.788118734647193
5.67597211788191 -0.768294751637971
5.69300831734472 -0.747704915711709
5.71004451680754 -0.72636975126464
5.72708071627035 -0.704310525652672
5.74411691573317 -0.681549227991634
5.76115311519598 -0.658108547238037
5.77818931465879 -0.634011849572239
5.79522551412161 -0.609283155106517
5.81226171358442 -0.583947113941306
5.82929791304724 -0.55802898159344
5.84633411251005 -0.531554593820902
5.86337031197286 -0.504550340869177
5.88040651143568 -0.477043141164889
5.89744271089849 -0.449060414482921
5.91447891036131 -0.420630054613785
5.93151510982412 -0.391780401558493
5.94855130928693 -0.362540213278624
5.96558750874975 -0.332938637029762
5.98262370821256 -0.303005180306873
5.99965990767538 -0.272769681430603
6.01669610713819 -0.242262279803783
6.033732306601 -0.21151338586782
6.05076850606382 -0.180553650788902
6.06780470552663 -0.14941393590426
6.08484090498945 -0.118125281958909
6.10187710445226 -0.0867188781635512
6.11891330391508 -0.0552260311045082
6.13594950337789 -0.0236781335366237
6.1529857028407 0.00789336690971242
6.17002190230352 0.0394569990762525
6.18705810176633 0.070981299648016
6.20409430122915 0.102434844516614
6.22113050069196 0.133786280104479
6.23816670015477 0.165004354618799
6.25520289961759 0.196057949203978
6.2722390990804 0.226916108961589
6.28927529854322 0.257548073806896
6.30631149800603 0.287923309131166
6.32334769746884 0.318011536239239
6.34038389693166 0.347782762531982
6.35742009639447 0.377207311403576
6.37445629585729 0.406255851823789
6.3914924953201 0.434899427575793
6.40852869478291 0.463109486120347
6.42556489424573 0.490857907057594
6.44260109370854 0.518117030158078
6.45963729317136 0.54485968293507
6.47667349263417 0.571059207730694
6.49370969209699 0.596689488288856
6.5107458915598 0.621724975788495
6.52778209102261 0.646140714311211
6.54481829048543 0.669912365717855
6.56185448994824 0.693016233909332
6.57889068941106 0.715429288447372
6.59592688887387 0.737129187511778
6.61296308833668 0.758094300171245
6.6299992877995 0.77830372794553
6.64703548726231 0.797737325637519
6.66407168672513 0.816375721414399
6.68110788618794 0.834200336117917
6.69814408565075 0.851193401784495
6.71518028511357 0.867337979356715
6.73221648457638 0.882617975568547
6.7492526840392 0.897018158987464
6.76628888350201 0.910524175197462
6.78332508296482 0.923122561107861
6.80036128242764 0.934800758373598
6.81739748189045 0.945547125913667
6.83443368135327 0.955350951515195
6.85146988081608 0.964202462511611
6.86850608027889 0.972092835524257
6.88554227974171 0.979014205257715
6.90257847920452 0.984959672340111
6.91961467866734 0.989923310200557
6.93665087813015 0.993900170976888
6.95368707759297 0.996886290447793
6.97072327705578 0.998878691984444
6.98775947651859 0.999875389517657
7.00479567598141 0.999875389517657
7.02183187544422 0.998878691984444
7.03886807490704 0.996886290447793
7.05590427436985 0.993900170976888
7.07294047383266 0.989923310200557
7.08997667329548 0.98495967234011
7.10701287275829 0.979014205257715
7.12404907222111 0.972092835524257
7.14108527168392 0.964202462511612
7.15812147114673 0.955350951515195
7.17515767060955 0.945547125913667
7.19219387007236 0.934800758373598
7.20923006953518 0.923122561107861
7.22626626899799 0.910524175197462
7.2433024684608 0.897018158987464
7.26033866792362 0.882617975568547
7.27737486738643 0.867337979356714
7.29441106684925 0.851193401784495
7.31144726631206 0.834200336117918
7.32848346577487 0.816375721414399
7.34551966523769 0.79773732563752
7.3625558647005 0.77830372794553
7.37959206416332 0.758094300171246
7.39662826362613 0.73712918751178
7.41366446308895 0.715429288447371
7.43070066255176 0.693016233909332
7.44773686201457 0.669912365717855
7.46477306147739 0.646140714311209
7.4818092609402 0.621724975788495
7.49884546040302 0.596689488288856
7.51588165986583 0.571059207730695
7.53291785932864 0.544859682935071
7.54995405879146 0.518117030158076
7.56699025825427 0.490857907057594
7.58402645771709 0.463109486120348
7.6010626571799 0.434899427575792
7.61809885664271 0.40625585182379
7.63513505610553 0.377207311403576
7.65217125556834 0.347782762531982
7.66920745503116 0.318011536239239
7.68624365449397 0.287923309131167
7.70327985395678 0.257548073806896
7.7203160534196 0.226916108961591
7.73735225288241 0.196057949203978
7.75438845234523 0.165004354618799
7.77142465180804 0.13378628010448
7.78846085127086 0.102434844516612
7.80549705073367 0.0709812996480162
7.82253325019648 0.0394569990762545
7.8395694496593 0.00789336690971289
7.85660564912211 -0.023678133536623
7.87364184858493 -0.0552260311045075
7.89067804804774 -0.0867188781635514
7.90771424751055 -0.118125281958906
7.92475044697337 -0.14941393590426
7.94178664643618 -0.180553650788902
7.95882284589899 -0.211513385867818
7.97585904536181 -0.242262279803784
7.99289524482462 -0.272769681430602
8.00993144428744 -0.303005180306875
8.02696764375025 -0.332938637029761
8.04400384321307 -0.362540213278624
8.06104004267588 -0.391780401558495
8.07807624213869 -0.420630054613784
8.09511244160151 -0.44906041448292
8.11214864106432 -0.47704314116489
8.12918484052714 -0.504550340869178
8.14622103998995 -0.531554593820901
8.16325723945276 -0.55802898159344
8.18029343891558 -0.583947113941306
8.19732963837839 -0.609283155106515
8.21436583784121 -0.63401184957224
8.23140203730402 -0.658108547238037
8.24843823676683 -0.681549227991632
8.26547443622965 -0.704310525652672
8.28251063569246 -0.726369751264639
8.29954683515528 -0.747704915711707
8.31658303461809 -0.768294751637971
8.33361923408091 -0.788118734647194
8.35065543354372 -0.807157103761986
8.36769163300653 -0.825390881121976
8.38472783246935 -0.842801890901352
8.40176403193216 -0.859372777426912
8.41880023139498 -0.875087022478593
8.43583643085779 -0.889928961755181
8.4528726303206 -0.903883800488824
8.46990882978342 -0.916937628192788
8.48694502924623 -0.929077432527731
8.50398122870905 -0.940291112272675
8.52101742817186 -0.950567489387782
8.53805362763467 -0.959896320156857
8.55508982709749 -0.968268305398507
8.5721260265603 -0.975675099735773
8.58916222602312 -0.98210931991498
8.60619842548593 -0.987564552165524
8.62323462494875 -0.992035358593258
8.64027082441156 -0.995517282601106
8.65730702387437 -0.998006853331493
8.67434322333719 -0.999501589126174
8.6913794228 -1
8.70833107218543 -0.999501589126174
8.72528272157085 -0.998006853331493
8.74223437095628 -0.995517282601106
8.75918602034171 -0.992035358593258
8.77613766972714 -0.987564552165524
8.79308931911256 -0.98210931991498
8.81004096849799 -0.975675099735774
8.82699261788342 -0.968268305398507
8.84394426726885 -0.959896320156857
8.86089591665427 -0.950567489387783
8.8778475660397 -0.940291112272675
8.89479921542513 -0.929077432527731
8.91175086481055 -0.916937628192789
8.92870251419598 -0.903883800488823
8.94565416358141 -0.889928961755181
8.96260581296684 -0.875087022478593
8.97955746235226 -0.859372777426913
8.99650911173769 -0.842801890901351
9.01346076112312 -0.825390881121976
9.03041241050854 -0.807157103761986
9.04736405989397 -0.788118734647192
9.0643157092794 -0.76829475163797
9.08126735866482 -0.74770491571171
9.09821900805025 -0.726369751264639
9.11517065743568 -0.704310525652673
9.13212230682111 -0.681549227991634
9.14907395620653 -0.658108547238037
9.16602560559196 -0.634011849572239
9.18297725497739 -0.609283155106517
9.19992890436282 -0.583947113941305
9.21688055374824 -0.558028981593441
9.23383220313367 -0.531554593820901
9.2507838525191 -0.504550340869179
9.26773550190452 -0.47704314116489
9.28468715128995 -0.449060414482919
9.30163880067538 -0.420630054613785
9.3185904500608 -0.391780401558493
9.33554209944623 -0.362540213278623
9.35249374883166 -0.332938637029761
9.36944539821709 -0.303005180306872
9.38639704760251 -0.272769681430604
9.40334869698794 -0.242262279803783
9.42030034637337 -0.211513385867818
9.43725199575879 -0.180553650788903
9.45420364514422 -0.14941393590426
9.47115529452965 -0.11812528195891
9.48810694391508 -0.0867188781635509
9.5050585933005 -0.0552260311045071
9.52201024268593 -0.023678133536625
9.53896189207136 0.00789336690971331
9.55591354145679 0.0394569990762545
9.57286519084221 0.0709812996480153
9.58981684022764 0.102434844516614
9.60676848961307 0.133786280104478
9.62372013899849 0.165004354618799
9.64067178838392 0.196057949203979
9.65762343776935 0.226916108961589
9.67457508715477 0.257548073806897
9.6915267365402 0.287923309131165
9.70847838592563 0.318011536239238
9.72543003531106 0.347782762531983
9.74238168469648 0.377207311403575
9.75933333408191 0.406255851823789
9.77628498346734 0.434899427575794
9.79323663285276 0.463109486120347
9.81018828223819 0.490857907057594
9.82713993162362 0.518117030158076
9.84409158100905 0.54485968293507
9.86104323039447 0.571059207730696
9.8779948797799 0.596689488288855
9.89494652916533 0.621724975788495
9.91189817855075 0.646140714311209
9.92884982793618 0.669912365717855
9.94580147732161 0.693016233909332
9.96275312670704 0.71542928844737
9.97970477609246 0.737129187511779
9.99665642547789 0.758094300171246
10.0136080748633 0.778303727945529
10.0305597242487 0.79773732563752
10.0475113736342 0.8163757214144
10.0644630230196 0.834200336117917
10.081414672405 0.851193401784495
10.0983663217905 0.867337979356714
10.1153179711759 0.882617975568547
10.1322696205613 0.897018158987463
10.1492212699467 0.910524175197462
10.1661729193322 0.923122561107861
10.1831245687176 0.934800758373598
10.200076218103 0.945547125913667
10.2170278674884 0.955350951515195
10.2339795168739 0.964202462511611
10.2509311662593 0.972092835524257
10.2678828156447 0.979014205257715
10.2848344650302 0.98495967234011
10.3017861144156 0.989923310200557
10.318737763801 0.993900170976888
10.3356894131864 0.996886290447793
10.3526410625719 0.998878691984443
10.3695927119573 0.999875389517657
10.3865443613427 0.999875389517657
10.4034960107281 0.998878691984444
10.4204476601136 0.996886290447793
10.437399309499 0.993900170976888
10.4543509588844 0.989923310200557
10.4713026082699 0.98495967234011
10.4882542576553 0.979014205257714
10.5052059070407 0.972092835524257
10.5221575564261 0.964202462511612
10.5391092058116 0.955350951515195
10.556060855197 0.945547125913667
10.5730125045824 0.934800758373598
10.5899641539678 0.923122561107861
10.6069158033533 0.910524175197462
10.6238674527387 0.897018158987464
10.6408191021241 0.882617975568547
10.6577707515095 0.867337979356714
10.674722400895 0.851193401784495
10.6916740502804 0.834200336117917
10.7086256996658 0.816375721414398
10.7255773490513 0.79773732563752
10.7425289984367 0.77830372794553
10.7594806478221 0.758094300171244
10.7764322972075 0.737129187511779
10.793383946593 0.715429288447373
10.8103355959784 0.693016233909333
10.8272872453638 0.669912365717855
10.8442388947492 0.646140714311211
10.8611905441347 0.621724975788496
10.8781421935201 0.596689488288855
10.8950938429055 0.571059207730696
10.912045492291 0.54485968293507
10.9289971416764 0.518117030158076
10.9459487910618 0.490857907057595
10.9629004404472 0.463109486120348
10.9798520898327 0.434899427575792
10.9968037392181 0.40625585182379
11.0137553886035 0.377207311403579
11.0307070379889 0.347782762531983
11.0476586873744 0.318011536239238
11.0646103367598 0.287923309131168
11.0815619861452 0.257548073806897
11.0985136355307 0.22691610896159
11.1154652849161 0.19605794920398
11.1324169343015 0.1650043546188
11.1493685836869 0.133786280104478
11.1663202330724 0.102434844516614
11.1832718824578 0.0709812996480153
11.2002235318432 0.0394569990762509
11.2171751812286 0.00789336690971378
11.2341268306141 -0.0236781335366247
11.2510784799995 -0.0552260311045101
11.2680301293849 -0.0867188781635505
11.2849817787704 -0.118125281958906
11.3019334281558 -0.14941393590426
11.3188850775412 -0.180553650788902
11.3358367269266 -0.211513385867818
11.3527883763121 -0.242262279803783
11.3697400256975 -0.272769681430604
11.3866916750829 -0.303005180306871
11.4036433244683 -0.332938637029761
11.4205949738538 -0.362540213278626
11.4375466232392 -0.391780401558493
11.4544982726246 -0.420630054613784
11.4714499220101 -0.449060414482921
11.4884015713955 -0.47704314116489
11.5053532207809 -0.504550340869178
11.5223048701663 -0.531554593820901
11.5392565195518 -0.55802898159344
11.5562081689372 -0.583947113941305
11.5731598183226 -0.609283155106516
11.590111467708 -0.634011849572239
11.6070631170935 -0.658108547238037
11.6240147664789 -0.681549227991634
11.6409664158643 -0.704310525652672
11.6579180652497 -0.726369751264639
11.6748697146352 -0.747704915711709
11.6918213640206 -0.768294751637972
11.708773013406 -0.788118734647192
11.7257246627915 -0.807157103761984
11.7426763121769 -0.825390881121976
11.7596279615623 -0.842801890901351
11.7765796109477 -0.859372777426911
11.7935312603332 -0.875087022478593
11.8104829097186 -0.889928961755181
11.827434559104 -0.903883800488823
11.8443862084894 -0.916937628192789
11.8613378578749 -0.929077432527731
11.8782895072603 -0.940291112272675
11.8952411566457 -0.950567489387783
11.9121928060312 -0.959896320156857
11.9291444554166 -0.968268305398507
11.946096104802 -0.975675099735774
11.9630477541874 -0.98210931991498
11.9799994035729 -0.987564552165524
11.9969510529583 -0.992035358593258
12.0139027023437 -0.995517282601106
12.0308543517291 -0.998006853331493
12.0478060011146 -0.999501589126174
12.0647576505 -1
12.0702599319151 -0.999501589126174
12.0757622133302 -0.998006853331494
12.0812644947452 -0.995517282601106
12.0867667761603 -0.992035358593257
12.0922690575754 -0.987564552165524
12.0977713389905 -0.98210931991498
12.1032736204055 -0.975675099735775
12.1087759018206 -0.968268305398507
12.1142781832357 -0.959896320156856
12.1197804646508 -0.950567489387784
12.1252827460658 -0.940291112272675
12.1307850274809 -0.929077432527729
12.136287308896 -0.91693762819279
12.1417895903111 -0.903883800488823
12.1472918717261 -0.889928961755183
12.1527941531412 -0.875087022478594
12.1582964345563 -0.859372777426911
12.1637987159714 -0.842801890901353
12.1693009973864 -0.825390881121976
12.1748032788015 -0.807157103761983
12.1803055602166 -0.788118734647194
12.1858078416317 -0.76829475163797
12.1913101230467 -0.747704915711706
12.1968124044618 -0.726369751264641
12.2023146858769 -0.704310525652671
12.207816967292 -0.681549227991637
12.213319248707 -0.658108547238038
12.2188215301221 -0.634011849572237
12.2243238115372 -0.60928315510652
12.2298260929523 -0.583947113941306
12.2353283743673 -0.558028981593437
12.2408306557824 -0.531554593820904
12.2463329371975 -0.504550340869177
12.2518352186126 -0.477043141164885
12.2573375000276 -0.449060414482922
12.2628397814427 -0.420630054613782
12.2683420628578 -0.391780401558497
12.2738443442729 -0.362540213278625
12.2793466256879 -0.332938637029758
12.284848907103 -0.303005180306876
12.2903511885181 -0.272769681430603
12.2958534699332 -0.242262279803779
12.3013557513482 -0.211513385867821
12.3068580327633 -0.180553650788901
12.3123603141784 -0.149413935904266
12.3178625955935 -0.118125281958909
12.3233648770085 -0.0867188781635485
12.3288671584236 -0.0552260311045122
12.3343694398387 -0.0236781335366243
12.3398717212538 0.00789336690971664
12.3453740026688 0.0394569990762496
12.3508762840839 0.0709812996480167
12.356378565499 0.102434844516618
12.3618808469141 0.133786280104477
12.3673831283291 0.165004354618801
12.3728854097442 0.196057949203973
12.3783876911593 0.226916108961589
12.3838899725744 0.257548073806899
12.3893922539894 0.287923309131163
12.3948945354045 0.318011536239238
12.4003968168196 0.347782762531986
12.4058990982347 0.377207311403574
12.4114013796497 0.40625585182379
12.4169036610648 0.434899427575797
12.4224059424799 0.463109486120346
12.427908223895 0.490857907057595
12.4334105053101 0.518117030158073
12.4389127867251 0.54485968293507
12.4444150681402 0.571059207730697
12.4499173495553 0.596689488288853
12.4554196309704 0.621724975788496
12.4609219123854 0.646140714311213
12.4664241938005 0.669912365717854
12.4719264752156 0.693016233909333
12.4774287566307 0.715429288447375
12.4829310380457 0.737129187511778
12.4884333194608 0.758094300171247
12.4939356008759 0.778303727945527
12.499437882291 0.797737325637519
12.504940163706 0.816375721414401
12.5104424451211 0.834200336117916
12.5159447265362 0.851193401784495
12.5214470079513 0.867337979356717
12.5269492893663 0.882617975568546
12.5324515707814 0.897018158987464
12.5379538521965 0.91052417519746
12.5434561336116 0.92312256110786
12.5489584150266 0.934800758373599
12.5544606964417 0.945547125913666
12.5599629778568 0.955350951515195
12.5654652592719 0.964202462511613
12.5709675406869 0.972092835524256
12.576469822102 0.979014205257715
12.5819721035171 0.98495967234011
12.5874743849322 0.989923310200557
12.5929766663472 0.993900170976888
12.5984789477623 0.996886290447793
12.6039812291774 0.998878691984444
12.6094835105925 0.999875389517657
12.6149857920075 0.999875389517657
12.6204880734226 0.998878691984444
12.6259903548377 0.996886290447793
12.6314926362528 0.993900170976888
12.6369949176678 0.989923310200557
12.6424971990829 0.984959672340111
12.647999480498 0.979014205257715
12.6535017619131 0.972092835524257
12.6590040433281 0.964202462511613
12.6645063247432 0.955350951515195
12.6700086061583 0.945547125913666
12.6755108875734 0.934800758373599
12.6810131689884 0.92312256110786
12.6865154504035 0.91052417519746
12.6920177318186 0.897018158987464
12.6975200132337 0.882617975568546
12.7030222946487 0.867337979356717
12.7085245760638 0.851193401784495
12.7140268574789 0.834200336117916
12.719529138894 0.816375721414401
12.725031420309 0.797737325637519
12.7305337017241 0.778303727945527
12.7360359831392 0.758094300171247
12.7415382645543 0.737129187511778
12.7470405459693 0.715429288447368
12.7525428273844 0.693016233909333
12.7580451087995 0.669912365717854
12.7635473902146 0.646140714311213
12.7690496716296 0.621724975788496
12.7745519530447 0.596689488288853
12.7800542344598 0.571059207730698
12.7855565158749 0.54485968293507
12.79105879729 0.518117030158074
12.796561078705 0.490857907057595
12.8020633601201 0.463109486120347
12.8075656415352 0.434899427575788
12.8130679229503 0.40625585182379
12.8185702043653 0.377207311403574
12.8240724857804 0.347782762531986
12.8295747671955 0.318011536239239
12.8350770486106 0.287923309131162
12.8405793300256 0.2575480738069
12.8460816114407 0.226916108961589
12.8515838928558 0.196057949203974
12.8570861742709 0.165004354618801
12.8625884556859 0.133786280104478
12.868090737101 0.102434844516618
12.8735930185161 0.0709812996480171
12.8790952999312 0.0394569990762501
12.8845975813462 0.00789336690971733
12.8900998627613 -0.0236781335366239
12.8956021441764 -0.0552260311045119
12.9011044255915 -0.0867188781635478
12.9066067070065 -0.11812528195891
12.9121089884216 -0.149413935904255
12.9176112698367 -0.180553650788901
12.9231135512518 -0.211513385867821
12.9286158326668 -0.242262279803779
12.9341181140819 -0.272769681430602
12.939620395497 -0.303005180306876
12.9451226769121 -0.332938637029758
12.9506249583271 -0.362540213278625
12.9561272397422 -0.391780401558497
12.9616295211573 -0.420630054613782
12.9671318025724 -0.449060414482921
12.9726340839874 -0.477043141164885
12.9781363654025 -0.504550340869177
12.9836386468176 -0.531554593820904
12.9891409282327 -0.558028981593437
12.9946432096477 -0.583947113941306
13.0001454910628 -0.609283155106519
13.0056477724779 -0.634011849572236
13.011150053893 -0.658108547238038
13.016652335308 -0.681549227991637
13.0221546167231 -0.704310525652671
13.0276568981382 -0.726369751264641
13.0331591795533 -0.747704915711706
13.0386614609683 -0.768294751637971
13.0441637423834 -0.788118734647194
13.0496660237985 -0.807157103761984
13.0551683052136 -0.825390881121976
13.0606705866286 -0.842801890901353
13.0661728680437 -0.859372777426911
13.0716751494588 -0.875087022478594
13.0771774308739 -0.889928961755183
13.0826797122889 -0.903883800488823
13.088181993704 -0.91693762819279
13.0936842751191 -0.929077432527729
13.0991865565342 -0.940291112272675
13.1046888379492 -0.950567489387784
13.1101911193643 -0.959896320156856
13.1156934007794 -0.968268305398507
13.1211956821945 -0.975675099735775
13.1266979636095 -0.98210931991498
13.1322002450246 -0.987564552165524
13.1377025264397 -0.992035358593259
13.1432048078548 -0.995517282601106
13.1487070892699 -0.998006853331494
13.1542093706849 -0.999501589126174
13.1597116521 -1
13.1748350947085 -0.999501589126174
13.1899585373171 -0.998006853331493
13.2050819799256 -0.995517282601106
13.2202054225342 -0.992035358593258
13.2353288651427 -0.987564552165524
13.2504523077513 -0.98210931991498
13.2655757503598 -0.975675099735774
13.2806991929683 -0.968268305398507
13.2958226355769 -0.959896320156857
13.3109460781854 -0.950567489387783
13.326069520794 -0.940291112272676
13.3411929634025 -0.929077432527731
13.3563164060111 -0.916937628192789
13.3714398486196 -0.903883800488824
13.3865632912281 -0.88992896175518
13.4016867338367 -0.875087022478594
13.4168101764452 -0.859372777426912
13.4319336190538 -0.842801890901351
13.4470570616623 -0.825390881121976
13.4621805042709 -0.807157103761986
13.4773039468794 -0.788118734647193
13.4924273894879 -0.768294751637971
13.5075508320965 -0.747704915711709
13.522674274705 -0.72636975126464
13.5377977173136 -0.704310525652672
13.5529211599221 -0.681549227991634
13.5680446025307 -0.658108547238038
13.5831680451392 -0.634011849572239
13.5982914877477 -0.609283155106517
13.6134149303563 -0.583947113941307
13.6285383729648 -0.558028981593441
13.6436618155734 -0.531554593820902
13.6587852581819 -0.504550340869178
13.6739087007905 -0.47704314116489
13.689032143399 -0.449060414482921
13.7041555860075 -0.420630054613785
13.7192790286161 -0.391780401558494
13.7344024712246 -0.362540213278625
13.7495259138332 -0.332938637029762
13.7646493564417 -0.303005180306873
13.7797727990503 -0.272769681430604
13.7948962416588 -0.242262279803784
13.8100196842673 -0.21151338586782
13.8251431268759 -0.180553650788903
13.8402665694844 -0.149413935904262
13.855390012093 -0.118125281958909
13.8705134547015 -0.0867188781635518
13.8856368973101 -0.0552260311045093
13.9007603399186 -0.0236781335366248
13.9158837825271 0.0078933669097122
13.9310072251357 0.0394569990762516
13.9461306677442 0.0709812996480147
13.9612541103528 0.102434844516612
13.9763775529613 0.133786280104478
13.9915009955698 0.165004354618798
14.0066244381784 0.196057949203977
14.0217478807869 0.226916108961589
14.0368713233955 0.257548073806896
14.051994766004 0.287923309131165
14.0671182086126 0.318011536239237
14.0822416512211 0.347782762531981
14.0973650938296 0.377207311403575
14.1124885364382 0.406255851823788
14.1276119790467 0.434899427575792
14.1427354216553 0.463109486120347
14.1578588642638 0.490857907057592
14.1729823068724 0.518117030158076
14.1881057494809 0.544859682935069
14.2032291920894 0.571059207730694
14.218352634698 0.596689488288855
14.2334760773065 0.621724975788494
14.2485995199151 0.646140714311209
14.2637229625236 0.669912365717854
14.2788464051322 0.693016233909331
14.2939698477407 0.71542928844737
14.3090932903492 0.737129187511778
14.3242167329578 0.758094300171244
14.3393401755663 0.778303727945529
14.3544636181749 0.797737325637518
14.3695870607834 0.816375721414398
14.384710503392 0.834200336117919
14.3998339460005 0.851193401784494
14.414957388609 0.867337979356714
14.4300808312176 0.882617975568546
14.4452042738261 0.897018158987464
14.4603277164347 0.910524175197461
14.4754511590432 0.92312256110786
14.4905746016518 0.934800758373598
14.5056980442603 0.945547125913668
14.5208214868688 0.955350951515194
14.5359449294774 0.964202462511611
14.5510683720859 0.972092835524257
14.5661918146945 0.979014205257715
14.581315257303 0.98495967234011
14.5964386999116 0.989923310200557
14.6115621425201 0.993900170976888
14.6266855851286 0.996886290447793
14.6418090277372 0.998878691984444
14.6569324703457 0.999875389517657
14.6720559129543 0.999875389517657
14.6871793555628 0.998878691984444
14.7023027981714 0.996886290447793
14.7174262407799 0.993900170976888
14.7325496833884 0.989923310200557
14.747673125997 0.98495967234011
14.7627965686055 0.979014205257714
14.7779200112141 0.972092835524257
14.7930434538226 0.964202462511612
14.8081668964312 0.955350951515194
14.8232903390397 0.945547125913668
14.8384137816482 0.934800758373598
14.8535372242568 0.92312256110786
14.8686606668653 0.910524175197462
14.8837841094739 0.897018158987463
14.8989075520824 0.882617975568546
14.914030994691 0.867337979356714
14.9291544372995 0.851193401784494
14.944277879908 0.834200336117919
14.9594013225166 0.816375721414398
14.9745247651251 0.797737325637518
14.9896482077337 0.778303727945529
15.0047716503422 0.758094300171245
15.0198950929508 0.737129187511778
15.0350185355593 0.715429288447371
15.0501419781678 0.693016233909331
15.0652654207764 0.669912365717857
15.0803888633849 0.646140714311209
15.0955123059935 0.621724975788495
15.110635748602 0.596689488288855
15.1257591912106 0.571059207730694
15.1408826338191 0.54485968293507
15.1560060764276 0.518117030158077
15.1711295190362 0.490857907057592
15.1862529616447 0.463109486120351
15.2013764042533 0.434899427575792
15.2164998468618 0.406255851823788
15.2316232894704 0.377207311403575
15.2467467320789 0.347782762531982
15.2618701746874 0.318011536239238
15.276993617296 0.287923309131166
15.2921170599045 0.257548073806896
15.3072405025131 0.226916108961589
15.3223639451216 0.196057949203977
15.3374873877302 0.165004354618798
15.3526108303387 0.133786280104478
15.3677342729472 0.102434844516612
15.3828577155558 0.0709812996480153
15.3979811581643 0.0394569990762518
15.4131046007729 0.007893366909712
15.4282280433814 -0.0236781335366247
15.44335148599 -0.0552260311045093
15.4584749285985 -0.0867188781635514
15.473598371207 -0.118125281958909
15.4887218138156 -0.149413935904261
15.5038452564241 -0.180553650788903
15.5189686990327 -0.211513385867819
15.5340921416412 -0.242262279803784
15.5492155842497 -0.272769681430604
15.5643390268583 -0.303005180306873
15.5794624694668 -0.332938637029762
15.5945859120754 -0.362540213278625
15.6097093546839 -0.391780401558494
15.6248327972925 -0.420630054613784
15.639956239901 -0.449060414482921
15.6550796825095 -0.47704314116489
15.6702031251181 -0.504550340869178
15.6853265677266 -0.531554593820902
15.7004500103352 -0.55802898159344
15.7155734529437 -0.583947113941307
15.7306968955523 -0.609283155106517
15.7458203381608 -0.634011849572239
15.7609437807693 -0.658108547238037
15.7760672233779 -0.681549227991634
15.7911906659864 -0.704310525652672
15.806314108595 -0.726369751264639
15.8214375512035 -0.747704915711709
15.8365609938121 -0.768294751637971
15.8516844364206 -0.788118734647193
15.8668078790291 -0.807157103761986
15.8819313216377 -0.825390881121976
15.8970547642462 -0.842801890901351
15.9121782068548 -0.859372777426912
15.9273016494633 -0.875087022478594
15.9424250920719 -0.88992896175518
15.9575485346804 -0.903883800488824
15.9726719772889 -0.916937628192789
15.9877954198975 -0.92907743252773
16.002918862506 -0.940291112272674
16.0180423051146 -0.950567489387783
16.0331657477231 -0.959896320156856
16.0482891903317 -0.968268305398507
16.0634126329402 -0.975675099735773
16.0785360755487 -0.98210931991498
16.0936595181573 -0.987564552165524
16.1087829607658 -0.992035358593258
16.1239064033744 -0.995517282601106
16.1390298459829 -0.998006853331493
16.1541532885915 -0.999501589126174
16.1692767312 -1
16.1792189210638 -0.999501589126174
16.1891611109276 -0.998006853331493
16.1991033007915 -0.995517282601106
16.2090454906553 -0.992035358593257
16.2189876805191 -0.987564552165524
16.2289298703829 -0.982109319914981
16.2388720602467 -0.975675099735773
16.2488142501106 -0.968268305398508
16.2587564399744 -0.959896320156856
16.2686986298382 -0.950567489387783
16.278640819702 -0.940291112272677
16.2885830095658 -0.92907743252773
16.2985251994296 -0.91693762819279
16.3084673892935 -0.903883800488822
16.3184095791573 -0.88992896175518
16.3283517690211 -0.875087022478596
16.3382939588849 -0.859372777426911
16.3482361487487 -0.842801890901352
16.3581783386126 -0.825390881121974
16.3681205284764 -0.807157103761986
16.3780627183402 -0.788118734647195
16.388004908204 -0.76829475163797
16.3979470980678 -0.747704915711711
16.4078892879317 -0.726369751264637
16.4178314777955 -0.704310525652672
16.4277736676593 -0.681549227991638
16.4377158575231 -0.658108547238036
16.4476580473869 -0.634011849572241
16.4576002372508 -0.609283155106514
16.4675424271146 -0.583947113941307
16.4774846169784 -0.558028981593444
16.4874268068422 -0.5315545938209
16.497368996706 -0.50455034086918
16.5073111865699 -0.477043141164886
16.5172533764337 -0.449060414482921
16.5271955662975 -0.420630054613789
16.5371377561613 -0.391780401558492
16.5470799460251 -0.362540213278627
16.5570221358889 -0.332938637029758
16.5669643257528 -0.303005180306874
16.5769065156166 -0.272769681430608
16.5868487054804 -0.242262279803782
16.5967908953442 -0.211513385867822
16.606733085208 -0.180553650788899
16.6166752750719 -0.149413935904262
16.6266174649357 -0.118125281958914
16.6365596547995 -0.0867188781635496
16.6465018446633 -0.0552260311045115
16.6564440345271 -0.0236781335366206
16.666386224391 0.0078933669097122
16.6763284142548 0.0394569990762582
16.6862706041186 0.0709812996480169
16.6962127939824 0.10243484451661
16.7061549838462 0.133786280104482
16.7160971737101 0.165004354618798
16.7260393635739 0.196057949203972
16.7359815534377 0.226916108961591
16.7459237433015 0.257548073806893
16.7558659331653 0.28792330913117
16.7658081230291 0.318011536239237
16.775750312893 0.347782762531987
16.7856925027568 0.377207311403577
16.7956346926206 0.406255851823786
16.8055768824844 0.434899427575796
16.8155190723482 0.463109486120347
16.8254612622121 0.490857907057599
16.8354034520759 0.518117030158078
16.8453456419397 0.544859682935067
16.8552878318035 0.571059207730697
16.8652300216673 0.596689488288855
16.8751722115312 0.621724975788499
16.885114401395 0.64614071431121
16.8950565912588 0.669912365717852
16.9049987811226 0.693016233909334
16.9149409709864 0.71542928844737
16.9248831608503 0.737129187511782
16.9348253507141 0.758094300171246
16.9447675405779 0.778303727945527
16.9547097304417 0.797737325637521
16.9646519203055 0.816375721414398
16.9745941101693 0.83420033611792
16.9845363000332 0.851193401784495
16.994478489897 0.867337979356713
17.0044206797608 0.882617975568548
17.0143628696246 0.897018158987463
17.0243050594884 0.910524175197464
17.0342472493523 0.923122561107861
17.0441894392161 0.934800758373597
17.0541316290799 0.945547125913668
17.0640738189437 0.955350951515194
17.0740160088075 0.964202462511613
17.0839581986714 0.972092835524257
17.0939003885352 0.979014205257714
17.103842578399 0.984959672340111
17.1137847682628 0.989923310200557
17.1237269581266 0.993900170976888
17.1336691479905 0.996886290447793
17.1436113378543 0.998878691984443
17.1535535277181 0.999875389517657
17.1634957175819 0.999875389517657
17.1734379074457 0.998878691984443
17.1833800973095 0.996886290447793
17.1933222871734 0.993900170976888
17.2032644770372 0.989923310200557
17.213206666901 0.984959672340111
17.2231488567648 0.979014205257714
17.2330910466286 0.972092835524257
17.2430332364925 0.964202462511613
17.2529754263563 0.955350951515194
17.2629176162201 0.945547125913668
17.2728598060839 0.934800758373597
17.2828019959477 0.923122561107861
17.2927441858116 0.910524175197464
17.3026863756754 0.897018158987463
17.3126285655392 0.882617975568548
17.322570755403 0.867337979356713
17.3325129452668 0.851193401784495
17.3424551351307 0.83420033611792
17.3523973249945 0.816375721414398
17.3623395148583 0.797737325637521
17.3722817047221 0.778303727945528
17.3822238945859 0.758094300171246
17.3921660844497 0.737129187511783
17.4021082743136 0.71542928844737
17.4120504641774 0.693016233909334
17.4219926540412 0.669912365717853
17.431934843905 0.646140714311211
17.4418770337688 0.621724975788499
17.4518192236327 0.596689488288855
17.4617614134965 0.571059207730697
17.4717036033603 0.544859682935067
17.4816457932241 0.518117030158079
17.4915879830879 0.490857907057598
17.5015301729518 0.463109486120347
17.5114723628156 0.434899427575796
17.5214145526794 0.406255851823786
17.5313567425432 0.377207311403577
17.541298932407 0.347782762531987
17.5512411222709 0.318011536239237
17.5611833121347 0.287923309131169
17.5711255019985 0.257548073806893
17.5810676918623 0.226916108961591
17.5910098817261 0.196057949203983
17.60095207159 0.165004354618798
17.6108942614538 0.133786280104482
17.6208364513176 0.10243484451661
17.6307786411814 0.0709812996480171
17.6407208310452 0.0394569990762474
17.650663020909 0.007893366909712
17.6606052107729 -0.0236781335366203
17.6705474006367 -0.0552260311045119
17.6804895905005 -0.0867188781635487
17.6904317803643 -0.118125281958902
17.7003739702281 -0.149413935904262
17.710316160092 -0.180553650788899
17.7202583499558 -0.211513385867823
17.7302005398196 -0.242262279803781
17.7401427296834 -0.272769681430608
17.7500849195472 -0.303005180306873
17.7600271094111 -0.332938637029758
17.7699692992749 -0.362540213278627
17.7799114891387 -0.391780401558491
17.7898536790025 -0.420630054613788
17.7997958688663 -0.449060414482921
17.8097380587302 -0.477043141164886
17.819680248594 -0.50455034086918
17.8296224384578 -0.5315545938209
17.8395646283216 -0.558028981593444
17.8495068181854 -0.583947113941307
17.8594490080492 -0.609283155106514
17.8693911979131 -0.634011849572241
17.8793333877769 -0.658108547238036
17.8892755776407 -0.681549227991637
17.8992177675045 -0.704310525652672
17.9091599573683 -0.726369751264637
17.9191021472322 -0.747704915711711
17.929044337096 -0.768294751637969
17.9389865269598 -0.788118734647195
17.9489287168236 -0.807157103761986
17.9588709066874 -0.825390881121974
17.9688130965513 -0.842801890901352
17.9787552864151 -0.859372777426911
17.9886974762789 -0.875087022478596
17.9986396661427 -0.889928961755181
18.0085818560065 -0.903883800488822
18.0185240458704 -0.91693762819279
18.0284662357342 -0.929077432527729
18.038408425598 -0.940291112272677
18.0483506154618 -0.950567489387783
18.0582928053256 -0.959896320156856
18.0682349951894 -0.968268305398508
18.0781771850533 -0.975675099735773
18.0881193749171 -0.982109319914981
18.0980615647809 -0.987564552165524
18.1080037546447 -0.992035358593257
18.1179459445085 -0.995517282601106
18.1278881343724 -0.998006853331493
18.1378303242362 -0.999501589126174
18.1477725141 -1
18.1650987577704 -0.999501589126174
18.1824250014407 -0.998006853331493
18.1997512451111 -0.995517282601106
18.2170774887814 -0.992035358593258
18.2344037324518 -0.987564552165524
18.2517299761221 -0.982109319914981
18.2690562197925 -0.975675099735773
18.2863824634628 -0.968268305398508
18.3037087071332 -0.959896320156856
18.3210349508035 -0.950567489387783
18.3383611944739 -0.940291112272674
18.3556874381442 -0.92907743252773
18.3730136818146 -0.91693762819279
18.3903399254849 -0.903883800488823
18.4076661691553 -0.889928961755181
18.4249924128256 -0.875087022478592
18.442318656496 -0.859372777426912
18.4596449001663 -0.842801890901352
18.4769711438367 -0.825390881121976
18.494297387507 -0.807157103761986
18.5116236311774 -0.788118734647191
18.5289498748477 -0.768294751637971
18.5462761185181 -0.747704915711711
18.5636023621884 -0.726369751264639
18.5809286058588 -0.704310525652674
18.5982548495291 -0.681549227991632
18.6155810931995 -0.658108547238038
18.6329073368699 -0.634011849572236
18.6502335805402 -0.609283155106516
18.6675598242106 -0.583947113941308
18.6848860678809 -0.558028981593439
18.7022123115513 -0.531554593820903
18.7195385552216 -0.504550340869175
18.736864798892 -0.47704314116489
18.7541910425623 -0.449060414482923
18.7715172862327 -0.420630054613783
18.788843529903 -0.391780401558495
18.8061697735734 -0.362540213278622
18.8234960172437 -0.332938637029762
18.8408222609141 -0.303005180306876
18.8581485045844 -0.272769681430603
18.8754747482548 -0.242262279803785
18.8928009919251 -0.211513385867817
18.9101272355955 -0.180553650788903
18.9274534792658 -0.149413935904258
18.9447797229362 -0.118125281958908
18.9621059666065 -0.0867188781635532
18.9794322102769 -0.0552260311045066
18.9967584539472 -0.0236781335366254
19.0140846976176 0.00789336690971575
19.0314109412879 0.0394569990762525
19.0487371849583 0.0709812996480131
19.0660634286286 0.102434844516614
19.083389672299 0.133786280104477
19.1007159159693 0.165004354618801
19.1180421596397 0.196057949203978
19.1353684033101 0.226916108961593
19.1526946469804 0.257548073806897
19.1700208906508 0.287923309131164
19.1873471343211 0.31801153623924
19.2046733779915 0.347782762531981
19.2219996216618 0.377207311403579
19.2393258653322 0.406255851823789
19.2566521090025 0.434899427575791
19.2739783526729 0.463109486120349
19.2913045963432 0.490857907057592
19.3086308400136 0.518117030158079
19.3259570836839 0.54485968293507
19.3432833273543 0.571059207730693
19.3606095710246 0.596689488288857
19.377935814695 0.621724975788494
19.3952620583653 0.646140714311211
19.4125883020357 0.669912365717855
19.429914545706 0.693016233909334
19.4472407893764 0.715429288447372
19.4645670330467 0.737129187511778
19.4818932767171 0.758094300171246
19.4992195203874 0.778303727945529
19.5165457640578 0.797737325637521
19.5338720077281 0.816375721414399
19.5511982513985 0.834200336117916
19.5685244950688 0.851193401784495
19.5858507387392 0.867337979356714
19.6031769824096 0.882617975568548
19.6205032260799 0.897018158987464
19.6378294697503 0.910524175197461
19.6551557134206 0.923122561107861
19.672481957091 0.934800758373598
19.6898082007613 0.945547125913668
19.7071344444317 0.955350951515195
19.724460688102 0.964202462511613
19.7417869317724 0.972092835524257
19.7591131754427 0.979014205257714
19.7764394191131 0.984959672340111
19.7937656627834 0.989923310200557
19.8110919064538 0.993900170976888
19.8284181501241 0.996886290447793
19.8457443937945 0.998878691984443
19.8630706374648 0.999875389517657
19.8803968811352 0.999875389517657
19.8977231248055 0.998878691984443
19.9150493684759 0.996886290447793
19.9323756121462 0.993900170976888
19.9497018558166 0.989923310200557
19.9670280994869 0.984959672340111
19.9843543431573 0.979014205257714
20.0016805868276 0.972092835524257
20.019006830498 0.964202462511611
20.0363330741683 0.955350951515195
20.0536593178387 0.945547125913668
20.070985561509 0.934800758373598
20.0883118051794 0.923122561107861
20.1056380488498 0.910524175197461
20.1229642925201 0.897018158987464
20.1402905361905 0.882617975568548
20.1576167798608 0.867337979356714
20.1749430235312 0.851193401784495
20.1922692672015 0.834200336117916
20.2095955108719 0.816375721414399
20.2269217545422 0.797737325637521
20.2442479982126 0.77830372794553
20.2615742418829 0.758094300171247
20.2789004855533 0.737129187511777
20.2962267292236 0.715429288447372
20.313552972894 0.69301623390933
20.3308792165643 0.669912365717855
20.3482054602347 0.646140714311211
20.365531703905 0.621724975788494
20.3828579475754 0.596689488288856
20.4001841912457 0.571059207730693
20.4175104349161 0.54485968293507
20.4348366785864 0.51811703015808
20.4521629222568 0.490857907057593
20.4694891659271 0.463109486120349
20.4868154095975 0.434899427575791
20.5041416532678 0.406255851823789
20.5214678969382 0.377207311403579
20.5387941406085 0.347782762531982
20.5561203842789 0.31801153623924
20.5734466279492 0.287923309131164
20.5907728716196 0.257548073806897
20.60809911529 0.226916108961587
20.6254253589603 0.196057949203978
20.6427516026307 0.165004354618802
20.660077846301 0.133786280104478
20.6774040899714 0.102434844516615
20.6947303336417 0.0709812996480136
20.7120565773121 0.0394569990762527
20.7293828209824 0.00789336690971555
20.7467090646528 -0.0236781335366247
20.7640353083231 -0.0552260311045066
20.7813615519935 -0.0867188781635531
20.7986877956638 -0.118125281958907
20.8160140393342 -0.149413935904258
20.8333402830045 -0.180553650788902
20.8506665266749 -0.211513385867817
20.8679927703452 -0.242262279803786
20.8853190140156 -0.272769681430602
20.9026452576859 -0.303005180306876
20.9199715013563 -0.332938637029762
20.9372977450266 -0.362540213278622
20.954623988697 -0.391780401558495
20.9719502323673 -0.420630054613783
20.9892764760377 -0.449060414482922
21.006602719708 -0.47704314116489
21.0239289633784 -0.504550340869175
21.0412552070487 -0.531554593820902
21.0585814507191 -0.558028981593439
21.0759076943894 -0.583947113941308
21.0932339380598 -0.609283155106517
21.1105601817302 -0.634011849572237
21.1278864254005 -0.658108547238038
21.1452126690709 -0.681549227991633
21.1625389127412 -0.704310525652673
21.1798651564116 -0.726369751264639
21.1971914000819 -0.747704915711711
21.2145176437523 -0.768294751637971
21.2318438874226 -0.788118734647191
21.249170131093 -0.807157103761986
21.2664963747633 -0.825390881121975
21.2838226184337 -0.842801890901352
21.301148862104 -0.859372777426912
21.3184751057744 -0.875087022478595
21.3358013494447 -0.889928961755181
21.3531275931151 -0.903883800488823
21.3704538367854 -0.91693762819279
21.3877800804558 -0.92907743252773
21.4051063241261 -0.940291112272674
21.4224325677965 -0.950567489387783
21.4397588114668 -0.959896320156856
21.4570850551372 -0.968268305398508
21.4744112988075 -0.975675099735773
21.4917375424779 -0.982109319914981
21.5090637861482 -0.987564552165524
21.5263900298186 -0.992035358593258
21.5437162734889 -0.995517282601106
21.5610425171593 -0.998006853331493
21.5783687608297 -0.999501589126174
21.5956950045 -1
21.6132524904161 -0.999501589126174
21.6308099763322 -0.998006853331493
21.6483674622482 -0.995517282601106
21.6659249481643 -0.992035358593258
21.6834824340804 -0.987564552165524
21.7010399199965 -0.982109319914981
21.7185974059126 -0.975675099735773
21.7361548918286 -0.968268305398508
21.7537123777447 -0.959896320156856
21.7712698636608 -0.950567489387783
21.7888273495769 -0.940291112272676
21.806384835493 -0.92907743252773
21.823942321409 -0.916937628192789
21.8414998073251 -0.903883800488823
21.8590572932412 -0.88992896175518
21.8766147791573 -0.875087022478595
21.8941722650734 -0.859372777426911
21.9117297509894 -0.842801890901351
21.9292872369055 -0.825390881121975
21.9468447228216 -0.807157103761985
21.9644022087377 -0.788118734647194
21.9819596946538 -0.76829475163797
21.9995171805698 -0.74770491571171
22.0170746664859 -0.726369751264638
22.034632152402 -0.704310525652672
22.0521896383181 -0.681549227991636
22.0697471242342 -0.658108547238037
22.0873046101503 -0.63401184957224
22.1048620960663 -0.609283155106515
22.1224195819824 -0.583947113941307
22.1399770678985 -0.558028981593443
22.1575345538146 -0.531554593820901
22.1750920397307 -0.504550340869179
22.1926495256467 -0.477043141164888
22.2102070115628 -0.449060414482921
22.2277644974789 -0.420630054613787
22.245321983395 -0.391780401558493
22.2628794693111 -0.362540213278626
22.2804369552271 -0.332938637029759
22.2979944411432 -0.303005180306873
22.3155519270593 -0.272769681430606
22.3331094129754 -0.242262279803783
22.3506668988915 -0.211513385867821
22.3682243848075 -0.1805536507889
22.3857818707236 -0.149413935904262
22.4033393566397 -0.118125281958911
22.4208968425558 -0.0867188781635501
22.4384543284719 -0.0552260311045102
22.4560118143879 -0.0236781335366221
22.473569300304 0.00789336690971264
22.4911267862201 0.0394569990762494
22.5086842721362 0.0709812996480164
22.5262417580523 0.102434844516611
22.5437992439683 0.133786280104481
22.5613567298844 0.165004354618798
22.5789142158005 0.196057949203975
22.5964717017166 0.226916108961591
22.6140291876327 0.257548073806895
22.6315866735487 0.287923309131168
22.6491441594648 0.318011536239238
22.6667016453809 0.347782762531979
22.684259131297 0.377207311403576
22.7018166172131 0.406255851823787
22.7193741031291 0.434899427575795
22.7369315890452 0.463109486120347
22.7544890749613 0.490857907057591
22.7720465608774 0.518117030158078
22.7896040467935 0.544859682935069
22.8071615327096 0.571059207730696
22.8247190186256 0.596689488288855
22.8422765045417 0.621724975788498
22.8598339904578 0.64614071431121
22.8773914763739 0.669912365717854
22.89494896229 0.693016233909333
22.912506448206 0.715429288447371
22.9300639341221 0.737129187511781
22.9476214200382 0.758094300171246
22.9651789059543 0.778303727945529
22.9827363918704 0.79773732563752
23.0002938777864 0.816375721414399
23.0178513637025 0.834200336117919
23.0354088496186 0.851193401784495
23.0529663355347 0.867337979356713
23.0705238214508 0.882617975568548
23.0880813073668 0.897018158987463
23.1056387932829 0.910524175197463
23.123196279199 0.923122561107861
23.1407537651151 0.934800758373597
23.1583112510312 0.945547125913668
23.1758687369472 0.955350951515194
23.1934262228633 0.964202462511612
23.2109837087794 0.972092835524257
23.2285411946955 0.979014205257714
23.2460986806116 0.984959672340111
23.2636561665276 0.989923310200557
23.2812136524437 0.993900170976888
23.2987711383598 0.996886290447793
23.3163286242759 0.998878691984443
23.333886110192 0.999875389517657
23.351443596108 0.999875389517657
23.3690010820241 0.998878691984443
23.3865585679402 0.996886290447793
23.4041160538563 0.993900170976888
23.4216735397724 0.989923310200557
23.4392310256884 0.984959672340111
23.4567885116045 0.979014205257714
23.4743459975206 0.972092835524257
23.4919034834367 0.964202462511612
23.5094609693528 0.955350951515194
23.5270184552688 0.945547125913668
23.5445759411849 0.934800758373598
23.562133427101 0.923122561107861
23.5796909130171 0.910524175197463
23.5972483989332 0.897018158987463
23.6148058848492 0.882617975568548
23.6323633707653 0.867337979356714
23.6499208566814 0.851193401784495
23.6674783425975 0.834200336117916
23.6850358285136 0.816375721414398
23.7025933144296 0.79773732563752
23.7201508003457 0.778303727945528
23.7377082862618 0.758094300171246
23.7552657721779 0.737129187511781
23.772823258094 0.715429288447371
23.7903807440101 0.693016233909333
23.8079382299261 0.669912365717854
23.8254957158422 0.64614071431121
23.8430532017583 0.621724975788493
23.8606106876744 0.596689488288856
23.8781681735905 0.571059207730696
23.8957256595065 0.544859682935069
23.9132831454226 0.518117030158078
23.9308406313387 0.490857907057591
23.9483981172548 0.463109486120348
23.9659556031709 0.434899427575795
23.9835130890869 0.406255851823787
24.001070575003 0.377207311403576
24.0186280609191 0.34778276253198
24.0361855468352 0.318011536239238
24.0537430327513 0.287923309131168
24.0713005186673 0.257548073806895
24.0888580045834 0.22691610896159
24.1064154904995 0.196057949203975
24.1239729764156 0.165004354618799
24.1415304623317 0.133786280104481
24.1590879482477 0.102434844516611
24.1766454341638 0.0709812996480162
24.1942029200799 0.0394569990762501
24.211760405996 0.007893366909712
24.2293178919121 -0.0236781335366221
24.2468753778281 -0.0552260311045101
24.2644328637442 -0.0867188781635496
24.2819903496603 -0.118125281958912
24.2995478355764 -0.149413935904261
24.3171053214925 -0.180553650788899
24.3346628074085 -0.211513385867821
24.3522202933246 -0.242262279803782
24.3697777792407 -0.272769681430606
24.3873352651568 -0.303005180306872
24.4048927510729 -0.332938637029759
24.4224502369889 -0.362540213278626
24.440007722905 -0.391780401558492
24.4575652088211 -0.420630054613788
24.4751226947372 -0.449060414482921
24.4926801806533 -0.477043141164887
24.5102376665693 -0.504550340869178
24.5277951524854 -0.531554593820901
24.5453526384015 -0.558028981593442
24.5629101243176 -0.583947113941306
24.5804676102337 -0.609283155106515
24.5980250961498 -0.63401184957224
24.6155825820658 -0.658108547238037
24.6331400679819 -0.681549227991635
24.650697553898 -0.704310525652672
24.6682550398141 -0.726369751264638
24.6858125257302 -0.74770491571171
24.7033700116462 -0.76829475163797
24.7209274975623 -0.788118734647194
24.7384849834784 -0.807157103761985
24.7560424693945 -0.825390881121975
24.7735999553106 -0.842801890901351
24.7911574412266 -0.859372777426911
24.8087149271427 -0.875087022478595
24.8262724130588 -0.889928961755181
24.8438298989749 -0.903883800488822
24.861387384891 -0.916937628192789
24.878944870807 -0.92907743252773
24.8965023567231 -0.940291112272677
24.9140598426392 -0.950567489387783
24.9316173285553 -0.959896320156856
24.9491748144714 -0.968268305398507
24.9667323003874 -0.975675099735773
24.9842897863035 -0.982109319914981
25.0018472722196 -0.987564552165524
25.0194047581357 -0.992035358593258
25.0369622440518 -0.995517282601106
25.0545197299678 -0.998006853331493
25.0720772158839 -0.999501589126174
25.0896347018 -1
25.0992345274191 -0.999501589126174
25.1088343530382 -0.998006853331493
25.1184341786573 -0.995517282601106
25.1280340042764 -0.992035358593258
25.1376338298955 -0.987564552165524
25.1472336555146 -0.982109319914979
25.1568334811337 -0.975675099735773
25.1664333067528 -0.968268305398507
25.1760331323719 -0.959896320156858
25.185632957991 -0.950567489387781
25.1952327836101 -0.940291112272675
25.2048326092291 -0.929077432527731
25.2144324348482 -0.91693762819279
25.2240322604673 -0.903883800488821
25.2336320860864 -0.889928961755179
25.2432319117055 -0.875087022478594
25.2528317373246 -0.859372777426914
25.2624315629437 -0.842801890901348
25.2720313885628 -0.825390881121975
25.2816312141819 -0.807157103761986
25.291231039801 -0.788118734647195
25.3008308654201 -0.768294751637968
25.3104306910392 -0.747704915711708
25.3200305166583 -0.726369751264641
25.3296303422774 -0.704310525652675
25.3392301678965 -0.681549227991631
25.3488299935156 -0.658108547238037
25.3584298191347 -0.63401184957224
25.3680296447538 -0.609283155106521
25.3776294703729 -0.583947113941303
25.387229295992 -0.55802898159344
25.3968291216111 -0.531554593820904
25.4064289472302 -0.504550340869182
25.4160287728492 -0.477043141164887
25.4256285984683 -0.44906041448292
25.4352284240874 -0.420630054613787
25.4448282497065 -0.391780401558498
25.4544280753256 -0.362540213278622
25.4640279009447 -0.332938637029761
25.4736277265638 -0.303005180306876
25.4832275521829 -0.272769681430598
25.492827377802 -0.242262279803781
25.5024272034211 -0.211513385867819
25.5120270290402 -0.180553650788905
25.5216268546593 -0.149413935904256
25.5312266802784 -0.118125281958906
25.5408265058975 -0.0867188781635512
25.5504263315166 -0.0552260311045117
25.5600261571357 -0.0236781335366188
25.5696259827548 0.00789336690971531
25.5792258083739 0.0394569990762518
25.588825633993 0.070981299648012
25.5984254596121 0.102434844516618
25.6080252852312 0.133786280104481
25.6176251108503 0.165004354618798
25.6272249364693 0.196057949203974
25.6368247620884 0.226916108961595
25.6464245877075 0.257548073806898
25.6560244133266 0.287923309131165
25.6656242389457 0.318011536239234
25.6752240645648 0.347782762531986
25.6848238901839 0.377207311403577
25.694423715803 0.406255851823787
25.7040235414221 0.434899427575789
25.7136233670412 0.463109486120351
25.7232231926603 0.490857907057595
25.7328230182794 0.518117030158076
25.7424228438985 0.544859682935066
25.7520226695176 0.571059207730698
25.7616224951367 0.596689488288856
25.7712223207558 0.621724975788493
25.7808221463749 0.646140714311205
25.790421971994 0.669912365717858
25.8000217976131 0.693016233909332
25.8096216232322 0.715429288447369
25.8192214488513 0.737129187511775
25.8288212744704 0.758094300171247
25.8384211000894 0.77830372794553
25.8480209257085 0.797737325637517
25.8576207513276 0.816375721414396
25.8672205769467 0.834200336117919
25.8768204025658 0.851193401784495
25.8864202281849 0.867337979356713
25.896020053804 0.882617975568549
25.9056198794231 0.897018158987465
25.9152197050422 0.910524175197462
25.9248195306613 0.92312256110786
25.9344193562804 0.9348007583736
25.9440191818995 0.945547125913668
25.9536190075186 0.955350951515195
25.9632188331377 0.964202462511611
25.9728186587568 0.972092835524258
25.9824184843759 0.979014205257715
25.992018309995 0.98495967234011
26.0016181356141 0.989923310200557
26.0112179612332 0.993900170976888
26.0208177868523 0.996886290447793
26.0304176124714 0.998878691984444
26.0400174380905 0.999875389517657
26.0496172637095 0.999875389517657
26.0592170893286 0.998878691984444
26.0688169149477 0.996886290447793
26.0784167405668 0.993900170976888
26.0880165661859 0.989923310200557
26.097616391805 0.98495967234011
26.1072162174241 0.979014205257715
26.1168160430432 0.972092835524258
26.1264158686623 0.964202462511611
26.1360156942814 0.955350951515195
26.1456155199005 0.945547125913668
26.1552153455196 0.9348007583736
26.1648151711387 0.923122561107859
26.1744149967578 0.910524175197462
26.1840148223769 0.897018158987465
26.193614647996 0.88261797556855
26.2032144736151 0.867337979356713
26.2128142992342 0.851193401784495
26.2224141248533 0.834200336117919
26.2320139504724 0.816375721414396
26.2416137760915 0.797737325637518
26.2512136017106 0.77830372794553
26.2608134273296 0.758094300171248
26.2704132529487 0.737129187511775
26.2800130785678 0.71542928844737
26.2896129041869 0.693016233909332
26.299212729806 0.669912365717858
26.3088125554251 0.646140714311206
26.3184123810442 0.621724975788493
26.3280122066633 0.596689488288856
26.3376120322824 0.571059207730698
26.3472118579015 0.544859682935067
26.3568116835206 0.518117030158076
26.3664115091397 0.490857907057595
26.3760113347588 0.463109486120351
26.3856111603779 0.434899427575789
26.395210985997 0.406255851823787
26.4048108116161 0.377207311403577
26.4144106372352 0.347782762531987
26.4240104628543 0.318011536239234
26.4336102884734 0.287923309131166
26.4432101140925 0.257548073806899
26.4528099397116 0.226916108961595
26.4624097653307 0.196057949203974
26.4720095909497 0.165004354618798
26.4816094165688 0.133786280104481
26.4912092421879 0.102434844516618
26.500809067807 0.0709812996480127
26.5104088934261 0.0394569990762527
26.5200087190452 0.00789336690971555
26.5296085446643 -0.0236781335366185
26.5392083702834 -0.0552260311045119
26.5488081959025 -0.0867188781635514
26.5584080215216 -0.118125281958905
26.5680078471407 -0.149413935904256
26.5776076727598 -0.180553650788905
26.5872074983789 -0.211513385867819
26.596807323998 -0.24226227980378
26.6064071496171 -0.272769681430597
26.6160069752362 -0.303005180306876
26.6256068008553 -0.332938637029761
26.6352066264744 -0.362540213278621
26.6448064520935 -0.391780401558498
26.6544062777126 -0.420630054613787
26.6640061033317 -0.44906041448292
26.6736059289508 -0.477043141164886
26.6832057545699 -0.504550340869182
26.6928055801889 -0.531554593820903
26.702405405808 -0.558028981593439
26.7120052314271 -0.583947113941303
26.7216050570462 -0.609283155106521
26.7312048826653 -0.63401184957224
26.7408047082844 -0.658108547238037
26.7504045339035 -0.681549227991631
26.7600043595226 -0.704310525652675
26.7696041851417 -0.72636975126464
26.7792040107608 -0.747704915711708
26.7888038363799 -0.768294751637968
26.798403661999 -0.788118734647195
26.8080034876181 -0.807157103761986
26.8176033132372 -0.825390881121975
26.8272031388563 -0.842801890901348
26.8368029644754 -0.859372777426914
26.8464027900945 -0.875087022478594
26.8560026157136 -0.889928961755179
26.8656024413327 -0.903883800488821
26.8752022669518 -0.91693762819279
26.8848020925709 -0.929077432527731
26.8944019181899 -0.940291112272675
26.904001743809 -0.950567489387781
26.9136015694281 -0.959896320156858
26.9232013950472 -0.968268305398507
26.9328012206663 -0.975675099735773
26.9424010462854 -0.982109319914979
26.9520008719045 -0.987564552165524
26.9616006975236 -0.992035358593258
26.9712005231427 -0.995517282601106
26.9808003487618 -0.998006853331494
26.9904001743809 -0.999501589126174
27 -1
