0 -1
0.00569636786080402 -0.999501589126174
0.011392735721608 -0.998006853331493
0.0170891035824121 -0.995517282601106
0.0227854714432161 -0.992035358593258
0.0284818393040201 -0.987564552165524
0.0341782071648241 -0.98210931991498
0.0398745750256281 -0.975675099735774
0.0455709428864322 -0.968268305398507
0.0512673107472362 -0.959896320156857
0.0569636786080402 -0.950567489387783
0.0626600464688442 -0.940291112272676
0.0683564143296483 -0.929077432527731
0.0740527821904523 -0.916937628192789
0.0797491500512563 -0.903883800488824
0.0854455179120603 -0.88992896175518
0.0911418857728643 -0.875087022478594
0.0968382536336684 -0.859372777426912
0.102534621494472 -0.842801890901351
0.108230989355276 -0.825390881121976
0.11392735721608 -0.807157103761985
0.119623725076884 -0.788118734647192
0.125320092937688 -0.768294751637971
0.131016460798492 -0.747704915711709
0.136712828659297 -0.726369751264639
0.142409196520101 -0.704310525652672
0.148105564380905 -0.681549227991634
0.153801932241709 -0.658108547238038
0.159498300102513 -0.634011849572239
0.165194667963317 -0.609283155106517
0.170891035824121 -0.583947113941306
0.176587403684925 -0.55802898159344
0.182283771545729 -0.531554593820901
0.187980139406533 -0.504550340869177
0.193676507267337 -0.47704314116489
0.199372875128141 -0.44906041448292
0.205069242988945 -0.420630054613784
0.210765610849749 -0.391780401558493
0.216461978710553 -0.362540213278625
0.222158346571357 -0.332938637029761
0.227854714432161 -0.303005180306873
0.233551082292965 -0.272769681430603
0.239247450153769 -0.242262279803783
0.244943818014573 -0.211513385867819
0.250640185875377 -0.180553650788902
0.256336553736181 -0.149413935904261
0.262032921596985 -0.118125281958908
0.267729289457789 -0.0867188781635509
0.273425657318593 -0.0552260311045079
0.279122025179397 -0.0236781335366241
0.284818393040201 0.00789336690971353
0.290514760901005 0.0394569990762525
0.296211128761809 0.070981299648016
0.301907496622613 0.102434844516613
0.307603864483417 0.133786280104479
0.313300232344221 0.165004354618799
0.318996600205025 0.196057949203978
0.324692968065829 0.22691610896159
0.330389335926633 0.257548073806896
0.336085703787437 0.287923309131166
0.341782071648241 0.318011536239238
0.347478439509045 0.347782762531982
0.353174807369849 0.377207311403576
0.358871175230653 0.406255851823789
0.364567543091457 0.434899427575793
0.370263910952261 0.463109486120348
0.375960278813065 0.490857907057594
0.381656646673869 0.518117030158078
0.387353014534673 0.54485968293507
0.393049382395477 0.571059207730694
0.398745750256281 0.596689488288856
0.404442118117085 0.621724975788495
0.410138485977889 0.64614071431121
0.415834853838693 0.669912365717855
0.421531221699498 0.693016233909332
0.427227589560302 0.715429288447371
0.432923957421106 0.737129187511779
0.43862032528191 0.758094300171245
0.444316693142714 0.77830372794553
0.450013061003518 0.797737325637519
0.455709428864322 0.816375721414399
0.461405796725126 0.834200336117917
0.46710216458593 0.851193401784495
0.472798532446734 0.867337979356715
0.478494900307538 0.882617975568547
0.484191268168342 0.897018158987464
0.489887636029146 0.910524175197462
0.49558400388995 0.923122561107861
0.501280371750754 0.934800758373598
0.506976739611558 0.945547125913667
0.512673107472362 0.955350951515195
0.518369475333166 0.964202462511612
0.52406584319397 0.972092835524257
0.529762211054774 0.979014205257715
0.535458578915578 0.98495967234011
0.541154946776382 0.989923310200557
0.546851314637186 0.993900170976888
0.55254768249799 0.996886290447793
0.558244050358794 0.998878691984444
0.563940418219598 0.999875389517657
0.569636786080402 0.999875389517657
0.575333153941206 0.998878691984444
0.58102952180201 0.996886290447793
0.586725889662814 0.993900170976888
0.592422257523618 0.989923310200557
0.598118625384422 0.984959672340111
0.603814993245226 0.979014205257715
0.60951136110603 0.972092835524257
0.615207728966834 0.964202462511612
0.620904096827638 0.955350951515195
0.626600464688442 0.945547125913667
0.632296832549246 0.934800758373598
0.63799320041005 0.923122561107861
0.643689568270854 0.910524175197462
0.649385936131658 0.897018158987464
0.655082303992462 0.882617975568547
0.660778671853266 0.867337979356715
0.666475039714071 0.851193401784495
0.672171407574874 0.834200336117918
0.677867775435678 0.816375721414399
0.683564143296483 0.797737325637519
0.689260511157286 0.77830372794553
0.69495687901809 0.758094300171246
0.700653246878895 0.737129187511779
0.706349614739698 0.715429288447372
0.712045982600503 0.693016233909331
0.717742350461307 0.669912365717855
0.723438718322111 0.64614071431121
0.729135086182915 0.621724975788495
0.734831454043719 0.596689488288856
0.740527821904523 0.571059207730695
0.746224189765327 0.54485968293507
0.751920557626131 0.518117030158078
0.757616925486935 0.490857907057593
0.763313293347739 0.463109486120348
0.769009661208543 0.434899427575793
0.774706029069347 0.406255851823789
0.780402396930151 0.377207311403576
0.786098764790955 0.347782762531983
0.791795132651759 0.318011536239239
0.797491500512563 0.287923309131167
0.803187868373367 0.257548073806896
0.808884236234171 0.22691610896159
0.814580604094975 0.196057949203978
0.820276971955779 0.165004354618799
0.825973339816583 0.13378628010448
0.831669707677387 0.102434844516614
0.837366075538191 0.0709812996480153
0.843062443398995 0.0394569990762527
0.848758811259799 0.00789336690971378
0.854455179120603 -0.0236781335366239
0.860151546981407 -0.0552260311045075
0.865847914842211 -0.0867188781635505
0.871544282703015 -0.118125281958908
0.877240650563819 -0.14941393590426
0.882937018424623 -0.180553650788902
0.888633386285427 -0.211513385867819
0.894329754146231 -0.242262279803784
0.900026122007035 -0.272769681430602
0.905722489867839 -0.303005180306872
0.911418857728643 -0.332938637029761
0.917115225589447 -0.362540213278624
0.922811593450251 -0.391780401558493
0.928507961311055 -0.420630054613784
0.934204329171859 -0.44906041448292
0.939900697032663 -0.47704314116489
0.945597064893467 -0.504550340869178
0.951293432754271 -0.531554593820901
0.956989800615075 -0.558028981593439
0.962686168475879 -0.583947113941306
0.968382536336684 -0.609283155106517
0.974078904197488 -0.634011849572238
0.979775272058292 -0.658108547238037
0.985471639919096 -0.681549227991634
0.9911680077799 -0.704310525652672
0.996864375640704 -0.726369751264639
1.00256074350151 -0.747704915711709
1.00825711136231 -0.768294751637971
1.01395347922312 -0.788118734647193
1.01964984708392 -0.807157103761986
1.02534621494472 -0.825390881121976
1.03104258280553 -0.84280189090135
1.03673895066633 -0.859372777426912
1.04243531852714 -0.875087022478594
1.04813168638794 -0.88992896175518
1.05382805424874 -0.903883800488824
1.05952442210955 -0.916937628192789
1.06522078997035 -0.92907743252773
1.07091715783116 -0.940291112272675
1.07661352569196 -0.950567489387783
1.08230989355276 -0.959896320156857
1.08800626141357 -0.968268305398507
1.09370262927437 -0.975675099735774
1.09939899713518 -0.98210931991498
1.10509536499598 -0.987564552165524
1.11079173285678 -0.992035358593258
1.11648810071759 -0.995517282601106
1.12218446857839 -0.998006853331493
1.1278808364392 -0.999501589126174
1.1335772043 -1
1.14950193787236 -0.999501589126174
1.16542667144472 -0.998006853331493
1.18135140501709 -0.995517282601106
1.19727613858945 -0.992035358593258
1.21320087216181 -0.987564552165524
1.22912560573417 -0.98210931991498
1.24505033930653 -0.975675099735774
1.26097507287889 -0.968268305398507
1.27689980645126 -0.959896320156857
1.29282454002362 -0.950567489387783
1.30874927359598 -0.940291112272676
1.32467400716834 -0.929077432527731
1.3405987407407 -0.916937628192789
1.35652347431307 -0.903883800488824
1.37244820788543 -0.88992896175518
1.38837294145779 -0.875087022478594
1.40429767503015 -0.859372777426912
1.42022240860251 -0.842801890901351
1.43614714217487 -0.825390881121976
1.45207187574724 -0.807157103761985
1.4679966093196 -0.788118734647192
1.48392134289196 -0.768294751637971
1.49984607646432 -0.747704915711709
1.51577081003668 -0.726369751264639
1.53169554360905 -0.704310525652672
1.54762027718141 -0.681549227991634
1.56354501075377 -0.658108547238038
1.57946974432613 -0.634011849572239
1.59539447789849 -0.609283155106517
1.61131921147085 -0.583947113941306
1.62724394504322 -0.55802898159344
1.64316867861558 -0.531554593820901
1.65909341218794 -0.504550340869178
1.6750181457603 -0.477043141164889
1.69094287933266 -0.44906041448292
1.70686761290503 -0.420630054613784
1.72279234647739 -0.391780401558493
1.73871708004975 -0.362540213278625
1.75464181362211 -0.332938637029761
1.77056654719447 -0.303005180306873
1.78649128076683 -0.272769681430603
1.8024160143392 -0.242262279803783
1.81834074791156 -0.211513385867819
1.83426548148392 -0.180553650788902
1.85019021505628 -0.149413935904261
1.86611494862864 -0.118125281958908
1.88203968220101 -0.0867188781635505
1.89796441577337 -0.0552260311045084
1.91388914934573 -0.0236781335366239
1.92981388291809 0.00789336690971287
1.94573861649045 0.0394569990762527
1.96166335006281 0.0709812996480158
1.97758808363518 0.102434844516613
1.99351281720754 0.133786280104479
2.0094375507799 0.165004354618799
2.02536228435226 0.196057949203978
2.04128701792462 0.22691610896159
2.05721175149699 0.257548073806897
2.07313648506935 0.287923309131166
2.08906121864171 0.318011536239238
2.10498595221407 0.347782762531982
2.12091068578643 0.377207311403576
2.13683541935879 0.406255851823789
2.15276015293116 0.434899427575793
2.16868488650352 0.463109486120347
2.18460962007588 0.490857907057594
2.20053435364824 0.518117030158078
2.2164590872206 0.54485968293507
2.23238382079296 0.571059207730694
2.24830855436533 0.596689488288856
2.26423328793769 0.621724975788495
2.28015802151005 0.64614071431121
2.29608275508241 0.669912365717855
2.31200748865477 0.693016233909331
2.32793222222714 0.715429288447372
2.3438569557995 0.737129187511779
2.35978168937186 0.758094300171246
2.37570642294422 0.77830372794553
2.39163115651658 0.797737325637519
2.40755589008895 0.816375721414399
2.42348062366131 0.834200336117917
2.43940535723367 0.851193401784495
2.45533009080603 0.867337979356715
2.47125482437839 0.882617975568547
2.48717955795075 0.897018158987464
2.50310429152312 0.910524175197462
2.51902902509548 0.923122561107861
2.53495375866784 0.934800758373598
2.5508784922402 0.945547125913667
2.56680322581256 0.955350951515195
2.58272795938492 0.964202462511612
2.59865269295729 0.972092835524257
2.61457742652965 0.979014205257714
2.63050216010201 0.98495967234011
2.64642689367437 0.989923310200557
2.66235162724673 0.993900170976888
2.6782763608191 0.996886290447793
2.69420109439146 0.998878691984444
2.71012582796382 0.999875389517657
2.72605056153618 0.999875389517657
2.74197529510854 0.998878691984444
2.7579000286809 0.996886290447793
2.77382476225327 0.993900170976888
2.78974949582563 0.989923310200557
2.80567422939799 0.984959672340111
2.82159896297035 0.979014205257714
2.83752369654271 0.972092835524257
2.85344843011508 0.964202462511612
2.86937316368744 0.955350951515195
2.8852978972598 0.945547125913667
2.90122263083216 0.934800758373598
2.91714736440452 0.923122561107861
2.93307209797688 0.910524175197462
2.94899683154925 0.897018158987463
2.96492156512161 0.882617975568547
2.98084629869397 0.867337979356715
2.99677103226633 0.851193401784495
3.01269576583869 0.834200336117918
3.02862049941106 0.816375721414399
3.04454523298342 0.79773732563752
3.06046996655578 0.77830372794553
3.07639470012814 0.758094300171246
3.0923194337005 0.737129187511779
3.10824416727286 0.715429288447371
3.12416890084523 0.693016233909332
3.14009363441759 0.669912365717855
3.15601836798995 0.646140714311209
3.17194310156231 0.621724975788495
3.18786783513467 0.596689488288855
3.20379256870704 0.571059207730695
3.2197173022794 0.54485968293507
3.23564203585176 0.518117030158077
3.25156676942412 0.490857907057593
3.26749150299648 0.463109486120348
3.28341623656884 0.434899427575792
3.29934097014121 0.406255851823788
3.31526570371357 0.377207311403575
3.33119043728593 0.347782762531982
3.34711517085829 0.318011536239238
3.36303990443065 0.287923309131166
3.37896463800302 0.257548073806896
3.39488937157538 0.22691610896159
3.41081410514774 0.196057949203978
3.4267388387201 0.165004354618799
3.44266357229246 0.133786280104478
3.45858830586482 0.102434844516612
3.47451303943719 0.0709812996480162
3.49043777300955 0.0394569990762527
3.50636250658191 0.00789336690971289
3.52228724015427 -0.0236781335366247
3.53821197372663 -0.0552260311045075
3.554136707299 -0.0867188781635505
3.57006144087136 -0.118125281958908
3.58598617444372 -0.149413935904261
3.60191090801608 -0.180553650788902
3.61783564158844 -0.211513385867819
3.6337603751608 -0.242262279803784
3.64968510873317 -0.272769681430604
3.66560984230553 -0.303005180306872
3.68153457587789 -0.332938637029761
3.69745930945025 -0.362540213278625
3.71338404302261 -0.391780401558494
3.72930877659497 -0.420630054613784
3.74523351016734 -0.449060414482921
3.7611582437397 -0.47704314116489
3.77708297731206 -0.504550340869178
3.79300771088442 -0.531554593820901
3.80893244445678 -0.558028981593441
3.82485717802915 -0.583947113941306
3.84078191160151 -0.609283155106517
3.85670664517387 -0.634011849572238
3.87263137874623 -0.658108547238039
3.88855611231859 -0.681549227991634
3.90448084589096 -0.704310525652672
3.92040557946332 -0.726369751264639
3.93633031303568 -0.747704915711709
3.95225504660804 -0.768294751637971
3.9681797801804 -0.788118734647193
3.98410451375276 -0.807157103761986
4.00002924732513 -0.825390881121977
4.01595398089749 -0.84280189090135
4.03187871446985 -0.859372777426912
4.04780344804221 -0.875087022478594
4.06372818161457 -0.889928961755181
4.07965291518693 -0.903883800488823
4.0955776487593 -0.916937628192789
4.11150238233166 -0.92907743252773
4.12742711590402 -0.940291112272676
4.14335184947638 -0.950567489387783
4.15927658304874 -0.959896320156857
4.17520131662111 -0.968268305398507
4.19112605019347 -0.975675099735774
4.20705078376583 -0.98210931991498
4.22297551733819 -0.987564552165524
4.23890025091055 -0.992035358593258
4.25482498448291 -0.995517282601106
4.27074971805528 -0.998006853331493
4.28667445162764 -0.999501589126174
4.3025991852 -1
4.32102852634472 -0.999501589126174
4.33945786748945 -0.998006853331493
4.35788720863417 -0.995517282601106
4.37631654977889 -0.992035358593258
4.39474589092362 -0.987564552165524
4.41317523206834 -0.98210931991498
4.43160457321307 -0.975675099735773
4.45003391435779 -0.968268305398507
4.46846325550251 -0.959896320156857
4.48689259664724 -0.950567489387783
4.50532193779196 -0.940291112272675
4.52375127893668 -0.929077432527731
4.54218062008141 -0.916937628192789
4.56060996122613 -0.903883800488823
4.57903930237085 -0.88992896175518
4.59746864351558 -0.875087022478594
4.6158979846603 -0.859372777426912
4.63432732580503 -0.84280189090135
4.65275666694975 -0.825390881121976
4.67118600809447 -0.807157103761985
4.6896153492392 -0.788118734647193
4.70804469038392 -0.76829475163797
4.72647403152864 -0.747704915711709
4.74490337267337 -0.72636975126464
4.76333271381809 -0.704310525652673
4.78176205496281 -0.681549227991633
4.80019139610754 -0.658108547238037
4.81862073725226 -0.634011849572239
4.83705007839698 -0.609283155106517
4.85547941954171 -0.583947113941306
4.87390876068643 -0.55802898159344
4.89233810183116 -0.531554593820902
4.91076744297588 -0.504550340869177
4.9291967841206 -0.477043141164889
4.94762612526533 -0.44906041448292
4.96605546641005 -0.420630054613785
4.98448480755477 -0.391780401558494
5.0029141486995 -0.362540213278624
5.02134348984422 -0.332938637029761
5.03977283098894 -0.303005180306873
5.05820217213367 -0.272769681430602
5.07663151327839 -0.242262279803783
5.09506085442312 -0.211513385867819
5.11349019556784 -0.180553650788903
5.13191953671256 -0.149413935904262
5.15034887785729 -0.118125281958908
5.16877821900201 -0.0867188781635507
5.18720756014673 -0.0552260311045086
5.20563690129146 -0.0236781335366234
5.22406624243618 0.00789336690971353
5.2424955835809 0.0394569990762527
5.26092492472563 0.0709812996480153
5.27935426587035 0.102434844516614
5.29778360701508 0.133786280104479
5.3162129481598 0.165004354618799
5.33464228930452 0.196057949203977
5.35307163044925 0.226916108961591
5.37150097159397 0.257548073806897
5.38993031273869 0.287923309131166
5.40835965388342 0.318011536239238
5.42678899502814 0.347782762531983
5.44521833617286 0.377207311403576
5.46364767731759 0.406255851823789
5.48207701846231 0.434899427575792
5.50050635960704 0.463109486120348
5.51893570075176 0.490857907057594
5.53736504189648 0.518117030158077
5.55579438304121 0.544859682935071
5.57422372418593 0.571059207730695
5.59265306533065 0.596689488288856
5.61108240647538 0.621724975788495
5.6295117476201 0.646140714311209
5.64794108876482 0.669912365717855
5.66637042990955 0.693016233909332
5.68479977105427 0.715429288447371
5.703229112199 0.737129187511779
5.72165845334372 0.758094300171246
5.74008779448844 0.77830372794553
5.75851713563317 0.797737325637519
5.77694647677789 0.816375721414399
5.79537581792261 0.834200336117918
5.81380515906734 0.851193401784495
5.83223450021206 0.867337979356714
5.85066384135678 0.882617975568547
5.86909318250151 0.897018158987464
5.88752252364623 0.910524175197462
5.90595186479095 0.923122561107861
5.92438120593568 0.934800758373598
5.9428105470804 0.945547125913667
5.96123988822513 0.955350951515195
5.97966922936985 0.964202462511612
5.99809857051457 0.972092835524257
6.0165279116593 0.979014205257715
6.03495725280402 0.984959672340111
6.05338659394874 0.989923310200557
6.07181593509347 0.993900170976888
6.09024527623819 0.996886290447793
6.10867461738291 0.998878691984444
6.12710395852764 0.999875389517657
6.14553329967236 0.999875389517657
6.16396264081709 0.998878691984444
6.18239198196181 0.996886290447793
6.20082132310653 0.993900170976888
6.21925066425126 0.989923310200557
6.23768000539598 0.984959672340111
6.2561093465407 0.979014205257715
6.27453868768543 0.972092835524257
6.29296802883015 0.964202462511612
6.31139736997487 0.955350951515195
6.3298267111196 0.945547125913667
6.34825605226432 0.934800758373598
6.36668539340904 0.923122561107861
6.38511473455377 0.910524175197462
6.40354407569849 0.897018158987464
6.42197341684322 0.882617975568547
6.44040275798794 0.867337979356714
6.45883209913266 0.851193401784495
6.47726144027739 0.834200336117918
6.49569078142211 0.816375721414399
6.51412012256683 0.79773732563752
6.53254946371156 0.77830372794553
6.55097880485628 0.758094300171245
6.569408146001 0.73712918751178
6.58783748714573 0.715429288447371
6.60626682829045 0.693016233909332
6.62469616943518 0.669912365717856
6.6431255105799 0.646140714311209
6.66155485172462 0.621724975788495
6.67998419286935 0.596689488288856
6.69841353401407 0.571059207730695
6.71684287515879 0.544859682935072
6.73527221630352 0.518117030158078
6.75370155744824 0.490857907057594
6.77213089859296 0.463109486120348
6.79056023973769 0.434899427575792
6.80898958088241 0.406255851823789
6.82741892202714 0.377207311403576
6.84584826317186 0.347782762531982
6.86427760431658 0.318011536239238
6.88270694546131 0.287923309131167
6.90113628660603 0.257548073806897
6.91956562775075 0.22691610896159
6.93799496889548 0.196057949203977
6.9564243100402 0.165004354618799
6.97485365118492 0.13378628010448
6.99328299232965 0.102434844516613
7.01171233347437 0.0709812996480171
7.0301416746191 0.0394569990762527
7.04857101576382 0.007893366909712
7.06700035690854 -0.023678133536623
7.08542969805327 -0.0552260311045084
7.10385903919799 -0.0867188781635514
7.12228838034271 -0.118125281958908
7.14071772148744 -0.149413935904262
7.15914706263216 -0.180553650788902
7.17757640377688 -0.211513385867818
7.19600574492161 -0.242262279803783
7.21443508606633 -0.272769681430602
7.23286442721106 -0.303005180306873
7.25129376835578 -0.332938637029761
7.2697231095005 -0.362540213278624
7.28815245064523 -0.391780401558494
7.30658179178995 -0.420630054613785
7.32501113293467 -0.44906041448292
7.3434404740794 -0.477043141164889
7.36186981522412 -0.504550340869176
7.38029915636884 -0.531554593820901
7.39872849751357 -0.55802898159344
7.41715783865829 -0.583947113941306
7.43558717980302 -0.609283155106517
7.45401652094774 -0.634011849572238
7.47244586209246 -0.658108547238037
7.49087520323719 -0.681549227991634
7.50930454438191 -0.704310525652671
7.52773388552663 -0.726369751264639
7.54616322667136 -0.747704915711709
7.56459256781608 -0.768294751637971
7.5830219089608 -0.788118734647193
7.60145125010553 -0.807157103761986
7.61988059125025 -0.825390881121976
7.63830993239498 -0.842801890901351
7.6567392735397 -0.859372777426912
7.67516861468442 -0.875087022478593
7.69359795582915 -0.88992896175518
7.71202729697387 -0.903883800488823
7.73045663811859 -0.916937628192789
7.74888597926332 -0.92907743252773
7.76731532040804 -0.940291112272676
7.78574466155276 -0.950567489387782
7.80417400269749 -0.959896320156857
7.82260334384221 -0.968268305398507
7.84103268498693 -0.975675099735773
7.85946202613166 -0.98210931991498
7.87789136727638 -0.987564552165524
7.89632070842111 -0.992035358593258
7.91475004956583 -0.995517282601106
7.93317939071055 -0.998006853331493
7.95160873185528 -0.999501589126174
7.970038073 -1
7.97694492862211 -0.999501589126174
7.98385178424422 -0.998006853331494
7.99075863986633 -0.995517282601106
7.99766549548844 -0.992035358593258
8.00457235111055 -0.987564552165524
8.01147920673266 -0.982109319914981
8.01838606235477 -0.975675099735774
8.02529291797688 -0.968268305398507
8.03219977359899 -0.959896320156856
8.03910662922111 -0.950567489387782
8.04601348484322 -0.940291112272674
8.05292034046533 -0.929077432527732
8.05982719608744 -0.91693762819279
8.06673405170955 -0.903883800488824
8.07364090733166 -0.88992896175518
8.08054776295377 -0.875087022478593
8.08745461857588 -0.859372777426911
8.09436147419799 -0.842801890901349
8.1012683298201 -0.825390881121978
8.10817518544221 -0.807157103761987
8.11508204106432 -0.788118734647193
8.12198889668643 -0.768294751637971
8.12889575230854 -0.747704915711708
8.13580260793065 -0.726369751264638
8.14270946355276 -0.70431052565267
8.14961631917487 -0.681549227991637
8.15652317479698 -0.65810854723804
8.16343003041909 -0.63401184957224
8.17033688604121 -0.609283155106517
8.17724374166332 -0.583947113941306
8.18415059728543 -0.558028981593439
8.19105745290754 -0.531554593820899
8.19796430852965 -0.504550340869174
8.20487116415176 -0.477043141164892
8.21177801977387 -0.449060414482922
8.21868487539598 -0.420630054613785
8.22559173101809 -0.391780401558493
8.2324985866402 -0.362540213278623
8.23940544226231 -0.332938637029759
8.24631229788442 -0.303005180306869
8.25321915350653 -0.272769681430607
8.26012600912864 -0.242262279803786
8.26703286475075 -0.21151338586782
8.27393972037286 -0.180553650788903
8.28084657599497 -0.14941393590426
8.28775343161709 -0.118125281958906
8.2946602872392 -0.0867188781635478
8.30156714286131 -0.0552260311045124
8.30847399848342 -0.0236781335366268
8.31538085410553 0.00789336690971153
8.32228770972764 0.039456999076252
8.32919456534975 0.0709812996480162
8.33610142097186 0.102434844516615
8.34300827659397 0.133786280104482
8.34991513221608 0.165004354618803
8.35682198783819 0.196057949203975
8.3637288434603 0.226916108961588
8.37063569908241 0.257548073806896
8.37754255470452 0.287923309131166
8.38444941032663 0.318011536239239
8.39135626594874 0.347782762531984
8.39826312157085 0.377207311403579
8.40516997719296 0.406255851823785
8.41207683281507 0.434899427575791
8.41898368843719 0.463109486120347
8.4258905440593 0.490857907057594
8.43279739968141 0.518117030158078
8.43970425530352 0.544859682935072
8.44661111092563 0.571059207730697
8.45351796654774 0.596689488288859
8.46042482216985 0.621724975788493
8.46733167779196 0.646140714311208
8.47423853341407 0.669912365717855
8.48114538903618 0.693016233909332
8.48805224465829 0.715429288447372
8.4949591002804 0.737129187511781
8.50186595590251 0.758094300171248
8.50877281152462 0.778303727945528
8.51567966714673 0.797737325637518
8.52258652276884 0.816375721414398
8.52949337839095 0.834200336117917
8.53640023401307 0.851193401784495
8.54330708963518 0.867337979356716
8.55021394525729 0.882617975568548
8.5571208008794 0.897018158987462
8.56402765650151 0.910524175197461
8.57093451212362 0.92312256110786
8.57784136774573 0.934800758373598
8.58474822336784 0.945547125913667
8.59165507898995 0.955350951515195
8.59856193461206 0.964202462511612
8.60546879023417 0.972092835524256
8.61237564585628 0.979014205257714
8.61928250147839 0.98495967234011
8.6261893571005 0.989923310200557
8.63309621272261 0.993900170976888
8.64000306834472 0.996886290447793
8.64690992396683 0.998878691984444
8.65381677958895 0.999875389517657
8.66072363521105 0.999875389517657
8.66763049083317 0.998878691984444
8.67453734645528 0.996886290447793
8.68144420207739 0.993900170976888
8.6883510576995 0.989923310200557
8.69525791332161 0.98495967234011
8.70216476894372 0.979014205257714
8.70907162456583 0.972092835524256
8.71597848018794 0.964202462511612
8.72288533581005 0.955350951515195
8.72979219143216 0.945547125913667
8.73669904705427 0.934800758373598
8.74360590267638 0.92312256110786
8.75051275829849 0.910524175197461
8.7574196139206 0.897018158987462
8.76432646954271 0.882617975568548
8.77123332516482 0.867337979356716
8.77814018078693 0.851193401784495
8.78504703640905 0.834200336117918
8.79195389203116 0.816375721414398
8.79886074765327 0.797737325637518
8.80576760327538 0.778303727945528
8.81267445889749 0.758094300171248
8.8195813145196 0.737129187511781
8.82648817014171 0.715429288447372
8.83339502576382 0.693016233909332
8.84030188138593 0.669912365717855
8.84720873700804 0.646140714311209
8.85411559263015 0.621724975788493
8.86102244825226 0.596689488288859
8.86792930387437 0.571059207730697
8.87483615949648 0.544859682935072
8.88174301511859 0.518117030158078
8.8886498707407 0.490857907057594
8.89555672636281 0.463109486120347
8.90246358198493 0.434899427575791
8.90937043760704 0.406255851823786
8.91627729322914 0.377207311403579
8.92318414885126 0.347782762531984
8.93009100447337 0.31801153623924
8.93699786009548 0.287923309131167
8.94390471571759 0.257548073806896
8.9508115713397 0.226916108961588
8.95771842696181 0.196057949203975
8.96462528258392 0.165004354618803
8.97153213820603 0.133786280104482
8.97843899382814 0.102434844516615
8.98534584945025 0.0709812996480162
8.99225270507236 0.0394569990762518
8.99915956069447 0.007893366909712
9.00606641631658 -0.0236781335366265
9.01297327193869 -0.0552260311045119
9.0198801275608 -0.0867188781635478
9.02678698318291 -0.118125281958906
9.03369383880502 -0.14941393590426
9.04060069442714 -0.180553650788902
9.04750755004925 -0.21151338586782
9.05441440567136 -0.242262279803786
9.06132126129347 -0.272769681430607
9.06822811691558 -0.30300518030687
9.07513497253769 -0.332938637029759
9.0820418281598 -0.362540213278623
9.08894868378191 -0.391780401558493
9.09585553940402 -0.420630054613785
9.10276239502613 -0.449060414482922
9.10966925064824 -0.477043141164892
9.11657610627035 -0.504550340869174
9.12348296189246 -0.531554593820899
9.13038981751457 -0.558028981593439
9.13729667313668 -0.583947113941306
9.14420352875879 -0.609283155106517
9.1511103843809 -0.63401184957224
9.15801724000302 -0.658108547238039
9.16492409562512 -0.681549227991631
9.17183095124724 -0.70431052565267
9.17873780686935 -0.726369751264638
9.18564466249146 -0.747704915711708
9.19255151811357 -0.768294751637971
9.19945837373568 -0.788118734647193
9.20636522935779 -0.807157103761987
9.2132720849799 -0.825390881121974
9.22017894060201 -0.842801890901349
9.22708579622412 -0.859372777426911
9.23399265184623 -0.875087022478593
9.24089950746834 -0.88992896175518
9.24780636309045 -0.903883800488824
9.25471321871256 -0.916937628192789
9.26162007433467 -0.929077432527731
9.26852692995678 -0.940291112272677
9.27543378557889 -0.950567489387782
9.282340641201 -0.959896320156857
9.28924749682312 -0.968268305398507
9.29615435244523 -0.975675099735774
9.30306120806734 -0.982109319914981
9.30996806368945 -0.987564552165524
9.31687491931156 -0.992035358593258
9.32378177493367 -0.995517282601106
9.33068863055578 -0.998006853331493
9.33759548617789 -0.999501589126174
9.3445023418 -1
9.36020914045427 -0.999501589126174
9.37591593910854 -0.998006853331493
9.39162273776281 -0.995517282601106
9.40732953641709 -0.992035358593258
9.42303633507136 -0.987564552165524
9.43874313372563 -0.98210931991498
9.4544499323799 -0.975675099735773
9.47015673103417 -0.968268305398507
9.48586352968844 -0.959896320156857
9.50157032834271 -0.950567489387783
9.51727712699699 -0.940291112272675
9.53298392565126 -0.92907743252773
9.54869072430553 -0.916937628192788
9.5643975229598 -0.903883800488823
9.58010432161407 -0.88992896175518
9.59581112026834 -0.875087022478593
9.61151791892261 -0.859372777426912
9.62722471757689 -0.84280189090135
9.64293151623116 -0.825390881121976
9.65863831488543 -0.807157103761985
9.6743451135397 -0.788118734647192
9.69005191219397 -0.76829475163797
9.70575871084824 -0.747704915711708
9.72146550950251 -0.726369751264638
9.73717230815678 -0.704310525652671
9.75287910681106 -0.681549227991633
9.76858590546533 -0.658108547238037
9.7842927041196 -0.634011849572237
9.79999950277387 -0.609283155106515
9.81570630142814 -0.583947113941305
9.83141310008241 -0.558028981593439
9.84711989873668 -0.531554593820903
9.86282669739095 -0.504550340869179
9.87853349604523 -0.477043141164891
9.8942402946995 -0.449060414482922
9.90994709335377 -0.420630054613786
9.92565389200804 -0.391780401558495
9.94136069066231 -0.362540213278626
9.95706748931658 -0.332938637029763
9.97277428797085 -0.303005180306874
9.98848108662513 -0.272769681430604
10.0041878852794 -0.242262279803784
10.0198946839337 -0.21151338586782
10.0356014825879 -0.180553650788903
10.0513082812422 -0.149413935904262
10.0670150798965 -0.118125281958909
10.0827218785508 -0.0867188781635518
10.098428677205 -0.0552260311045093
10.1141354758593 -0.0236781335366252
10.1298422745136 0.00789336690971242
10.1455490731678 0.039456999076252
10.1612558718221 0.0709812996480151
10.1769626704764 0.102434844516613
10.1926694691307 0.133786280104478
10.2083762677849 0.165004354618799
10.2240830664392 0.196057949203977
10.2397898650935 0.22691610896159
10.2554966637477 0.257548073806896
10.271203462402 0.287923309131166
10.2869102610563 0.318011536239238
10.3026170597106 0.347782762531982
10.3183238583648 0.377207311403576
10.3340306570191 0.406255851823789
10.3497374556734 0.434899427575793
10.3654442543276 0.463109486120348
10.3811510529819 0.490857907057594
10.3968578516362 0.518117030158077
10.4125646502905 0.54485968293507
10.4282714489447 0.571059207730695
10.443978247599 0.596689488288856
10.4596850462533 0.621724975788495
10.4753918449075 0.64614071431121
10.4910986435618 0.669912365717855
10.5068054422161 0.693016233909332
10.5225122408704 0.715429288447372
10.5382190395246 0.737129187511779
10.5539258381789 0.758094300171246
10.5696326368332 0.77830372794553
10.5853394354874 0.79773732563752
10.6010462341417 0.8163757214144
10.616753032796 0.834200336117918
10.6324598314503 0.851193401784495
10.6481666301045 0.867337979356715
10.6638734287588 0.882617975568547
10.6795802274131 0.897018158987464
10.6952870260673 0.910524175197463
10.7109938247216 0.923122561107861
10.7267006233759 0.934800758373599
10.7424074220302 0.945547125913667
10.7581142206844 0.955350951515195
10.7738210193387 0.964202462511612
10.789527817993 0.972092835524257
10.8052346166472 0.979014205257715
10.8209414153015 0.984959672340111
10.8366482139558 0.989923310200557
10.8523550126101 0.993900170976888
10.8680618112643 0.996886290447793
10.8837686099186 0.998878691984444
10.8994754085729 0.999875389517657
10.9151822072271 0.999875389517657
10.9308890058814 0.998878691984444
10.9465958045357 0.996886290447793
10.9623026031899 0.993900170976888
10.9780094018442 0.989923310200557
10.9937162004985 0.984959672340111
11.0094229991528 0.979014205257715
11.025129797807 0.972092835524257
11.0408365964613 0.964202462511612
11.0565433951156 0.955350951515195
11.0722501937698 0.945547125913668
11.0879569924241 0.934800758373599
11.1036637910784 0.923122561107861
11.1193705897327 0.910524175197463
11.1350773883869 0.897018158987464
11.1507841870412 0.882617975568547
11.1664909856955 0.867337979356715
11.1821977843497 0.851193401784495
11.197904583004 0.834200336117918
11.2136113816583 0.8163757214144
11.2293181803126 0.79773732563752
11.2450249789668 0.77830372794553
11.2607317776211 0.758094300171246
11.2764385762754 0.737129187511779
11.2921453749296 0.715429288447372
11.3078521735839 0.693016233909332
11.3235589722382 0.669912365717855
11.3392657708925 0.64614071431121
11.3549725695467 0.621724975788495
11.370679368201 0.596689488288856
11.3863861668553 0.571059207730695
11.4020929655095 0.54485968293507
11.4177997641638 0.518117030158078
11.4335065628181 0.490857907057594
11.4492133614724 0.463109486120348
11.4649201601266 0.434899427575793
11.4806269587809 0.406255851823789
11.4963337574352 0.377207311403576
11.5120405560894 0.347782762531982
11.5277473547437 0.318011536239239
11.543454153398 0.287923309131166
11.5591609520523 0.257548073806896
11.5748677507065 0.22691610896159
11.5905745493608 0.196057949203977
11.6062813480151 0.165004354618799
11.6219881466693 0.133786280104478
11.6376949453236 0.102434844516613
11.6534017439779 0.0709812996480153
11.6691085426322 0.0394569990762518
11.6848153412864 0.00789336690971289
11.7005221399407 -0.0236781335366247
11.716228938595 -0.0552260311045093
11.7319357372492 -0.0867188781635514
11.7476425359035 -0.118125281958909
11.7633493345578 -0.149413935904261
11.7790561332121 -0.180553650788903
11.7947629318663 -0.21151338586782
11.8104697305206 -0.242262279803784
11.8261765291749 -0.272769681430601
11.8418833278291 -0.303005180306871
11.8575901264834 -0.332938637029759
11.8732969251377 -0.362540213278622
11.889003723792 -0.391780401558495
11.9047105224462 -0.420630054613783
11.9204173211005 -0.449060414482918
11.9361241197548 -0.477043141164888
11.951830918409 -0.504550340869176
11.9675377170633 -0.5315545938209
11.9832445157176 -0.558028981593439
11.9989513143719 -0.583947113941305
12.0146581130261 -0.609283155106515
12.0303649116804 -0.634011849572238
12.0460717103347 -0.658108547238036
12.0617785089889 -0.681549227991633
12.0774853076432 -0.704310525652671
12.0931921062975 -0.726369751264638
12.1088989049518 -0.747704915711708
12.124605703606 -0.76829475163797
12.1403125022603 -0.788118734647191
12.1560193009146 -0.807157103761985
12.1717260995688 -0.825390881121975
12.1874328982231 -0.84280189090135
12.2031396968774 -0.859372777426911
12.2188464955317 -0.875087022478593
12.2345532941859 -0.88992896175518
12.2502600928402 -0.903883800488823
12.2659668914945 -0.916937628192788
12.2816736901487 -0.92907743252773
12.297380488803 -0.940291112272675
12.3130872874573 -0.950567489387782
12.3287940861116 -0.959896320156857
12.3445008847658 -0.968268305398507
12.3602076834201 -0.975675099735773
12.3759144820744 -0.98210931991498
12.3916212807286 -0.987564552165524
12.4073280793829 -0.992035358593258
12.4230348780372 -0.995517282601106
12.4387416766915 -0.998006853331493
12.4544484753457 -0.999501589126174
12.470155274 -1
12.4874819957633 -0.999501589126174
12.5048087175266 -0.998006853331493
12.5221354392899 -0.995517282601106
12.5394621610533 -0.992035358593258
12.5567888828166 -0.987564552165524
12.5741156045799 -0.98210931991498
12.5914423263432 -0.975675099735773
12.6087690481065 -0.968268305398507
12.6260957698698 -0.959896320156857
12.6434224916332 -0.950567489387783
12.6607492133965 -0.940291112272676
12.6780759351598 -0.929077432527731
12.6954026569231 -0.916937628192789
12.7127293786864 -0.903883800488824
12.7300561004497 -0.88992896175518
12.7473828222131 -0.875087022478593
12.7647095439764 -0.859372777426912
12.7820362657397 -0.84280189090135
12.799362987503 -0.825390881121976
12.8166897092663 -0.807157103761986
12.8340164310296 -0.788118734647193
12.851343152793 -0.768294751637971
12.8686698745563 -0.74770491571171
12.8859965963196 -0.726369751264638
12.9033233180829 -0.704310525652671
12.9206500398462 -0.681549227991633
12.9379767616095 -0.658108547238037
12.9553034833729 -0.634011849572239
12.9726302051362 -0.609283155106517
12.9899569268995 -0.583947113941307
13.0072836486628 -0.558028981593441
13.0246103704261 -0.531554593820903
13.0419370921894 -0.504550340869179
13.0592638139528 -0.477043141164888
13.0765905357161 -0.449060414482919
13.0939172574794 -0.420630054613784
13.1112439792427 -0.391780401558493
13.128570701006 -0.362540213278625
13.1458974227693 -0.332938637029761
13.1632241445327 -0.303005180306874
13.180550866296 -0.272769681430604
13.1978775880593 -0.242262279803784
13.2152043098226 -0.211513385867818
13.2325310315859 -0.180553650788901
13.2498577533492 -0.14941393590426
13.2671844751126 -0.118125281958908
13.2845111968759 -0.0867188781635505
13.3018379186392 -0.0552260311045084
13.3191646404025 -0.0236781335366245
13.3364913621658 0.00789336690971242
13.3538180839291 0.0394569990762514
13.3711448056925 0.0709812996480142
13.3884715274558 0.102434844516615
13.4057982492191 0.13378628010448
13.4231249709824 0.1650043546188
13.4404516927457 0.196057949203978
13.457778414509 0.22691610896159
13.4751051362724 0.257548073806896
13.4924318580357 0.287923309131166
13.509758579799 0.318011536239237
13.5270853015623 0.347782762531981
13.5444120233256 0.377207311403577
13.5617387450889 0.40625585182379
13.5790654668523 0.434899427575794
13.5963921886156 0.463109486120348
13.6137189103789 0.490857907057594
13.6310456321422 0.518117030158077
13.6483723539055 0.54485968293507
13.6656990756688 0.571059207730694
13.6830257974322 0.596689488288855
13.7003525191955 0.621724975788494
13.7176792409588 0.646140714311211
13.7350059627221 0.669912365717856
13.7523326844854 0.693016233909332
13.7696594062487 0.715429288447371
13.7869861280121 0.737129187511779
13.8043128497754 0.758094300171245
13.8216395715387 0.778303727945529
13.838966293302 0.797737325637519
13.8562930150653 0.816375721414398
13.8736197368286 0.834200336117918
13.890946458592 0.851193401784495
13.9082731803553 0.867337979356715
13.9255999021186 0.882617975568547
13.9429266238819 0.897018158987464
13.9602533456452 0.910524175197462
13.9775800674085 0.92312256110786
13.9949067891719 0.934800758373598
14.0122335109352 0.945547125913667
14.0295602326985 0.955350951515195
14.0468869544618 0.964202462511611
14.0642136762251 0.972092835524257
14.0815403979884 0.979014205257715
14.0988671197518 0.984959672340111
14.1161938415151 0.989923310200557
14.1335205632784 0.993900170976888
14.1508472850417 0.996886290447793
14.168174006805 0.998878691984444
14.1855007285683 0.999875389517657
14.2028274503317 0.999875389517657
14.220154172095 0.998878691984444
14.2374808938583 0.996886290447793
14.2548076156216 0.993900170976888
14.2721343373849 0.989923310200557
14.2894610591482 0.984959672340111
14.3067877809116 0.979014205257715
14.3241145026749 0.972092835524257
14.3414412244382 0.964202462511612
14.3587679462015 0.955350951515195
14.3760946679648 0.945547125913667
14.3934213897281 0.934800758373598
14.4107481114915 0.923122561107861
14.4280748332548 0.910524175197462
14.4454015550181 0.897018158987464
14.4627282767814 0.882617975568547
14.4800549985447 0.867337979356715
14.497381720308 0.851193401784494
14.5147084420714 0.834200336117918
14.5320351638347 0.816375721414398
14.549361885598 0.797737325637519
14.5666886073613 0.77830372794553
14.5840153291246 0.758094300171245
14.6013420508879 0.737129187511779
14.6186687726513 0.715429288447372
14.6359954944146 0.693016233909332
14.6533222161779 0.669912365717856
14.6706489379412 0.646140714311211
14.6879756597045 0.621724975788494
14.7053023814678 0.596689488288858
14.7226291032312 0.571059207730694
14.7399558249945 0.54485968293507
14.7572825467578 0.518117030158078
14.7746092685211 0.490857907057594
14.7919359902844 0.463109486120348
14.8092627120477 0.434899427575794
14.8265894338111 0.40625585182379
14.8439161555744 0.377207311403575
14.8612428773377 0.347782762531984
14.878569599101 0.318011536239237
14.8958963208643 0.287923309131166
14.9132230426276 0.257548073806896
14.930549764391 0.22691610896159
14.9478764861543 0.196057949203979
14.9652032079176 0.165004354618801
14.9825299296809 0.13378628010448
14.9998566514442 0.102434844516611
15.0171833732075 0.070981299648018
15.0345100949709 0.0394569990762518
15.0518368167342 0.007893366909712
15.0691635384975 -0.0236781335366239
15.0864902602608 -0.0552260311045084
15.1038169820241 -0.0867188781635505
15.1211437037874 -0.118125281958908
15.1384704255508 -0.14941393590426
15.1557971473141 -0.180553650788904
15.1731238690774 -0.211513385867818
15.1904505908407 -0.242262279803784
15.207777312604 -0.272769681430604
15.2251040343673 -0.303005180306873
15.2424307561307 -0.332938637029762
15.259757477894 -0.362540213278625
15.2770841996573 -0.391780401558492
15.2944109214206 -0.420630054613784
15.3117376431839 -0.449060414482921
15.3290643649472 -0.477043141164889
15.3463910867106 -0.504550340869178
15.3637178084739 -0.531554593820903
15.3810445302372 -0.558028981593441
15.3983712520005 -0.583947113941306
15.4156979737638 -0.609283155106517
15.4330246955271 -0.634011849572238
15.4503514172905 -0.658108547238037
15.4676781390538 -0.681549227991635
15.4850048608171 -0.704310525652671
15.5023315825804 -0.726369751264641
15.5196583043437 -0.747704915711709
15.536985026107 -0.768294751637971
15.5543117478704 -0.788118734647193
15.5716384696337 -0.807157103761986
15.588965191397 -0.825390881121976
15.6062919131603 -0.842801890901351
15.6236186349236 -0.859372777426911
15.6409453566869 -0.875087022478593
15.6582720784503 -0.889928961755181
15.6755988002136 -0.903883800488823
15.6929255219769 -0.916937628192789
15.7102522437402 -0.929077432527731
15.7275789655035 -0.940291112272676
15.7449056872668 -0.950567489387783
15.7622324090302 -0.959896320156857
15.7795591307935 -0.968268305398507
15.7968858525568 -0.975675099735773
15.8142125743201 -0.982109319914981
15.8315392960834 -0.987564552165523
15.8488660178467 -0.992035358593258
15.8661927396101 -0.995517282601106
15.8835194613734 -0.998006853331493
15.9008461831367 -0.999501589126174
15.9181729049 -1
15.9352364265171 -0.999501589126174
15.9522999481342 -0.998006853331493
15.9693634697513 -0.995517282601106
15.9864269913683 -0.992035358593258
16.0034905129854 -0.987564552165524
16.0205540346025 -0.982109319914981
16.0376175562196 -0.975675099735774
16.0546810778367 -0.968268305398508
16.0717445994538 -0.959896320156857
16.0888081210709 -0.950567489387783
16.1058716426879 -0.940291112272675
16.122935164305 -0.92907743252773
16.1399986859221 -0.916937628192788
16.1570622075392 -0.903883800488822
16.1741257291563 -0.889928961755182
16.1911892507734 -0.875087022478595
16.2082527723905 -0.859372777426913
16.2253162940075 -0.842801890901351
16.2423798156246 -0.825390881121976
16.2594433372417 -0.807157103761985
16.2765068588588 -0.788118734647192
16.2935703804759 -0.768294751637969
16.310633902093 -0.747704915711707
16.32769742371 -0.726369751264642
16.3447609453271 -0.704310525652674
16.3618244669442 -0.681549227991635
16.3788879885613 -0.658108547238038
16.3959515101784 -0.634011849572239
16.4130150317955 -0.609283155106516
16.4300785534126 -0.583947113941305
16.4471420750296 -0.558028981593439
16.4642055966467 -0.531554593820899
16.4812691182638 -0.504550340869175
16.4983326398809 -0.477043141164892
16.515396161498 -0.449060414482922
16.5324596831151 -0.420630054613786
16.5495232047322 -0.391780401558494
16.5665867263492 -0.362540213278624
16.5836502479663 -0.33293863702976
16.6007137695834 -0.303005180306871
16.6177772912005 -0.272769681430601
16.6348408128176 -0.24226227980378
16.6519043344347 -0.211513385867822
16.6689678560518 -0.180553650788905
16.6860313776688 -0.149413935904262
16.7030948992859 -0.118125281958909
16.720158420903 -0.0867188781635512
16.7372219425201 -0.0552260311045077
16.7542854641372 -0.0236781335366228
16.7713489857543 0.00789336690971486
16.7884125073714 0.0394569990762551
16.8054760289884 0.0709812996480191
16.8225395506055 0.10243484451661
16.8396030722226 0.133786280104477
16.8566665938397 0.165004354618798
16.8737301154568 0.196057949203978
16.8907936370739 0.22691610896159
16.907857158691 0.257548073806897
16.924920680308 0.287923309131168
16.9419842019251 0.31801153623924
16.9590477235422 0.347782762531985
16.9761112451593 0.377207311403573
16.9931747667764 0.406255851823787
17.0102382883935 0.434899427575791
17.0273018100106 0.463109486120347
17.0443653316276 0.490857907057594
17.0614288532447 0.518117030158078
17.0784923748618 0.544859682935071
17.0955558964789 0.571059207730696
17.112619418096 0.596689488288858
17.1296829397131 0.621724975788493
17.1467464613301 0.646140714311207
17.1638099829472 0.669912365717854
17.1808735045643 0.693016233909331
17.1979370261814 0.715429288447371
17.2150005477985 0.737129187511779
17.2320640694156 0.758094300171246
17.2491275910327 0.778303727945531
17.2661911126498 0.79773732563752
17.2832546342668 0.816375721414401
17.3003181558839 0.834200336117919
17.317381677501 0.851193401784494
17.3344451991181 0.867337979356714
17.3515087207352 0.882617975568546
17.3685722423523 0.897018158987463
17.3856357639693 0.910524175197462
17.4026992855864 0.923122561107861
17.4197628072035 0.934800758373599
17.4368263288206 0.945547125913668
17.4538898504377 0.955350951515196
17.4709533720548 0.964202462511611
17.4880168936719 0.972092835524257
17.5050804152889 0.979014205257714
17.522143936906 0.98495967234011
17.5392074585231 0.989923310200557
17.5562709801402 0.993900170976888
17.5733345017573 0.996886290447793
17.5903980233744 0.998878691984444
17.6074615449915 0.999875389517657
17.6245250666085 0.999875389517657
17.6415885882256 0.998878691984444
17.6586521098427 0.996886290447793
17.6757156314598 0.993900170976888
17.6927791530769 0.989923310200557
17.709842674694 0.98495967234011
17.7269061963111 0.979014205257714
17.7439697179281 0.972092835524257
17.7610332395452 0.964202462511611
17.7780967611623 0.955350951515194
17.7951602827794 0.945547125913668
17.8122238043965 0.934800758373599
17.8292873260136 0.923122561107861
17.8463508476307 0.910524175197463
17.8634143692477 0.897018158987464
17.8804778908648 0.882617975568547
17.8975414124819 0.867337979356714
17.914604934099 0.851193401784493
17.9316684557161 0.83420033611792
17.9487319773332 0.816375721414401
17.9657954989502 0.797737325637521
17.9828590205673 0.778303727945531
17.9999225421844 0.758094300171246
18.0169860638015 0.737129187511779
18.0340495854186 0.715429288447371
18.0511131070357 0.693016233909331
18.0681766286528 0.669912365717854
18.0852401502698 0.646140714311213
18.1023036718869 0.621724975788493
18.119367193504 0.596689488288858
18.1364307151211 0.571059207730696
18.1534942367382 0.544859682935072
18.1705577583553 0.518117030158078
18.1876212799724 0.490857907057594
18.2046848015894 0.463109486120348
18.2217483232065 0.434899427575792
18.2388118448236 0.406255851823787
18.2558753664407 0.377207311403573
18.2729388880578 0.347782762531986
18.2900024096749 0.31801153623924
18.307065931292 0.287923309131168
18.324129452909 0.257548073806897
18.3411929745261 0.22691610896159
18.3582564961432 0.196057949203977
18.3753200177603 0.165004354618798
18.3923835393774 0.133786280104478
18.4094470609945 0.102434844516611
18.4265105826116 0.0709812996480189
18.4435741042286 0.0394569990762554
18.4606376258457 0.00789336690971555
18.4777011474628 -0.023678133536623
18.4947646690799 -0.0552260311045066
18.511828190697 -0.0867188781635514
18.5288917123141 -0.118125281958908
18.5459552339312 -0.149413935904262
18.5630187555482 -0.180553650788904
18.5800822771653 -0.211513385867815
18.5971457987824 -0.242262279803786
18.6142093203995 -0.272769681430601
18.6312728420166 -0.303005180306871
18.6483363636337 -0.33293863702976
18.6653998852508 -0.362540213278624
18.6824634068678 -0.391780401558494
18.6995269284849 -0.420630054613785
18.716590450102 -0.449060414482922
18.7336539717191 -0.477043141164892
18.7507174933362 -0.504550340869174
18.7677810149533 -0.531554593820899
18.7848445365704 -0.558028981593438
18.8019080581874 -0.583947113941305
18.8189715798045 -0.609283155106516
18.8360351014216 -0.634011849572239
18.8530986230387 -0.658108547238038
18.8701621446558 -0.681549227991635
18.8872256662729 -0.704310525652669
18.90428918789 -0.726369751264641
18.921352709507 -0.747704915711707
18.9384162311241 -0.768294751637969
18.9554797527412 -0.788118734647191
18.9725432743583 -0.807157103761985
18.9896067959754 -0.825390881121976
19.0066703175925 -0.842801890901351
19.0237338392095 -0.859372777426912
19.0407973608266 -0.875087022478594
19.0578608824437 -0.889928961755181
19.0749244040608 -0.903883800488822
19.0919879256779 -0.91693762819279
19.109051447295 -0.92907743252773
19.1261149689121 -0.940291112272675
19.1431784905291 -0.950567489387783
19.1602420121462 -0.959896320156857
19.1773055337633 -0.968268305398508
19.1943690553804 -0.975675099735774
19.2114325769975 -0.982109319914981
19.2284960986146 -0.987564552165524
19.2455596202317 -0.992035358593258
19.2626231418487 -0.995517282601106
19.2796866634658 -0.998006853331493
19.2967501850829 -0.999501589126174
19.3138137067 -1
19.3204538155497 -0.999501589126174
19.3270939243995 -0.998006853331493
19.3337340332492 -0.995517282601106
19.340374142099 -0.992035358593258
19.3470142509487 -0.987564552165524
19.3536543597985 -0.982109319914979
19.3602944686482 -0.975675099735773
19.366934577498 -0.968268305398507
19.3735746863477 -0.959896320156858
19.3802147951975 -0.95056748938778
19.3868549040472 -0.940291112272674
19.393495012897 -0.929077432527731
19.4001351217467 -0.916937628192791
19.4067752305965 -0.90388380048882
19.4134153394462 -0.889928961755179
19.420055448296 -0.875087022478594
19.4266955571457 -0.859372777426914
19.4333356659955 -0.842801890901346
19.4399757748452 -0.825390881121974
19.446615883695 -0.807157103761986
19.4532559925447 -0.788118734647195
19.4598961013945 -0.768294751637966
19.4665362102442 -0.747704915711707
19.473176319094 -0.72636975126464
19.4798164279437 -0.704310525652675
19.4864565367935 -0.681549227991628
19.4930966456432 -0.658108547238035
19.499736754493 -0.634011849572239
19.5063768633427 -0.609283155106521
19.5130169721925 -0.5839471139413
19.5196570810422 -0.558028981593437
19.526297189892 -0.531554593820902
19.5329372987417 -0.504550340869182
19.5395774075915 -0.477043141164883
19.5462175164412 -0.449060414482917
19.552857625291 -0.420630054613785
19.5594977341407 -0.391780401558498
19.5661378429905 -0.362540213278618
19.5727779518402 -0.332938637029758
19.5794180606899 -0.303005180306874
19.5860581695397 -0.272769681430608
19.5926982783894 -0.242262279803776
19.5993383872392 -0.211513385867816
19.6059784960889 -0.180553650788903
19.6126186049387 -0.149413935904266
19.6192587137884 -0.118125281958901
19.6258988226382 -0.0867188781635476
19.6325389314879 -0.0552260311045093
19.6391790403377 -0.0236781335366294
19.6458191491874 0.00789336690972042
19.6524592580372 0.0394569990762558
19.6590993668869 0.0709812996480147
19.6657394757367 0.102434844516608
19.6723795845864 0.133786280104486
19.6790196934362 0.165004354618802
19.6856598022859 0.196057949203977
19.6922999111357 0.226916108961585
19.6989400199854 0.257548073806904
19.7055801288352 0.287923309131169
19.7122202376849 0.318011536239237
19.7188603465347 0.347782762531977
19.7255004553844 0.377207311403582
19.7321405642342 0.406255851823791
19.7387806730839 0.434899427575792
19.7454207819337 0.463109486120343
19.7520608907834 0.4908579070576
19.7587009996332 0.51811703015808
19.7653411084829 0.544859682935069
19.7719812173327 0.57105920773069
19.7786213261824 0.596689488288862
19.7852614350322 0.621724975788497
19.7919015438819 0.646140714311209
19.7985416527317 0.669912365717851
19.8051817615814 0.693016233909337
19.8118218704312 0.715429288447373
19.8184619792809 0.737129187511778
19.8251020881307 0.758094300171242
19.8317421969804 0.778303727945534
19.8383823058302 0.797737325637521
19.8450224146799 0.816375721414398
19.8516625235296 0.834200336117914
19.8583026323794 0.851193401784498
19.8649427412291 0.867337979356716
19.8715828500789 0.882617975568546
19.8782229589286 0.897018158987461
19.8848630677784 0.910524175197465
19.8915031766281 0.923122561107862
19.8981432854779 0.934800758373598
19.9047833943276 0.945547125913665
19.9114235031774 0.955350951515197
19.9180636120271 0.964202462511612
19.9247037208769 0.972092835524257
19.9313438297266 0.979014205257713
19.9379839385764 0.984959672340112
19.9446240474261 0.989923310200557
19.9512641562759 0.993900170976888
19.9579042651256 0.996886290447793
19.9645443739754 0.998878691984444
19.9711844828251 0.999875389517657
19.9778245916749 0.999875389517657
19.9844647005246 0.998878691984444
19.9911048093744 0.996886290447793
19.9977449182241 0.993900170976888
20.0043850270739 0.989923310200557
20.0110251359236 0.984959672340112
20.0176652447734 0.979014205257713
20.0243053536231 0.972092835524257
20.0309454624729 0.964202462511612
20.0375855713226 0.955350951515197
20.0442256801724 0.945547125913665
20.0508657890221 0.934800758373598
20.0575058978719 0.923122561107862
20.0641460067216 0.910524175197465
20.0707861155714 0.897018158987461
20.0774262244211 0.882617975568546
20.0840663332709 0.867337979356716
20.0907064421206 0.851193401784498
20.0973465509704 0.834200336117914
20.1039866598201 0.816375721414398
20.1106267686698 0.797737325637521
20.1172668775196 0.778303727945534
20.1239069863693 0.758094300171242
20.1305470952191 0.737129187511778
20.1371872040688 0.715429288447373
20.1438273129186 0.693016233909337
20.1504674217683 0.669912365717851
20.1571075306181 0.646140714311209
20.1637476394678 0.621724975788497
20.1703877483176 0.596689488288862
20.1770278571673 0.571059207730691
20.1836679660171 0.544859682935069
20.1903080748668 0.51811703015808
20.1969481837166 0.4908579070576
20.2035882925663 0.463109486120343
20.2102284014161 0.434899427575792
20.2168685102658 0.406255851823792
20.2235086191156 0.377207311403583
20.2301487279653 0.347782762531977
20.2367888368151 0.318011536239238
20.2434289456648 0.287923309131169
20.2500690545146 0.257548073806904
20.2567091633643 0.226916108961585
20.2633492722141 0.196057949203977
20.2699893810638 0.165004354618802
20.2766294899136 0.133786280104487
20.2832695987633 0.102434844516608
20.2899097076131 0.0709812996480153
20.2965498164628 0.0394569990762563
20.3031899253126 0.00789336690972088
20.3098300341623 -0.0236781335366292
20.3164701430121 -0.0552260311045084
20.3231102518618 -0.0867188781635478
20.3297503607116 -0.1181252819589
20.3363904695613 -0.149413935904266
20.3430305784111 -0.180553650788903
20.3496706872608 -0.211513385867816
20.3563107961106 -0.242262279803775
20.3629509049603 -0.272769681430608
20.3695910138101 -0.303005180306873
20.3762311226598 -0.332938637029758
20.3828712315095 -0.362540213278617
20.3895113403593 -0.391780401558498
20.396151449209 -0.420630054613784
20.4027915580588 -0.449060414482917
20.4094316669085 -0.477043141164883
20.4160717757583 -0.504550340869181
20.422711884608 -0.531554593820902
20.4293519934578 -0.558028981593437
20.4359921023075 -0.583947113941299
20.4426322111573 -0.60928315510652
20.449272320007 -0.634011849572239
20.4559124288568 -0.658108547238035
20.4625525377065 -0.68154922799164
20.4691926465563 -0.704310525652676
20.475832755406 -0.726369751264639
20.4824728642558 -0.747704915711706
20.4891129731055 -0.768294751637965
20.4957530819553 -0.788118734647195
20.502393190805 -0.807157103761985
20.5090332996548 -0.825390881121974
20.5156734085045 -0.842801890901355
20.5223135173543 -0.859372777426914
20.528953626204 -0.875087022478594
20.5355937350538 -0.889928961755179
20.5422338439035 -0.90388380048882
20.5488739527533 -0.916937628192791
20.555514061603 -0.92907743252773
20.5621541704528 -0.940291112272674
20.5687942793025 -0.950567489387786
20.5754343881523 -0.959896320156858
20.582074497002 -0.968268305398507
20.5887146058518 -0.975675099735773
20.5953547147015 -0.982109319914979
20.6019948235513 -0.987564552165524
20.608634932401 -0.992035358593258
20.6152750412508 -0.995517282601106
20.6219151501005 -0.998006853331493
20.6285552589503 -0.999501589126174
20.6351953678 -1
20.6516837046256 -0.999501589126174
20.6681720414513 -0.998006853331494
20.6846603782769 -0.995517282601106
20.7011487151025 -0.992035358593257
20.7176370519281 -0.987564552165523
20.7341253887538 -0.98210931991498
20.7506137255794 -0.975675099735773
20.767102062405 -0.968268305398507
20.7835903992307 -0.959896320156857
20.8000787360563 -0.950567489387783
20.8165670728819 -0.940291112272677
20.8330554097075 -0.929077432527729
20.8495437465332 -0.916937628192788
20.8660320833588 -0.903883800488823
20.8825204201844 -0.88992896175518
20.8990087570101 -0.875087022478594
20.9154970938357 -0.859372777426913
20.9319854306613 -0.842801890901352
20.9484737674869 -0.825390881121978
20.9649621043126 -0.807157103761984
20.9814504411382 -0.788118734647191
20.9979387779638 -0.76829475163797
21.0144271147894 -0.747704915711709
21.0309154516151 -0.72636975126464
21.0474037884407 -0.704310525652673
21.0638921252663 -0.681549227991636
21.080380462092 -0.658108547238035
21.0968687989176 -0.634011849572237
21.1133571357432 -0.609283155106516
21.1298454725688 -0.583947113941306
21.1463338093945 -0.55802898159344
21.1628221462201 -0.531554593820903
21.1793104830457 -0.504550340869179
21.1957988198714 -0.477043141164892
21.212287156697 -0.449060414482918
21.2287754935226 -0.420630054613783
21.2452638303482 -0.391780401558492
21.2617521671739 -0.362540213278624
21.2782405039995 -0.332938637029762
21.2947288408251 -0.303005180306874
21.3112171776508 -0.272769681430606
21.3277055144764 -0.24226227980378
21.344193851302 -0.211513385867816
21.3606821881276 -0.180553650788901
21.3771705249533 -0.14941393590426
21.3936588617789 -0.118125281958908
21.4101471986045 -0.0867188781635518
21.4266355354302 -0.0552260311045102
21.4431238722558 -0.0236781335366268
21.4596122090814 0.0078933669097162
21.476100545907 0.0394569990762549
21.4925888827327 0.0709812996480171
21.5090772195583 0.102434844516614
21.5255655563839 0.133786280104479
21.5420538932095 0.165004354618798
21.5585422300352 0.196057949203976
21.5750305668608 0.226916108961587
21.5915189036864 0.257548073806899
21.6080072405121 0.287923309131168
21.6244955773377 0.318011536239239
21.6409839141633 0.347782762531983
21.6574722509889 0.377207311403575
21.6739605878146 0.406255851823787
21.6904489246402 0.434899427575791
21.7069372614658 0.463109486120351
21.7234255982915 0.490857907057596
21.7399139351171 0.518117030158079
21.7564022719427 0.544859682935071
21.7728906087683 0.571059207730694
21.789378945594 0.596689488288855
21.8058672824196 0.621724975788494
21.8223556192452 0.646140714311207
21.8388439560709 0.669912365717852
21.8553322928965 0.693016233909333
21.8718206297221 0.715429288447372
21.8883089665477 0.737129187511779
21.9047973033734 0.758094300171245
21.921285640199 0.778303727945529
21.9377739770246 0.797737325637518
21.9542623138503 0.816375721414397
21.9707506506759 0.834200336117919
21.9872389875015 0.851193401784495
22.0037273243271 0.867337979356715
22.0202156611528 0.882617975568547
22.0367039979784 0.897018158987463
22.053192334804 0.910524175197462
22.0696806716296 0.92312256110786
22.0861690084553 0.934800758373597
22.1026573452809 0.945547125913668
22.1191456821065 0.955350951515195
22.1356340189322 0.964202462511612
22.1521223557578 0.972092835524257
22.1686106925834 0.979014205257714
22.185099029409 0.98495967234011
22.2015873662347 0.989923310200557
22.2180757030603 0.993900170976888
22.2345640398859 0.996886290447793
22.2510523767116 0.998878691984444
22.2675407135372 0.999875389517657
22.2840290503628 0.999875389517657
22.3005173871884 0.998878691984444
22.3170057240141 0.996886290447793
22.3334940608397 0.993900170976888
22.3499823976653 0.989923310200557
22.366470734491 0.98495967234011
22.3829590713166 0.979014205257714
22.3994474081422 0.972092835524257
22.4159357449678 0.964202462511612
22.4324240817935 0.955350951515195
22.4489124186191 0.945547125913668
22.4654007554447 0.934800758373597
22.4818890922704 0.92312256110786
22.498377429096 0.910524175197462
22.5148657659216 0.897018158987463
22.5313541027472 0.882617975568547
22.5478424395729 0.867337979356715
22.5643307763985 0.851193401784496
22.5808191132241 0.834200336117919
22.5973074500498 0.816375721414397
22.6137957868754 0.797737325637518
22.630284123701 0.778303727945529
22.6467724605266 0.758094300171245
22.6632607973523 0.737129187511779
22.6797491341779 0.715429288447372
22.6962374710035 0.693016233909334
22.7127258078291 0.669912365717858
22.7292141446548 0.646140714311207
22.7457024814804 0.621724975788494
22.762190818306 0.596689488288855
22.7786791551317 0.571059207730695
22.7951674919573 0.544859682935071
22.8116558287829 0.518117030158079
22.8281441656085 0.490857907057596
22.8446325024342 0.463109486120345
22.8611208392598 0.434899427575791
22.8776091760854 0.406255851823788
22.8940975129111 0.377207311403576
22.9105858497367 0.347782762531983
22.9270741865623 0.31801153623924
22.9435625233879 0.287923309131168
22.9600508602136 0.2575480738069
22.9765391970392 0.226916108961587
22.9930275338648 0.196057949203976
23.0095158706905 0.165004354618798
23.0260042075161 0.133786280104479
23.0424925443417 0.102434844516614
23.0589808811673 0.0709812996480171
23.075469217993 0.0394569990762554
23.0919575548186 0.00789336690971644
23.1084458916442 -0.0236781335366265
23.1249342284699 -0.0552260311045101
23.1414225652955 -0.0867188781635514
23.1579109021211 -0.118125281958908
23.1743992389467 -0.14941393590426
23.1908875757724 -0.1805536507889
23.207375912598 -0.211513385867817
23.2238642494236 -0.242262279803779
23.2403525862492 -0.272769681430605
23.2568409230749 -0.303005180306874
23.2733292599005 -0.332938637029761
23.2898175967261 -0.362540213278624
23.3063059335518 -0.391780401558492
23.3227942703774 -0.420630054613782
23.339282607203 -0.449060414482917
23.3557709440286 -0.477043141164886
23.3722592808543 -0.504550340869178
23.3887476176799 -0.531554593820902
23.4052359545055 -0.558028981593439
23.4217242913312 -0.583947113941306
23.4382126281568 -0.609283155106516
23.4547009649824 -0.634011849572237
23.471189301808 -0.658108547238035
23.4876776386337 -0.681549227991636
23.5041659754593 -0.704310525652673
23.5206543122849 -0.72636975126464
23.5371426491106 -0.747704915711709
23.5536309859362 -0.76829475163797
23.5701193227618 -0.788118734647191
23.5866076595874 -0.807157103761984
23.6030959964131 -0.825390881121978
23.6195843332387 -0.842801890901352
23.6360726700643 -0.859372777426912
23.65256100689 -0.875087022478594
23.6690493437156 -0.88992896175518
23.6855376805412 -0.903883800488823
23.7020260173668 -0.916937628192788
23.7185143541925 -0.929077432527732
23.7350026910181 -0.940291112272676
23.7514910278437 -0.950567489387784
23.7679793646693 -0.959896320156858
23.784467701495 -0.968268305398507
23.8009560383206 -0.975675099735774
23.8174443751462 -0.98210931991498
23.8339327119719 -0.987564552165523
23.8504210487975 -0.992035358593258
23.8669093856231 -0.995517282601106
23.8833977224487 -0.998006853331493
23.8998860592744 -0.999501589126174
23.9163743961 -1
23.9318700021498 -0.999501589126174
23.9473656081995 -0.998006853331493
23.9628612142492 -0.995517282601106
23.978356820299 -0.992035358593258
23.9938524263487 -0.987564552165523
24.0093480323985 -0.982109319914981
24.0248436384482 -0.975675099735773
24.040339244498 -0.968268305398508
24.0558348505477 -0.959896320156856
24.0713304565975 -0.950567489387783
24.0868260626472 -0.940291112272675
24.102321668697 -0.929077432527731
24.1178172747467 -0.916937628192788
24.1333128807965 -0.903883800488825
24.1488084868462 -0.88992896175518
24.164304092896 -0.875087022478595
24.1797996989457 -0.859372777426912
24.1952953049955 -0.842801890901353
24.2107909110452 -0.825390881121976
24.226286517095 -0.807157103761983
24.2417821231447 -0.788118734647193
24.2572777291945 -0.768294751637969
24.2727733352442 -0.74770491571171
24.288268941294 -0.726369751264638
24.3037645473437 -0.704310525652673
24.3192601533935 -0.681549227991632
24.3347557594432 -0.658108547238039
24.350251365493 -0.634011849572237
24.3657469715427 -0.609283155106518
24.3812425775925 -0.583947113941305
24.3967381836422 -0.558028981593442
24.412233789692 -0.531554593820901
24.4277293957417 -0.50455034086918
24.4432250017915 -0.477043141164889
24.4587206078412 -0.449060414482923
24.474216213891 -0.420630054613784
24.4897118199407 -0.39178040155849
24.5052074259905 -0.362540213278625
24.5207030320402 -0.332938637029758
24.5361986380899 -0.303005180306874
24.5516942441397 -0.2727696814306
24.5671898501894 -0.242262279803784
24.5826854562392 -0.211513385867817
24.5981810622889 -0.180553650788904
24.6136766683387 -0.149413935904259
24.6291722743884 -0.11812528195891
24.6446678804382 -0.0867188781635494
24.6601634864879 -0.0552260311045106
24.6756590925377 -0.023678133536623
24.6911546985874 0.00789336690971065
24.7066503046372 0.0394569990762534
24.7221459106869 0.0709812996480127
24.7376415167367 0.102434844516614
24.7531371227864 0.133786280104476
24.7686327288362 0.165004354618799
24.7841283348859 0.196057949203981
24.7996239409357 0.22691610896159
24.8151195469854 0.257548073806899
24.8306151530352 0.287923309131165
24.8461107590849 0.31801153623924
24.8616063651347 0.347782762531981
24.8771019711844 0.377207311403578
24.8925975772342 0.406255851823787
24.9080931832839 0.434899427575795
24.9235887893337 0.463109486120346
24.9390843953834 0.490857907057595
24.9545800014332 0.518117030158075
24.9700756074829 0.544859682935071
24.9855712135327 0.571059207730692
25.0010668195824 0.596689488288856
25.0165624256322 0.621724975788493
25.0320580316819 0.64614071431121
25.0475536377317 0.669912365717858
25.0630492437814 0.693016233909331
25.0785448498312 0.715429288447373
25.0940404558809 0.737129187511779
25.1095360619307 0.758094300171247
25.1250316679804 0.778303727945529
25.1405272740302 0.797737325637521
25.1560228800799 0.816375721414398
25.1715184861296 0.834200336117918
25.1870140921794 0.851193401784494
25.2025096982291 0.867337979356715
25.2180053042789 0.882617975568546
25.2335009103286 0.897018158987464
25.2489965163784 0.910524175197461
25.2644921224281 0.923122561107861
25.2799877284779 0.934800758373597
25.2954833345276 0.945547125913667
25.3109789405774 0.955350951515194
25.3264745466271 0.964202462511612
25.3419701526769 0.972092835524258
25.3574657587266 0.979014205257714
25.3729613647764 0.984959672340111
25.3884569708261 0.989923310200557
25.4039525768759 0.993900170976888
25.4194481829256 0.996886290447793
25.4349437889754 0.998878691984444
25.4504393950251 0.999875389517657
25.4659350010749 0.999875389517657
25.4814306071246 0.998878691984444
25.4969262131744 0.996886290447793
25.5124218192241 0.993900170976888
25.5279174252739 0.989923310200557
25.5434130313236 0.984959672340111
25.5589086373734 0.979014205257714
25.5744042434231 0.972092835524256
25.5898998494729 0.964202462511612
25.6053954555226 0.955350951515194
25.6208910615724 0.945547125913667
25.6363866676221 0.934800758373597
25.6518822736719 0.923122561107861
25.6673778797216 0.910524175197461
25.6828734857714 0.897018158987464
25.6983690918211 0.882617975568546
25.7138646978709 0.867337979356716
25.7293603039206 0.851193401784493
25.7448559099704 0.834200336117919
25.7603515160201 0.816375721414398
25.7758471220698 0.797737325637521
25.7913427281196 0.778303727945529
25.8068383341693 0.758094300171247
25.8223339402191 0.737129187511779
25.8378295462688 0.715429288447374
25.8533251523186 0.693016233909332
25.8688207583683 0.669912365717853
25.8843163644181 0.64614071431121
25.8998119704678 0.621724975788493
25.9153075765176 0.596689488288856
25.9308031825673 0.571059207730693
25.9462987886171 0.544859682935071
25.9617943946668 0.518117030158076
25.9772900007166 0.490857907057595
25.9927856067663 0.463109486120346
26.0082812128161 0.434899427575795
26.0237768188658 0.406255851823788
26.0392724249156 0.377207311403578
26.0547680309653 0.347782762531982
26.0702636370151 0.318011536239241
26.0857592430648 0.287923309131166
26.1012548491146 0.2575480738069
26.1167504551643 0.22691610896159
26.1322460612141 0.196057949203982
26.1477416672638 0.165004354618799
26.1632372733136 0.133786280104476
26.1787328793633 0.102434844516614
26.1942284854131 0.0709812996480198
26.2097240914628 0.0394569990762536
26.2252196975126 0.00789336690971022
26.2407153035623 -0.023678133536623
26.2562109096121 -0.0552260311045101
26.2717065156618 -0.0867188781635496
26.2872021217116 -0.11812528195891
26.3026977277613 -0.149413935904259
26.3181933338111 -0.180553650788904
26.3336889398608 -0.211513385867817
26.3491845459106 -0.242262279803784
26.3646801519603 -0.272769681430601
26.3801757580101 -0.303005180306873
26.3956713640598 -0.332938637029758
26.4111669701095 -0.362540213278625
26.4266625761593 -0.39178040155849
26.442158182209 -0.420630054613784
26.4576537882588 -0.449060414482923
26.4731493943085 -0.477043141164889
26.4886450003583 -0.50455034086918
26.504140606408 -0.531554593820901
26.5196362124578 -0.558028981593442
26.5351318185075 -0.583947113941305
26.5506274245573 -0.609283155106519
26.566123030607 -0.634011849572238
26.5816186366568 -0.658108547238039
26.5971142427065 -0.681549227991633
26.6126098487563 -0.704310525652673
26.628105454806 -0.726369751264638
26.6436010608558 -0.74770491571171
26.6590966669055 -0.768294751637969
26.6745922729553 -0.788118734647193
26.690087879005 -0.807157103761987
26.7055834850548 -0.825390881121976
26.7210790911045 -0.842801890901348
26.7365746971543 -0.859372777426911
26.752070303204 -0.875087022478595
26.7675659092538 -0.88992896175518
26.7830615153035 -0.903883800488824
26.7985571213533 -0.916937628192788
26.814052727403 -0.929077432527731
26.8295483334528 -0.940291112272675
26.8450439395025 -0.950567489387784
26.8605395455523 -0.959896320156856
26.876035151602 -0.968268305398508
26.8915307576518 -0.975675099735773
26.9070263637015 -0.982109319914981
26.9225219697513 -0.987564552165523
26.938017575801 -0.992035358593258
26.9535131818508 -0.995517282601106
26.9690087879005 -0.998006853331493
26.9845043939502 -0.999501589126174
27 -1
