0 -1
0.00762926832763819 -0.999501589126174
0.0152585366552764 -0.998006853331493
0.0228878049829146 -0.995517282601106
0.0305170733105528 -0.992035358593258
0.038146341638191 -0.987564552165524
0.0457756099658291 -0.98210931991498
0.0534048782934673 -0.975675099735774
0.0610341466211055 -0.968268305398507
0.0686634149487437 -0.959896320156857
0.0762926832763819 -0.950567489387783
0.0839219516040201 -0.940291112272676
0.0915512199316583 -0.929077432527731
0.0991804882592965 -0.916937628192789
0.106809756586935 -0.903883800488824
0.114439024914573 -0.88992896175518
0.122068293242211 -0.875087022478594
0.129697561569849 -0.859372777426912
0.137326829897487 -0.842801890901351
0.144956098225126 -0.825390881121976
0.152585366552764 -0.807157103761985
0.160214634880402 -0.788118734647192
0.16784390320804 -0.768294751637971
0.175473171535678 -0.747704915711709
0.183102439863317 -0.726369751264639
0.190731708190955 -0.704310525652672
0.198360976518593 -0.681549227991634
0.205990244846231 -0.658108547238038
0.213619513173869 -0.634011849572239
0.221248781501508 -0.609283155106517
0.228878049829146 -0.583947113941306
0.236507318156784 -0.55802898159344
0.244136586484422 -0.531554593820901
0.25176585481206 -0.504550340869177
0.259395123139698 -0.47704314116489
0.267024391467337 -0.44906041448292
0.274653659794975 -0.420630054613784
0.282282928122613 -0.391780401558493
0.289912196450251 -0.362540213278625
0.297541464777889 -0.332938637029761
0.305170733105528 -0.303005180306873
0.312800001433166 -0.272769681430603
0.320429269760804 -0.242262279803783
0.328058538088442 -0.211513385867819
0.33568780641608 -0.180553650788902
0.343317074743719 -0.149413935904261
0.350946343071357 -0.118125281958908
0.358575611398995 -0.0867188781635509
0.366204879726633 -0.0552260311045079
0.373834148054271 -0.0236781335366241
0.38146341638191 0.00789336690971309
0.389092684709548 0.0394569990762529
0.396721953037186 0.0709812996480158
0.404351221364824 0.102434844516613
0.411980489692462 0.133786280104479
0.419609758020101 0.165004354618799
0.427239026347739 0.196057949203978
0.434868294675377 0.22691610896159
0.442497563003015 0.257548073806897
0.450126831330653 0.287923309131166
0.457756099658291 0.318011536239238
0.46538536798593 0.347782762531982
0.473014636313568 0.377207311403576
0.480643904641206 0.406255851823789
0.488273172968844 0.434899427575793
0.495902441296482 0.463109486120348
0.503531709624121 0.490857907057594
0.511160977951759 0.518117030158078
0.518790246279397 0.54485968293507
0.526419514607035 0.571059207730695
0.534048782934673 0.596689488288856
0.541678051262312 0.621724975788495
0.54930731958995 0.64614071431121
0.556936587917588 0.669912365717855
0.564565856245226 0.693016233909332
0.572195124572864 0.715429288447371
0.579824392900502 0.737129187511779
0.587453661228141 0.758094300171245
0.595082929555779 0.77830372794553
0.602712197883417 0.797737325637519
0.610341466211055 0.816375721414399
0.617970734538693 0.834200336117917
0.625600002866332 0.851193401784495
0.63322927119397 0.867337979356715
0.640858539521608 0.882617975568547
0.648487807849246 0.897018158987464
0.656117076176884 0.910524175197462
0.663746344504523 0.923122561107861
0.671375612832161 0.934800758373598
0.679004881159799 0.945547125913667
0.686634149487437 0.955350951515195
0.694263417815075 0.964202462511612
0.701892686142714 0.972092835524257
0.709521954470352 0.979014205257715
0.71715122279799 0.98495967234011
0.724780491125628 0.989923310200557
0.732409759453266 0.993900170976888
0.740039027780904 0.996886290447793
0.747668296108543 0.998878691984444
0.755297564436181 0.999875389517657
0.762926832763819 0.999875389517657
0.770556101091457 0.998878691984444
0.778185369419096 0.996886290447793
0.785814637746734 0.993900170976888
0.793443906074372 0.989923310200557
0.80107317440201 0.984959672340111
0.808702442729648 0.979014205257715
0.816331711057286 0.972092835524257
0.823960979384925 0.964202462511612
0.831590247712563 0.955350951515195
0.839219516040201 0.945547125913667
0.846848784367839 0.934800758373598
0.854478052695477 0.923122561107861
0.862107321023116 0.910524175197462
0.869736589350754 0.897018158987464
0.877365857678392 0.882617975568547
0.88499512600603 0.867337979356715
0.892624394333668 0.851193401784495
0.900253662661306 0.834200336117918
0.907882930988945 0.816375721414399
0.915512199316583 0.797737325637519
0.923141467644221 0.77830372794553
0.930770735971859 0.758094300171246
0.938400004299498 0.737129187511779
0.946029272627136 0.715429288447372
0.953658540954774 0.693016233909332
0.961287809282412 0.669912365717855
0.96891707761005 0.646140714311209
0.976546345937688 0.621724975788495
0.984175614265327 0.596689488288856
0.991804882592965 0.571059207730695
0.999434150920603 0.544859682935071
1.00706341924824 0.518117030158077
1.01469268757588 0.490857907057595
1.02232195590352 0.463109486120348
1.02995122423116 0.434899427575793
1.03758049255879 0.40625585182379
1.04520976088643 0.377207311403576
1.05283902921407 0.347782762531982
1.06046829754171 0.318011536239239
1.06809756586935 0.287923309131167
1.07572683419699 0.257548073806896
1.08335610252462 0.22691610896159
1.09098537085226 0.196057949203979
1.0986146391799 0.165004354618799
1.10624390750754 0.133786280104479
1.11387317583518 0.102434844516613
1.12150244416281 0.0709812996480162
1.12913171249045 0.0394569990762527
1.13676098081809 0.00789336690971378
1.14439024914573 -0.023678133536623
1.15201951747337 -0.0552260311045084
1.159648785801 -0.0867188781635505
1.16727805412864 -0.118125281958907
1.17490732245628 -0.14941393590426
1.18253659078392 -0.180553650788902
1.19016585911156 -0.211513385867819
1.1977951274392 -0.242262279803783
1.20542439576683 -0.272769681430603
1.21305366409447 -0.303005180306873
1.22068293242211 -0.332938637029761
1.22831220074975 -0.362540213278624
1.23594146907739 -0.391780401558493
1.24357073740503 -0.420630054613784
1.25120000573266 -0.44906041448292
1.2588292740603 -0.47704314116489
1.26645854238794 -0.504550340869178
1.27408781071558 -0.531554593820901
1.28171707904322 -0.55802898159344
1.28934634737085 -0.583947113941306
1.29697561569849 -0.609283155106517
1.30460488402613 -0.63401184957224
1.31223415235377 -0.658108547238037
1.31986342068141 -0.681549227991633
1.32749268900905 -0.704310525652672
1.33512195733668 -0.726369751264639
1.34275122566432 -0.747704915711709
1.35038049399196 -0.768294751637971
1.3580097623196 -0.788118734647193
1.36563903064724 -0.807157103761985
1.37326829897487 -0.825390881121976
1.38089756730251 -0.84280189090135
1.38852683563015 -0.859372777426912
1.39615610395779 -0.875087022478593
1.40378537228543 -0.889928961755181
1.41141464061307 -0.903883800488824
1.4190439089407 -0.916937628192789
1.42667317726834 -0.92907743252773
1.43430244559598 -0.940291112272675
1.44193171392362 -0.950567489387783
1.44956098225126 -0.959896320156857
1.45719025057889 -0.968268305398507
1.46481951890653 -0.975675099735774
1.47244878723417 -0.98210931991498
1.48007805556181 -0.987564552165524
1.48770732388945 -0.992035358593258
1.49533659221709 -0.995517282601106
1.50296586054472 -0.998006853331493
1.51059512887236 -0.999501589126174
1.5182243972 -1
1.53587131458141 -0.999501589126174
1.55351823196281 -0.998006853331493
1.57116514934422 -0.995517282601106
1.58881206672563 -0.992035358593258
1.60645898410704 -0.987564552165524
1.62410590148844 -0.98210931991498
1.64175281886985 -0.975675099735774
1.65939973625126 -0.968268305398507
1.67704665363266 -0.959896320156857
1.69469357101407 -0.950567489387783
1.71234048839548 -0.940291112272676
1.72998740577688 -0.92907743252773
1.74763432315829 -0.916937628192789
1.7652812405397 -0.903883800488824
1.78292815792111 -0.88992896175518
1.80057507530251 -0.875087022478594
1.81822199268392 -0.859372777426912
1.83586891006533 -0.842801890901351
1.85351582744673 -0.825390881121976
1.87116274482814 -0.807157103761985
1.88880966220955 -0.788118734647192
1.90645657959095 -0.768294751637971
1.92410349697236 -0.747704915711709
1.94175041435377 -0.726369751264639
1.95939733173518 -0.704310525652672
1.97704424911658 -0.681549227991634
1.99469116649799 -0.658108547238037
2.0123380838794 -0.634011849572239
2.0299850012608 -0.609283155106517
2.04763191864221 -0.583947113941306
2.06527883602362 -0.55802898159344
2.08292575340502 -0.531554593820902
2.10057267078643 -0.504550340869177
2.11821958816784 -0.47704314116489
2.13586650554925 -0.449060414482921
2.15351342293065 -0.420630054613784
2.17116034031206 -0.391780401558493
2.18880725769347 -0.362540213278625
2.20645417507487 -0.332938637029761
2.22410109245628 -0.303005180306873
2.24174800983769 -0.272769681430603
2.2593949272191 -0.242262279803783
2.2770418446005 -0.211513385867819
2.29468876198191 -0.180553650788903
2.31233567936332 -0.149413935904261
2.32998259674472 -0.118125281958908
2.34762951412613 -0.0867188781635512
2.36527643150754 -0.0552260311045077
2.38292334888894 -0.0236781335366241
2.40057026627035 0.00789336690971287
2.41821718365176 0.0394569990762529
2.43586410103317 0.070981299648016
2.45351101841457 0.102434844516613
2.47115793579598 0.133786280104479
2.48880485317739 0.165004354618799
2.50645177055879 0.196057949203978
2.5240986879402 0.22691610896159
2.54174560532161 0.257548073806897
2.55939252270301 0.287923309131166
2.57703944008442 0.318011536239239
2.59468635746583 0.347782762531982
2.61233327484724 0.377207311403576
2.62998019222864 0.406255851823789
2.64762710961005 0.434899427575793
2.66527402699146 0.463109486120347
2.68292094437286 0.490857907057594
2.70056786175427 0.518117030158078
2.71821477913568 0.54485968293507
2.73586169651709 0.571059207730695
2.75350861389849 0.596689488288856
2.7711555312799 0.621724975788495
2.78880244866131 0.64614071431121
2.80644936604271 0.669912365717855
2.82409628342412 0.693016233909332
2.84174320080553 0.715429288447372
2.85939011818693 0.737129187511779
2.87703703556834 0.758094300171245
2.89468395294975 0.77830372794553
2.91233087033116 0.797737325637519
2.92997778771256 0.816375721414399
2.94762470509397 0.834200336117918
2.96527162247538 0.851193401784495
2.98291853985678 0.867337979356715
3.00056545723819 0.882617975568547
3.0182123746196 0.897018158987464
3.03585929200101 0.910524175197462
3.05350620938241 0.923122561107861
3.07115312676382 0.934800758373598
3.08880004414523 0.945547125913667
3.10644696152663 0.955350951515195
3.12409387890804 0.964202462511612
3.14174079628945 0.972092835524257
3.15938771367085 0.979014205257714
3.17703463105226 0.98495967234011
3.19468154843367 0.989923310200557
3.21232846581508 0.993900170976888
3.22997538319648 0.996886290447793
3.24762230057789 0.998878691984444
3.2652692179593 0.999875389517657
3.2829161353407 0.999875389517657
3.30056305272211 0.998878691984444
3.31820997010352 0.996886290447793
3.33585688748492 0.993900170976888
3.35350380486633 0.989923310200557
3.37115072224774 0.98495967234011
3.38879763962915 0.979014205257715
3.40644455701055 0.972092835524257
3.42409147439196 0.964202462511612
3.44173839177337 0.955350951515195
3.45938530915477 0.945547125913667
3.47703222653618 0.934800758373598
3.49467914391759 0.923122561107861
3.512326061299 0.910524175197462
3.5299729786804 0.897018158987464
3.54761989606181 0.882617975568547
3.56526681344322 0.867337979356715
3.58291373082462 0.851193401784495
3.60056064820603 0.834200336117917
3.61820756558744 0.816375721414399
3.63585448296884 0.79773732563752
3.65350140035025 0.77830372794553
3.67114831773166 0.758094300171246
3.68879523511307 0.737129187511779
3.70644215249447 0.715429288447371
3.72408906987588 0.693016233909332
3.74173598725729 0.669912365717855
3.75938290463869 0.646140714311209
3.7770298220201 0.621724975788495
3.79467673940151 0.596689488288856
3.81232365678291 0.571059207730696
3.82997057416432 0.54485968293507
3.84761749154573 0.518117030158078
3.86526440892714 0.490857907057595
3.88291132630854 0.463109486120348
3.90055824368995 0.434899427575793
3.91820516107136 0.40625585182379
3.93585207845276 0.377207311403576
3.95349899583417 0.347782762531982
3.97114591321558 0.318011536239238
3.98879283059699 0.287923309131167
4.00643974797839 0.257548073806896
4.0240866653598 0.226916108961589
4.04173358274121 0.196057949203978
4.05938050012261 0.165004354618801
4.07702741750402 0.13378628010448
4.09467433488543 0.102434844516613
4.11232125226683 0.0709812996480171
4.12996816964824 0.0394569990762527
4.14761508702965 0.00789336690971467
4.16526200441106 -0.0236781335366247
4.18290892179246 -0.0552260311045075
4.20055583917387 -0.0867188781635514
4.21820275655528 -0.118125281958908
4.23584967393668 -0.149413935904262
4.25349659131809 -0.180553650788902
4.2711435086995 -0.211513385867818
4.2887904260809 -0.242262279803783
4.30643734346231 -0.272769681430603
4.32408426084372 -0.303005180306873
4.34173117822513 -0.332938637029763
4.35937809560653 -0.362540213278625
4.37702501298794 -0.391780401558492
4.39467193036935 -0.420630054613784
4.41231884775075 -0.44906041448292
4.42996576513216 -0.47704314116489
4.44761268251357 -0.504550340869177
4.46525959989498 -0.531554593820902
4.48290651727638 -0.558028981593439
4.50055343465779 -0.583947113941306
4.5182003520392 -0.609283155106517
4.5358472694206 -0.63401184957224
4.55349418680201 -0.658108547238037
4.57114110418342 -0.681549227991633
4.58878802156482 -0.704310525652672
4.60643493894623 -0.726369751264639
4.62408185632764 -0.747704915711709
4.64172877370905 -0.768294751637972
4.65937569109045 -0.788118734647193
4.67702260847186 -0.807157103761985
4.69466952585327 -0.825390881121976
4.71231644323467 -0.84280189090135
4.72996336061608 -0.859372777426912
4.74761027799749 -0.875087022478593
4.76525719537889 -0.88992896175518
4.7829041127603 -0.903883800488823
4.80055103014171 -0.916937628192788
4.81819794752312 -0.92907743252773
4.83584486490452 -0.940291112272675
4.85349178228593 -0.950567489387783
4.87113869966734 -0.959896320156857
4.88878561704874 -0.968268305398507
4.90643253443015 -0.975675099735773
4.92407945181156 -0.98210931991498
4.94172636919297 -0.987564552165524
4.95937328657437 -0.992035358593258
4.97702020395578 -0.995517282601106
4.99466712133719 -0.998006853331493
5.01231403871859 -0.999501589126174
5.0299609561 -1
5.04644340757337 -0.999501589126174
5.06292585904673 -0.998006853331493
5.0794083105201 -0.995517282601106
5.09589076199347 -0.992035358593258
5.11237321346683 -0.987564552165524
5.1288556649402 -0.98210931991498
5.14533811641357 -0.975675099735773
5.16182056788693 -0.968268305398507
5.1783030193603 -0.959896320156857
5.19478547083367 -0.950567489387783
5.21126792230704 -0.940291112272675
5.2277503737804 -0.929077432527731
5.24423282525377 -0.916937628192789
5.26071527672714 -0.903883800488824
5.2771977282005 -0.88992896175518
5.29368017967387 -0.875087022478593
5.31016263114724 -0.859372777426912
5.3266450826206 -0.842801890901351
5.34312753409397 -0.825390881121976
5.35960998556734 -0.807157103761985
5.3760924370407 -0.788118734647192
5.39257488851407 -0.768294751637971
5.40905733998744 -0.747704915711709
5.4255397914608 -0.726369751264639
5.44202224293417 -0.704310525652672
5.45850469440754 -0.681549227991635
5.4749871458809 -0.658108547238038
5.49146959735427 -0.634011849572239
5.50795204882764 -0.609283155106517
5.52443450030101 -0.583947113941306
5.54091695177437 -0.558028981593439
5.55739940324774 -0.531554593820902
5.57388185472111 -0.504550340869177
5.59036430619447 -0.477043141164889
5.60684675766784 -0.44906041448292
5.62332920914121 -0.420630054613785
5.63981166061457 -0.391780401558494
5.65629411208794 -0.362540213278625
5.67277656356131 -0.332938637029761
5.68925901503467 -0.303005180306872
5.70574146650804 -0.272769681430604
5.72222391798141 -0.242262279803783
5.73870636945477 -0.211513385867819
5.75518882092814 -0.180553650788902
5.77167127240151 -0.14941393590426
5.78815372387487 -0.118125281958909
5.80463617534824 -0.0867188781635509
5.82111862682161 -0.0552260311045079
5.83760107829498 -0.0236781335366234
5.85408352976834 0.00789336690971242
5.87056598124171 0.0394569990762523
5.88704843271508 0.070981299648016
5.90353088418844 0.102434844516614
5.92001333566181 0.13378628010448
5.93649578713518 0.165004354618799
5.95297823860854 0.196057949203978
5.96946069008191 0.22691610896159
5.98594314155528 0.257548073806897
6.00242559302864 0.287923309131167
6.01890804450201 0.318011536239238
6.03539049597538 0.347782762531982
6.05187294744874 0.377207311403576
6.06835539892211 0.406255851823789
6.08483785039548 0.434899427575792
6.10132030186884 0.463109486120347
6.11780275334221 0.490857907057594
6.13428520481558 0.518117030158078
6.15076765628895 0.544859682935071
6.16725010776231 0.571059207730696
6.18373255923568 0.596689488288855
6.20021501070905 0.621724975788495
6.21669746218241 0.64614071431121
6.23317991365578 0.669912365717854
6.24966236512915 0.693016233909331
6.26614481660251 0.715429288447371
6.28262726807588 0.737129187511779
6.29910971954925 0.758094300171246
6.31559217102261 0.778303727945531
6.33207462249598 0.797737325637519
6.34855707396935 0.816375721414399
6.36503952544271 0.834200336117917
6.38152197691608 0.851193401784495
6.39800442838945 0.867337979356714
6.41448687986281 0.882617975568547
6.43096933133618 0.897018158987463
6.44745178280955 0.910524175197462
6.46393423428291 0.923122561107861
6.48041668575628 0.934800758373599
6.49689913722965 0.945547125913667
6.51338158870302 0.955350951515195
6.52986404017638 0.964202462511612
6.54634649164975 0.972092835524257
6.56282894312312 0.979014205257714
6.57931139459648 0.98495967234011
6.59579384606985 0.989923310200557
6.61227629754322 0.993900170976888
6.62875874901658 0.996886290447793
6.64524120048995 0.998878691984444
6.66172365196332 0.999875389517657
6.67820610343668 0.999875389517657
6.69468855491005 0.998878691984444
6.71117100638342 0.996886290447793
6.72765345785678 0.993900170976888
6.74413590933015 0.989923310200557
6.76061836080352 0.98495967234011
6.77710081227688 0.979014205257714
6.79358326375025 0.972092835524257
6.81006571522362 0.964202462511612
6.82654816669698 0.955350951515195
6.84303061817035 0.945547125913667
6.85951306964372 0.934800758373599
6.87599552111709 0.923122561107861
6.89247797259045 0.910524175197462
6.90896042406382 0.897018158987464
6.92544287553719 0.882617975568547
6.94192532701055 0.867337979356714
6.95840777848392 0.851193401784495
6.97489022995729 0.834200336117918
6.99137268143065 0.816375721414399
7.00785513290402 0.797737325637519
7.02433758437739 0.77830372794553
7.04082003585075 0.758094300171246
7.05730248732412 0.737129187511779
7.07378493879749 0.715429288447371
7.09026739027085 0.693016233909331
7.10674984174422 0.669912365717854
7.12323229321759 0.64614071431121
7.13971474469095 0.621724975788495
7.15619719616432 0.596689488288856
7.17267964763769 0.571059207730696
7.18916209911105 0.544859682935071
7.20564455058442 0.518117030158078
7.22212700205779 0.490857907057594
7.23860945353116 0.463109486120348
7.25509190500452 0.434899427575792
7.27157435647789 0.40625585182379
7.28805680795126 0.377207311403576
7.30453925942462 0.347782762531982
7.32102171089799 0.318011536239238
7.33750416237136 0.287923309131167
7.35398661384472 0.257548073806897
7.37046906531809 0.22691610896159
7.38695151679146 0.196057949203978
7.40343396826482 0.165004354618799
7.41991641973819 0.133786280104478
7.43639887121156 0.102434844516613
7.45288132268492 0.0709812996480162
7.46936377415829 0.0394569990762545
7.48584622563166 0.00789336690971467
7.50232867710502 -0.023678133536623
7.51881112857839 -0.0552260311045075
7.53529358005176 -0.0867188781635505
7.55177603152513 -0.118125281958909
7.56825848299849 -0.149413935904261
7.58474093447186 -0.180553650788903
7.60122338594523 -0.211513385867818
7.61770583741859 -0.242262279803783
7.63418828889196 -0.272769681430601
7.65067074036533 -0.303005180306872
7.66715319183869 -0.33293863702976
7.68363564331206 -0.362540213278625
7.70011809478543 -0.391780401558493
7.71660054625879 -0.420630054613785
7.73308299773216 -0.449060414482921
7.74956544920553 -0.47704314116489
7.76604790067889 -0.504550340869177
7.78253035215226 -0.5315545938209
7.79901280362563 -0.558028981593439
7.81549525509899 -0.583947113941306
7.83197770657236 -0.609283155106516
7.84846015804573 -0.634011849572239
7.8649426095191 -0.658108547238037
7.88142506099246 -0.681549227991633
7.89790751246583 -0.704310525652672
7.9143899639392 -0.726369751264639
7.93087241541256 -0.747704915711709
7.94735486688593 -0.768294751637971
7.9638373183593 -0.788118734647192
7.98031976983266 -0.807157103761985
7.99680222130603 -0.825390881121976
8.0132846727794 -0.84280189090135
8.02976712425276 -0.859372777426912
8.04624957572613 -0.875087022478594
8.0627320271995 -0.889928961755181
8.07921447867286 -0.903883800488823
8.09569693014623 -0.916937628192789
8.1121793816196 -0.92907743252773
8.12866183309296 -0.940291112272675
8.14514428456633 -0.950567489387783
8.1616267360397 -0.959896320156857
8.17810918751307 -0.968268305398507
8.19459163898643 -0.975675099735774
8.2110740904598 -0.98210931991498
8.22755654193316 -0.987564552165523
8.24403899340653 -0.992035358593258
8.2605214448799 -0.995517282601106
8.27700389635327 -0.998006853331493
8.29348634782663 -0.999501589126174
8.3099687993 -1
8.31664736242412 -0.999501589126174
8.32332592554824 -0.998006853331493
8.33000448867236 -0.995517282601106
8.33668305179648 -0.992035358593258
8.3433616149206 -0.987564552165524
8.35004017804472 -0.98210931991498
8.35671874116884 -0.975675099735773
8.36339730429297 -0.968268305398507
8.37007586741709 -0.959896320156857
8.37675443054121 -0.950567489387782
8.38343299366533 -0.940291112272675
8.39011155678945 -0.92907743252773
8.39679011991357 -0.916937628192788
8.40346868303769 -0.903883800488823
8.41014724616181 -0.889928961755179
8.41682580928593 -0.875087022478593
8.42350437241005 -0.859372777426911
8.43018293553417 -0.842801890901349
8.43686149865829 -0.825390881121975
8.44354006178241 -0.807157103761984
8.45021862490653 -0.788118734647191
8.45689718803065 -0.768294751637969
8.46357575115477 -0.747704915711707
8.4702543142789 -0.726369751264637
8.47693287740302 -0.70431052565267
8.48361144052714 -0.681549227991631
8.49029000365126 -0.658108547238035
8.49696856677538 -0.634011849572236
8.5036471298995 -0.609283155106514
8.51032569302362 -0.583947113941303
8.51700425614774 -0.558028981593437
8.52368281927186 -0.531554593820898
8.53036138239598 -0.504550340869174
8.5370399455201 -0.477043141164893
8.54371850864422 -0.449060414482924
8.55039707176834 -0.420630054613788
8.55707563489246 -0.391780401558497
8.56375419801658 -0.362540213278628
8.5704327611407 -0.332938637029764
8.57711132426482 -0.303005180306876
8.58378988738894 -0.272769681430606
8.59046845051306 -0.242262279803786
8.59714701363719 -0.211513385867822
8.60382557676131 -0.180553650788905
8.61050413988543 -0.149413935904264
8.61718270300955 -0.11812528195891
8.62386126613367 -0.0867188781635532
8.63053982925779 -0.0552260311045104
8.63721839238191 -0.0236781335366261
8.64389695550603 0.00789336690971109
8.65057551863015 0.0394569990762505
8.65725408175427 0.070981299648014
8.66393264487839 0.102434844516612
8.67061120800251 0.133786280104477
8.67728977112663 0.165004354618798
8.68396833425075 0.196057949203977
8.69064689737487 0.226916108961589
8.69732546049899 0.257548073806896
8.70400402362312 0.287923309131166
8.71068258674724 0.318011536239237
8.71736114987136 0.347782762531982
8.72403971299548 0.377207311403575
8.7307182761196 0.406255851823788
8.73739683924372 0.434899427575793
8.74407540236784 0.463109486120348
8.75075396549196 0.490857907057594
8.75743252861608 0.518117030158077
8.7641110917402 0.54485968293507
8.77078965486432 0.571059207730695
8.77746821798844 0.596689488288856
8.78414678111256 0.621724975788496
8.79082534423668 0.64614071431121
8.7975039073608 0.669912365717856
8.80418247048492 0.693016233909332
8.81086103360905 0.715429288447372
8.81753959673317 0.73712918751178
8.82421815985729 0.758094300171246
8.83089672298141 0.778303727945531
8.83757528610553 0.79773732563752
8.84425384922965 0.8163757214144
8.85093241235377 0.834200336117918
8.85761097547789 0.851193401784496
8.86428953860201 0.867337979356716
8.87096810172613 0.882617975568548
8.87764666485025 0.897018158987465
8.88432522797437 0.910524175197463
8.89100379109849 0.923122561107862
8.89768235422261 0.934800758373599
8.90436091734673 0.945547125913668
8.91103948047085 0.955350951515196
8.91771804359498 0.964202462511613
8.9243966067191 0.972092835524258
8.93107516984322 0.979014205257715
8.93775373296734 0.984959672340111
8.94443229609146 0.989923310200558
8.95111085921558 0.993900170976888
8.9577894223397 0.996886290447793
8.96446798546382 0.998878691984444
8.97114654858794 0.999875389517657
8.97782511171206 0.999875389517657
8.98450367483618 0.998878691984444
8.9911822379603 0.996886290447794
8.99786080108442 0.993900170976888
9.00453936420854 0.989923310200558
9.01121792733266 0.984959672340111
9.01789649045678 0.979014205257715
9.0245750535809 0.972092835524258
9.03125361670502 0.964202462511613
9.03793217982914 0.955350951515196
9.04461074295327 0.945547125913668
9.05128930607739 0.934800758373599
9.05796786920151 0.923122561107862
9.06464643232563 0.910524175197463
9.07132499544975 0.897018158987465
9.07800355857387 0.882617975568548
9.08468212169799 0.867337979356716
9.09136068482211 0.851193401784496
9.09803924794623 0.834200336117919
9.10471781107035 0.8163757214144
9.11139637419447 0.797737325637521
9.11807493731859 0.778303727945531
9.12475350044271 0.758094300171246
9.13143206356683 0.73712918751178
9.13811062669095 0.715429288447372
9.14478918981508 0.693016233909333
9.1514677529392 0.669912365717856
9.15814631606332 0.646140714311211
9.16482487918744 0.621724975788496
9.17150344231156 0.596689488288856
9.17818200543568 0.571059207730695
9.1848605685598 0.544859682935071
9.19153913168392 0.518117030158078
9.19821769480804 0.490857907057594
9.20489625793216 0.463109486120348
9.21157482105628 0.434899427575792
9.2182533841804 0.406255851823789
9.22493194730452 0.377207311403576
9.23161051042864 0.347782762531982
9.23828907355276 0.318011536239238
9.24496763667688 0.287923309131166
9.25164619980101 0.257548073806896
9.25832476292513 0.226916108961589
9.26500332604925 0.196057949203977
9.27168188917337 0.165004354618798
9.27836045229749 0.133786280104478
9.28503901542161 0.102434844516612
9.29171757854573 0.0709812996480145
9.29839614166985 0.0394569990762509
9.30507470479397 0.00789336690971111
9.31175326791809 -0.0236781335366265
9.31843183104221 -0.0552260311045101
9.32511039416633 -0.0867188781635531
9.33178895729045 -0.11812528195891
9.33846752041457 -0.149413935904263
9.34514608353869 -0.180553650788905
9.35182464666281 -0.211513385867822
9.35850320978694 -0.242262279803786
9.36518177291106 -0.272769681430606
9.37186033603518 -0.303005180306876
9.3785388991593 -0.332938637029764
9.38521746228342 -0.362540213278628
9.39189602540754 -0.391780401558489
9.39857458853166 -0.420630054613788
9.40525315165578 -0.449060414482916
9.4119317147799 -0.477043141164893
9.41861027790402 -0.504550340869174
9.42528884102814 -0.531554593820905
9.43196740415226 -0.558028981593437
9.43864596727638 -0.583947113941303
9.4453245304005 -0.609283155106513
9.45200309352462 -0.634011849572242
9.45868165664874 -0.658108547238035
9.46536021977286 -0.681549227991631
9.47203878289698 -0.70431052565267
9.4787173460211 -0.726369751264637
9.48539590914523 -0.747704915711707
9.49207447226935 -0.768294751637969
9.49875303539347 -0.788118734647191
9.50543159851759 -0.807157103761984
9.51211016164171 -0.825390881121975
9.51878872476583 -0.842801890901349
9.52546728788995 -0.859372777426911
9.53214585101407 -0.875087022478592
9.53882441413819 -0.889928961755179
9.54550297726231 -0.903883800488823
9.55218154038643 -0.916937628192788
9.55886010351055 -0.92907743252773
9.56553866663467 -0.940291112272675
9.57221722975879 -0.950567489387782
9.57889579288291 -0.959896320156857
9.58557435600703 -0.968268305398507
9.59225291913116 -0.975675099735773
9.59893148225528 -0.98210931991498
9.6056100453794 -0.987564552165524
9.61228860850352 -0.992035358593258
9.61896717162764 -0.995517282601106
9.62564573475176 -0.998006853331493
9.63232429787588 -0.999501589126174
9.639002861 -1
9.6587693567196 -0.999501589126174
9.6785358524392 -0.998006853331493
9.69830234815879 -0.995517282601106
9.71806884387839 -0.992035358593258
9.73783533959799 -0.987564552165524
9.75760183531759 -0.98210931991498
9.77736833103719 -0.975675099735773
9.79713482675678 -0.968268305398507
9.81690132247638 -0.959896320156857
9.83666781819598 -0.950567489387782
9.85643431391558 -0.940291112272675
9.87620080963518 -0.929077432527731
9.89596730535477 -0.916937628192789
9.91573380107437 -0.903883800488823
9.93550029679397 -0.88992896175518
9.95526679251357 -0.875087022478594
9.97503328823317 -0.859372777426912
9.99479978395276 -0.84280189090135
10.0145662796724 -0.825390881121976
10.034332775392 -0.807157103761985
10.0540992711116 -0.788118734647193
10.0738657668312 -0.76829475163797
10.0936322625508 -0.747704915711709
10.1133987582704 -0.726369751264639
10.1331652539899 -0.704310525652673
10.1529317497095 -0.681549227991633
10.1726982454291 -0.658108547238037
10.1924647411487 -0.634011849572239
10.2122312368683 -0.609283155106517
10.2319977325879 -0.583947113941305
10.2517642283075 -0.55802898159344
10.2715307240271 -0.531554593820902
10.2912972197467 -0.504550340869178
10.3110637154663 -0.477043141164889
10.3308302111859 -0.44906041448292
10.3505967069055 -0.420630054613785
10.3703632026251 -0.391780401558494
10.3901296983447 -0.362540213278623
10.4098961940643 -0.332938637029761
10.4296626897839 -0.303005180306873
10.4494291855035 -0.272769681430604
10.4691956812231 -0.242262279803782
10.4889621769427 -0.211513385867818
10.5087286726623 -0.180553650788903
10.5284951683819 -0.149413935904262
10.5482616641015 -0.118125281958907
10.5680281598211 -0.0867188781635503
10.5877946555407 -0.0552260311045084
10.6075611512603 -0.0236781335366248
10.6273276469799 0.00789336690971464
10.6470941426995 0.0394569990762531
10.6668606384191 0.0709812996480158
10.6866271341387 0.102434844516612
10.7063936298583 0.13378628010448
10.7261601255779 0.1650043546188
10.7459266212975 0.196057949203978
10.7656931170171 0.226916108961589
10.7854596127367 0.257548073806898
10.8052261084563 0.287923309131167
10.8249926041759 0.318011536239238
10.8447590998955 0.347782762531981
10.8645255956151 0.377207311403577
10.8842920913347 0.406255851823789
10.9040585870543 0.434899427575793
10.9238250827739 0.463109486120347
10.9435915784935 0.490857907057595
10.9633580742131 0.518117030158078
10.9831245699327 0.54485968293507
11.0028910656523 0.571059207730694
11.0226575613719 0.596689488288855
11.0424240570915 0.621724975788496
11.0621905528111 0.646140714311209
11.0819570485307 0.669912365717854
11.1017235442503 0.693016233909332
11.1214900399698 0.715429288447372
11.1412565356894 0.737129187511779
11.161023031409 0.758094300171245
11.1807895271286 0.778303727945529
11.2005560228482 0.79773732563752
11.2203225185678 0.816375721414399
11.2400890142874 0.834200336117917
11.259855510007 0.851193401784495
11.2796220057266 0.867337979356715
11.2993885014462 0.882617975568547
11.3191549971658 0.897018158987463
11.3389214928854 0.910524175197461
11.358687988605 0.923122561107861
11.3784544843246 0.934800758373598
11.3982209800442 0.945547125913667
11.4179874757638 0.955350951515195
11.4377539714834 0.964202462511612
11.457520467203 0.972092835524257
11.4772869629226 0.979014205257714
11.4970534586422 0.98495967234011
11.5168199543618 0.989923310200557
11.5365864500814 0.993900170976888
11.556352945801 0.996886290447793
11.5761194415206 0.998878691984444
11.5958859372402 0.999875389517657
11.6156524329598 0.999875389517657
11.6354189286794 0.998878691984444
11.655185424399 0.996886290447793
11.6749519201186 0.993900170976888
11.6947184158382 0.989923310200557
11.7144849115578 0.98495967234011
11.7342514072774 0.979014205257714
11.754017902997 0.972092835524257
11.7737843987166 0.964202462511612
11.7935508944362 0.955350951515195
11.8133173901558 0.945547125913668
11.8330838858754 0.934800758373598
11.852850381595 0.923122561107861
11.8726168773146 0.910524175197462
11.8923833730342 0.897018158987463
11.9121498687538 0.882617975568547
11.9319163644734 0.867337979356715
11.951682860193 0.851193401784495
11.9714493559126 0.834200336117919
11.9912158516322 0.816375721414399
12.0109823473518 0.79773732563752
12.0307488430714 0.778303727945529
12.050515338791 0.758094300171245
12.0702818345106 0.737129187511779
12.0900483302302 0.715429288447372
12.1098148259497 0.693016233909333
12.1295813216693 0.669912365717856
12.1493478173889 0.646140714311209
12.1691143131085 0.621724975788496
12.1888808088281 0.596689488288855
12.2086473045477 0.571059207730694
12.2284138002673 0.54485968293507
12.2481802959869 0.518117030158079
12.2679467917065 0.490857907057595
12.2877132874261 0.46310948612035
12.3074797831457 0.434899427575792
12.3272462788653 0.40625585182379
12.3470127745849 0.377207311403578
12.3667792703045 0.347782762531982
12.3865457660241 0.318011536239239
12.4063122617437 0.287923309131167
12.4260787574633 0.257548073806898
12.4458452531829 0.226916108961592
12.4656117489025 0.196057949203978
12.4853782446221 0.165004354618801
12.5051447403417 0.13378628010448
12.5249112360613 0.102434844516613
12.5446777317809 0.0709812996480153
12.5644442275005 0.0394569990762536
12.5842107232201 0.00789336690971467
12.6039772189397 -0.0236781335366221
12.6237437146593 -0.0552260311045075
12.6435102103789 -0.0867188781635505
12.6632767060985 -0.118125281958906
12.6830432018181 -0.149413935904261
12.7028096975377 -0.180553650788902
12.7225761932573 -0.211513385867818
12.7423426889769 -0.242262279803782
12.7621091846965 -0.272769681430601
12.7818756804161 -0.303005180306873
12.8016421761357 -0.33293863702976
12.8214086718553 -0.362540213278623
12.8411751675749 -0.391780401558494
12.8609416632945 -0.420630054613784
12.8807081590141 -0.44906041448292
12.9004746547337 -0.477043141164888
12.9202411504533 -0.504550340869178
12.9400076461729 -0.531554593820901
12.9597741418925 -0.558028981593439
12.9795406376121 -0.583947113941305
12.9993071333317 -0.609283155106517
13.0190736290513 -0.634011849572238
13.0388401247709 -0.658108547238037
13.0586066204905 -0.681549227991633
13.0783731162101 -0.704310525652672
13.0981396119296 -0.726369751264639
13.1179061076492 -0.747704915711708
13.1376726033688 -0.76829475163797
13.1574390990884 -0.788118734647193
13.177205594808 -0.807157103761985
13.1969720905276 -0.825390881121976
13.2167385862472 -0.84280189090135
13.2365050819668 -0.859372777426912
13.2562715776864 -0.875087022478593
13.276038073406 -0.88992896175518
13.2958045691256 -0.903883800488823
13.3155710648452 -0.916937628192789
13.3353375605648 -0.92907743252773
13.3551040562844 -0.940291112272675
13.374870552004 -0.950567489387782
13.3946370477236 -0.959896320156857
13.4144035434432 -0.968268305398507
13.4341700391628 -0.975675099735773
13.4539365348824 -0.98210931991498
13.473703030602 -0.987564552165524
13.4934695263216 -0.992035358593258
13.5132360220412 -0.995517282601106
13.5330025177608 -0.998006853331493
13.5527690134804 -0.999501589126174
13.5725355092 -1
13.5791384514332 -0.999501589126174
13.5857413936663 -0.998006853331493
13.5923443358995 -0.995517282601106
13.5989472781327 -0.992035358593258
13.6055502203658 -0.987564552165523
13.612153162599 -0.98210931991498
13.6187561048322 -0.975675099735774
13.6253590470653 -0.968268305398506
13.6319619892985 -0.959896320156857
13.6385649315317 -0.950567489387783
13.6451678737648 -0.940291112272677
13.651770815998 -0.92907743252773
13.6583737582312 -0.916937628192789
13.6649767004643 -0.903883800488825
13.6715796426975 -0.889928961755179
13.6781825849307 -0.875087022478594
13.6847855271638 -0.859372777426914
13.691388469397 -0.842801890901349
13.6979914116302 -0.825390881121976
13.7045943538633 -0.807157103761987
13.7111972960965 -0.788118734647191
13.7178002383296 -0.768294751637971
13.7244031805628 -0.747704915711711
13.731006122796 -0.726369751264637
13.7376090650291 -0.704310525652672
13.7442120072623 -0.681549227991635
13.7508149494955 -0.658108547238035
13.7574178917286 -0.634011849572238
13.7640208339618 -0.609283155106518
13.770623776195 -0.58394711394131
13.7772267184281 -0.558028981593439
13.7838296606613 -0.531554593820902
13.7904326028945 -0.504550340869181
13.7970355451276 -0.477043141164888
13.8036384873608 -0.449060414482921
13.810241429594 -0.420630054613787
13.8168443718271 -0.391780401558491
13.8234473140603 -0.362540213278625
13.8300502562935 -0.332938637029764
13.8366531985266 -0.30300518030687
13.8432561407598 -0.272769681430603
13.849859082993 -0.242262279803786
13.8564620252261 -0.211513385867816
13.8630649674593 -0.180553650788902
13.8696679096925 -0.149413935904263
13.8762708519256 -0.118125281958904
13.8828737941588 -0.0867188781635498
13.889476736392 -0.0552260311045099
13.8960796786251 -0.0236781335366283
13.9026826208583 0.00789336690971486
13.9092855630915 0.0394569990762514
13.9158885053246 0.0709812996480118
13.9224914475578 0.102434844516615
13.929094389791 0.133786280104478
13.9356973320241 0.165004354618796
13.9423002742573 0.19605794920398
13.9489032164905 0.22691610896159
13.9555061587236 0.257548073806894
13.9621091009568 0.287923309131169
13.9687120431899 0.318011536239238
13.9753149854231 0.34778276253198
13.9819179276563 0.377207311403579
13.9885208698894 0.406255851823789
13.9951238121226 0.434899427575791
14.0017267543558 0.463109486120351
14.0083296965889 0.490857907057594
14.0149326388221 0.518117030158076
14.0215355810553 0.544859682935073
14.0281385232884 0.571059207730696
14.0347414655216 0.596689488288855
14.0413444077548 0.621724975788499
14.0479473499879 0.646140714311211
14.0545502922211 0.669912365717854
14.0611532344543 0.693016233909329
14.0677561766874 0.715429288447373
14.0743591189206 0.737129187511779
14.0809620611538 0.758094300171243
14.0875650033869 0.778303727945532
14.0941679456201 0.797737325637519
14.1007708878533 0.816375721414397
14.1073738300864 0.834200336117919
14.1139767723196 0.851193401784495
14.1205797145528 0.867337979356713
14.1271826567859 0.882617975568548
14.1337855990191 0.897018158987464
14.1403885412523 0.910524175197461
14.1469914834854 0.923122561107862
14.1535944257186 0.934800758373599
14.1601973679518 0.945547125913667
14.1668003101849 0.955350951515196
14.1734032524181 0.964202462511612
14.1800061946513 0.972092835524257
14.1866091368844 0.979014205257714
14.1932120791176 0.984959672340111
14.1998150213508 0.989923310200557
14.2064179635839 0.993900170976887
14.2130209058171 0.996886290447793
14.2196238480503 0.998878691984444
14.2262267902834 0.999875389517657
14.2328297325166 0.999875389517657
14.2394326747497 0.998878691984444
14.2460356169829 0.996886290447793
14.2526385592161 0.993900170976887
14.2592415014492 0.989923310200557
14.2658444436824 0.984959672340111
14.2724473859156 0.979014205257714
14.2790503281487 0.972092835524257
14.2856532703819 0.964202462511612
14.2922562126151 0.955350951515194
14.2988591548482 0.945547125913667
14.3054620970814 0.934800758373599
14.3120650393146 0.923122561107862
14.3186679815477 0.910524175197461
14.3252709237809 0.897018158987464
14.3318738660141 0.882617975568549
14.3384768082472 0.867337979356713
14.3450797504804 0.851193401784495
14.3516826927136 0.834200336117919
14.3582856349467 0.816375721414398
14.3648885771799 0.797737325637519
14.3714915194131 0.778303727945532
14.3780944616462 0.758094300171243
14.3846974038794 0.737129187511778
14.3913003461126 0.715429288447373
14.3979032883457 0.693016233909329
14.4045062305789 0.669912365717855
14.4111091728121 0.646140714311211
14.4177121150452 0.621724975788493
14.4243150572784 0.596689488288855
14.4309179995116 0.571059207730696
14.4375209417447 0.544859682935074
14.4441238839779 0.518117030158076
14.4507268262111 0.490857907057595
14.4573297684442 0.463109486120351
14.4639327106774 0.434899427575792
14.4705356529106 0.40625585182379
14.4771385951437 0.377207311403579
14.4837415373769 0.34778276253198
14.49034447961 0.318011536239239
14.4969474218432 0.287923309131169
14.5035503640764 0.257548073806894
14.5101533063095 0.22691610896159
14.5167562485427 0.196057949203981
14.5233591907759 0.165004354618796
14.529962133009 0.133786280104478
14.5365650752422 0.102434844516616
14.5431680174754 0.0709812996480118
14.5497709597085 0.0394569990762518
14.5563739019417 0.00789336690971467
14.5629768441749 -0.0236781335366194
14.569579786408 -0.0552260311045093
14.5761827286412 -0.0867188781635496
14.5827856708744 -0.118125281958912
14.5893886131075 -0.149413935904263
14.5959915553407 -0.180553650788901
14.6025944975739 -0.211513385867816
14.609197439807 -0.242262279803786
14.6158003820402 -0.272769681430602
14.6224033242734 -0.30300518030687
14.6290062665065 -0.332938637029764
14.6356092087397 -0.362540213278625
14.6422121509729 -0.39178040155849
14.648815093206 -0.420630054613788
14.6554180354392 -0.449060414482921
14.6620209776724 -0.477043141164888
14.6686239199055 -0.50455034086918
14.6752268621387 -0.531554593820902
14.6818298043719 -0.558028981593439
14.688432746605 -0.583947113941302
14.6950356888382 -0.609283155106518
14.7016386310714 -0.634011849572238
14.7082415733045 -0.658108547238035
14.7148445155377 -0.681549227991635
14.7214474577709 -0.704310525652671
14.728050400004 -0.726369751264637
14.7346533422372 -0.74770491571171
14.7412562844704 -0.768294751637971
14.7478592267035 -0.78811873464719
14.7544621689367 -0.807157103761987
14.7610651111698 -0.825390881121976
14.767668053403 -0.842801890901349
14.7742709956362 -0.859372777426913
14.7808739378693 -0.875087022478594
14.7874768801025 -0.889928961755179
14.7940798223357 -0.903883800488825
14.8006827645688 -0.916937628192789
14.807285706802 -0.92907743252773
14.8138886490352 -0.940291112272674
14.8204915912683 -0.950567489387783
14.8270945335015 -0.959896320156857
14.8336974757347 -0.968268305398508
14.8403004179678 -0.975675099735774
14.846903360201 -0.98210931991498
14.8535063024342 -0.987564552165523
14.8601092446673 -0.992035358593258
14.8667121869005 -0.995517282601106
14.8733151291337 -0.998006853331493
14.8799180713668 -0.999501589126174
14.8865210136 -1
14.9033654261789 -0.999501589126174
14.9202098387578 -0.998006853331493
14.9370542513367 -0.995517282601106
14.9538986639156 -0.992035358593258
14.9707430764945 -0.987564552165524
14.9875874890734 -0.98210931991498
15.0044319016523 -0.975675099735774
15.0212763142312 -0.968268305398507
15.03812072681 -0.959896320156857
15.0549651393889 -0.950567489387783
15.0718095519678 -0.940291112272676
15.0886539645467 -0.929077432527731
15.1054983771256 -0.916937628192789
15.1223427897045 -0.903883800488824
15.1391872022834 -0.88992896175518
15.1560316148623 -0.875087022478594
15.1728760274412 -0.859372777426912
15.1897204400201 -0.842801890901351
15.206564852599 -0.825390881121977
15.2234092651779 -0.807157103761986
15.2402536777568 -0.788118734647193
15.2570980903357 -0.768294751637971
15.2739425029146 -0.74770491571171
15.2907869154935 -0.72636975126464
15.3076313280724 -0.704310525652673
15.3244757406513 -0.681549227991635
15.3413201532301 -0.658108547238038
15.358164565809 -0.634011849572239
15.3750089783879 -0.609283155106517
15.3918533909668 -0.583947113941307
15.4086978035457 -0.558028981593441
15.4255422161246 -0.531554593820902
15.4423866287035 -0.504550340869178
15.4592310412824 -0.477043141164891
15.4760754538613 -0.449060414482921
15.4929198664402 -0.420630054613785
15.5097642790191 -0.391780401558494
15.526608691598 -0.362540213278626
15.5434531041769 -0.332938637029762
15.5602975167558 -0.303005180306874
15.5771419293347 -0.272769681430604
15.5939863419136 -0.242262279803784
15.6108307544925 -0.21151338586782
15.6276751670714 -0.180553650788904
15.6445195796503 -0.149413935904262
15.6613639922291 -0.11812528195891
15.678208404808 -0.0867188781635525
15.6950528173869 -0.0552260311045099
15.7118972299658 -0.0236781335366223
15.7287416425447 0.00789336690971153
15.7455860551236 0.0394569990762509
15.7624304677025 0.070981299648014
15.7792748802814 0.102434844516615
15.7961192928603 0.133786280104481
15.8129637054392 0.165004354618797
15.8298081180181 0.196057949203979
15.846652530597 0.226916108961591
15.8634969431759 0.257548073806898
15.8803413557548 0.287923309131168
15.8971857683337 0.318011536239239
15.9140301809126 0.347782762531983
15.9308745934915 0.377207311403577
15.9477190060704 0.40625585182379
15.9645634186492 0.434899427575794
15.9814078312281 0.463109486120349
15.998252243807 0.490857907057595
16.0150966563859 0.518117030158075
16.0319410689648 0.544859682935068
16.0487854815437 0.571059207730693
16.0656298941226 0.596689488288854
16.0824743067015 0.621724975788493
16.0993187192804 0.646140714311208
16.1161631318593 0.669912365717853
16.1330075444382 0.69301623390933
16.1498519570171 0.715429288447369
16.166696369596 0.737129187511777
16.1835407821749 0.758094300171244
16.2003851947538 0.778303727945528
16.2172296073327 0.797737325637518
16.2340740199116 0.816375721414398
16.2509184324905 0.834200336117916
16.2677628450693 0.851193401784493
16.2846072576482 0.867337979356713
16.3014516702271 0.882617975568546
16.318296082806 0.897018158987462
16.3351404953849 0.910524175197461
16.3519849079638 0.92312256110786
16.3688293205427 0.934800758373597
16.3856737331216 0.945547125913666
16.4025181457005 0.955350951515196
16.4193625582794 0.964202462511611
16.4362069708583 0.972092835524256
16.4530513834372 0.979014205257714
16.4698957960161 0.98495967234011
16.486740208595 0.989923310200557
16.5035846211739 0.993900170976888
16.5204290337528 0.996886290447793
16.5372734463317 0.998878691984444
16.5541178589106 0.999875389517657
16.5709622714894 0.999875389517657
16.5878066840683 0.998878691984444
16.6046510966472 0.996886290447793
16.6214955092261 0.993900170976888
16.638339921805 0.989923310200557
16.6551843343839 0.98495967234011
16.6720287469628 0.979014205257714
16.6888731595417 0.972092835524258
16.7057175721206 0.964202462511611
16.7225619846995 0.955350951515194
16.7394063972784 0.945547125913666
16.7562508098573 0.934800758373597
16.7730952224362 0.92312256110786
16.7899396350151 0.910524175197461
16.806784047594 0.897018158987462
16.8236284601729 0.882617975568546
16.8404728727518 0.867337979356714
16.8573172853307 0.851193401784493
16.8741616979095 0.834200336117916
16.8910061104884 0.816375721414398
16.9078505230673 0.797737325637518
16.9246949356462 0.778303727945528
16.9415393482251 0.758094300171244
16.958383760804 0.737129187511777
16.9752281733829 0.71542928844737
16.9920725859618 0.69301623390933
17.0089169985407 0.669912365717854
17.0257614111196 0.646140714311208
17.0426058236985 0.621724975788493
17.0594502362774 0.596689488288854
17.0762946488563 0.571059207730693
17.0931390614352 0.544859682935069
17.1099834740141 0.518117030158076
17.126827886593 0.490857907057592
17.1436722991719 0.463109486120346
17.1605167117508 0.434899427575791
17.1773611243297 0.406255851823787
17.1942055369085 0.377207311403574
17.2110499494874 0.347782762531981
17.2278943620663 0.318011536239236
17.2447387746452 0.287923309131165
17.2615831872241 0.257548073806895
17.278427599803 0.226916108961588
17.2952720123819 0.196057949203976
17.3121164249608 0.165004354618797
17.3289608375397 0.133786280104478
17.3458052501186 0.102434844516611
17.3626496626975 0.0709812996480145
17.3794940752764 0.0394569990762509
17.3963384878553 0.007893366909712
17.4131829004342 -0.0236781335366256
17.4300273130131 -0.0552260311045093
17.446871725592 -0.0867188781635523
17.4637161381709 -0.11812528195891
17.4805605507498 -0.149413935904262
17.4974049633286 -0.180553650788904
17.5142493759075 -0.21151338586782
17.5310937884864 -0.242262279803785
17.5479382010653 -0.272769681430604
17.5647826136442 -0.303005180306874
17.5816270262231 -0.332938637029762
17.598471438802 -0.362540213278626
17.6153158513809 -0.391780401558494
17.6321602639598 -0.420630054613786
17.6490046765387 -0.449060414482921
17.6658490891176 -0.477043141164891
17.6826935016965 -0.504550340869178
17.6995379142754 -0.531554593820902
17.7163823268543 -0.558028981593441
17.7332267394332 -0.583947113941307
17.7500711520121 -0.609283155106517
17.766915564591 -0.634011849572239
17.7837599771699 -0.658108547238038
17.8006043897487 -0.681549227991634
17.8174488023276 -0.704310525652672
17.8342932149065 -0.726369751264639
17.8511376274854 -0.747704915711709
17.8679820400643 -0.768294751637971
17.8848264526432 -0.788118734647193
17.9016708652221 -0.807157103761986
17.918515277801 -0.825390881121977
17.9353596903799 -0.842801890901351
17.9522041029588 -0.859372777426912
17.9690485155377 -0.875087022478594
17.9858929281166 -0.889928961755181
18.0027373406955 -0.903883800488824
18.0195817532744 -0.916937628192789
18.0364261658533 -0.92907743252773
18.0532705784322 -0.940291112272676
18.0701149910111 -0.950567489387783
18.08695940359 -0.959896320156857
18.1038038161688 -0.968268305398507
18.1206482287477 -0.975675099735774
18.1374926413266 -0.98210931991498
18.1543370539055 -0.987564552165524
18.1711814664844 -0.992035358593258
18.1880258790633 -0.995517282601106
18.2048702916422 -0.998006853331493
18.2217147042211 -0.999501589126174
18.2385591168 -1
18.2551979017774 -0.999501589126174
18.2718366867548 -0.998006853331493
18.2884754717322 -0.995517282601106
18.3051142567095 -0.992035358593258
18.3217530416869 -0.987564552165524
18.3383918266643 -0.98210931991498
18.3550306116417 -0.975675099735774
18.3716693966191 -0.968268305398507
18.3883081815965 -0.959896320156858
18.4049469665739 -0.950567489387783
18.4215857515513 -0.940291112272675
18.4382245365286 -0.929077432527731
18.454863321506 -0.916937628192788
18.4715021064834 -0.903883800488825
18.4881408914608 -0.88992896175518
18.5047796764382 -0.875087022478592
18.5214184614156 -0.859372777426913
18.538057246393 -0.84280189090135
18.5546960313704 -0.825390881121978
18.5713348163477 -0.807157103761985
18.5879736013251 -0.788118734647191
18.6046123863025 -0.768294751637971
18.6212511712799 -0.747704915711708
18.6378899562573 -0.726369751264641
18.6545287412347 -0.704310525652672
18.6711675262121 -0.681549227991632
18.6878063111894 -0.658108547238038
18.7044450961668 -0.634011849572237
18.7210838811442 -0.609283155106519
18.7377226661216 -0.583947113941306
18.754361451099 -0.558028981593438
18.7710002360764 -0.531554593820902
18.7876390210538 -0.504550340869176
18.8042778060312 -0.477043141164892
18.8209165910085 -0.44906041448292
18.8375553759859 -0.420630054613781
18.8541941609633 -0.391780401558494
18.8708329459407 -0.362540213278623
18.8874717309181 -0.332938637029763
18.9041105158955 -0.303005180306872
18.9207493008729 -0.2727696814306
18.9373880858503 -0.242262279803784
18.9540268708276 -0.211513385867817
18.970665655805 -0.180553650788904
18.9873044407824 -0.14941393590426
19.0039432257598 -0.118125281958911
19.0205820107372 -0.0867188781635516
19.0372207957146 -0.0552260311045062
19.053859580692 -0.0236781335366259
19.0704983656693 0.00789336690971398
19.0871371506467 0.0394569990762494
19.1037759356241 0.0709812996480151
19.1204147206015 0.102434844516615
19.1370535055789 0.133786280104477
19.1536922905563 0.1650043546188
19.1703310755337 0.196057949203975
19.1869698605111 0.22691610896159
19.2036086454884 0.257548073806899
19.2202474304658 0.287923309131165
19.2368862154432 0.318011536239239
19.2535250004206 0.347782762531979
19.270163785398 0.377207311403575
19.2868025703754 0.406255851823791
19.3034413553528 0.434899427575791
19.3200801403302 0.463109486120348
19.3367189253075 0.490857907057591
19.3533577102849 0.518117030158077
19.3699964952623 0.544859682935072
19.3866352802397 0.571059207730693
19.4032740652171 0.596689488288857
19.4199128501945 0.621724975788493
19.4365516351719 0.64614071431121
19.4531904201492 0.669912365717857
19.4698292051266 0.69301623390933
19.486467990104 0.715429288447372
19.5031067750814 0.737129187511777
19.5197455600588 0.758094300171245
19.5363843450362 0.778303727945531
19.5530231300136 0.797737325637519
19.569661914991 0.8163757214144
19.5863006999683 0.834200336117916
19.6029394849457 0.851193401784495
19.6195782699231 0.867337979356716
19.6362170549005 0.882617975568546
19.6528558398779 0.897018158987464
19.6694946248553 0.910524175197461
19.6861334098327 0.923122561107861
19.7027721948101 0.934800758373599
19.7194109797874 0.945547125913667
19.7360497647648 0.955350951515195
19.7526885497422 0.964202462511611
19.7693273347196 0.972092835524257
19.785966119697 0.979014205257715
19.8026049046744 0.98495967234011
19.8192436896518 0.989923310200557
19.8358824746291 0.993900170976888
19.8525212596065 0.996886290447793
19.8691600445839 0.998878691984444
19.8857988295613 0.999875389517657
19.9024376145387 0.999875389517657
19.9190763995161 0.998878691984444
19.9357151844935 0.996886290447793
19.9523539694709 0.993900170976888
19.9689927544482 0.989923310200557
19.9856315394256 0.98495967234011
20.002270324403 0.979014205257715
20.0189091093804 0.972092835524257
20.0355478943578 0.964202462511611
20.0521866793352 0.955350951515195
20.0688254643126 0.945547125913667
20.0854642492899 0.934800758373599
20.1021030342673 0.923122561107861
20.1187418192447 0.910524175197461
20.1353806042221 0.897018158987464
20.1520193891995 0.882617975568546
20.1686581741769 0.867337979356716
20.1852969591543 0.851193401784495
20.2019357441317 0.834200336117916
20.218574529109 0.8163757214144
20.2352133140864 0.797737325637518
20.2518520990638 0.778303727945532
20.2684908840412 0.758094300171245
20.2851296690186 0.737129187511777
20.301768453996 0.715429288447372
20.3184072389734 0.693016233909331
20.3350460239508 0.669912365717857
20.3516848089281 0.646140714311209
20.3683235939055 0.621724975788493
20.3849623788829 0.596689488288857
20.4016011638603 0.571059207730694
20.4182399488377 0.544859682935073
20.4348787338151 0.518117030158078
20.4515175187925 0.490857907057591
20.4681563037698 0.463109486120349
20.4847950887472 0.434899427575792
20.5014338737246 0.406255851823791
20.518072658702 0.377207311403576
20.5347114436794 0.34778276253198
20.5513502286568 0.31801153623924
20.5679890136342 0.287923309131165
20.5846277986116 0.257548073806899
20.6012665835889 0.22691610896159
20.6179053685663 0.196057949203975
20.6345441535437 0.1650043546188
20.6511829385211 0.133786280104478
20.6678217234985 0.102434844516616
20.6844605084759 0.0709812996480153
20.7010992934533 0.0394569990762492
20.7177380784307 0.00789336690971378
20.734376863408 -0.0236781335366256
20.7510156483854 -0.0552260311045057
20.7676544333628 -0.0867188781635514
20.7842932183402 -0.118125281958912
20.8009320033176 -0.14941393590426
20.817570788295 -0.180553650788905
20.8342095732724 -0.211513385867818
20.8508483582497 -0.242262279803784
20.8674871432271 -0.272769681430607
20.8841259282045 -0.303005180306872
20.9007647131819 -0.332938637029764
20.9174034981593 -0.362540213278623
20.9340422831367 -0.391780401558494
20.9506810681141 -0.420630054613788
20.9673198530915 -0.44906041448292
20.9839586380688 -0.477043141164892
21.0005974230462 -0.504550340869175
21.0172362080236 -0.531554593820903
21.033874993001 -0.558028981593443
21.0505137779784 -0.583947113941305
21.0671525629558 -0.609283155106519
21.0837913479332 -0.634011849572237
21.1004301329106 -0.658108547238038
21.1170689178879 -0.681549227991631
21.1337077028653 -0.704310525652671
21.1503464878427 -0.726369751264641
21.1669852728201 -0.747704915711707
21.1836240577975 -0.768294751637971
21.2002628427749 -0.788118734647194
21.2169016277523 -0.807157103761985
21.2335404127296 -0.825390881121977
21.250179197707 -0.842801890901349
21.2668179826844 -0.859372777426912
21.2834567676618 -0.875087022478592
21.3000955526392 -0.88992896175518
21.3167343376166 -0.903883800488824
21.333373122594 -0.916937628192788
21.3500119075714 -0.929077432527731
21.3666506925487 -0.940291112272674
21.3832894775261 -0.950567489387783
21.3999282625035 -0.959896320156858
21.4165670474809 -0.968268305398507
21.4332058324583 -0.975675099735774
21.4498446174357 -0.98210931991498
21.4664834024131 -0.987564552165524
21.4831221873905 -0.992035358593258
21.4997609723678 -0.995517282601106
21.5163997573452 -0.998006853331493
21.5330385423226 -0.999501589126174
21.5496773273 -1
21.5592433371729 -0.999501589126174
21.5688093470457 -0.998006853331493
21.5783753569186 -0.995517282601106
21.5879413667915 -0.992035358593257
21.5975073766643 -0.987564552165524
21.6070733865372 -0.982109319914981
21.6166393964101 -0.975675099735773
21.6262054062829 -0.968268305398508
21.6357714161558 -0.959896320156855
21.6453374260286 -0.950567489387783
21.6549034359015 -0.940291112272677
21.6644694457744 -0.929077432527729
21.6740354556472 -0.916937628192789
21.6836014655201 -0.903883800488826
21.693167475393 -0.88992896175518
21.7027334852658 -0.875087022478595
21.7122994951387 -0.85937277742691
21.7218655050116 -0.842801890901351
21.7314315148844 -0.825390881121979
21.7409975247573 -0.807157103761984
21.7505635346301 -0.788118734647194
21.760129544503 -0.768294751637968
21.7696955543759 -0.747704915711709
21.7792615642487 -0.726369751264643
21.7888275741216 -0.70431052565267
21.7983935839945 -0.681549227991635
21.8079595938673 -0.658108547238034
21.8175256037402 -0.634011849572239
21.8270916136131 -0.60928315510652
21.8366576234859 -0.583947113941304
21.8462236333588 -0.558028981593442
21.8557896432317 -0.531554593820897
21.8653556531045 -0.504550340869177
21.8749216629774 -0.477043141164893
21.8844876728503 -0.449060414482917
21.8940536827231 -0.420630054613785
21.903619692596 -0.391780401558488
21.9131857024688 -0.362540213278623
21.9227517123417 -0.332938637029764
21.9323177222146 -0.303005180306869
21.9418837320874 -0.272769681430604
21.9514497419603 -0.242262279803789
21.9610157518332 -0.211513385867818
21.970581761706 -0.180553650788905
21.9801477715789 -0.149413935904257
21.9897137814518 -0.118125281958908
21.9992797913246 -0.0867188781635556
22.0088458011975 -0.0552260311045062
22.0184118110704 -0.0236781335366263
22.0279778209432 0.00789336690971797
22.0375438308161 0.0394569990762527
22.0471098406889 0.0709812996480116
22.0566758505618 0.102434844516616
22.0662418604347 0.133786280104477
22.0758078703075 0.165004354618804
22.0853738801804 0.196057949203978
22.0949398900533 0.226916108961586
22.1045058999261 0.257548073806899
22.114071909799 0.287923309131165
22.1236379196719 0.318011536239244
22.1332039295447 0.347782762531983
22.1427699394176 0.377207311403573
22.1523359492905 0.406255851823792
22.1619019591633 0.434899427575792
22.1714679690362 0.463109486120343
22.181033978909 0.490857907057595
22.1905999887819 0.518117030158075
22.2001659986548 0.544859682935074
22.2097320085276 0.571059207730694
22.2192980184005 0.596689488288852
22.2288640282734 0.621724975788497
22.2384300381462 0.646140714311208
22.2479960480191 0.669912365717859
22.257562057892 0.693016233909332
22.2671280677648 0.715429288447368
22.2766940776377 0.737129187511781
22.2862600875106 0.758094300171244
22.2958260973834 0.778303727945533
22.3053921072563 0.79773732563752
22.3149581171291 0.816375721414397
22.324524127002 0.834200336117919
22.3340901368749 0.851193401784494
22.3436561467477 0.867337979356717
22.3532221566206 0.882617975568547
22.3627881664935 0.897018158987462
22.3723541763663 0.910524175197463
22.3819201862392 0.92312256110786
22.3914861961121 0.9348007583736
22.4010522059849 0.945547125913668
22.4106182158578 0.955350951515194
22.4201842257307 0.964202462511613
22.4297502356035 0.972092835524257
22.4393162454764 0.979014205257713
22.4488822553492 0.984959672340111
22.4584482652221 0.989923310200557
22.468014275095 0.993900170976888
22.4775802849678 0.996886290447793
22.4871462948407 0.998878691984443
22.4967123047136 0.999875389517657
22.5062783145864 0.999875389517657
22.5158443244593 0.998878691984443
22.5254103343322 0.996886290447793
22.534976344205 0.993900170976888
22.5445423540779 0.989923310200557
22.5541083639508 0.984959672340111
22.5636743738236 0.979014205257714
22.5732403836965 0.972092835524257
22.5828063935693 0.964202462511613
22.5923724034422 0.955350951515194
22.6019384133151 0.945547125913668
22.6115044231879 0.934800758373601
22.6210704330608 0.92312256110786
22.6306364429337 0.910524175197464
22.6402024528065 0.897018158987462
22.6497684626794 0.882617975568547
22.6593344725523 0.867337979356718
22.6689004824251 0.851193401784494
22.678466492298 0.834200336117919
22.6880325021709 0.816375721414397
22.6975985120437 0.79773732563752
22.7071645219166 0.778303727945533
22.7167305317894 0.758094300171244
22.7262965416623 0.737129187511781
22.7358625515352 0.715429288447368
22.745428561408 0.693016233909332
22.7549945712809 0.669912365717859
22.7645605811538 0.646140714311208
22.7741265910266 0.621724975788497
22.7836926008995 0.596689488288852
22.7932586107724 0.571059207730694
22.8028246206452 0.544859682935074
22.8123906305181 0.518117030158075
22.821956640391 0.490857907057595
22.8315226502638 0.463109486120344
22.8410886601367 0.434899427575792
22.8506546700095 0.406255851823793
22.8602206798824 0.377207311403572
22.8697866897553 0.347782762531983
22.8793526996281 0.318011536239244
22.888918709501 0.287923309131165
22.8984847193739 0.2575480738069
22.9080507292467 0.226916108961586
22.9176167391196 0.196057949203979
22.9271827489925 0.165004354618804
22.9367487588653 0.133786280104478
22.9463147687382 0.102434844516617
22.9558807786111 0.0709812996480109
22.9654467884839 0.0394569990762527
22.9750127983568 0.00789336690971822
22.9845788082296 -0.0236781335366265
22.9941448181025 -0.0552260311045057
23.0037108279754 -0.0867188781635558
23.0132768378482 -0.118125281958908
23.0228428477211 -0.149413935904257
23.032408857594 -0.180553650788905
23.0419748674668 -0.211513385867817
23.0515408773397 -0.242262279803789
23.0611068872126 -0.272769681430604
23.0706728970854 -0.303005180306869
23.0802389069583 -0.332938637029764
23.0898049168312 -0.362540213278623
23.099370926704 -0.391780401558498
23.1089369365769 -0.420630054613785
23.1185029464497 -0.449060414482917
23.1280689563226 -0.477043141164893
23.1376349661955 -0.504550340869176
23.1472009760683 -0.531554593820897
23.1567669859412 -0.558028981593442
23.1663329958141 -0.583947113941304
23.1758990056869 -0.60928315510652
23.1854650155598 -0.634011849572238
23.1950310254327 -0.658108547238034
23.2045970353055 -0.681549227991635
23.2141630451784 -0.704310525652671
23.2237290550513 -0.726369751264642
23.2332950649241 -0.747704915711709
23.242861074797 -0.768294751637968
23.2524270846699 -0.788118734647194
23.2619930945427 -0.807157103761985
23.2715591044156 -0.825390881121979
23.2811251142884 -0.842801890901351
23.2906911241613 -0.85937277742691
23.3002571340342 -0.875087022478595
23.309823143907 -0.889928961755179
23.3193891537799 -0.903883800488826
23.3289551636528 -0.916937628192789
23.3385211735256 -0.929077432527729
23.3480871833985 -0.940291112272677
23.3576531932714 -0.950567489387782
23.3672192031442 -0.959896320156855
23.3767852130171 -0.968268305398508
23.3863512228899 -0.975675099735773
23.3959172327628 -0.982109319914981
23.4054832426357 -0.987564552165524
23.4150492525085 -0.992035358593257
23.4246152623814 -0.995517282601106
23.4341812722543 -0.998006853331493
23.4437472821271 -0.999501589126174
23.453313292 -1
23.4711358382714 -0.999501589126174
23.4889583845427 -0.998006853331494
23.5067809308141 -0.995517282601106
23.5246034770854 -0.992035358593258
23.5424260233568 -0.987564552165523
23.5602485696281 -0.982109319914981
23.5780711158995 -0.975675099735774
23.5958936621709 -0.968268305398507
23.6137162084422 -0.959896320156856
23.6315387547136 -0.950567489387784
23.6493613009849 -0.940291112272676
23.6671838472563 -0.92907743252773
23.6850063935276 -0.916937628192788
23.702828939799 -0.903883800488824
23.7206514860704 -0.88992896175518
23.7384740323417 -0.875087022478593
23.7562965786131 -0.859372777426911
23.7741191248844 -0.842801890901352
23.7919416711558 -0.825390881121976
23.8097642174271 -0.807157103761985
23.8275867636985 -0.788118734647194
23.8454093099698 -0.768294751637972
23.8632318562412 -0.747704915711709
23.8810544025126 -0.726369751264638
23.8988769487839 -0.704310525652674
23.9166994950553 -0.681549227991635
23.9345220413266 -0.658108547238037
23.952344587598 -0.634011849572237
23.9701671338693 -0.609283155106519
23.9879896801407 -0.583947113941307
24.0058122264121 -0.55802898159344
24.0236347726834 -0.5315545938209
24.0414573189548 -0.504550340869179
24.0592798652261 -0.47704314116489
24.0771024114975 -0.449060414482919
24.0949249577688 -0.420630054613782
24.1127475040402 -0.391780401558495
24.1305700503116 -0.362540213278625
24.1483925965829 -0.33293863702976
24.1662151428543 -0.30300518030687
24.1840376891256 -0.272769681430605
24.201860235397 -0.242262279803783
24.2196827816683 -0.211513385867818
24.2375053279397 -0.180553650788899
24.2553278742111 -0.149413935904262
24.2731504204824 -0.118125281958908
24.2909729667538 -0.086718878163549
24.3087955130251 -0.055226031104511
24.3266180592965 -0.0236781335366254
24.3444406055678 0.00789336690971375
24.3622631518392 0.0394569990762547
24.3800856981106 0.0709812996480133
24.3979082443819 0.102434844516612
24.4157307906533 0.13378628010448
24.4335533369246 0.165004354618802
24.451375883196 0.196057949203976
24.4691984294673 0.22691610896159
24.4870209757387 0.257548073806898
24.5048435220101 0.287923309131169
24.5226660682814 0.318011536239236
24.5404886145528 0.347782762531982
24.5583111608241 0.377207311403577
24.5761337070955 0.406255851823792
24.5939562533668 0.434899427575791
24.6117787996382 0.463109486120348
24.6296013459095 0.490857907057595
24.6474238921809 0.518117030158075
24.6652464384523 0.544859682935069
24.6830689847236 0.571059207730695
24.700891530995 0.596689488288857
24.7187140772663 0.621724975788493
24.7365366235377 0.646140714311209
24.754359169809 0.669912365717855
24.7721817160804 0.693016233909333
24.7900042623518 0.715429288447369
24.8078268086231 0.737129187511778
24.8256493548945 0.758094300171246
24.8434719011658 0.778303727945531
24.8612944474372 0.797737325637518
24.8791169937085 0.816375721414399
24.8969395399799 0.834200336117918
24.9147620862513 0.851193401784496
24.9325846325226 0.867337979356714
24.950407178794 0.882617975568547
24.9682297250653 0.897018158987464
24.9860522713367 0.910524175197463
25.003874817608 0.92312256110786
25.0216973638794 0.934800758373598
25.0395199101508 0.945547125913668
25.0573424564221 0.955350951515196
25.0751650026935 0.964202462511611
25.0929875489648 0.972092835524257
25.1108100952362 0.979014205257715
25.1286326415075 0.98495967234011
25.1464551877789 0.989923310200557
25.1642777340503 0.993900170976888
25.1821002803216 0.996886290447793
25.199922826593 0.998878691984443
25.2177453728643 0.999875389517657
25.2355679191357 0.999875389517657
25.253390465407 0.998878691984443
25.2712130116784 0.996886290447793
25.2890355579497 0.993900170976888
25.3068581042211 0.989923310200557
25.3246806504925 0.98495967234011
25.3425031967638 0.979014205257715
25.3603257430352 0.972092835524257
25.3781482893065 0.964202462511611
25.3959708355779 0.955350951515194
25.4137933818492 0.945547125913668
25.4316159281206 0.934800758373598
25.449438474392 0.92312256110786
25.4672610206633 0.910524175197464
25.4850835669347 0.897018158987464
25.502906113206 0.882617975568547
25.5207286594774 0.867337979356714
25.5385512057487 0.851193401784493
25.5563737520201 0.834200336117918
25.5741962982915 0.816375721414399
25.5920188445628 0.797737325637518
25.6098413908342 0.778303727945532
25.6276639371055 0.758094300171246
25.6454864833769 0.737129187511778
25.6633090296482 0.71542928844737
25.6811315759196 0.693016233909334
25.698954122191 0.669912365717856
25.7167766684623 0.646140714311209
25.7345992147337 0.621724975788493
25.752421761005 0.596689488288858
25.7702443072764 0.571059207730695
25.7880668535477 0.54485968293507
25.8058893998191 0.518117030158081
25.8237119460905 0.490857907057595
25.8415344923618 0.463109486120348
25.8593570386332 0.434899427575792
25.8771795849045 0.406255851823791
25.8950021311759 0.377207311403577
25.9128246774472 0.347782762531982
25.9306472237186 0.318011536239236
25.9484697699899 0.287923309131169
25.9662923162613 0.257548073806898
25.9841148625327 0.22691610896159
26.001937408804 0.196057949203976
26.0197599550754 0.165004354618802
26.0375825013467 0.13378628010448
26.0554050476181 0.102434844516613
26.0732275938894 0.0709812996480136
26.0910501401608 0.0394569990762554
26.1088726864322 0.00789336690971378
26.1266952327035 -0.0236781335366247
26.1445177789749 -0.0552260311045039
26.1623403252462 -0.0867188781635487
26.1801628715176 -0.118125281958907
26.1979854177889 -0.149413935904263
26.2158079640603 -0.180553650788906
26.2336305103317 -0.211513385867817
26.251453056603 -0.242262279803784
26.2692756028744 -0.272769681430605
26.2870981491457 -0.303005180306871
26.3049206954171 -0.33293863702976
26.3227432416884 -0.362540213278625
26.3405657879598 -0.391780401558495
26.3583883342312 -0.420630054613782
26.3762108805025 -0.44906041448292
26.3940334267739 -0.47704314116489
26.4118559730452 -0.504550340869179
26.4296785193166 -0.5315545938209
26.4475010655879 -0.558028981593439
26.4653236118593 -0.583947113941307
26.4831461581307 -0.609283155106519
26.500968704402 -0.634011849572237
26.5187912506734 -0.658108547238037
26.5366137969447 -0.681549227991635
26.5544363432161 -0.704310525652674
26.5722588894874 -0.726369751264638
26.5900814357588 -0.747704915711709
26.6079039820302 -0.768294751637971
26.6257265283015 -0.78811873464719
26.6435490745729 -0.807157103761984
26.6613716208442 -0.825390881121976
26.6791941671156 -0.842801890901351
26.6970167133869 -0.859372777426911
26.7148392596583 -0.875087022478593
26.7326618059296 -0.88992896175518
26.750484352201 -0.903883800488824
26.7683068984724 -0.916937628192787
26.7861294447437 -0.92907743252773
26.8039519910151 -0.940291112272676
26.8217745372864 -0.950567489387784
26.8395970835578 -0.959896320156856
26.8574196298291 -0.968268305398507
26.8752421761005 -0.975675099735774
26.8930647223719 -0.982109319914981
26.9108872686432 -0.987564552165523
26.9287098149146 -0.992035358593258
26.9465323611859 -0.995517282601106
26.9643549074573 -0.998006853331493
26.9821774537286 -0.999501589126174
27 -1
