0 -1
0.00975726122613065 -0.999501589126174
0.0195145224522613 -0.998006853331493
0.029271783678392 -0.995517282601106
0.0390290449045226 -0.992035358593258
0.0487863061306533 -0.987564552165524
0.0585435673567839 -0.98210931991498
0.0683008285829146 -0.975675099735774
0.0780580898090452 -0.968268305398507
0.0878153510351759 -0.959896320156857
0.0975726122613065 -0.950567489387783
0.107329873487437 -0.940291112272676
0.117087134713568 -0.929077432527731
0.126844395939698 -0.916937628192789
0.136601657165829 -0.903883800488824
0.14635891839196 -0.88992896175518
0.15611617961809 -0.875087022478594
0.165873440844221 -0.859372777426912
0.175630702070352 -0.842801890901351
0.185387963296482 -0.825390881121976
0.195145224522613 -0.807157103761985
0.204902485748744 -0.788118734647192
0.214659746974874 -0.768294751637971
0.224417008201005 -0.747704915711709
0.234174269427136 -0.726369751264639
0.243931530653266 -0.704310525652672
0.253688791879397 -0.681549227991634
0.263446053105528 -0.658108547238038
0.273203314331658 -0.634011849572239
0.282960575557789 -0.609283155106517
0.29271783678392 -0.583947113941306
0.30247509801005 -0.55802898159344
0.312232359236181 -0.531554593820901
0.321989620462312 -0.504550340869177
0.331746881688442 -0.47704314116489
0.341504142914573 -0.44906041448292
0.351261404140704 -0.420630054613784
0.361018665366834 -0.391780401558493
0.370775926592965 -0.362540213278624
0.380533187819095 -0.332938637029761
0.390290449045226 -0.303005180306873
0.400047710271357 -0.272769681430603
0.409804971497487 -0.242262279803783
0.419562232723618 -0.211513385867819
0.429319493949749 -0.180553650788902
0.439076755175879 -0.149413935904261
0.44883401640201 -0.118125281958908
0.458591277628141 -0.0867188781635509
0.468348538854271 -0.0552260311045082
0.478105800080402 -0.0236781335366241
0.487863061306533 0.00789336690971309
0.497620322532663 0.0394569990762527
0.507377583758794 0.0709812996480158
0.517134844984925 0.102434844516614
0.526892106211055 0.133786280104479
0.536649367437186 0.165004354618799
0.546406628663317 0.196057949203978
0.556163889889447 0.22691610896159
0.565921151115578 0.257548073806897
0.575678412341709 0.287923309131167
0.585435673567839 0.318011536239238
0.59519293479397 0.347782762531982
0.6049501960201 0.377207311403576
0.614707457246231 0.406255851823789
0.624464718472362 0.434899427575793
0.634221979698492 0.463109486120347
0.643979240924623 0.490857907057594
0.653736502150754 0.518117030158078
0.663493763376884 0.54485968293507
0.673251024603015 0.571059207730695
0.683008285829146 0.596689488288856
0.692765547055276 0.621724975788495
0.702522808281407 0.64614071431121
0.712280069507538 0.669912365717855
0.722037330733668 0.693016233909332
0.731794591959799 0.715429288447371
0.74155185318593 0.737129187511779
0.75130911441206 0.758094300171246
0.761066375638191 0.77830372794553
0.770823636864322 0.797737325637519
0.780580898090452 0.816375721414399
0.790338159316583 0.834200336117917
0.800095420542714 0.851193401784495
0.809852681768844 0.867337979356715
0.819609942994975 0.882617975568547
0.829367204221106 0.897018158987464
0.839124465447236 0.910524175197462
0.848881726673367 0.923122561107861
0.858638987899497 0.934800758373598
0.868396249125628 0.945547125913667
0.878153510351759 0.955350951515195
0.887910771577889 0.964202462511612
0.89766803280402 0.972092835524257
0.907425294030151 0.979014205257715
0.917182555256281 0.98495967234011
0.926939816482412 0.989923310200557
0.936697077708543 0.993900170976888
0.946454338934673 0.996886290447793
0.956211600160804 0.998878691984444
0.965968861386935 0.999875389517657
0.975726122613065 0.999875389517657
0.985483383839196 0.998878691984444
0.995240645065327 0.996886290447793
1.00499790629146 0.993900170976888
1.01475516751759 0.989923310200557
1.02451242874372 0.984959672340111
1.03426968996985 0.979014205257714
1.04402695119598 0.972092835524257
1.05378421242211 0.964202462511612
1.06354147364824 0.955350951515195
1.07329873487437 0.945547125913667
1.0830559961005 0.934800758373598
1.09281325732663 0.923122561107861
1.10257051855276 0.910524175197462
1.11232777977889 0.897018158987464
1.12208504100503 0.882617975568547
1.13184230223116 0.867337979356715
1.14159956345729 0.851193401784495
1.15135682468342 0.834200336117917
1.16111408590955 0.816375721414399
1.17087134713568 0.79773732563752
1.18062860836181 0.77830372794553
1.19038586958794 0.758094300171246
1.20014313081407 0.737129187511779
1.2099003920402 0.715429288447372
1.21965765326633 0.693016233909332
1.22941491449246 0.669912365717855
1.23917217571859 0.64614071431121
1.24892943694472 0.621724975788495
1.25868669817085 0.596689488288856
1.26844395939698 0.571059207730696
1.27820122062312 0.544859682935071
1.28795848184925 0.518117030158078
1.29771574307538 0.490857907057594
1.30747300430151 0.463109486120348
1.31723026552764 0.434899427575793
1.32698752675377 0.40625585182379
1.3367447879799 0.377207311403576
1.34650204920603 0.347782762531982
1.35625931043216 0.318011536239238
1.36601657165829 0.287923309131167
1.37577383288442 0.257548073806897
1.38553109411055 0.226916108961591
1.39528835533668 0.196057949203977
1.40504561656281 0.1650043546188
1.41480287778894 0.13378628010448
1.42456013901508 0.102434844516613
1.43431740024121 0.0709812996480162
1.44407466146734 0.0394569990762527
1.45383192269347 0.00789336690971378
1.4635891839196 -0.0236781335366239
1.47334644514573 -0.0552260311045075
1.48310370637186 -0.0867188781635514
1.49286096759799 -0.118125281958908
1.50261822882412 -0.149413935904261
1.51237549005025 -0.180553650788902
1.52213275127638 -0.211513385867818
1.53189001250251 -0.242262279803784
1.54164727372864 -0.272769681430603
1.55140453495477 -0.303005180306872
1.5611617961809 -0.332938637029761
1.57091905740704 -0.362540213278624
1.58067631863317 -0.391780401558493
1.5904335798593 -0.420630054613784
1.60019084108543 -0.44906041448292
1.60994810231156 -0.477043141164889
1.61970536353769 -0.504550340869178
1.62946262476382 -0.531554593820902
1.63921988598995 -0.558028981593439
1.64897714721608 -0.583947113941306
1.65873440844221 -0.609283155106517
1.66849166966834 -0.634011849572238
1.67824893089447 -0.658108547238037
1.6880061921206 -0.681549227991633
1.69776345334673 -0.704310525652671
1.70752071457286 -0.726369751264639
1.71727797579899 -0.747704915711709
1.72703523702513 -0.768294751637971
1.73679249825126 -0.788118734647193
1.74654975947739 -0.807157103761985
1.75630702070352 -0.825390881121976
1.76606428192965 -0.842801890901351
1.77582154315578 -0.859372777426912
1.78557880438191 -0.875087022478594
1.79533606560804 -0.88992896175518
1.80509332683417 -0.903883800488823
1.8148505880603 -0.916937628192789
1.82460784928643 -0.92907743252773
1.83436511051256 -0.940291112272675
1.84412237173869 -0.950567489387783
1.85387963296482 -0.959896320156857
1.86363689419095 -0.968268305398507
1.87339415541709 -0.975675099735774
1.88315141664322 -0.98210931991498
1.89290867786935 -0.987564552165524
1.90266593909548 -0.992035358593258
1.91242320032161 -0.995517282601106
1.92218046154774 -0.998006853331493
1.93193772277387 -0.999501589126174
1.941694984 -1
1.95746320030452 -0.999501589126174
1.97323141660905 -0.998006853331493
1.98899963291357 -0.995517282601106
2.00476784921809 -0.992035358593258
2.02053606552261 -0.987564552165524
2.03630428182714 -0.98210931991498
2.05207249813166 -0.975675099735773
2.06784071443618 -0.968268305398507
2.0836089307407 -0.959896320156857
2.09937714704523 -0.950567489387783
2.11514536334975 -0.940291112272676
2.13091357965427 -0.929077432527731
2.14668179595879 -0.916937628192789
2.16245001226332 -0.903883800488824
2.17821822856784 -0.88992896175518
2.19398644487236 -0.875087022478594
2.20975466117688 -0.859372777426912
2.22552287748141 -0.842801890901351
2.24129109378593 -0.825390881121976
2.25705931009045 -0.807157103761985
2.27282752639498 -0.788118734647192
2.2885957426995 -0.768294751637971
2.30436395900402 -0.747704915711709
2.32013217530854 -0.726369751264639
2.33590039161307 -0.704310525652672
2.35166860791759 -0.681549227991634
2.36743682422211 -0.658108547238038
2.38320504052663 -0.634011849572239
2.39897325683116 -0.609283155106517
2.41474147313568 -0.583947113941306
2.4305096894402 -0.55802898159344
2.44627790574472 -0.531554593820902
2.46204612204925 -0.504550340869177
2.47781433835377 -0.477043141164889
2.49358255465829 -0.44906041448292
2.50935077096281 -0.420630054613785
2.52511898726734 -0.391780401558493
2.54088720357186 -0.362540213278624
2.55665541987638 -0.332938637029761
2.5724236361809 -0.303005180306873
2.58819185248543 -0.272769681430603
2.60396006878995 -0.242262279803784
2.61972828509447 -0.211513385867819
2.635496501399 -0.180553650788902
2.65126471770352 -0.149413935904261
2.66703293400804 -0.118125281958908
2.68280115031256 -0.0867188781635509
2.69856936661709 -0.0552260311045088
2.71433758292161 -0.0236781335366237
2.73010579922613 0.00789336690971287
2.74587401553065 0.0394569990762527
2.76164223183518 0.0709812996480162
2.7774104481397 0.102434844516613
2.79317866444422 0.133786280104479
2.80894688074874 0.1650043546188
2.82471509705327 0.196057949203978
2.84048331335779 0.22691610896159
2.85625152966231 0.257548073806897
2.87201974596683 0.287923309131166
2.88778796227136 0.318011536239238
2.90355617857588 0.347782762531982
2.9193243948804 0.377207311403576
2.93509261118492 0.406255851823789
2.95086082748945 0.434899427575793
2.96662904379397 0.463109486120348
2.98239726009849 0.490857907057594
2.99816547640302 0.518117030158077
3.01393369270754 0.54485968293507
3.02970190901206 0.571059207730695
3.04547012531658 0.596689488288855
3.06123834162111 0.621724975788495
3.07700655792563 0.64614071431121
3.09277477423015 0.669912365717855
3.10854299053467 0.693016233909331
3.1243112068392 0.715429288447371
3.14007942314372 0.737129187511779
3.15584763944824 0.758094300171246
3.17161585575276 0.77830372794553
3.18738407205729 0.797737325637519
3.20315228836181 0.816375721414399
3.21892050466633 0.834200336117917
3.23468872097085 0.851193401784494
3.25045693727538 0.867337979356715
3.2662251535799 0.882617975568547
3.28199336988442 0.897018158987464
3.29776158618894 0.910524175197462
3.31352980249347 0.923122561107861
3.32929801879799 0.934800758373598
3.34506623510251 0.945547125913667
3.36083445140703 0.955350951515195
3.37660266771156 0.964202462511612
3.39237088401608 0.972092835524257
3.4081391003206 0.979014205257714
3.42390731662513 0.984959672340111
3.43967553292965 0.989923310200557
3.45544374923417 0.993900170976888
3.47121196553869 0.996886290447793
3.48698018184322 0.998878691984444
3.50274839814774 0.999875389517657
3.51851661445226 0.999875389517657
3.53428483075678 0.998878691984444
3.55005304706131 0.996886290447793
3.56582126336583 0.993900170976888
3.58158947967035 0.989923310200557
3.59735769597487 0.984959672340111
3.6131259122794 0.979014205257715
3.62889412858392 0.972092835524257
3.64466234488844 0.964202462511612
3.66043056119296 0.955350951515195
3.67619877749749 0.945547125913667
3.69196699380201 0.934800758373598
3.70773521010653 0.923122561107861
3.72350342641106 0.910524175197462
3.73927164271558 0.897018158987463
3.7550398590201 0.882617975568547
3.77080807532462 0.867337979356714
3.78657629162915 0.851193401784495
3.80234450793367 0.834200336117918
3.81811272423819 0.816375721414399
3.83388094054271 0.79773732563752
3.84964915684724 0.778303727945531
3.86541737315176 0.758094300171246
3.88118558945628 0.737129187511779
3.8969538057608 0.715429288447371
3.91272202206533 0.693016233909332
3.92849023836985 0.669912365717855
3.94425845467437 0.646140714311209
3.96002667097889 0.621724975788495
3.97579488728342 0.596689488288856
3.99156310358794 0.571059207730694
4.00733131989246 0.54485968293507
4.02309953619698 0.518117030158078
4.03886775250151 0.490857907057593
4.05463596880603 0.463109486120348
4.07040418511055 0.434899427575792
4.08617240141508 0.406255851823788
4.1019406177196 0.377207311403576
4.11770883402412 0.347782762531982
4.13347705032864 0.318011536239238
4.14924526663317 0.287923309131167
4.16501348293769 0.257548073806896
4.18078169924221 0.22691610896159
4.19654991554673 0.196057949203978
4.21231813185126 0.165004354618799
4.22808634815578 0.133786280104478
4.2438545644603 0.102434844516613
4.25962278076482 0.0709812996480153
4.27539099706935 0.0394569990762527
4.29115921337387 0.007893366909712
4.30692742967839 -0.0236781335366247
4.32269564598291 -0.0552260311045084
4.33846386228744 -0.0867188781635523
4.35423207859196 -0.118125281958909
4.37000029489648 -0.14941393590426
4.38576851120101 -0.180553650788903
4.40153672750553 -0.211513385867819
4.41730494381005 -0.242262279803783
4.43307316011457 -0.272769681430604
4.4488413764191 -0.303005180306873
4.46460959272362 -0.33293863702976
4.48037780902814 -0.362540213278625
4.49614602533266 -0.391780401558494
4.51191424163719 -0.420630054613786
4.52768245794171 -0.44906041448292
4.54345067424623 -0.47704314116489
4.55921889055075 -0.504550340869178
4.57498710685528 -0.531554593820901
4.5907553231598 -0.55802898159344
4.60652353946432 -0.583947113941307
4.62229175576884 -0.609283155106517
4.63805997207337 -0.634011849572238
4.65382818837789 -0.658108547238038
4.66959640468241 -0.681549227991635
4.68536462098693 -0.704310525652672
4.70113283729146 -0.72636975126464
4.71690105359598 -0.747704915711709
4.7326692699005 -0.76829475163797
4.74843748620503 -0.788118734647193
4.76420570250955 -0.807157103761986
4.77997391881407 -0.825390881121976
4.79574213511859 -0.842801890901351
4.81151035142312 -0.859372777426912
4.82727856772764 -0.875087022478593
4.84304678403216 -0.88992896175518
4.85881500033668 -0.903883800488824
4.87458321664121 -0.916937628192788
4.89035143294573 -0.92907743252773
4.90611964925025 -0.940291112272675
4.92188786555477 -0.950567489387782
4.9376560818593 -0.959896320156857
4.95342429816382 -0.968268305398508
4.96919251446834 -0.975675099735773
4.98496073077286 -0.98210931991498
5.00072894707739 -0.987564552165524
5.01649716338191 -0.992035358593258
5.03226537968643 -0.995517282601106
5.04803359599096 -0.998006853331493
5.06380181229548 -0.999501589126174
5.0795700286 -1
5.08498648492915 -0.999501589126174
5.09040294125829 -0.998006853331493
5.09581939758744 -0.995517282601106
5.10123585391658 -0.992035358593258
5.10665231024573 -0.987564552165523
5.11206876657487 -0.98210931991498
5.11748522290402 -0.975675099735774
5.12290167923317 -0.968268305398507
5.12831813556231 -0.959896320156857
5.13373459189146 -0.950567489387783
5.1391510482206 -0.940291112272676
5.14456750454975 -0.92907743252773
5.14998396087889 -0.916937628192789
5.15540041720804 -0.903883800488825
5.16081687353719 -0.88992896175518
5.16623332986633 -0.875087022478594
5.17164978619548 -0.859372777426913
5.17706624252462 -0.84280189090135
5.18248269885377 -0.825390881121976
5.18789915518291 -0.807157103761986
5.19331561151206 -0.788118734647191
5.19873206784121 -0.768294751637971
5.20414852417035 -0.74770491571171
5.2095649804995 -0.726369751264638
5.21498143682864 -0.704310525652672
5.22039789315779 -0.681549227991635
5.22581434948694 -0.658108547238036
5.23123080581608 -0.634011849572238
5.23664726214523 -0.609283155106517
5.24206371847437 -0.583947113941308
5.24748017480352 -0.558028981593439
5.25289663113266 -0.531554593820902
5.25831308746181 -0.504550340869179
5.26372954379096 -0.477043141164888
5.2691460001201 -0.449060414482921
5.27456245644925 -0.420630054613786
5.27997891277839 -0.391780401558492
5.28539536910754 -0.362540213278625
5.29081182543668 -0.332938637029763
5.29622828176583 -0.303005180306871
5.30164473809497 -0.272769681430603
5.30706119442412 -0.242262279803785
5.31247765075327 -0.211513385867817
5.31789410708241 -0.180553650788902
5.32331056341156 -0.149413935904262
5.3287270197407 -0.118125281958906
5.33414347606985 -0.0867188781635503
5.33955993239899 -0.0552260311045093
5.34497638872814 -0.0236781335366268
5.35039284505729 0.0078933669097142
5.35580930138643 0.0394569990762518
5.36122575771558 0.0709812996480136
5.36664221404472 0.102434844516614
5.37205867037387 0.133786280104479
5.37747512670301 0.165004354618797
5.38289158303216 0.19605794920398
5.38830803936131 0.22691610896159
5.39372449569045 0.257548073806895
5.3991409520196 0.287923309131168
5.40455740834874 0.318011536239238
5.40997386467789 0.347782762531981
5.41539032100704 0.377207311403578
5.42080677733618 0.406255851823789
5.42622323366533 0.434899427575792
5.43163968999447 0.46310948612035
5.43705614632362 0.490857907057594
5.44247260265276 0.518117030158076
5.44788905898191 0.544859682935068
5.45330551531106 0.571059207730696
5.4587219716402 0.596689488288855
5.46413842796935 0.621724975788498
5.46955488429849 0.646140714311211
5.47497134062764 0.669912365717855
5.48038779695678 0.69301623390933
5.48580425328593 0.715429288447372
5.49122070961508 0.737129187511779
5.49663716594422 0.758094300171244
5.50205362227337 0.778303727945531
5.50747007860251 0.797737325637519
5.51288653493166 0.816375721414398
5.5183029912608 0.834200336117918
5.52371944758995 0.851193401784495
5.5291359039191 0.867337979356714
5.53455236024824 0.882617975568548
5.53996881657739 0.897018158987464
5.54538527290653 0.910524175197462
5.55080172923568 0.923122561107862
5.55621818556482 0.934800758373599
5.56163464189397 0.945547125913667
5.56705109822312 0.955350951515196
5.57246755455226 0.964202462511612
5.57788401088141 0.972092835524257
5.58330046721055 0.979014205257714
5.5887169235397 0.984959672340111
5.59413337986884 0.989923310200557
5.59954983619799 0.993900170976888
5.60496629252714 0.996886290447793
5.61038274885628 0.998878691984444
5.61579920518543 0.999875389517657
5.62121566151457 0.999875389517657
5.62663211784372 0.998878691984444
5.63204857417286 0.996886290447793
5.63746503050201 0.993900170976888
5.64288148683116 0.989923310200557
5.6482979431603 0.984959672340111
5.65371439948945 0.979014205257715
5.65913085581859 0.972092835524257
5.66454731214774 0.964202462511612
5.66996376847688 0.955350951515194
5.67538022480603 0.945547125913667
5.68079668113518 0.934800758373599
5.68621313746432 0.923122561107862
5.69162959379347 0.910524175197462
5.69704605012261 0.897018158987464
5.70246250645176 0.882617975568548
5.7078789627809 0.867337979356714
5.71329541911005 0.851193401784495
5.7187118754392 0.834200336117919
5.72412833176834 0.816375721414398
5.72954478809749 0.79773732563752
5.73496124442663 0.778303727945531
5.74037770075578 0.758094300171244
5.74579415708492 0.737129187511779
5.75121061341407 0.715429288447372
5.75662706974322 0.693016233909334
5.76204352607236 0.669912365717855
5.76745998240151 0.646140714311211
5.77287643873065 0.621724975788493
5.7782928950598 0.596689488288856
5.78370935138894 0.571059207730696
5.78912580771809 0.544859682935073
5.79454226404724 0.518117030158076
5.79995872037638 0.490857907057594
5.80537517670553 0.46310948612035
5.81079163303467 0.434899427575792
5.81620808936382 0.40625585182379
5.82162454569296 0.377207311403578
5.82704100202211 0.347782762531981
5.83245745835126 0.318011536239238
5.8378739146804 0.287923309131168
5.84329037100955 0.257548073806896
5.84870682733869 0.22691610896159
5.85412328366784 0.196057949203979
5.85953973999698 0.165004354618802
5.86495619632613 0.133786280104478
5.87037265265528 0.102434844516615
5.87578910898442 0.0709812996480136
5.88120556531357 0.0394569990762518
5.88662202164271 0.00789336690971378
5.89203847797186 -0.0236781335366212
5.89745493430101 -0.0552260311045084
5.90287139063015 -0.0867188781635496
5.9082878469593 -0.118125281958911
5.91370430328844 -0.149413935904262
5.91912075961759 -0.180553650788902
5.92453721594673 -0.211513385867817
5.92995367227588 -0.242262279803784
5.93537012860503 -0.272769681430603
5.94078658493417 -0.303005180306871
5.94620304126332 -0.332938637029763
5.95161949759246 -0.362540213278625
5.95703595392161 -0.391780401558491
5.96245241025075 -0.420630054613786
5.9678688665799 -0.449060414482921
5.97328532290905 -0.477043141164889
5.97870177923819 -0.504550340869179
5.98411823556734 -0.531554593820902
5.98953469189648 -0.558028981593439
5.99495114822563 -0.583947113941304
6.00036760455477 -0.609283155106517
6.00578406088392 -0.634011849572238
6.01120051721307 -0.658108547238039
6.01661697354221 -0.681549227991634
6.02203342987136 -0.704310525652672
6.0274498862005 -0.726369751264638
6.03286634252965 -0.74770491571171
6.03828279885879 -0.768294751637971
6.04369925518794 -0.788118734647191
6.04911571151709 -0.807157103761986
6.05453216784623 -0.825390881121976
6.05994862417538 -0.84280189090135
6.06536508050452 -0.859372777426913
6.07078153683367 -0.875087022478594
6.07619799316281 -0.889928961755179
6.08161444949196 -0.903883800488824
6.08703090582111 -0.916937628192789
6.09244736215025 -0.92907743252773
6.0978638184794 -0.940291112272674
6.10328027480854 -0.950567489387783
6.10869673113769 -0.959896320156857
6.11411318746683 -0.968268305398508
6.11952964379598 -0.975675099735774
6.12494610012513 -0.98210931991498
6.13036255645427 -0.987564552165523
6.13577901278342 -0.992035358593258
6.14119546911256 -0.995517282601106
6.14661192544171 -0.998006853331494
6.15202838177085 -0.999501589126174
6.1574448381 -1
6.17667033412261 -0.999501589126174
6.19589583014523 -0.998006853331493
6.21512132616784 -0.995517282601106
6.23434682219045 -0.992035358593258
6.25357231821306 -0.987564552165524
6.27279781423568 -0.98210931991498
6.29202331025829 -0.975675099735774
6.3112488062809 -0.968268305398507
6.33047430230352 -0.959896320156857
6.34969979832613 -0.950567489387783
6.36892529434874 -0.940291112272676
6.38815079037136 -0.929077432527731
6.40737628639397 -0.916937628192789
6.42660178241658 -0.903883800488824
6.4458272784392 -0.88992896175518
6.46505277446181 -0.875087022478593
6.48427827048442 -0.859372777426912
6.50350376650703 -0.842801890901351
6.52272926252965 -0.825390881121977
6.54195475855226 -0.807157103761985
6.56118025457487 -0.788118734647192
6.58040575059749 -0.768294751637971
6.5996312466201 -0.747704915711709
6.61885674264271 -0.726369751264639
6.63808223866533 -0.704310525652672
6.65730773468794 -0.681549227991634
6.67653323071055 -0.658108547238037
6.69575872673317 -0.634011849572239
6.71498422275578 -0.609283155106517
6.73420971877839 -0.583947113941306
6.75343521480101 -0.55802898159344
6.77266071082362 -0.531554593820902
6.79188620684623 -0.504550340869178
6.81111170286884 -0.477043141164889
6.83033719889146 -0.44906041448292
6.84956269491407 -0.420630054613785
6.86878819093668 -0.391780401558493
6.8880136869593 -0.362540213278624
6.90723918298191 -0.332938637029761
6.92646467900452 -0.303005180306873
6.94569017502714 -0.272769681430603
6.96491567104975 -0.242262279803783
6.98414116707236 -0.21151338586782
7.00336666309498 -0.180553650788902
7.02259215911759 -0.149413935904261
7.0418176551402 -0.118125281958908
7.06104315116281 -0.0867188781635514
7.08026864718543 -0.0552260311045079
7.09949414320804 -0.0236781335366241
7.11871963923065 0.00789336690971287
7.13794513525327 0.0394569990762531
7.15717063127588 0.070981299648016
7.17639612729849 0.102434844516613
7.19562162332111 0.13378628010448
7.21484711934372 0.1650043546188
7.23407261536633 0.196057949203978
7.25329811138894 0.22691610896159
7.27252360741156 0.257548073806897
7.29174910343417 0.287923309131167
7.31097459945678 0.318011536239238
7.3302000954794 0.347782762531982
7.34942559150201 0.377207311403576
7.36865108752462 0.406255851823789
7.38787658354724 0.434899427575793
7.40710207956985 0.463109486120348
7.42632757559246 0.490857907057594
7.44555307161508 0.518117030158077
7.46477856763769 0.544859682935071
7.4840040636603 0.571059207730695
7.50322955968291 0.596689488288856
7.52245505570553 0.621724975788495
7.54168055172814 0.646140714311209
7.56090604775075 0.669912365717855
7.58013154377337 0.693016233909332
7.59935703979598 0.715429288447371
7.61858253581859 0.737129187511779
7.63780803184121 0.758094300171245
7.65703352786382 0.778303727945529
7.67625902388643 0.79773732563752
7.69548451990905 0.816375721414399
7.71471001593166 0.834200336117917
7.73393551195427 0.851193401784495
7.75316100797688 0.867337979356715
7.7723865039995 0.882617975568547
7.79161200002211 0.897018158987463
7.81083749604472 0.910524175197462
7.83006299206734 0.923122561107861
7.84928848808995 0.934800758373598
7.86851398411256 0.945547125913667
7.88773948013518 0.955350951515195
7.90696497615779 0.964202462511612
7.9261904721804 0.972092835524257
7.94541596820302 0.979014205257715
7.96464146422563 0.984959672340111
7.98386696024824 0.989923310200557
8.00309245627085 0.993900170976888
8.02231795229347 0.996886290447793
8.04154344831608 0.998878691984444
8.06076894433869 0.999875389517657
8.07999444036131 0.999875389517657
8.09921993638392 0.998878691984444
8.11844543240653 0.996886290447793
8.13767092842915 0.993900170976888
8.15689642445176 0.989923310200557
8.17612192047437 0.98495967234011
8.19534741649698 0.979014205257715
8.2145729125196 0.972092835524257
8.23379840854221 0.964202462511612
8.25302390456482 0.955350951515195
8.27224940058744 0.945547125913667
8.29147489661005 0.934800758373598
8.31070039263266 0.923122561107861
8.32992588865528 0.910524175197462
8.34915138467789 0.897018158987464
8.3683768807005 0.882617975568547
8.38760237672312 0.867337979356714
8.40682787274573 0.851193401784495
8.42605336876834 0.834200336117917
8.44527886479095 0.8163757214144
8.46450436081357 0.79773732563752
8.48372985683618 0.77830372794553
8.50295535285879 0.758094300171245
8.52218084888141 0.737129187511779
8.54140634490402 0.715429288447371
8.56063184092663 0.693016233909333
8.57985733694925 0.669912365717855
8.59908283297186 0.646140714311209
8.61830832899447 0.621724975788496
8.63753382501709 0.596689488288856
8.6567593210397 0.571059207730694
8.67598481706231 0.544859682935071
8.69521031308492 0.518117030158078
8.71443580910754 0.490857907057593
8.73366130513015 0.463109486120348
8.75288680115276 0.434899427575793
8.77211229717538 0.40625585182379
8.79133779319799 0.377207311403577
8.8105632892206 0.347782762531982
8.82978878524322 0.318011536239236
8.84901428126583 0.287923309131167
8.86823977728844 0.257548073806896
8.88746527331105 0.226916108961591
8.90669076933367 0.196057949203978
8.92591626535628 0.165004354618799
8.94514176137889 0.13378628010448
8.96436725740151 0.102434844516613
8.98359275342412 0.070981299648018
9.00281824944673 0.0394569990762527
9.02204374546935 0.00789336690971289
9.04126924149196 -0.0236781335366256
9.06049473751457 -0.0552260311045075
9.07972023353719 -0.0867188781635514
9.0989457295598 -0.118125281958906
9.11817122558241 -0.14941393590426
9.13739672160503 -0.180553650788903
9.15662221762764 -0.211513385867818
9.17584771365025 -0.242262279803783
9.19507320967286 -0.272769681430604
9.21429870569548 -0.303005180306872
9.23352420171809 -0.332938637029761
9.2527496977407 -0.362540213278626
9.27197519376332 -0.391780401558492
9.29120068978593 -0.420630054613784
9.31042618580854 -0.449060414482919
9.32965168183116 -0.477043141164889
9.34887717785377 -0.504550340869178
9.36810267387638 -0.531554593820903
9.38732816989899 -0.55802898159344
9.40655366592161 -0.583947113941307
9.42577916194422 -0.609283155106516
9.44500465796683 -0.634011849572239
9.46423015398945 -0.658108547238038
9.48345565001206 -0.681549227991633
9.50268114603467 -0.704310525652672
9.52190664205729 -0.726369751264638
9.5411321380799 -0.747704915711708
9.56035763410251 -0.768294751637971
9.57958313012513 -0.788118734647193
9.59880862614774 -0.807157103761985
9.61803412217035 -0.825390881121977
9.63725961819296 -0.84280189090135
9.65648511421558 -0.859372777426912
9.67571061023819 -0.875087022478594
9.6949361062608 -0.889928961755181
9.71416160228342 -0.903883800488823
9.73338709830603 -0.916937628192789
9.75261259432864 -0.92907743252773
9.77183809035126 -0.940291112272676
9.79106358637387 -0.950567489387783
9.81028908239648 -0.959896320156857
9.8295145784191 -0.968268305398507
9.84874007444171 -0.975675099735773
9.86796557046432 -0.98210931991498
9.88719106648693 -0.987564552165524
9.90641656250955 -0.992035358593258
9.92564205853216 -0.995517282601106
9.94486755455477 -0.998006853331493
9.96409305057739 -0.999501589126174
9.9833185466 -1
9.99843786316784 -0.999501589126174
10.0135571797357 -0.998006853331493
10.0286764963035 -0.995517282601106
10.0437958128714 -0.992035358593258
10.0589151294392 -0.987564552165524
10.074034446007 -0.98210931991498
10.0891537625749 -0.975675099735774
10.1042730791427 -0.968268305398507
10.1193923957106 -0.959896320156857
10.1345117122784 -0.950567489387783
10.1496310288462 -0.940291112272675
10.1647503454141 -0.92907743252773
10.1798696619819 -0.916937628192789
10.1949889785497 -0.903883800488824
10.2101082951176 -0.889928961755181
10.2252276116854 -0.875087022478594
10.2403469282533 -0.859372777426913
10.2554662448211 -0.84280189090135
10.2705855613889 -0.825390881121976
10.2857048779568 -0.807157103761985
10.3008241945246 -0.788118734647193
10.3159435110925 -0.768294751637971
10.3310628276603 -0.74770491571171
10.3461821442281 -0.726369751264638
10.361301460796 -0.704310525652671
10.3764207773638 -0.681549227991633
10.3915400939317 -0.658108547238037
10.4066594104995 -0.634011849572239
10.4217787270673 -0.609283155106517
10.4368980436352 -0.583947113941307
10.452017360203 -0.558028981593439
10.4671366767709 -0.5315545938209
10.4822559933387 -0.504550340869177
10.4973753099065 -0.477043141164889
10.5124946264744 -0.449060414482921
10.5276139430422 -0.420630054613785
10.54273325961 -0.391780401558495
10.5578525761779 -0.362540213278623
10.5729718927457 -0.33293863702976
10.5880912093136 -0.303005180306872
10.6032105258814 -0.272769681430603
10.6183298424492 -0.242262279803784
10.6334491590171 -0.21151338586782
10.6485684755849 -0.180553650788904
10.6636877921528 -0.149413935904259
10.6788071087206 -0.118125281958907
10.6939264252884 -0.0867188781635505
10.7090457418563 -0.0552260311045082
10.7241650584241 -0.0236781335366245
10.739284374992 0.00789336690971198
10.7544036915598 0.0394569990762511
10.7695230081276 0.0709812996480173
10.7846423246955 0.102434844516614
10.7997616412633 0.133786280104479
10.8148809578312 0.165004354618799
10.830000274399 0.196057949203977
10.8451195909668 0.226916108961589
10.8602389075347 0.257548073806895
10.8753582241025 0.287923309131168
10.8904775406704 0.318011536239239
10.9055968572382 0.347782762531983
10.920716173806 0.377207311403576
10.9358354903739 0.406255851823788
10.9509548069417 0.434899427575792
10.9660741235095 0.463109486120346
10.9811934400774 0.490857907057595
10.9963127566452 0.518117030158078
11.0114320732131 0.544859682935071
11.0265513897809 0.571059207730694
11.0416707063487 0.596689488288855
11.0567900229166 0.621724975788494
11.0719093394844 0.646140714311208
11.0870286560523 0.669912365717856
11.1021479726201 0.693016233909332
11.1172672891879 0.715429288447371
11.1323866057558 0.737129187511779
11.1475059223236 0.758094300171245
11.1626252388915 0.778303727945529
11.1777445554593 0.797737325637518
11.1928638720271 0.8163757214144
11.207983188595 0.834200336117918
11.2231025051628 0.851193401784495
11.2382218217307 0.867337979356715
11.2533411382985 0.882617975568546
11.2684604548663 0.897018158987463
11.2835797714342 0.910524175197461
11.298699088002 0.923122561107861
11.3138184045698 0.934800758373598
11.3289377211377 0.945547125913667
11.3440570377055 0.955350951515195
11.3591763542734 0.964202462511611
11.3742956708412 0.972092835524258
11.389414987409 0.979014205257715
11.4045343039769 0.984959672340111
11.4196536205447 0.989923310200557
11.4347729371126 0.993900170976888
11.4498922536804 0.996886290447793
11.4650115702482 0.998878691984444
11.4801308868161 0.999875389517657
11.4952502033839 0.999875389517657
11.5103695199518 0.998878691984444
11.5254888365196 0.996886290447793
11.5406081530874 0.993900170976888
11.5557274696553 0.989923310200557
11.5708467862231 0.984959672340111
11.585966102791 0.979014205257715
11.6010854193588 0.972092835524257
11.6162047359266 0.964202462511612
11.6313240524945 0.955350951515195
11.6464433690623 0.945547125913667
11.6615626856301 0.934800758373599
11.676682002198 0.923122561107861
11.6918013187658 0.910524175197462
11.7069206353337 0.897018158987463
11.7220399519015 0.882617975568546
11.7371592684693 0.867337979356715
11.7522785850372 0.851193401784495
11.767397901605 0.834200336117918
11.7825172181729 0.8163757214144
11.7976365347407 0.797737325637518
11.8127558513085 0.778303727945529
11.8278751678764 0.758094300171245
11.8429944844442 0.737129187511779
11.8581138010121 0.715429288447371
11.8732331175799 0.693016233909333
11.8883524341477 0.669912365717856
11.9034717507156 0.646140714311208
11.9185910672834 0.621724975788495
11.9337103838513 0.596689488288856
11.9488297004191 0.571059207730694
11.9639490169869 0.544859682935071
11.9790683335548 0.518117030158079
11.9941876501226 0.490857907057595
12.0093069666905 0.463109486120347
12.0244262832583 0.434899427575792
12.0395455998261 0.406255851823788
12.054664916394 0.377207311403576
12.0697842329618 0.347782762531983
12.0849035495296 0.318011536239239
12.1000228660975 0.287923309131168
12.1151421826653 0.257548073806896
12.1302614992332 0.226916108961589
12.145380815801 0.196057949203978
12.1605001323688 0.1650043546188
12.1756194489367 0.133786280104479
12.1907387655045 0.102434844516615
12.2058580820724 0.070981299648018
12.2209773986402 0.0394569990762509
12.236096715208 0.007893366909712
12.2512160317759 -0.0236781335366239
12.2663353483437 -0.0552260311045084
12.2814546649116 -0.0867188781635496
12.2965739814794 -0.118125281958906
12.3116932980472 -0.14941393590426
12.3268126146151 -0.180553650788904
12.3419319311829 -0.211513385867819
12.3570512477508 -0.242262279803784
12.3721705643186 -0.272769681430602
12.3872898808864 -0.303005180306871
12.4024091974543 -0.33293863702976
12.4175285140221 -0.362540213278622
12.4326478305899 -0.391780401558494
12.4477671471578 -0.420630054613785
12.4628864637256 -0.449060414482921
12.4780057802935 -0.47704314116489
12.4931250968613 -0.504550340869177
12.5082444134291 -0.531554593820904
12.523363729997 -0.558028981593439
12.5384830465648 -0.583947113941307
12.5536023631327 -0.609283155106517
12.5687216797005 -0.634011849572239
12.5838409962683 -0.658108547238037
12.5989603128362 -0.681549227991633
12.614079629404 -0.704310525652674
12.6291989459719 -0.726369751264641
12.6443182625397 -0.747704915711709
12.6594375791075 -0.768294751637971
12.6745568956754 -0.788118734647193
12.6896762122432 -0.807157103761985
12.7047955288111 -0.825390881121976
12.7199148453789 -0.842801890901349
12.7350341619467 -0.859372777426911
12.7501534785146 -0.875087022478594
12.7652727950824 -0.889928961755181
12.7803921116503 -0.903883800488824
12.7955114282181 -0.916937628192789
12.8106307447859 -0.92907743252773
12.8257500613538 -0.940291112272675
12.8408693779216 -0.950567489387782
12.8559886944894 -0.959896320156857
12.8711080110573 -0.968268305398507
12.8862273276251 -0.975675099735774
12.901346644193 -0.98210931991498
12.9164659607608 -0.987564552165523
12.9315852773286 -0.992035358593258
12.9467045938965 -0.995517282601106
12.9618239104643 -0.998006853331493
12.9769432270322 -0.999501589126174
12.9920625436 -1
13.0012821043156 -0.999501589126174
13.0105016650312 -0.998006853331493
13.0197212257467 -0.995517282601106
13.0289407864623 -0.992035358593258
13.0381603471779 -0.987564552165523
13.0473799078935 -0.982109319914981
13.056599468609 -0.975675099735773
13.0658190293246 -0.968268305398508
13.0750385900402 -0.959896320156857
13.0842581507558 -0.950567489387783
13.0934777114714 -0.940291112272675
13.1026972721869 -0.929077432527731
13.1119168329025 -0.916937628192789
13.1211363936181 -0.903883800488825
13.1303559543337 -0.88992896175518
13.1395755150492 -0.875087022478592
13.1487950757648 -0.859372777426912
13.1580146364804 -0.842801890901349
13.167234197196 -0.825390881121977
13.1764537579116 -0.807157103761984
13.1856733186271 -0.788118734647193
13.1948928793427 -0.76829475163797
13.2041124400583 -0.74770491571171
13.2133320007739 -0.726369751264638
13.2225515614894 -0.704310525652674
13.231771122205 -0.681549227991633
13.2409906829206 -0.658108547238039
13.2502102436362 -0.634011849572238
13.2594298043518 -0.609283155106519
13.2686493650673 -0.583947113941306
13.2778689257829 -0.558028981593438
13.2870884864985 -0.531554593820902
13.2963080472141 -0.504550340869175
13.3055276079296 -0.47704314116489
13.3147471686452 -0.449060414482918
13.3239667293608 -0.420630054613785
13.3331862900764 -0.391780401558491
13.342405850792 -0.362540213278626
13.3516254115075 -0.33293863702976
13.3608449722231 -0.303005180306874
13.3700645329387 -0.272769681430602
13.3792840936543 -0.242262279803786
13.3885036543698 -0.211513385867818
13.3977232150854 -0.180553650788905
13.406942775801 -0.149413935904261
13.4161623365166 -0.118125281958911
13.4253818972322 -0.0867188781635512
13.4346014579477 -0.0552260311045055
13.4438210186633 -0.0236781335366248
13.4530405793789 0.00789336690971553
13.4622601400945 0.0394569990762518
13.4714797008101 0.0709812996480175
13.4806992615256 0.102434844516612
13.4899188222412 0.13378628010448
13.4991383829568 0.165004354618797
13.5083579436724 0.196057949203979
13.5175775043879 0.226916108961588
13.5267970651035 0.257548073806897
13.5360166258191 0.287923309131164
13.5452361865347 0.318011536239238
13.5544557472503 0.347782762531985
13.5636753079658 0.377207311403576
13.5728948686814 0.406255851823791
13.582114429397 0.434899427575793
13.5913339901126 0.46310948612035
13.6005535508281 0.490857907057593
13.6097731115437 0.518117030158079
13.6189926722593 0.544859682935069
13.6282122329749 0.571059207730696
13.6374317936905 0.596689488288854
13.646651354406 0.621724975788496
13.6558709151216 0.646140714311208
13.6650904758372 0.669912365717856
13.6743100365528 0.69301623390933
13.6835295972683 0.715429288447372
13.6927491579839 0.737129187511777
13.7019687186995 0.758094300171245
13.7111882794151 0.778303727945532
13.7204078401307 0.797737325637519
13.7296274008462 0.8163757214144
13.7388469615618 0.834200336117917
13.7480665222774 0.851193401784495
13.757286082993 0.867337979356714
13.7665056437085 0.882617975568548
13.7757252044241 0.897018158987463
13.7849447651397 0.910524175197463
13.7941643258553 0.92312256110786
13.8033838865709 0.934800758373599
13.8126034472864 0.945547125913666
13.821823008002 0.955350951515195
13.8310425687176 0.964202462511613
13.8402621294332 0.972092835524257
13.8494816901487 0.979014205257715
13.8587012508643 0.98495967234011
13.8679208115799 0.989923310200557
13.8771403722955 0.993900170976888
13.8863599330111 0.996886290447793
13.8955794937266 0.998878691984444
13.9047990544422 0.999875389517657
13.9140186151578 0.999875389517657
13.9232381758734 0.998878691984444
13.9324577365889 0.996886290447793
13.9416772973045 0.993900170976888
13.9508968580201 0.989923310200557
13.9601164187357 0.984959672340111
13.9693359794513 0.979014205257715
13.9785555401668 0.972092835524257
13.9877751008824 0.964202462511611
13.996994661598 0.955350951515195
14.0062142223136 0.945547125913666
14.0154337830291 0.934800758373599
14.0246533437447 0.92312256110786
14.0338729044603 0.910524175197463
14.0430924651759 0.897018158987463
14.0523120258915 0.882617975568548
14.061531586607 0.867337979356714
14.0707511473226 0.851193401784496
14.0799707080382 0.834200336117917
14.0891902687538 0.816375721414401
14.0984098294693 0.797737325637519
14.1076293901849 0.778303727945532
14.1168489509005 0.758094300171246
14.1260685116161 0.737129187511781
14.1352880723317 0.715429288447372
14.1445076330472 0.69301623390933
14.1537271937628 0.669912365717856
14.1629467544784 0.646140714311208
14.172166315194 0.621724975788496
14.1813858759095 0.596689488288855
14.1906054366251 0.571059207730696
14.1998249973407 0.54485968293507
14.2090445580563 0.518117030158079
14.2182641187719 0.490857907057593
14.2274836794874 0.46310948612035
14.236703240203 0.434899427575792
14.2459228009186 0.406255851823791
14.2551423616342 0.377207311403576
14.2643619223497 0.34778276253198
14.2735814830653 0.318011536239239
14.2828010437809 0.28792330913117
14.2920206044965 0.257548073806897
14.3012401652121 0.226916108961589
14.3104597259276 0.196057949203979
14.3196792866432 0.165004354618797
14.3288988473588 0.133786280104481
14.3381184080744 0.102434844516611
14.3473379687899 0.070981299648018
14.3565575295055 0.0394569990762518
14.3657770902211 0.00789336690971555
14.3749966509367 -0.0236781335366247
14.3842162116523 -0.0552260311045048
14.3934357723678 -0.0867188781635514
14.4026553330834 -0.118125281958904
14.411874893799 -0.14941393590426
14.4210944545146 -0.180553650788905
14.4303140152302 -0.211513385867818
14.4395335759457 -0.242262279803779
14.4487531366613 -0.272769681430602
14.4579726973769 -0.303005180306875
14.4671922580925 -0.332938637029759
14.476411818808 -0.362540213278626
14.4856313795236 -0.391780401558491
14.4948509402392 -0.420630054613785
14.5040705009548 -0.449060414482918
14.5132900616704 -0.47704314116489
14.5225096223859 -0.504550340869175
14.5317291831015 -0.531554593820902
14.5409487438171 -0.558028981593443
14.5501683045327 -0.583947113941306
14.5593878652482 -0.609283155106514
14.5686074259638 -0.634011849572238
14.5778269866794 -0.658108547238039
14.587046547395 -0.681549227991633
14.5962661081106 -0.704310525652674
14.6054856688261 -0.726369751264638
14.6147052295417 -0.74770491571171
14.6239247902573 -0.768294751637969
14.6331443509729 -0.788118734647193
14.6423639116884 -0.807157103761984
14.651583472404 -0.825390881121977
14.6608030331196 -0.842801890901353
14.6700225938352 -0.859372777426912
14.6792421545508 -0.875087022478592
14.6884617152663 -0.88992896175518
14.6976812759819 -0.903883800488825
14.7069008366975 -0.916937628192789
14.7161203974131 -0.929077432527731
14.7253399581286 -0.940291112272675
14.7345595188442 -0.950567489387784
14.7437790795598 -0.959896320156857
14.7529986402754 -0.968268305398508
14.762218200991 -0.975675099735773
14.7714377617065 -0.982109319914981
14.7806573224221 -0.987564552165523
14.7898768831377 -0.992035358593258
14.7990964438533 -0.995517282601106
14.8083160045688 -0.998006853331493
14.8175355652844 -0.999501589126174
14.826755126 -1
14.8419872487221 -0.999501589126174
14.8572193714442 -0.998006853331493
14.8724514941663 -0.995517282601106
14.8876836168884 -0.992035358593258
14.9029157396106 -0.987564552165524
14.9181478623327 -0.98210931991498
14.9333799850548 -0.975675099735773
14.9486121077769 -0.968268305398507
14.963844230499 -0.959896320156857
14.9790763532211 -0.950567489387783
14.9943084759432 -0.940291112272676
15.0095405986653 -0.929077432527731
15.0247727213874 -0.916937628192789
15.0400048441095 -0.903883800488823
15.0552369668317 -0.88992896175518
15.0704690895538 -0.875087022478595
15.0857012122759 -0.859372777426913
15.100933334998 -0.842801890901351
15.1161654577201 -0.825390881121976
15.1313975804422 -0.807157103761985
15.1466297031643 -0.788118734647192
15.1618618258864 -0.76829475163797
15.1770939486085 -0.74770491571171
15.1923260713307 -0.72636975126464
15.2075581940528 -0.704310525652672
15.2227903167749 -0.681549227991634
15.238022439497 -0.658108547238037
15.2532545622191 -0.634011849572238
15.2684866849412 -0.609283155106518
15.2837188076633 -0.583947113941307
15.2989509303854 -0.558028981593441
15.3141830531075 -0.531554593820902
15.3294151758296 -0.504550340869177
15.3446472985518 -0.477043141164889
15.3598794212739 -0.449060414482919
15.375111543996 -0.420630054613786
15.3903436667181 -0.391780401558494
15.4055757894402 -0.362540213278625
15.4208079121623 -0.332938637029761
15.4360400348844 -0.303005180306872
15.4512721576065 -0.272769681430602
15.4665042803286 -0.242262279803785
15.4817364030508 -0.21151338586782
15.4969685257729 -0.180553650788903
15.512200648495 -0.149413935904261
15.5274327712171 -0.118125281958907
15.5426648939392 -0.0867188781635496
15.5578970166613 -0.0552260311045064
15.5731291393834 -0.0236781335366254
15.5883612621055 0.00789336690971264
15.6035933848276 0.0394569990762525
15.6188255075497 0.0709812996480162
15.6340576302719 0.102434844516614
15.649289752994 0.133786280104481
15.6645218757161 0.165004354618798
15.6797539984382 0.196057949203977
15.6949861211603 0.22691610896159
15.7102182438824 0.257548073806897
15.7254503666045 0.287923309131167
15.7406824893266 0.318011536239239
15.7559146120487 0.347782762531984
15.7711467347709 0.377207311403575
15.786378857493 0.406255851823788
15.8016109802151 0.434899427575793
15.8168431029372 0.463109486120348
15.8320752256593 0.490857907057595
15.8473073483814 0.518117030158079
15.8625394711035 0.544859682935069
15.8777715938256 0.571059207730694
15.8930037165477 0.596689488288855
15.9082358392698 0.621724975788495
15.923467961992 0.64614071431121
15.9387000847141 0.669912365717856
15.9539322074362 0.693016233909333
15.9691643301583 0.71542928844737
15.9843964528804 0.737129187511779
15.9996285756025 0.758094300171246
16.0148606983246 0.778303727945528
16.0300928210467 0.797737325637518
16.0453249437688 0.816375721414398
16.060557066491 0.834200336117917
16.0757891892131 0.851193401784494
16.0910213119352 0.867337979356715
16.1062534346573 0.882617975568547
16.1214855573794 0.897018158987464
16.1367176801015 0.910524175197463
16.1519498028236 0.923122561107861
16.1671819255457 0.934800758373599
16.1824140482678 0.945547125913668
16.1976461709899 0.955350951515194
16.2128782937121 0.964202462511611
16.2281104164342 0.972092835524256
16.2433425391563 0.979014205257714
16.2585746618784 0.98495967234011
16.2738067846005 0.989923310200557
16.2890389073226 0.993900170976888
16.3042710300447 0.996886290447793
16.3195031527668 0.998878691984444
16.3347352754889 0.999875389517657
16.3499673982111 0.999875389517657
16.3651995209332 0.998878691984443
16.3804316436553 0.996886290447793
16.3956637663774 0.993900170976887
16.4108958890995 0.989923310200558
16.4261280118216 0.984959672340111
16.4413601345437 0.979014205257715
16.4565922572658 0.972092835524257
16.4718243799879 0.964202462511612
16.4870565027101 0.955350951515195
16.5022886254322 0.945547125913667
16.5175207481543 0.934800758373598
16.5327528708764 0.92312256110786
16.5479849935985 0.910524175197462
16.5632171163206 0.897018158987462
16.5784492390427 0.882617975568549
16.5936813617648 0.867337979356716
16.6089134844869 0.851193401784496
16.624145607209 0.834200336117919
16.6393777299312 0.8163757214144
16.6546098526533 0.79773732563752
16.6698419753754 0.77830372794553
16.6850740980975 0.758094300171246
16.7003062208196 0.737129187511779
16.7155383435417 0.715429288447371
16.7307704662638 0.69301623390933
16.7460025889859 0.669912365717854
16.761234711708 0.646140714311208
16.7764668344302 0.621724975788493
16.7916989571523 0.596689488288859
16.8069310798744 0.571059207730697
16.8221632025965 0.544859682935073
16.8373953253186 0.518117030158079
16.8526274480407 0.490857907057595
16.8678595707628 0.463109486120348
16.8830916934849 0.434899427575793
16.898323816207 0.406255851823788
16.9135559389291 0.377207311403575
16.9287880616513 0.347782762531981
16.9440201843734 0.318011536239236
16.9592523070955 0.287923309131164
16.9744844298176 0.2575480738069
16.9897165525397 0.226916108961593
17.0049486752618 0.196057949203981
17.0201807979839 0.165004354618802
17.035412920706 0.133786280104481
17.0506450434281 0.102434844516615
17.0658771661503 0.0709812996480162
17.0811092888724 0.0394569990762527
17.0963414115945 0.00789336690971289
17.1115735343166 -0.0236781335366256
17.1268056570387 -0.0552260311045101
17.1420377797608 -0.0867188781635531
17.1572699024829 -0.118125281958911
17.172502025205 -0.149413935904264
17.1877341479271 -0.180553650788906
17.2029662706492 -0.211513385867817
17.2181983933714 -0.242262279803781
17.2334305160935 -0.272769681430601
17.2486626388156 -0.303005180306871
17.2638947615377 -0.33293863702976
17.2791268842598 -0.362540213278625
17.2943590069819 -0.391780401558494
17.309591129704 -0.420630054613785
17.3248232524261 -0.449060414482922
17.3400553751482 -0.477043141164892
17.3552874978704 -0.50455034086918
17.3705196205925 -0.531554593820898
17.3857517433146 -0.558028981593437
17.4009838660367 -0.583947113941304
17.4162159887588 -0.609283155106515
17.4314481114809 -0.634011849572238
17.446680234203 -0.658108547238037
17.4619123569251 -0.681549227991633
17.4771444796472 -0.704310525652672
17.4923766023693 -0.72636975126464
17.5076087250915 -0.74770491571171
17.5228408478136 -0.768294751637972
17.5380729705357 -0.788118734647194
17.5533050932578 -0.807157103761987
17.5685372159799 -0.825390881121974
17.583769338702 -0.842801890901348
17.5990014614241 -0.859372777426911
17.6142335841462 -0.875087022478593
17.6294657068683 -0.889928961755179
17.6446978295905 -0.903883800488823
17.6599299523126 -0.916937628192789
17.6751620750347 -0.92907743252773
17.6903941977568 -0.940291112272676
17.7056263204789 -0.950567489387783
17.720858443201 -0.959896320156858
17.7360905659231 -0.968268305398508
17.7513226886452 -0.975675099735773
17.7665548113673 -0.98210931991498
17.7817869340894 -0.987564552165523
17.7970190568116 -0.992035358593258
17.8122511795337 -0.995517282601106
17.8274833022558 -0.998006853331493
17.8427154249779 -0.999501589126174
17.8579475477 -1
17.8777491895553 -0.999501589126174
17.8975508314106 -0.998006853331494
17.9173524732658 -0.995517282601106
17.9371541151211 -0.992035358593258
17.9569557569764 -0.987564552165524
17.9767573988317 -0.98210931991498
17.9965590406869 -0.975675099735773
18.0163606825422 -0.968268305398508
18.0361623243975 -0.959896320156857
18.0559639662528 -0.950567489387782
18.075765608108 -0.940291112272676
18.0955672499633 -0.929077432527731
18.1153688918186 -0.916937628192788
18.1351705336739 -0.903883800488824
18.1549721755291 -0.88992896175518
18.1747738173844 -0.875087022478593
18.1945754592397 -0.859372777426913
18.214377101095 -0.842801890901351
18.2341787429503 -0.825390881121975
18.2539803848055 -0.807157103761987
18.2737820266608 -0.788118734647193
18.2935836685161 -0.76829475163797
18.3133853103714 -0.74770491571171
18.3331869522266 -0.72636975126464
18.3529885940819 -0.704310525652671
18.3727902359372 -0.681549227991635
18.3925918777925 -0.658108547238038
18.4123935196477 -0.634011849572237
18.432195161503 -0.609283155106518
18.4519968033583 -0.583947113941306
18.4717984452136 -0.558028981593439
18.4916000870688 -0.531554593820903
18.5114017289241 -0.504550340869178
18.5312033707794 -0.477043141164888
18.5510050126347 -0.449060414482922
18.5708066544899 -0.420630054613785
18.5906082963452 -0.391780401558492
18.6104099382005 -0.362540213278627
18.6302115800558 -0.332938637029761
18.6500132219111 -0.303005180306871
18.6698148637663 -0.272769681430605
18.6896165056216 -0.242262279803784
18.7094181474769 -0.211513385867818
18.7292197893322 -0.180553650788905
18.7490214311874 -0.149413935904261
18.7688230730427 -0.118125281958907
18.788624714898 -0.0867188781635532
18.8084263567533 -0.0552260311045086
18.8282279986085 -0.0236781335366225
18.8480296404638 0.00789336690971087
18.8678312823191 0.0394569990762523
18.8876329241744 0.0709812996480171
18.9074345660296 0.102434844516611
18.9272362078849 0.133786280104479
18.9470378497402 0.1650043546188
18.9668394915955 0.196057949203976
18.9866411334508 0.22691610896159
19.006442775306 0.257548073806898
19.0262444171613 0.287923309131164
19.0460460590166 0.318011536239238
19.0658477008719 0.347782762531984
19.0856493427271 0.377207311403574
19.1054509845824 0.406255851823788
19.1252526264377 0.434899427575794
19.145054268293 0.463109486120345
19.1648559101482 0.490857907057593
19.1846575520035 0.518117030158078
19.2044591938588 0.544859682935068
19.2242608357141 0.571059207730694
19.2440624775693 0.596689488288857
19.2638641194246 0.621724975788493
19.2836657612799 0.646140714311209
19.3034674031352 0.669912365717856
19.3232690449905 0.69301623390933
19.3430706868457 0.715429288447371
19.362872328701 0.737129187511779
19.3826739705563 0.758094300171247
19.4024756124116 0.778303727945529
19.4222772542668 0.79773732563752
19.4420788961221 0.816375721414398
19.4618805379774 0.834200336117917
19.4816821798327 0.851193401784495
19.5014838216879 0.867337979356713
19.5212854635432 0.882617975568546
19.5410871053985 0.897018158987464
19.5608887472538 0.910524175197463
19.580690389109 0.92312256110786
19.6004920309643 0.934800758373599
19.6202936728196 0.945547125913668
19.6400953146749 0.955350951515195
19.6598969565302 0.964202462511612
19.6796985983854 0.972092835524256
19.6995002402407 0.979014205257714
19.719301882096 0.984959672340111
19.7391035239513 0.989923310200558
19.7589051658065 0.993900170976888
19.7787068076618 0.996886290447793
19.7985084495171 0.998878691984444
19.8183100913724 0.999875389517657
19.8381117332276 0.999875389517657
19.8579133750829 0.998878691984443
19.8777150169382 0.996886290447793
19.8975166587935 0.993900170976888
19.9173183006487 0.989923310200557
19.937119942504 0.984959672340111
19.9569215843593 0.979014205257714
19.9767232262146 0.972092835524256
19.9965248680698 0.964202462511612
20.0163265099251 0.955350951515194
20.0361281517804 0.945547125913666
20.0559297936357 0.934800758373599
20.075731435491 0.92312256110786
20.0955330773462 0.910524175197461
20.1153347192015 0.897018158987464
20.1351363610568 0.882617975568547
20.1549380029121 0.867337979356713
20.1747396447673 0.851193401784495
20.1945412866226 0.834200336117917
20.2143429284779 0.816375721414398
20.2341445703332 0.79773732563752
20.2539462121884 0.77830372794553
20.2737478540437 0.758094300171244
20.293549495899 0.73712918751178
20.3133511377543 0.715429288447371
20.3331527796095 0.69301623390933
20.3529544214648 0.669912365717856
20.3727560633201 0.646140714311209
20.3925577051754 0.621724975788493
20.4123593470307 0.596689488288856
20.4321609888859 0.571059207730694
20.4519626307412 0.544859682935068
20.4717642725965 0.518117030158079
20.4915659144518 0.490857907057594
20.511367556307 0.463109486120346
20.5311691981623 0.434899427575795
20.5509708400176 0.406255851823789
20.5707724818729 0.377207311403574
20.5905741237281 0.347782762531984
20.6103757655834 0.318011536239238
20.6301774074387 0.287923309131164
20.649979049294 0.257548073806898
20.6697806911492 0.22691610896159
20.6895823330045 0.196057949203975
20.7093839748598 0.165004354618801
20.7291856167151 0.133786280104478
20.7489872585704 0.10243484451661
20.7687889004256 0.0709812996480171
20.7885905422809 0.0394569990762518
20.8083921841362 0.00789336690971111
20.8281938259915 -0.0236781335366221
20.8479954678467 -0.0552260311045084
20.867797109702 -0.0867188781635523
20.8875987515573 -0.118125281958906
20.9074003934126 -0.149413935904261
20.9272020352678 -0.180553650788904
20.9470036771231 -0.211513385867818
20.9668053189784 -0.242262279803784
20.9866069608337 -0.272769681430605
21.0064086026889 -0.303005180306871
21.0262102445442 -0.332938637029761
21.0460118863995 -0.362540213278626
21.0658135282548 -0.391780401558492
21.08561517011 -0.420630054613784
21.1054168119653 -0.449060414482922
21.1252184538206 -0.477043141164889
21.1450200956759 -0.504550340869177
21.1648217375312 -0.531554593820903
21.1846233793864 -0.558028981593438
21.2044250212417 -0.583947113941306
21.224226663097 -0.609283155106518
21.2440283049523 -0.634011849572237
21.2638299468075 -0.658108547238037
21.2836315886628 -0.681549227991635
21.3034332305181 -0.704310525652671
21.3232348723734 -0.726369751264639
21.3430365142286 -0.74770491571171
21.3628381560839 -0.768294751637969
21.3826397979392 -0.788118734647193
21.4024414397945 -0.807157103761987
21.4222430816497 -0.825390881121975
21.442044723505 -0.842801890901351
21.4618463653603 -0.859372777426913
21.4816480072156 -0.875087022478592
21.5014496490709 -0.88992896175518
21.5212512909261 -0.903883800488824
21.5410529327814 -0.916937628192788
21.5608545746367 -0.92907743252773
21.580656216492 -0.940291112272676
21.6004578583472 -0.950567489387782
21.6202595002025 -0.959896320156857
21.6400611420578 -0.968268305398508
21.6598627839131 -0.975675099735773
21.6796644257683 -0.98210931991498
21.6994660676236 -0.987564552165524
21.7192677094789 -0.992035358593258
21.7390693513342 -0.995517282601106
21.7588709931894 -0.998006853331493
21.7786726350447 -0.999501589126174
21.7984742769 -1
21.8082954571784 -0.999501589126174
21.8181166374568 -0.998006853331493
21.8279378177352 -0.995517282601106
21.8377589980136 -0.992035358593258
21.847580178292 -0.987564552165523
21.8574013585703 -0.982109319914981
21.8672225388487 -0.975675099735773
21.8770437191271 -0.968268305398508
21.8868648994055 -0.959896320156856
21.8966860796839 -0.950567489387784
21.9065072599623 -0.940291112272675
21.9163284402407 -0.929077432527732
21.9261496205191 -0.916937628192788
21.9359708007975 -0.903883800488826
21.9457919810759 -0.88992896175518
21.9556131613543 -0.875087022478591
21.9654343416327 -0.859372777426912
21.9752555219111 -0.842801890901348
21.9850767021894 -0.825390881121977
21.9948978824678 -0.807157103761983
22.0047190627462 -0.788118734647194
22.0145402430246 -0.768294751637969
22.024361423303 -0.747704915711711
22.0341826035814 -0.726369751264638
22.0440037838598 -0.704310525652675
22.0538249641382 -0.681549227991633
22.0636461444166 -0.658108547238041
22.073467324695 -0.634011849572238
22.0832885049734 -0.609283155106521
22.0931096852518 -0.583947113941306
22.1029308655301 -0.558028981593445
22.1127520458085 -0.531554593820902
22.1225732260869 -0.504550340869173
22.1323944063653 -0.477043141164891
22.1422155866437 -0.449060414482917
22.1520367669221 -0.420630054613786
22.1618579472005 -0.39178040155849
22.1716791274789 -0.362540213278627
22.1815003077573 -0.332938637029759
22.1913214880357 -0.303005180306876
22.2011426683141 -0.272769681430601
22.2109638485925 -0.242262279803787
22.2207850288709 -0.211513385867818
22.2306062091492 -0.180553650788907
22.2404273894276 -0.149413935904261
22.250248569706 -0.118125281958902
22.2600697499844 -0.0867188781635512
22.2698909302628 -0.0552260311045033
22.2797121105412 -0.0236781335366252
22.2895332908196 0.00789336690971753
22.299354471098 0.0394569990762507
22.3091756513764 0.0709812996480193
22.3189968316548 0.102434844516611
22.3288180119332 0.133786280104482
22.3386391922116 0.165004354618796
22.3484603724899 0.19605794920398
22.3582815527683 0.226916108961586
22.3681027330467 0.257548073806898
22.3779239133251 0.287923309131162
22.3877450936035 0.318011536239239
22.3975662738819 0.347782762531977
22.4073874541603 0.377207311403576
22.4172086344387 0.406255851823794
22.4270298147171 0.434899427575792
22.4368509949955 0.463109486120351
22.4466721752739 0.490857907057592
22.4564933555523 0.51811703015808
22.4663145358307 0.544859682935068
22.476135716109 0.571059207730697
22.4859568963874 0.596689488288853
22.4957780766658 0.621724975788497
22.5055992569442 0.646140714311207
22.5154204372226 0.669912365717856
22.525241617501 0.693016233909328
22.5350627977794 0.715429288447372
22.5448839780578 0.737129187511775
22.5547051583362 0.758094300171245
22.5645263386146 0.778303727945533
22.574347518893 0.797737325637519
22.5841686991714 0.816375721414402
22.5939898794497 0.834200336117916
22.6038110597281 0.851193401784497
22.6136322400065 0.867337979356713
22.6234534202849 0.882617975568548
22.6332746005633 0.897018158987462
22.6430957808417 0.910524175197463
22.6529169611201 0.923122561107859
22.6627381413985 0.934800758373599
22.6725593216769 0.945547125913666
22.6823805019553 0.955350951515195
22.6922016822337 0.96420246251161
22.7020228625121 0.972092835524257
22.7118440427905 0.979014205257716
22.7216652230688 0.98495967234011
22.7314864033472 0.989923310200558
22.7413075836256 0.993900170976888
22.751128763904 0.996886290447794
22.7609499441824 0.998878691984443
22.7707711244608 0.999875389517657
22.7805923047392 0.999875389517657
22.7904134850176 0.998878691984443
22.800234665296 0.996886290447794
22.8100558455744 0.993900170976888
22.8198770258528 0.989923310200558
22.8296982061312 0.98495967234011
22.8395193864095 0.979014205257713
22.8493405666879 0.972092835524257
22.8591617469663 0.964202462511613
22.8689829272447 0.955350951515195
22.8788041075231 0.945547125913666
22.8886252878015 0.934800758373599
22.8984464680799 0.923122561107859
22.9082676483583 0.910524175197463
22.9180888286367 0.897018158987462
22.9279100089151 0.882617975568548
22.9377311891935 0.867337979356714
22.9475523694719 0.851193401784496
22.9573735497503 0.834200336117917
22.9671947300286 0.816375721414402
22.977015910307 0.797737325637519
22.9868370905854 0.778303727945533
22.9966582708638 0.758094300171246
23.0064794511422 0.737129187511775
23.0163006314206 0.715429288447372
23.026121811699 0.693016233909328
23.0359429919774 0.669912365717856
23.0457641722558 0.646140714311207
23.0555853525342 0.621724975788497
23.0654065328126 0.596689488288854
23.075227713091 0.571059207730697
23.0850488933693 0.544859682935068
23.0948700736477 0.51811703015808
23.1046912539261 0.490857907057593
23.1145124342045 0.463109486120351
23.1243336144829 0.434899427575792
23.1341547947613 0.406255851823783
23.1439759750397 0.377207311403576
23.1537971553181 0.347782762531988
23.1636183355965 0.318011536239239
23.1734395158749 0.287923309131162
23.1832606961533 0.257548073806897
23.1930818764317 0.226916108961586
23.20290305671 0.196057949203981
23.2127242369884 0.165004354618796
23.2225454172668 0.133786280104482
23.2323665975452 0.10243484451661
23.2421877778236 0.0709812996480198
23.252008958102 0.0394569990762509
23.2618301383804 0.00789336690971733
23.2716513186588 -0.0236781335366256
23.2814724989372 -0.055226031104503
23.2912936792156 -0.0867188781635505
23.301114859494 -0.118125281958902
23.3109360397724 -0.14941393590426
23.3207572200508 -0.180553650788907
23.3305784003291 -0.211513385867818
23.3403995806075 -0.242262279803787
23.3502207608859 -0.272769681430601
23.3600419411643 -0.303005180306876
23.3698631214427 -0.332938637029759
23.3796843017211 -0.362540213278626
23.3895054819995 -0.39178040155849
23.3993266622779 -0.420630054613786
23.4091478425563 -0.449060414482916
23.4189690228347 -0.47704314116489
23.4287902031131 -0.504550340869173
23.4386113833915 -0.531554593820902
23.4484325636698 -0.558028981593436
23.4582537439482 -0.583947113941306
23.4680749242266 -0.60928315510652
23.477896104505 -0.634011849572238
23.4877172847834 -0.658108547238041
23.4975384650618 -0.681549227991632
23.5073596453402 -0.704310525652674
23.5171808256186 -0.726369751264638
23.527002005897 -0.747704915711711
23.5368231861754 -0.768294751637969
23.5466443664538 -0.788118734647193
23.5564655467322 -0.807157103761983
23.5662867270106 -0.825390881121977
23.5761079072889 -0.842801890901348
23.5859290875673 -0.859372777426912
23.5957502678457 -0.875087022478596
23.6055714481241 -0.88992896175518
23.6153926284025 -0.903883800488821
23.6252138086809 -0.916937628192789
23.6350349889593 -0.929077432527732
23.6448561692377 -0.940291112272675
23.6546773495161 -0.950567489387784
23.6644985297945 -0.959896320156856
23.6743197100729 -0.968268305398508
23.6841408903513 -0.975675099735773
23.6939620706296 -0.982109319914981
23.703783250908 -0.987564552165523
23.7136044311864 -0.992035358593258
23.7234256114648 -0.995517282601106
23.7332467917432 -0.998006853331493
23.7430679720216 -0.999501589126174
23.7528891523 -1
23.7692062922382 -0.999501589126174
23.7855234321764 -0.998006853331493
23.8018405721146 -0.995517282601106
23.8181577120528 -0.992035358593258
23.834474851991 -0.987564552165524
23.8507919919291 -0.98210931991498
23.8671091318673 -0.975675099735773
23.8834262718055 -0.968268305398506
23.8997434117437 -0.959896320156858
23.9160605516819 -0.950567489387783
23.9323776916201 -0.940291112272675
23.9486948315583 -0.92907743252773
23.9650119714965 -0.916937628192788
23.9813291114347 -0.903883800488825
23.9976462513729 -0.889928961755181
24.0139633913111 -0.875087022478594
24.0302805312492 -0.859372777426911
24.0465976711874 -0.842801890901349
24.0629148111256 -0.825390881121978
24.0792319510638 -0.807157103761987
24.095549091002 -0.788118734647193
24.1118662309402 -0.76829475163797
24.1281833708784 -0.747704915711708
24.1445005108166 -0.726369751264637
24.1608176507548 -0.704310525652674
24.177134790693 -0.681549227991635
24.1934519306312 -0.658108547238038
24.2097690705693 -0.634011849572238
24.2260862105075 -0.609283155106515
24.2424033504457 -0.583947113941308
24.2587204903839 -0.558028981593441
24.2750376303221 -0.531554593820902
24.2913547702603 -0.504550340869177
24.3076719101985 -0.477043141164888
24.3239890501367 -0.449060414482923
24.3403061900749 -0.420630054613786
24.3566233300131 -0.391780401558494
24.3729404699513 -0.362540213278624
24.3892576098894 -0.33293863702976
24.4055747498276 -0.30300518030687
24.4218918897658 -0.272769681430606
24.438209029704 -0.242262279803784
24.4545261696422 -0.211513385867819
24.4708433095804 -0.180553650788901
24.4871604495186 -0.149413935904259
24.5034775894568 -0.118125281958911
24.519794729395 -0.0867188781635527
24.5361118693332 -0.0552260311045088
24.5524290092714 -0.0236781335366234
24.5687461492095 0.00789336690971531
24.5850632891477 0.039456999076256
24.6013804290859 0.0709812996480136
24.6176975690241 0.102434844516612
24.6340147089623 0.133786280104479
24.6503318489005 0.165004354618801
24.6666489888387 0.196057949203981
24.6829661287769 0.226916108961587
24.6992832687151 0.257548073806895
24.7156004086533 0.287923309131166
24.7319175485915 0.318011536239239
24.7482346885296 0.347782762531984
24.7645518284678 0.377207311403573
24.780868968406 0.406255851823787
24.7971861083442 0.434899427575792
24.8135032482824 0.463109486120348
24.8298203882206 0.490857907057595
24.8461375281588 0.518117030158074
24.862454668097 0.544859682935068
24.8787718080352 0.571059207730694
24.8950889479734 0.596689488288856
24.9114060879116 0.621724975788496
24.9277232278498 0.646140714311212
24.9440403677879 0.669912365717853
24.9603575077261 0.69301623390933
24.9766746476643 0.715429288447371
24.9929917876025 0.737129187511779
25.0093089275407 0.758094300171247
25.0256260674789 0.778303727945532
25.0419432074171 0.797737325637518
25.0582603473553 0.816375721414399
25.0745774872935 0.834200336117918
25.0908946272317 0.851193401784495
25.1072117671699 0.867337979356716
25.123528907108 0.882617975568546
25.1398460470462 0.897018158987463
25.1561631869844 0.910524175197462
25.1724803269226 0.923122561107861
25.1887974668608 0.934800758373599
25.205114606799 0.945547125913666
25.2214317467372 0.955350951515194
25.2377488866754 0.964202462511612
25.2540660266136 0.972092835524257
25.2703831665518 0.979014205257715
25.2867003064899 0.98495967234011
25.3030174464281 0.989923310200557
25.3193345863663 0.993900170976888
25.3356517263045 0.996886290447793
25.3519688662427 0.998878691984444
25.3682860061809 0.999875389517657
25.3846031461191 0.999875389517657
25.4009202860573 0.998878691984444
25.4172374259955 0.996886290447793
25.4335545659337 0.993900170976888
25.4498717058719 0.989923310200557
25.4661888458101 0.98495967234011
25.4825059857482 0.979014205257715
25.4988231256864 0.972092835524257
25.5151402656246 0.964202462511612
25.5314574055628 0.955350951515194
25.547774545501 0.945547125913666
25.5640916854392 0.934800758373599
25.5804088253774 0.923122561107861
25.5967259653156 0.910524175197462
25.6130431052538 0.897018158987463
25.629360245192 0.882617975568546
25.6456773851301 0.867337979356716
25.6619945250683 0.851193401784496
25.6783116650065 0.834200336117918
25.6946288049447 0.816375721414398
25.7109459448829 0.797737325637518
25.7272630848211 0.778303727945532
25.7435802247593 0.758094300171247
25.7598973646975 0.73712918751178
25.7762145046357 0.715429288447371
25.7925316445739 0.693016233909331
25.8088487845121 0.669912365717858
25.8251659244502 0.646140714311212
25.8414830643884 0.621724975788497
25.8578002043266 0.596689488288856
25.8741173442648 0.571059207730694
25.890434484203 0.544859682935069
25.9067516241412 0.518117030158075
25.9230687640794 0.490857907057595
25.9393859040176 0.463109486120348
25.9557030439558 0.434899427575792
25.972020183894 0.406255851823787
25.9883373238322 0.377207311403573
26.0046544637704 0.347782762531985
26.0209716037085 0.31801153623924
26.0372887436467 0.287923309131167
26.0536058835849 0.257548073806896
26.0699230235231 0.226916108961588
26.0862401634613 0.196057949203982
26.1025573033995 0.165004354618801
26.1188744433377 0.133786280104479
26.1351915832759 0.102434844516612
26.1515087232141 0.0709812996480136
26.1678258631523 0.0394569990762563
26.1841430030905 0.00789336690971555
26.2004601430286 -0.023678133536623
26.2167772829668 -0.0552260311045084
26.233094422905 -0.0867188781635523
26.2494115628432 -0.118125281958911
26.2657287027814 -0.149413935904258
26.2820458427196 -0.1805536507889
26.2983629826578 -0.211513385867818
26.314680122596 -0.242262279803785
26.3309972625342 -0.272769681430605
26.3473144024724 -0.303005180306869
26.3636315424106 -0.332938637029759
26.3799486823487 -0.362540213278623
26.3962658222869 -0.391780401558494
26.4125829622251 -0.420630054613787
26.4289001021633 -0.449060414482923
26.4452172421015 -0.477043141164887
26.4615343820397 -0.504550340869177
26.4778515219779 -0.531554593820901
26.4941686619161 -0.558028981593442
26.5104858018543 -0.583947113941308
26.5268029417925 -0.609283155106515
26.5431200817307 -0.634011849572237
26.5594372216688 -0.658108547238037
26.575754361607 -0.681549227991634
26.5920715015452 -0.704310525652674
26.6083886414834 -0.726369751264637
26.6247057814216 -0.747704915711708
26.6410229213598 -0.76829475163797
26.657340061298 -0.788118734647193
26.6736572012362 -0.807157103761986
26.6899743411744 -0.825390881121978
26.7062914811126 -0.842801890901349
26.7226086210508 -0.859372777426911
26.7389257609889 -0.875087022478594
26.7552429009271 -0.889928961755181
26.7715600408653 -0.903883800488825
26.7878771808035 -0.91693762819279
26.8041943207417 -0.92907743252773
26.8205114606799 -0.940291112272675
26.8368286006181 -0.950567489387783
26.8531457405563 -0.959896320156858
26.8694628804945 -0.968268305398508
26.8857800204327 -0.975675099735773
26.9020971603709 -0.98210931991498
26.918414300309 -0.987564552165524
26.9347314402472 -0.992035358593258
26.9510485801854 -0.995517282601106
26.9673657201236 -0.998006853331493
26.9836828600618 -0.999501589126174
27 -1
