0 -1
0.00974395462713568 -0.999501589126174
0.0194879092542714 -0.998006853331493
0.029231863881407 -0.995517282601106
0.0389758185085427 -0.992035358593258
0.0487197731356784 -0.987564552165524
0.0584637277628141 -0.98210931991498
0.0682076823899497 -0.975675099735774
0.0779516370170854 -0.968268305398507
0.0876955916442211 -0.959896320156857
0.0974395462713568 -0.950567489387783
0.107183500898492 -0.940291112272676
0.116927455525628 -0.929077432527731
0.126671410152764 -0.916937628192789
0.136415364779899 -0.903883800488824
0.146159319407035 -0.88992896175518
0.155903274034171 -0.875087022478594
0.165647228661307 -0.859372777426912
0.175391183288442 -0.842801890901351
0.185135137915578 -0.825390881121976
0.194879092542714 -0.807157103761985
0.204623047169849 -0.788118734647192
0.214367001796985 -0.768294751637971
0.224110956424121 -0.747704915711709
0.233854911051256 -0.726369751264639
0.243598865678392 -0.704310525652672
0.253342820305528 -0.681549227991634
0.263086774932663 -0.658108547238038
0.272830729559799 -0.634011849572239
0.282574684186935 -0.609283155106517
0.29231863881407 -0.583947113941306
0.302062593441206 -0.55802898159344
0.311806548068342 -0.531554593820901
0.321550502695477 -0.504550340869177
0.331294457322613 -0.47704314116489
0.341038411949749 -0.44906041448292
0.350782366576884 -0.420630054613784
0.36052632120402 -0.391780401558493
0.370270275831156 -0.362540213278625
0.380014230458291 -0.332938637029761
0.389758185085427 -0.303005180306873
0.399502139712563 -0.272769681430603
0.409246094339698 -0.242262279803783
0.418990048966834 -0.211513385867819
0.42873400359397 -0.180553650788902
0.438477958221106 -0.149413935904261
0.448221912848241 -0.118125281958908
0.457965867475377 -0.0867188781635509
0.467709822102513 -0.0552260311045082
0.477453776729648 -0.0236781335366241
0.487197731356784 0.00789336690971331
0.49694168598392 0.0394569990762525
0.506685640611055 0.0709812996480158
0.516429595238191 0.102434844516613
0.526173549865327 0.133786280104479
0.535917504492462 0.165004354618799
0.545661459119598 0.196057949203978
0.555405413746734 0.22691610896159
0.565149368373869 0.257548073806896
0.574893323001005 0.287923309131167
0.584637277628141 0.318011536239238
0.594381232255276 0.347782762531982
0.604125186882412 0.377207311403576
0.613869141509548 0.406255851823789
0.623613096136683 0.434899427575793
0.633357050763819 0.463109486120348
0.643101005390955 0.490857907057594
0.65284496001809 0.518117030158077
0.662588914645226 0.54485968293507
0.672332869272362 0.571059207730695
0.682076823899498 0.596689488288856
0.691820778526633 0.621724975788495
0.701564733153769 0.64614071431121
0.711308687780905 0.669912365717855
0.72105264240804 0.693016233909332
0.730796597035176 0.715429288447371
0.740540551662312 0.737129187511779
0.750284506289447 0.758094300171245
0.760028460916583 0.77830372794553
0.769772415543719 0.797737325637519
0.779516370170854 0.816375721414399
0.78926032479799 0.834200336117917
0.799004279425126 0.851193401784495
0.808748234052261 0.867337979356715
0.818492188679397 0.882617975568547
0.828236143306533 0.897018158987463
0.837980097933668 0.910524175197462
0.847724052560804 0.923122561107861
0.85746800718794 0.934800758373598
0.867211961815075 0.945547125913667
0.876955916442211 0.955350951515195
0.886699871069347 0.964202462511612
0.896443825696482 0.972092835524257
0.906187780323618 0.979014205257714
0.915931734950754 0.98495967234011
0.925675689577889 0.989923310200557
0.935419644205025 0.993900170976888
0.945163598832161 0.996886290447793
0.954907553459296 0.998878691984444
0.964651508086432 0.999875389517657
0.974395462713568 0.999875389517657
0.984139417340704 0.998878691984444
0.993883371967839 0.996886290447793
1.00362732659497 0.993900170976888
1.01337128122211 0.989923310200557
1.02311523584925 0.98495967234011
1.03285919047638 0.979014205257715
1.04260314510352 0.972092835524257
1.05234709973065 0.964202462511612
1.06209105435779 0.955350951515195
1.07183500898492 0.945547125913667
1.08157896361206 0.934800758373598
1.0913229182392 0.923122561107861
1.10106687286633 0.910524175197462
1.11081082749347 0.897018158987463
1.1205547821206 0.882617975568547
1.13029873674774 0.867337979356715
1.14004269137487 0.851193401784494
1.14978664600201 0.834200336117917
1.15953060062915 0.816375721414399
1.16927455525628 0.79773732563752
1.17901850988342 0.77830372794553
1.18876246451055 0.758094300171246
1.19850641913769 0.737129187511779
1.20825037376482 0.715429288447372
1.21799432839196 0.693016233909332
1.2277382830191 0.669912365717855
1.23748223764623 0.64614071431121
1.24722619227337 0.621724975788495
1.2569701469005 0.596689488288856
1.26671410152764 0.571059207730695
1.27645805615477 0.54485968293507
1.28620201078191 0.518117030158078
1.29594596540905 0.490857907057594
1.30568992003618 0.463109486120348
1.31543387466332 0.434899427575793
1.32517782929045 0.406255851823789
1.33492178391759 0.377207311403577
1.34466573854472 0.347782762531982
1.35440969317186 0.318011536239239
1.364153647799 0.287923309131166
1.37389760242613 0.257548073806896
1.38364155705327 0.22691610896159
1.3933855116804 0.196057949203978
1.40312946630754 0.1650043546188
1.41287342093467 0.13378628010448
1.42261737556181 0.102434844516614
1.43236133018894 0.0709812996480162
1.44210528481608 0.0394569990762527
1.45184923944322 0.00789336690971289
1.46159319407035 -0.0236781335366239
1.47133714869749 -0.0552260311045084
1.48108110332462 -0.0867188781635505
1.49082505795176 -0.118125281958907
1.50056901257889 -0.14941393590426
1.51031296720603 -0.180553650788901
1.52005692183317 -0.211513385867819
1.5298008764603 -0.242262279803783
1.53954483108744 -0.272769681430603
1.54928878571457 -0.303005180306873
1.55903274034171 -0.332938637029761
1.56877669496884 -0.362540213278625
1.57852064959598 -0.391780401558493
1.58826460422312 -0.420630054613784
1.59800855885025 -0.44906041448292
1.60775251347739 -0.47704314116489
1.61749646810452 -0.504550340869178
1.62724042273166 -0.531554593820902
1.63698437735879 -0.55802898159344
1.64672833198593 -0.583947113941306
1.65647228661307 -0.609283155106516
1.6662162412402 -0.634011849572238
1.67596019586734 -0.658108547238037
1.68570415049447 -0.681549227991633
1.69544810512161 -0.704310525652672
1.70519205974874 -0.726369751264639
1.71493601437588 -0.747704915711709
1.72467996900302 -0.768294751637971
1.73442392363015 -0.788118734647192
1.74416787825729 -0.807157103761985
1.75391183288442 -0.825390881121976
1.76365578751156 -0.84280189090135
1.77339974213869 -0.859372777426912
1.78314369676583 -0.875087022478594
1.79288765139296 -0.88992896175518
1.8026316060201 -0.903883800488824
1.81237556064724 -0.916937628192788
1.82211951527437 -0.92907743252773
1.83186346990151 -0.940291112272675
1.84160742452864 -0.950567489387783
1.85135137915578 -0.959896320156857
1.86109533378291 -0.968268305398507
1.87083928841005 -0.975675099735774
1.88058324303719 -0.98210931991498
1.89032719766432 -0.987564552165524
1.90007115229146 -0.992035358593258
1.90981510691859 -0.995517282601106
1.91955906154573 -0.998006853331493
1.92930301617286 -0.999501589126174
1.9390469708 -1
1.95584491106884 -0.999501589126174
1.97264285133769 -0.998006853331493
1.98944079160653 -0.995517282601106
2.00623873187538 -0.992035358593258
2.02303667214422 -0.987564552165524
2.03983461241307 -0.98210931991498
2.05663255268191 -0.975675099735774
2.07343049295075 -0.968268305398507
2.0902284332196 -0.959896320156857
2.10702637348844 -0.950567489387783
2.12382431375729 -0.940291112272676
2.14062225402613 -0.92907743252773
2.15742019429497 -0.916937628192789
2.17421813456382 -0.903883800488824
2.19101607483266 -0.88992896175518
2.20781401510151 -0.875087022478594
2.22461195537035 -0.859372777426912
2.2414098956392 -0.842801890901351
2.25820783590804 -0.825390881121976
2.27500577617688 -0.807157103761985
2.29180371644573 -0.788118734647192
2.30860165671457 -0.768294751637971
2.32539959698342 -0.747704915711709
2.34219753725226 -0.726369751264639
2.35899547752111 -0.704310525652672
2.37579341778995 -0.681549227991633
2.39259135805879 -0.658108547238037
2.40938929832764 -0.634011849572239
2.42618723859648 -0.609283155106516
2.44298517886533 -0.583947113941306
2.45978311913417 -0.55802898159344
2.47658105940302 -0.531554593820901
2.49337899967186 -0.504550340869177
2.5101769399407 -0.47704314116489
2.52697488020955 -0.44906041448292
2.54377282047839 -0.420630054613784
2.56057076074724 -0.391780401558493
2.57736870101608 -0.362540213278624
2.59416664128492 -0.332938637029761
2.61096458155377 -0.303005180306873
2.62776252182261 -0.272769681430603
2.64456046209146 -0.242262279803783
2.6613584023603 -0.21151338586782
2.67815634262915 -0.180553650788902
2.69495428289799 -0.149413935904261
2.71175222316683 -0.118125281958908
2.72855016343568 -0.0867188781635507
2.74534810370452 -0.0552260311045082
2.76214604397337 -0.0236781335366245
2.77894398424221 0.00789336690971331
2.79574192451106 0.0394569990762525
2.8125398647799 0.0709812996480156
2.82933780504874 0.102434844516613
2.84613574531759 0.133786280104479
2.86293368558643 0.165004354618799
2.87973162585528 0.196057949203978
2.89652956612412 0.22691610896159
2.91332750639296 0.257548073806896
2.93012544666181 0.287923309131167
2.94692338693065 0.318011536239239
2.9637213271995 0.347782762531982
2.98051926746834 0.377207311403576
2.99731720773719 0.406255851823789
3.01411514800603 0.434899427575793
3.03091308827487 0.463109486120348
3.04771102854372 0.490857907057594
3.06450896881256 0.518117030158078
3.08130690908141 0.54485968293507
3.09810484935025 0.571059207730695
3.1149027896191 0.596689488288856
3.13170072988794 0.621724975788495
3.14849867015678 0.64614071431121
3.16529661042563 0.669912365717855
3.18209455069447 0.693016233909331
3.19889249096332 0.715429288447372
3.21569043123216 0.737129187511779
3.23248837150101 0.758094300171246
3.24928631176985 0.77830372794553
3.26608425203869 0.797737325637519
3.28288219230754 0.816375721414399
3.29968013257638 0.834200336117918
3.31647807284523 0.851193401784495
3.33327601311407 0.867337979356715
3.35007395338291 0.882617975568547
3.36687189365176 0.897018158987464
3.3836698339206 0.910524175197462
3.40046777418945 0.923122561107861
3.41726571445829 0.934800758373599
3.43406365472714 0.945547125913667
3.45086159499598 0.955350951515195
3.46765953526482 0.964202462511612
3.48445747553367 0.972092835524257
3.50125541580251 0.979014205257715
3.51805335607136 0.984959672340111
3.5348512963402 0.989923310200557
3.55164923660905 0.993900170976888
3.56844717687789 0.996886290447793
3.58524511714673 0.998878691984444
3.60204305741558 0.999875389517657
3.61884099768442 0.999875389517657
3.63563893795327 0.998878691984444
3.65243687822211 0.996886290447793
3.66923481849096 0.993900170976888
3.6860327587598 0.989923310200557
3.70283069902864 0.984959672340111
3.71962863929749 0.979014205257715
3.73642657956633 0.972092835524257
3.75322451983518 0.964202462511612
3.77002246010402 0.955350951515195
3.78682040037286 0.945547125913667
3.80361834064171 0.934800758373598
3.82041628091055 0.923122561107861
3.8372142211794 0.910524175197462
3.85401216144824 0.897018158987464
3.87081010171709 0.882617975568547
3.88760804198593 0.867337979356715
3.90440598225477 0.851193401784495
3.92120392252362 0.834200336117917
3.93800186279246 0.816375721414399
3.95479980306131 0.797737325637519
3.97159774333015 0.778303727945529
3.98839568359899 0.758094300171246
4.00519362386784 0.737129187511779
4.02199156413668 0.715429288447371
4.03878950440553 0.693016233909331
4.05558744467437 0.669912365717855
4.07238538494322 0.646140714311209
4.08918332521206 0.621724975788495
4.1059812654809 0.596689488288856
4.12277920574975 0.571059207730694
4.13957714601859 0.544859682935071
4.15637508628744 0.518117030158077
4.17317302655628 0.490857907057593
4.18997096682513 0.463109486120347
4.20676890709397 0.434899427575793
4.22356684736281 0.406255851823789
4.24036478763166 0.377207311403576
4.2571627279005 0.347782762531982
4.27396066816935 0.318011536239238
4.29075860843819 0.287923309131166
4.30755654870704 0.257548073806896
4.32435448897588 0.22691610896159
4.34115242924472 0.196057949203979
4.35795036951357 0.1650043546188
4.37474830978241 0.133786280104478
4.39154625005126 0.102434844516612
4.4083441903201 0.0709812996480162
4.42514213058895 0.0394569990762527
4.44194007085779 0.00789336690971289
4.45873801112663 -0.0236781335366239
4.47553595139548 -0.0552260311045084
4.49233389166432 -0.0867188781635523
4.50913183193317 -0.118125281958908
4.52592977220201 -0.149413935904261
4.54272771247085 -0.180553650788903
4.5595256527397 -0.211513385867818
4.57632359300854 -0.242262279803784
4.59312153327739 -0.272769681430602
4.60991947354623 -0.303005180306874
4.62671741381508 -0.332938637029761
4.64351535408392 -0.362540213278626
4.66031329435276 -0.391780401558493
4.67711123462161 -0.420630054613784
4.69390917489045 -0.449060414482921
4.7107071151593 -0.477043141164889
4.72750505542814 -0.504550340869178
4.74430299569698 -0.531554593820901
4.76110093596583 -0.558028981593441
4.77789887623467 -0.583947113941306
4.79469681650352 -0.609283155106517
4.81149475677236 -0.634011849572238
4.82829269704121 -0.658108547238038
4.84509063731005 -0.681549227991634
4.86188857757889 -0.704310525652671
4.87868651784774 -0.726369751264639
4.89548445811658 -0.74770491571171
4.91228239838543 -0.768294751637971
4.92908033865427 -0.788118734647192
4.94587827892312 -0.807157103761986
4.96267621919196 -0.825390881121977
4.9794741594608 -0.842801890901351
4.99627209972965 -0.859372777426912
5.01307003999849 -0.875087022478594
5.02986798026734 -0.88992896175518
5.04666592053618 -0.903883800488824
5.06346386080503 -0.916937628192789
5.08026180107387 -0.92907743252773
5.09705974134271 -0.940291112272676
5.11385768161156 -0.950567489387783
5.1306556218804 -0.959896320156857
5.14745356214925 -0.968268305398507
5.16425150241809 -0.975675099735774
5.18104944268693 -0.98210931991498
5.19784738295578 -0.987564552165524
5.21464532322462 -0.992035358593258
5.23144326349347 -0.995517282601106
5.24824120376231 -0.998006853331493
5.26503914403116 -0.999501589126174
5.2818370843 -1
5.2879812073598 -0.999501589126174
5.2941253304196 -0.998006853331493
5.3002694534794 -0.995517282601106
5.3064135765392 -0.992035358593258
5.312557699599 -0.987564552165523
5.31870182265879 -0.98210931991498
5.32484594571859 -0.975675099735774
5.33099006877839 -0.968268305398508
5.33713419183819 -0.959896320156857
5.34327831489799 -0.950567489387783
5.34942243795779 -0.940291112272676
5.35556656101759 -0.92907743252773
5.36171068407739 -0.916937628192789
5.36785480713719 -0.903883800488824
5.37399893019699 -0.889928961755179
5.38014305325678 -0.875087022478593
5.38628717631658 -0.859372777426912
5.39243129937638 -0.842801890901349
5.39857542243618 -0.825390881121976
5.40471954549598 -0.807157103761986
5.41086366855578 -0.788118734647194
5.41700779161558 -0.76829475163797
5.42315191467538 -0.747704915711709
5.42929603773518 -0.726369751264641
5.43544016079498 -0.704310525652671
5.44158428385477 -0.681549227991634
5.44772840691457 -0.658108547238039
5.45387252997437 -0.634011849572237
5.46001665303417 -0.609283155106516
5.46616077609397 -0.583947113941307
5.47230489915377 -0.558028981593438
5.47844902221357 -0.531554593820901
5.48459314527337 -0.504550340869178
5.49073726833317 -0.477043141164891
5.49688139139297 -0.449060414482919
5.50302551445276 -0.420630054613785
5.50916963751256 -0.391780401558495
5.51531376057236 -0.362540213278623
5.52145788363216 -0.332938637029761
5.52760200669196 -0.303005180306874
5.53374612975176 -0.272769681430601
5.53989025281156 -0.242262279803783
5.54603437587136 -0.21151338586782
5.55217849893116 -0.180553650788905
5.55832262199096 -0.14941393590426
5.56446674505075 -0.118125281958908
5.57061086811055 -0.0867188781635527
5.57675499117035 -0.0552260311045068
5.58289911423015 -0.0236781335366241
5.58904323728995 0.00789336690971176
5.59518736034975 0.0394569990762543
5.60133148340955 0.070981299648016
5.60747560646935 0.102434844516612
5.61361972952915 0.133786280104481
5.61976385258895 0.1650043546188
5.62590797564874 0.196057949203977
5.63205209870854 0.226916108961588
5.63819622176834 0.257548073806898
5.64434034482814 0.287923309131166
5.65048446788794 0.318011536239236
5.65662859094774 0.347782762531984
5.66277271400754 0.377207311403576
5.66891683706734 0.406255851823788
5.67506096012714 0.434899427575795
5.68120508318693 0.463109486120348
5.68734920624673 0.490857907057593
5.69349332930653 0.518117030158079
5.69963745236633 0.544859682935071
5.70578157542613 0.571059207730694
5.71192569848593 0.596689488288854
5.71806982154573 0.621724975788496
5.72421394460553 0.646140714311209
5.73035806766533 0.669912365717854
5.73650219072513 0.693016233909333
5.74264631378492 0.715429288447371
5.74879043684472 0.737129187511778
5.75493455990452 0.758094300171247
5.76107868296432 0.77830372794553
5.76722280602412 0.797737325637519
5.77336692908392 0.8163757214144
5.77951105214372 0.834200336117918
5.78565517520352 0.851193401784494
5.79179929826332 0.867337979356716
5.79794342132312 0.882617975568547
5.80408754438291 0.897018158987463
5.81023166744271 0.910524175197461
5.81637579050251 0.923122561107861
5.82251991356231 0.934800758373598
5.82866403662211 0.945547125913667
5.83480815968191 0.955350951515194
5.84095228274171 0.964202462511612
5.84709640580151 0.972092835524257
5.85324052886131 0.979014205257714
5.85938465192111 0.984959672340111
5.8655287749809 0.989923310200557
5.8716728980407 0.993900170976888
5.8778170211005 0.996886290447793
5.8839611441603 0.998878691984444
5.8901052672201 0.999875389517657
5.8962493902799 0.999875389517657
5.9023935133397 0.998878691984444
5.9085376363995 0.996886290447793
5.9146817594593 0.993900170976888
5.9208258825191 0.989923310200557
5.92697000557889 0.984959672340111
5.93311412863869 0.979014205257714
5.93925825169849 0.972092835524257
5.94540237475829 0.964202462511612
5.95154649781809 0.955350951515195
5.95769062087789 0.945547125913667
5.96383474393769 0.934800758373598
5.96997886699749 0.923122561107861
5.97612299005729 0.910524175197462
5.98226711311709 0.897018158987464
5.98841123617688 0.882617975568547
5.99455535923668 0.867337979356716
6.00069948229648 0.851193401784495
6.00684360535628 0.834200336117918
6.01298772841608 0.8163757214144
6.01913185147588 0.797737325637519
6.02527597453568 0.77830372794553
6.03142009759548 0.758094300171247
6.03756422065528 0.737129187511778
6.04370834371508 0.715429288447372
6.04985246677487 0.693016233909333
6.05599658983467 0.669912365717854
6.06214071289447 0.64614071431121
6.06828483595427 0.621724975788496
6.07442895901407 0.596689488288854
6.08057308207387 0.571059207730694
6.08671720513367 0.544859682935071
6.09286132819347 0.518117030158079
6.09900545125327 0.490857907057593
6.10514957431307 0.463109486120348
6.11129369737286 0.434899427575795
6.11743782043266 0.406255851823788
6.12358194349246 0.377207311403576
6.12972606655226 0.347782762531984
6.13587018961206 0.318011536239237
6.14201431267186 0.287923309131166
6.14815843573166 0.257548073806898
6.15430255879146 0.226916108961589
6.16044668185126 0.196057949203977
6.16659080491106 0.165004354618801
6.17273492797085 0.133786280104481
6.17887905103065 0.102434844516612
6.18502317409045 0.0709812996480162
6.19116729715025 0.0394569990762545
6.19731142021005 0.007893366909712
6.20345554326985 -0.0236781335366239
6.20959966632965 -0.0552260311045066
6.21574378938945 -0.0867188781635523
6.22188791244925 -0.118125281958908
6.22803203550905 -0.14941393590426
6.23417615856884 -0.180553650788904
6.24032028162864 -0.211513385867819
6.24646440468844 -0.242262279803783
6.25260852774824 -0.272769681430605
6.25875265080804 -0.303005180306874
6.26489677386784 -0.332938637029761
6.27104089692764 -0.362540213278622
6.27718501998744 -0.391780401558495
6.28332914304724 -0.420630054613784
6.28947326610704 -0.449060414482918
6.29561738916683 -0.477043141164887
6.30176151222663 -0.504550340869178
6.30790563528643 -0.531554593820901
6.31404975834623 -0.558028981593438
6.32019388140603 -0.583947113941307
6.32633800446583 -0.609283155106516
6.33248212752563 -0.634011849572237
6.33862625058543 -0.658108547238038
6.34477037364523 -0.681549227991634
6.35091449670503 -0.704310525652671
6.35705861976482 -0.72636975126464
6.36320274282462 -0.747704915711709
6.36934686588442 -0.76829475163797
6.37549098894422 -0.788118734647194
6.38163511200402 -0.807157103761986
6.38777923506382 -0.825390881121976
6.39392335812362 -0.842801890901352
6.40006748118342 -0.859372777426912
6.40621160424322 -0.875087022478593
6.41235572730302 -0.889928961755181
6.41849985036281 -0.903883800488824
6.42464397342261 -0.916937628192789
6.43078809648241 -0.92907743252773
6.43693221954221 -0.940291112272676
6.44307634260201 -0.950567489387783
6.44922046566181 -0.959896320156857
6.45536458872161 -0.968268305398506
6.46150871178141 -0.975675099735774
6.46765283484121 -0.98210931991498
6.473796957901 -0.987564552165523
6.4799410809608 -0.992035358593258
6.4860852040206 -0.995517282601106
6.4922293270804 -0.998006853331493
6.4983734501402 -0.999501589126174
6.5045175732 -1
6.52183587417638 -0.999501589126174
6.53915417515276 -0.998006853331493
6.55647247612915 -0.995517282601106
6.57379077710553 -0.992035358593258
6.59110907808191 -0.987564552165524
6.60842737905829 -0.982109319914981
6.62574568003467 -0.975675099735774
6.64306398101106 -0.968268305398507
6.66038228198744 -0.959896320156857
6.67770058296382 -0.950567489387783
6.6950188839402 -0.940291112272676
6.71233718491658 -0.929077432527731
6.72965548589297 -0.916937628192789
6.74697378686935 -0.903883800488823
6.76429208784573 -0.88992896175518
6.78161038882211 -0.875087022478593
6.79892868979849 -0.859372777426912
6.81624699077488 -0.84280189090135
6.83356529175126 -0.825390881121977
6.85088359272764 -0.807157103761986
6.86820189370402 -0.788118734647193
6.8855201946804 -0.768294751637971
6.90283849565678 -0.747704915711709
6.92015679663317 -0.726369751264639
6.93747509760955 -0.704310525652672
6.95479339858593 -0.681549227991634
6.97211169956231 -0.658108547238037
6.98943000053869 -0.634011849572238
7.00674830151508 -0.609283155106516
7.02406660249146 -0.583947113941306
7.04138490346784 -0.55802898159344
7.05870320444422 -0.531554593820902
7.0760215054206 -0.504550340869178
7.09333980639699 -0.47704314116489
7.11065810737337 -0.44906041448292
7.12797640834975 -0.420630054613784
7.14529470932613 -0.391780401558493
7.16261301030251 -0.362540213278625
7.17993131127889 -0.332938637029761
7.19724961225528 -0.303005180306873
7.21456791323166 -0.272769681430603
7.23188621420804 -0.242262279803783
7.24920451518442 -0.211513385867818
7.2665228161608 -0.180553650788901
7.28384111713719 -0.149413935904262
7.30115941811357 -0.118125281958909
7.31847771908995 -0.0867188781635512
7.33579602006633 -0.0552260311045084
7.35311432104271 -0.0236781335366241
7.3704326220191 0.00789336690971331
7.38775092299548 0.0394569990762527
7.40506922397186 0.0709812996480162
7.42238752494824 0.102434844516614
7.43970582592462 0.13378628010448
7.45702412690101 0.1650043546188
7.47434242787739 0.196057949203977
7.49166072885377 0.226916108961591
7.50897902983015 0.257548073806896
7.52629733080653 0.287923309131166
7.54361563178291 0.318011536239238
7.5609339327593 0.347782762531982
7.57825223373568 0.377207311403576
7.59557053471206 0.406255851823789
7.61288883568844 0.434899427575793
7.63020713666482 0.463109486120348
7.64752543764121 0.490857907057594
7.66484373861759 0.518117030158076
7.68216203959397 0.544859682935071
7.69948034057035 0.571059207730694
7.71679864154673 0.596689488288855
7.73411694252312 0.621724975788495
7.7514352434995 0.64614071431121
7.76875354447588 0.669912365717855
7.78607184545226 0.693016233909332
7.80339014642864 0.715429288447371
7.82070844740503 0.737129187511779
7.83802674838141 0.758094300171245
7.85534504935779 0.778303727945529
7.87266335033417 0.79773732563752
7.88998165131055 0.816375721414399
7.90729995228693 0.834200336117917
7.92461825326332 0.851193401784494
7.9419365542397 0.867337979356715
7.95925485521608 0.882617975568547
7.97657315619246 0.897018158987463
7.99389145716884 0.910524175197462
8.01120975814523 0.92312256110786
8.02852805912161 0.934800758373598
8.04584636009799 0.945547125913667
8.06316466107437 0.955350951515195
8.08048296205075 0.964202462511611
8.09780126302714 0.972092835524257
8.11511956400352 0.979014205257714
8.1324378649799 0.984959672340111
8.14975616595628 0.989923310200557
8.16707446693266 0.993900170976888
8.18439276790905 0.996886290447793
8.20171106888543 0.998878691984444
8.21902936986181 0.999875389517657
8.23634767083819 0.999875389517657
8.25366597181457 0.998878691984444
8.27098427279095 0.996886290447793
8.28830257376734 0.993900170976888
8.30562087474372 0.989923310200557
8.3229391757201 0.98495967234011
8.34025747669648 0.979014205257715
8.35757577767287 0.972092835524257
8.37489407864925 0.964202462511612
8.39221237962563 0.955350951515194
8.40953068060201 0.945547125913667
8.42684898157839 0.934800758373598
8.44416728255477 0.923122561107861
8.46148558353116 0.910524175197462
8.47880388450754 0.897018158987463
8.49612218548392 0.882617975568547
8.5134404864603 0.867337979356715
8.53075878743668 0.851193401784495
8.54807708841307 0.834200336117917
8.56539538938945 0.816375721414399
8.58271369036583 0.797737325637519
8.60003199134221 0.77830372794553
8.61735029231859 0.758094300171245
8.63466859329498 0.737129187511779
8.65198689427136 0.715429288447372
8.66930519524774 0.693016233909332
8.68662349622412 0.669912365717854
8.7039417972005 0.64614071431121
8.72126009817688 0.621724975788496
8.73857839915327 0.596689488288856
8.75589670012965 0.571059207730696
8.77321500110603 0.54485968293507
8.79053330208241 0.518117030158079
8.80785160305879 0.490857907057596
8.82516990403518 0.463109486120348
8.84248820501156 0.434899427575792
8.85980650598794 0.40625585182379
8.87712480696432 0.377207311403578
8.8944431079407 0.347782762531982
8.91176140891709 0.31801153623924
8.92907970989347 0.287923309131167
8.94639801086985 0.257548073806898
8.96371631184623 0.22691610896159
8.98103461282261 0.196057949203979
8.998352913799 0.165004354618799
9.01567121477538 0.13378628010448
9.03298951575176 0.102434844516616
9.05030781672814 0.0709812996480162
9.06762611770452 0.0394569990762518
9.08494441868091 0.00789336690971378
9.10226271965729 -0.0236781335366221
9.11958102063367 -0.0552260311045084
9.13689932161005 -0.0867188781635496
9.15421762258643 -0.118125281958908
9.17153592356281 -0.14941393590426
9.1888542245392 -0.180553650788903
9.20617252551558 -0.211513385867818
9.22349082649196 -0.242262279803784
9.24080912746834 -0.272769681430602
9.25812742844472 -0.303005180306871
9.27544572942111 -0.332938637029761
9.29276403039749 -0.362540213278626
9.31008233137387 -0.391780401558493
9.32740063235025 -0.420630054613783
9.34471893332663 -0.449060414482921
9.36203723430302 -0.477043141164888
9.3793555352794 -0.504550340869178
9.39667383625578 -0.531554593820901
9.41399213723216 -0.558028981593438
9.43131043820854 -0.583947113941306
9.44862873918493 -0.609283155106517
9.46594704016131 -0.634011849572238
9.48326534113769 -0.658108547238039
9.50058364211407 -0.681549227991633
9.51790194309045 -0.704310525652671
9.53522024406683 -0.726369751264639
9.55253854504322 -0.747704915711708
9.5698568460196 -0.768294751637971
9.58717514699598 -0.788118734647193
9.60449344797236 -0.807157103761986
9.62181174894874 -0.825390881121976
9.63913004992513 -0.842801890901351
9.65644835090151 -0.859372777426912
9.67376665187789 -0.875087022478594
9.69108495285427 -0.88992896175518
9.70840325383065 -0.903883800488822
9.72572155480704 -0.916937628192789
9.74303985578342 -0.929077432527731
9.7603581567598 -0.940291112272675
9.77767645773618 -0.950567489387782
9.79499475871256 -0.959896320156857
9.81231305968894 -0.968268305398507
9.82963136066533 -0.975675099735774
9.84694966164171 -0.98210931991498
9.86426796261809 -0.987564552165524
9.88158626359447 -0.992035358593258
9.89890456457086 -0.995517282601106
9.91622286554724 -0.998006853331493
9.93354116652362 -0.999501589126174
9.9508594675 -1
9.96806565615528 -0.999501589126174
9.98527184481055 -0.998006853331493
10.0024780334658 -0.995517282601106
10.0196842221211 -0.992035358593258
10.0368904107764 -0.987564552165524
10.0540965994317 -0.98210931991498
10.0713027880869 -0.975675099735774
10.0885089767422 -0.968268305398507
10.1057151653975 -0.959896320156857
10.1229213540528 -0.950567489387783
10.140127542708 -0.940291112272675
10.1573337313633 -0.92907743252773
10.1745399200186 -0.916937628192789
10.1917461086739 -0.903883800488824
10.2089522973291 -0.889928961755181
10.2261584859844 -0.875087022478594
10.2433646746397 -0.859372777426913
10.260570863295 -0.84280189090135
10.2777770519503 -0.825390881121976
10.2949832406055 -0.807157103761985
10.3121894292608 -0.788118734647193
10.3293956179161 -0.768294751637971
10.3466018065714 -0.74770491571171
10.3638079952266 -0.726369751264641
10.3810141838819 -0.704310525652671
10.3982203725372 -0.681549227991633
10.4154265611925 -0.658108547238037
10.4326327498477 -0.634011849572239
10.449838938503 -0.609283155106517
10.4670451271583 -0.583947113941307
10.4842513158136 -0.558028981593439
10.5014575044688 -0.531554593820901
10.5186636931241 -0.504550340869177
10.5358698817794 -0.47704314116489
10.5530760704347 -0.44906041448292
10.57028225909 -0.420630054613785
10.5874884477452 -0.391780401558494
10.6046946364005 -0.362540213278623
10.6219008250558 -0.33293863702976
10.6391070137111 -0.303005180306872
10.6563132023663 -0.272769681430603
10.6735193910216 -0.242262279803784
10.6907255796769 -0.21151338586782
10.7079317683322 -0.180553650788903
10.7251379569874 -0.14941393590426
10.7423441456427 -0.118125281958907
10.759550334298 -0.0867188781635503
10.7767565229533 -0.0552260311045084
10.7939627116085 -0.0236781335366245
10.8111689002638 0.0078933669097122
10.8283750889191 0.0394569990762514
10.8455812775744 0.0709812996480171
10.8627874662296 0.102434844516614
10.8799936548849 0.133786280104479
10.8971998435402 0.165004354618799
10.9144060321955 0.196057949203977
10.9316122208508 0.226916108961589
10.948818409506 0.257548073806895
10.9660245981613 0.287923309131167
10.9832307868166 0.318011536239239
11.0004369754719 0.347782762531983
11.0176431641271 0.377207311403576
11.0348493527824 0.406255851823788
11.0520555414377 0.434899427575792
11.069261730093 0.463109486120346
11.0864679187482 0.490857907057595
11.1036741074035 0.518117030158078
11.1208802960588 0.54485968293507
11.1380864847141 0.571059207730694
11.1552926733693 0.596689488288855
11.1724988620246 0.621724975788494
11.1897050506799 0.646140714311211
11.2069112393352 0.669912365717856
11.2241174279905 0.693016233909332
11.2413236166457 0.715429288447372
11.258529805301 0.737129187511779
11.2757359939563 0.758094300171245
11.2929421826116 0.778303727945529
11.3101483712668 0.797737325637518
11.3273545599221 0.8163757214144
11.3445607485774 0.834200336117918
11.3617669372327 0.851193401784495
11.3789731258879 0.867337979356715
11.3961793145432 0.882617975568546
11.4133855031985 0.897018158987463
11.4305916918538 0.910524175197463
11.447797880509 0.923122561107861
11.4650040691643 0.934800758373599
11.4822102578196 0.945547125913667
11.4994164464749 0.955350951515195
11.5166226351302 0.964202462511611
11.5338288237854 0.972092835524257
11.5510350124407 0.979014205257715
11.568241201096 0.984959672340111
11.5854473897513 0.989923310200557
11.6026535784065 0.993900170976888
11.6198597670618 0.996886290447793
11.6370659557171 0.998878691984444
11.6542721443724 0.999875389517657
11.6714783330276 0.999875389517657
11.6886845216829 0.998878691984444
11.7058907103382 0.996886290447793
11.7230968989935 0.993900170976888
11.7403030876487 0.989923310200557
11.757509276304 0.984959672340111
11.7747154649593 0.979014205257715
11.7919216536146 0.972092835524257
11.8091278422699 0.964202462511612
11.8263340309251 0.955350951515195
11.8435402195804 0.945547125913667
11.8607464082357 0.934800758373598
11.877952596891 0.923122561107861
11.8951587855462 0.910524175197462
11.9123649742015 0.897018158987463
11.9295711628568 0.882617975568547
11.9467773515121 0.867337979356715
11.9639835401673 0.851193401784495
11.9811897288226 0.834200336117918
11.9983959174779 0.8163757214144
12.0156021061332 0.79773732563752
12.0328082947884 0.778303727945529
12.0500144834437 0.758094300171245
12.067220672099 0.737129187511779
12.0844268607543 0.715429288447371
12.1016330494095 0.693016233909332
12.1188392380648 0.669912365717856
12.1360454267201 0.646140714311209
12.1532516153754 0.621724975788495
12.1704578040307 0.596689488288856
12.1876639926859 0.571059207730694
12.2048701813412 0.544859682935071
12.2220763699965 0.518117030158079
12.2392825586518 0.490857907057595
12.256488747307 0.46310948612035
12.2736949359623 0.434899427575792
12.2909011246176 0.406255851823789
12.3081073132729 0.377207311403576
12.3253135019281 0.347782762531983
12.3425196905834 0.318011536239239
12.3597258792387 0.287923309131165
12.376932067894 0.257548073806896
12.3941382565492 0.22691610896159
12.4113444452045 0.196057949203978
12.4285506338598 0.165004354618799
12.4457568225151 0.133786280104479
12.4629630111704 0.102434844516614
12.4801691998256 0.070981299648018
12.4973753884809 0.0394569990762545
12.5145815771362 0.00789336690971289
12.5317877657915 -0.0236781335366247
12.5489939544467 -0.0552260311045075
12.566200143102 -0.0867188781635505
12.5834063317573 -0.118125281958907
12.6006125204126 -0.149413935904263
12.6178187090678 -0.180553650788903
12.6350248977231 -0.21151338586782
12.6522310863784 -0.242262279803784
12.6694372750337 -0.272769681430602
12.6866434636889 -0.303005180306872
12.7038496523442 -0.332938637029759
12.7210558409995 -0.362540213278623
12.7382620296548 -0.391780401558491
12.7554682183101 -0.420630054613785
12.7726744069653 -0.44906041448292
12.7898805956206 -0.47704314116489
12.8070867842759 -0.504550340869177
12.8242929729312 -0.531554593820904
12.8414991615864 -0.558028981593439
12.8587053502417 -0.583947113941307
12.875911538897 -0.609283155106517
12.8931177275523 -0.634011849572239
12.9103239162075 -0.658108547238037
12.9275301048628 -0.681549227991633
12.9447362935181 -0.704310525652671
12.9619424821734 -0.726369751264641
12.9791486708286 -0.747704915711707
12.9963548594839 -0.768294751637971
13.0135610481392 -0.788118734647193
13.0307672367945 -0.807157103761985
13.0479734254497 -0.825390881121976
13.065179614105 -0.842801890901351
13.0823858027603 -0.859372777426913
13.0995919914156 -0.875087022478594
13.1167981800709 -0.889928961755181
13.1340043687261 -0.903883800488824
13.1512105573814 -0.916937628192789
13.1684167460367 -0.92907743252773
13.185622934692 -0.940291112272675
13.2028291233472 -0.950567489387782
13.2200353120025 -0.959896320156857
13.2372415006578 -0.968268305398507
13.2544476893131 -0.975675099735773
13.2716538779683 -0.98210931991498
13.2888600666236 -0.987564552165524
13.3060662552789 -0.992035358593258
13.3232724439342 -0.995517282601106
13.3404786325894 -0.998006853331493
13.3576848212447 -0.999501589126174
13.3748910099 -1
13.3847760865603 -0.999501589126174
13.3946611632206 -0.998006853331493
13.4045462398809 -0.995517282601106
13.4144313165412 -0.992035358593258
13.4243163932015 -0.987564552165524
13.4342014698618 -0.98210931991498
13.4440865465221 -0.975675099735773
13.4539716231824 -0.968268305398507
13.4638566998427 -0.959896320156858
13.473741776503 -0.950567489387783
13.4836268531633 -0.940291112272676
13.4935119298236 -0.92907743252773
13.5033970064839 -0.916937628192788
13.5132820831442 -0.903883800488823
13.5231671598045 -0.889928961755181
13.5330522364648 -0.875087022478594
13.5429373131251 -0.859372777426912
13.5528223897854 -0.84280189090135
13.5627074664457 -0.825390881121975
13.572592543106 -0.807157103761984
13.5824776197663 -0.788118734647194
13.5923626964266 -0.768294751637972
13.6022477730869 -0.747704915711709
13.6121328497472 -0.726369751264639
13.6220179264075 -0.704310525652671
13.6319030030678 -0.681549227991632
13.6417880797281 -0.658108547238039
13.6516731563884 -0.63401184957224
13.6615582330487 -0.609283155106517
13.671443309709 -0.583947113941306
13.6813283863693 -0.558028981593439
13.6912134630296 -0.531554593820899
13.7010985396899 -0.504550340869179
13.7109836163503 -0.477043141164891
13.7208686930106 -0.44906041448292
13.7307537696709 -0.420630054613784
13.7406388463312 -0.391780401558491
13.7505239229915 -0.362540213278622
13.7604089996518 -0.332938637029763
13.7702940763121 -0.303005180306874
13.7801791529724 -0.272769681430603
13.7900642296327 -0.242262279803782
13.799949306293 -0.211513385867817
13.8098343829533 -0.180553650788905
13.8197194596136 -0.149413935904263
13.8296045362739 -0.118125281958909
13.8394896129342 -0.0867188781635507
13.8493746895945 -0.0552260311045071
13.8592597662548 -0.0236781335366219
13.8691448429151 0.00789336690971042
13.8790299195754 0.0394569990762511
13.8889149962357 0.0709812996480151
13.898800072896 0.102434844516614
13.9086851495563 0.13378628010448
13.9185702262166 0.165004354618802
13.9284553028769 0.196057949203976
13.9383403795372 0.226916108961589
13.9482254561975 0.257548073806896
13.9581105328578 0.287923309131167
13.9679956095181 0.318011536239239
13.9778806861784 0.347782762531985
13.9877657628387 0.377207311403574
13.997650839499 0.406255851823788
14.0075359161593 0.434899427575793
14.0174209928196 0.463109486120348
14.0273060694799 0.490857907057595
14.0371911461402 0.518117030158079
14.0470762228005 0.544859682935069
14.0569612994608 0.571059207730694
14.0668463761211 0.596689488288855
14.0767314527814 0.621724975788496
14.0866165294417 0.646140714311211
14.096501606102 0.669912365717853
14.1063866827623 0.69301623390933
14.1162717594226 0.71542928844737
14.1261568360829 0.737129187511779
14.1360419127432 0.758094300171246
14.1459269894035 0.778303727945531
14.1558120660638 0.797737325637521
14.1656971427241 0.816375721414398
14.1755822193844 0.834200336117917
14.1854672960447 0.851193401784495
14.195352372705 0.867337979356715
14.2052374493653 0.882617975568548
14.2151225260256 0.897018158987462
14.2250076026859 0.910524175197461
14.2348926793462 0.923122561107861
14.2447777560065 0.934800758373598
14.2546628326668 0.945547125913667
14.2645479093271 0.955350951515195
14.2744329859874 0.964202462511613
14.2843180626477 0.972092835524257
14.294203139308 0.979014205257714
14.3040882159683 0.984959672340111
14.3139732926286 0.989923310200557
14.3238583692889 0.993900170976888
14.3337434459492 0.996886290447793
14.3436285226095 0.998878691984444
14.3535135992698 0.999875389517657
14.3633986759302 0.999875389517657
14.3732837525905 0.998878691984444
14.3831688292508 0.996886290447793
14.3930539059111 0.993900170976888
14.4029389825714 0.989923310200557
14.4128240592317 0.984959672340111
14.422709135892 0.979014205257714
14.4325942125523 0.972092835524257
14.4424792892126 0.964202462511611
14.4523643658729 0.955350951515196
14.4622494425332 0.945547125913668
14.4721345191935 0.934800758373598
14.4820195958538 0.92312256110786
14.4919046725141 0.910524175197462
14.5017897491744 0.897018158987465
14.5116748258347 0.882617975568548
14.521559902495 0.867337979356715
14.5314449791553 0.851193401784495
14.5413300558156 0.834200336117917
14.5512151324759 0.816375721414398
14.5611002091362 0.797737325637518
14.5709852857965 0.778303727945531
14.5808703624568 0.758094300171246
14.5907554391171 0.737129187511779
14.6006405157774 0.715429288447371
14.6105255924377 0.69301623390933
14.620410669098 0.669912365717857
14.6302957457583 0.646140714311211
14.6401808224186 0.621724975788496
14.6500658990789 0.596689488288856
14.6599509757392 0.571059207730694
14.6698360523995 0.544859682935069
14.6797211290598 0.518117030158079
14.6896062057201 0.490857907057595
14.6994912823804 0.463109486120348
14.7093763590407 0.434899427575793
14.719261435701 0.406255851823788
14.7291465123613 0.377207311403575
14.7390315890216 0.347782762531985
14.7489166656819 0.31801153623924
14.7588017423422 0.287923309131167
14.7686868190025 0.257548073806896
14.7785718956628 0.226916108961589
14.7884569723231 0.196057949203981
14.7983420489834 0.165004354618796
14.8082271256437 0.13378628010448
14.818112202304 0.102434844516614
14.8279972789643 0.0709812996480153
14.8378823556246 0.0394569990762518
14.8477674322849 0.00789336690971111
14.8576525089452 -0.0236781335366212
14.8675375856055 -0.0552260311045066
14.8774226622658 -0.0867188781635505
14.8873077389261 -0.118125281958908
14.8971928155864 -0.149413935904263
14.9070778922467 -0.180553650788899
14.916962968907 -0.211513385867818
14.9268480455673 -0.242262279803782
14.9367331222276 -0.272769681430603
14.9466181988879 -0.303005180306873
14.9565032755482 -0.332938637029763
14.9663883522085 -0.362540213278621
14.9762734288688 -0.391780401558491
14.9861585055291 -0.420630054613784
14.9960435821894 -0.44906041448292
15.0059286588497 -0.47704314116489
15.0158137355101 -0.504550340869179
15.0256988121704 -0.531554593820899
15.0355838888307 -0.558028981593438
15.045468965491 -0.583947113941306
15.0553540421513 -0.609283155106517
15.0652391188116 -0.63401184957224
15.0751241954719 -0.658108547238039
15.0850092721322 -0.681549227991632
15.0948943487925 -0.704310525652671
15.1047794254528 -0.726369751264639
15.1146645021131 -0.747704915711709
15.1245495787734 -0.768294751637971
15.1344346554337 -0.788118734647194
15.144319732094 -0.807157103761984
15.1542048087543 -0.825390881121975
15.1640898854146 -0.84280189090135
15.1739749620749 -0.859372777426912
15.1838600387352 -0.875087022478594
15.1937451153955 -0.889928961755179
15.2036301920558 -0.903883800488825
15.2135152687161 -0.916937628192788
15.2234003453764 -0.92907743252773
15.2332854220367 -0.940291112272676
15.243170498697 -0.950567489387783
15.2530555753573 -0.959896320156858
15.2629406520176 -0.968268305398507
15.2728257286779 -0.975675099735773
15.2827108053382 -0.98210931991498
15.2925958819985 -0.987564552165524
15.3024809586588 -0.992035358593258
15.3123660353191 -0.995517282601106
15.3222511119794 -0.998006853331493
15.3321361886397 -0.999501589126174
15.3420212653 -1
15.3612563327276 -0.999501589126174
15.3804914001553 -0.998006853331493
15.3997264675829 -0.995517282601106
15.4189615350106 -0.992035358593258
15.4381966024382 -0.987564552165524
15.4574316698658 -0.982109319914981
15.4766667372935 -0.975675099735774
15.4959018047211 -0.968268305398507
15.5151368721487 -0.959896320156857
15.5343719395764 -0.950567489387783
15.553607007004 -0.940291112272675
15.5728420744317 -0.92907743252773
15.5920771418593 -0.916937628192789
15.6113122092869 -0.903883800488824
15.6305472767146 -0.88992896175518
15.6497823441422 -0.875087022478594
15.6690174115698 -0.859372777426912
15.6882524789975 -0.842801890901351
15.7074875464251 -0.825390881121976
15.7267226138528 -0.807157103761986
15.7459576812804 -0.788118734647193
15.765192748708 -0.76829475163797
15.7844278161357 -0.747704915711708
15.8036628835633 -0.72636975126464
15.822897950991 -0.704310525652672
15.8421330184186 -0.681549227991633
15.8613680858462 -0.658108547238039
15.8806031532739 -0.634011849572239
15.8998382207015 -0.609283155106516
15.9190732881291 -0.583947113941305
15.9383083555568 -0.558028981593441
15.9575434229844 -0.531554593820901
15.9767784904121 -0.504550340869177
15.9960135578397 -0.477043141164891
16.0152486252673 -0.449060414482921
16.034483692695 -0.420630054613787
16.0537187601226 -0.391780401558492
16.0729538275503 -0.362540213278625
16.0921888949779 -0.332938637029764
16.1114239624055 -0.303005180306872
16.1306590298332 -0.272769681430604
16.1498940972608 -0.242262279803781
16.1691291646884 -0.211513385867819
16.1883642321161 -0.180553650788904
16.2075992995437 -0.149413935904259
16.2268343669714 -0.118125281958908
16.246069434399 -0.0867188781635532
16.2653045018266 -0.0552260311045068
16.2845395692543 -0.0236781335366248
16.3037746366819 0.00789336690971065
16.3230097041095 0.0394569990762536
16.3422447715372 0.0709812996480147
16.3614798389648 0.102434844516616
16.3807149063925 0.13378628010448
16.3999499738201 0.165004354618798
16.4191850412477 0.19605794920398
16.4384201086754 0.22691610896159
16.457655176103 0.257548073806895
16.4768902435307 0.287923309131168
16.4961253109583 0.318011536239238
16.5153603783859 0.34778276253198
16.5345954458136 0.377207311403577
16.5538305132412 0.406255851823788
16.5730655806688 0.434899427575796
16.5923006480965 0.463109486120348
16.6115357155241 0.490857907057592
16.6307707829518 0.518117030158079
16.6500058503794 0.544859682935071
16.669240917807 0.571059207730693
16.6884759852347 0.596689488288857
16.7077110526623 0.621724975788495
16.7269461200899 0.646140714311208
16.7461811875176 0.669912365717856
16.7654162549452 0.693016233909331
16.7846513223729 0.715429288447373
16.8038863898005 0.737129187511779
16.8231214572281 0.758094300171245
16.8423565246558 0.778303727945528
16.8615915920834 0.79773732563752
16.8808266595111 0.816375721414398
16.9000617269387 0.834200336117919
16.9192967943663 0.851193401784495
16.938531861794 0.867337979356714
16.9577669292216 0.882617975568548
16.9770019966492 0.897018158987464
16.9962370640769 0.910524175197461
17.0154721315045 0.923122561107861
17.0347071989322 0.934800758373598
17.0539422663598 0.945547125913666
17.0731773337874 0.955350951515195
17.0924124012151 0.964202462511611
17.1116474686427 0.972092835524258
17.1308825360704 0.979014205257715
17.150117603498 0.98495967234011
17.1693526709256 0.989923310200557
17.1885877383533 0.993900170976888
17.2078228057809 0.996886290447793
17.2270578732085 0.998878691984444
17.2462929406362 0.999875389517657
17.2655280080638 0.999875389517657
17.2847630754915 0.998878691984444
17.3039981429191 0.996886290447793
17.3232332103467 0.993900170976887
17.3424682777744 0.989923310200557
17.361703345202 0.984959672340111
17.3809384126297 0.979014205257714
17.4001734800573 0.972092835524257
17.4194085474849 0.964202462511612
17.4386436149126 0.955350951515194
17.4578786823402 0.945547125913667
17.4771137497678 0.934800758373599
17.4963488171955 0.92312256110786
17.5155838846231 0.910524175197462
17.5348189520508 0.897018158987462
17.5540540194784 0.882617975568546
17.573289086906 0.867337979356715
17.5925241543337 0.851193401784496
17.6117592217613 0.834200336117917
17.6309942891889 0.8163757214144
17.6502293566166 0.797737325637518
17.6694644240442 0.77830372794553
17.6886994914719 0.758094300171247
17.7079345588995 0.737129187511778
17.7271696263271 0.715429288447372
17.7464046937548 0.693016233909334
17.7656397611824 0.669912365717854
17.7848748286101 0.646140714311211
17.8041098960377 0.621724975788497
17.8233449634653 0.596689488288856
17.842580030893 0.571059207730696
17.8618150983206 0.544859682935068
17.8810501657482 0.518117030158077
17.9002852331759 0.490857907057595
17.9195203006035 0.463109486120346
17.9387553680312 0.434899427575793
17.9579904354588 0.40625585182379
17.9772255028864 0.377207311403575
17.9964605703141 0.347782762531983
18.0156956377417 0.318011536239241
18.0349307051693 0.287923309131166
18.054165772597 0.257548073806898
18.0734008400246 0.226916108961588
18.0926359074523 0.196057949203977
18.1118709748799 0.165004354618801
18.1311060423075 0.133786280104477
18.1503411097352 0.102434844516613
18.1695761771628 0.070981299648018
18.1888112445905 0.0394569990762509
18.2080463120181 0.00789336690971289
18.2272813794457 -0.0236781335366212
18.2465164468734 -0.0552260311045093
18.265751514301 -0.0867188781635496
18.2849865817286 -0.118125281958911
18.3042216491563 -0.149413935904261
18.3234567165839 -0.180553650788901
18.3426917840116 -0.211513385867816
18.3619268514392 -0.242262279803784
18.3811619188668 -0.272769681430601
18.4003969862945 -0.303005180306875
18.4196320537221 -0.332938637029761
18.4388671211497 -0.362540213278622
18.4581021885774 -0.391780401558495
18.477337256005 -0.420630054613784
18.4965723234327 -0.449060414482923
18.5158073908603 -0.47704314116489
18.5350424582879 -0.504550340869176
18.5542775257156 -0.531554593820899
18.5735125931432 -0.558028981593441
18.5927476605709 -0.583947113941305
18.6119827279985 -0.609283155106519
18.6312177954261 -0.634011849572239
18.6504528628538 -0.658108547238036
18.6696879302814 -0.681549227991635
18.688922997709 -0.704310525652672
18.7081580651367 -0.726369751264638
18.7273931325643 -0.74770491571171
18.746628199992 -0.76829475163797
18.7658632674196 -0.788118734647191
18.7850983348472 -0.807157103761986
18.8043334022749 -0.825390881121976
18.8235684697025 -0.842801890901352
18.8428035371302 -0.859372777426912
18.8620386045578 -0.875087022478593
18.8812736719854 -0.889928961755181
18.9005087394131 -0.903883800488824
18.9197438068407 -0.916937628192788
18.9389788742683 -0.929077432527731
18.958213941696 -0.940291112272675
18.9774490091236 -0.950567489387782
18.9966840765513 -0.959896320156857
19.0159191439789 -0.968268305398507
19.0351542114065 -0.975675099735774
19.0543892788342 -0.982109319914981
19.0736243462618 -0.987564552165524
19.0928594136894 -0.992035358593257
19.1120944811171 -0.995517282601106
19.1313295485447 -0.998006853331493
19.1505646159724 -0.999501589126174
19.1697996834 -1
19.176237321295 -0.999501589126174
19.1826749591899 -0.998006853331494
19.1891125970849 -0.995517282601106
19.1955502349799 -0.992035358593257
19.2019878728749 -0.987564552165525
19.2084255107698 -0.982109319914981
19.2148631486648 -0.975675099735773
19.2213007865598 -0.968268305398505
19.2277384244548 -0.959896320156858
19.2341760623497 -0.950567489387782
19.2406137002447 -0.940291112272673
19.2470513381397 -0.929077432527732
19.2534889760347 -0.916937628192788
19.2599266139297 -0.903883800488821
19.2663642518246 -0.889928961755183
19.2728018897196 -0.875087022478594
19.2792395276146 -0.859372777426909
19.2856771655095 -0.842801890901354
19.2921148034045 -0.825390881121977
19.2985524412995 -0.807157103761983
19.3049900791945 -0.788118734647197
19.3114277170894 -0.768294751637972
19.3178653549844 -0.747704915711707
19.3243029928794 -0.726369751264634
19.3307406307744 -0.704310525652675
19.3371782686693 -0.681549227991633
19.3436159065643 -0.658108547238032
19.3500535444593 -0.634011849572242
19.3564911823543 -0.609283155106516
19.3629288202492 -0.583947113941301
19.3693664581442 -0.558028981593445
19.3758040960392 -0.531554593820902
19.3822417339342 -0.504550340869173
19.3886793718291 -0.477043141164896
19.3951170097241 -0.449060414482922
19.4015546476191 -0.420630054613781
19.4079922855141 -0.391780401558501
19.414429923409 -0.362540213278627
19.420867561304 -0.332938637029759
19.427305199199 -0.303005180306865
19.433742837094 -0.272769681430607
19.4401804749889 -0.242262279803782
19.4466181128839 -0.211513385867812
19.4530557507789 -0.180553650788907
19.4594933886739 -0.149413935904261
19.4659310265688 -0.118125281958902
19.4723686644638 -0.0867188781635571
19.4788063023588 -0.055226031104509
19.4852439402538 -0.0236781335366194
19.4916815781487 0.00789336690970576
19.4981192160437 0.0394569990762507
19.5045568539387 0.0709812996480193
19.5109944918337 0.102434844516605
19.5174321297286 0.133786280104476
19.5238697676236 0.165004354618801
19.5303074055186 0.196057949203985
19.5367450434136 0.226916108961586
19.5431826813085 0.257548073806898
19.5496203192035 0.287923309131173
19.5560579570985 0.318011536239233
19.5624955949935 0.347782762531982
19.5689332328884 0.377207311403581
19.5753708707834 0.406255851823783
19.5818085086784 0.434899427575792
19.5882461465734 0.463109486120352
19.5946837844683 0.490857907057587
19.6011214223633 0.518117030158075
19.6075590602583 0.544859682935073
19.6139966981533 0.571059207730688
19.6204343360482 0.596689488288853
19.6268719739432 0.621724975788497
19.6333096118382 0.646140714311215
19.6397472497332 0.669912365717852
19.6461848876281 0.693016233909332
19.6526225255231 0.715429288447376
19.6590601634181 0.737129187511775
19.6654978013131 0.758094300171245
19.671935439208 0.778303727945533
19.678373077103 0.797737325637515
19.684810714998 0.816375721414398
19.691248352893 0.83420033611792
19.6976859907879 0.85119340178449
19.7041236286829 0.867337979356713
19.7105612665779 0.882617975568548
19.7169989044729 0.897018158987467
19.7234365423678 0.910524175197461
19.7298741802628 0.923122561107861
19.7363118181578 0.934800758373601
19.7427494560528 0.945547125913666
19.7491870939477 0.955350951515195
19.7556247318427 0.964202462511613
19.7620623697377 0.972092835524256
19.7685000076327 0.979014205257714
19.7749376455276 0.984959672340111
19.7813752834226 0.989923310200556
19.7878129213176 0.993900170976888
19.7942505592126 0.996886290447794
19.8006881971075 0.998878691984443
19.8071258350025 0.999875389517657
19.8135634728975 0.999875389517657
19.8200011107925 0.998878691984443
19.8264387486874 0.996886290447794
19.8328763865824 0.993900170976888
19.8393140244774 0.989923310200556
19.8457516623724 0.984959672340111
19.8521893002673 0.979014205257714
19.8586269381623 0.972092835524256
19.8650645760573 0.964202462511613
19.8715022139523 0.955350951515195
19.8779398518472 0.945547125913666
19.8843774897422 0.934800758373601
19.8908151276372 0.923122561107862
19.8972527655322 0.910524175197461
19.9036904034271 0.897018158987467
19.9101280413221 0.882617975568548
19.9165656792171 0.867337979356714
19.9230033171121 0.85119340178449
19.929440955007 0.83420033611792
19.935878592902 0.816375721414398
19.942316230797 0.797737325637515
19.948753868692 0.778303727945534
19.9551915065869 0.758094300171246
19.9616291444819 0.737129187511775
19.9680667823769 0.715429288447376
19.9745044202719 0.693016233909333
19.9809420581668 0.669912365717852
19.9873796960618 0.646140714311215
19.9938173339568 0.621724975788497
20.0002549718518 0.596689488288854
20.0066926097467 0.571059207730702
20.0131302476417 0.544859682935073
20.0195678855367 0.518117030158076
20.0260055234317 0.490857907057587
20.0324431613266 0.463109486120352
20.0388807992216 0.434899427575792
20.0453184371166 0.406255851823783
20.0517560750116 0.377207311403581
20.0581937129065 0.347782762531982
20.0646313508015 0.318011536239234
20.0710689886965 0.287923309131173
20.0775066265915 0.257548073806898
20.0839442644864 0.226916108961586
20.0903819023814 0.196057949203986
20.0968195402764 0.165004354618802
20.1032571781714 0.133786280104476
20.1096948160663 0.102434844516623
20.1161324539613 0.0709812996480198
20.1225700918563 0.0394569990762509
20.1290077297513 0.00789336690970667
20.1354453676462 -0.0236781335366194
20.1418830055412 -0.0552260311045084
20.1483206434362 -0.0867188781635567
20.1547582813312 -0.118125281958902
20.1611959192261 -0.14941393590426
20.1676335571211 -0.180553650788907
20.1740711950161 -0.211513385867812
20.1805088329111 -0.242262279803782
20.186946470806 -0.272769681430607
20.193384108701 -0.303005180306865
20.199821746596 -0.332938637029759
20.206259384491 -0.362540213278626
20.2126970223859 -0.3917804015585
20.2191346602809 -0.42063005461378
20.2255722981759 -0.449060414482921
20.2320099360709 -0.477043141164896
20.2384475739658 -0.504550340869173
20.2448852118608 -0.531554593820902
20.2513228497558 -0.558028981593445
20.2577604876508 -0.583947113941302
20.2641981255457 -0.609283155106516
20.2706357634407 -0.634011849572242
20.2770734013357 -0.658108547238032
20.2835110392307 -0.681549227991632
20.2899486771256 -0.704310525652674
20.2963863150206 -0.726369751264645
20.3028239529156 -0.747704915711707
20.3092615908106 -0.768294751637972
20.3156992287055 -0.788118734647187
20.3221368666005 -0.807157103761983
20.3285745044955 -0.825390881121977
20.3350121423905 -0.842801890901354
20.3414497802854 -0.859372777426909
20.3478874181804 -0.875087022478594
20.3543250560754 -0.889928961755183
20.3607626939704 -0.90388380048882
20.3672003318653 -0.916937628192788
20.3736379697603 -0.929077432527732
20.3800756076553 -0.940291112272673
20.3865132455503 -0.950567489387782
20.3929508834452 -0.959896320156858
20.3993885213402 -0.968268305398505
20.4058261592352 -0.975675099735773
20.4122637971302 -0.982109319914981
20.4187014350251 -0.987564552165525
20.4251390729201 -0.992035358593257
20.4315767108151 -0.995517282601106
20.4380143487101 -0.998006853331494
20.444451986605 -0.999501589126174
20.4508896245 -1
20.4663676530216 -0.999501589126174
20.4818456815432 -0.998006853331493
20.4973237100648 -0.995517282601106
20.5128017385864 -0.992035358593258
20.528279767108 -0.987564552165524
20.5437577956296 -0.98210931991498
20.5592358241513 -0.975675099735774
20.5747138526729 -0.968268305398507
20.5901918811945 -0.959896320156858
20.6056699097161 -0.950567489387783
20.6211479382377 -0.940291112272677
20.6366259667593 -0.92907743252773
20.6521039952809 -0.91693762819279
20.6675820238025 -0.903883800488823
20.6830600523241 -0.889928961755182
20.6985380808457 -0.875087022478593
20.7140161093673 -0.859372777426913
20.7294941378889 -0.84280189090135
20.7449721664106 -0.825390881121978
20.7604501949322 -0.807157103761985
20.7759282234538 -0.788118734647194
20.7914062519754 -0.76829475163797
20.806884280497 -0.747704915711711
20.8223623090186 -0.726369751264638
20.8378403375402 -0.704310525652674
20.8533183660618 -0.681549227991633
20.8687963945834 -0.658108547238039
20.884274423105 -0.634011849572237
20.8997524516266 -0.609283155106518
20.9152304801482 -0.583947113941305
20.9307085086698 -0.558028981593442
20.9461865371915 -0.5315545938209
20.9616645657131 -0.504550340869179
20.9771425942347 -0.477043141164888
20.9926206227563 -0.449060414482922
21.0080986512779 -0.420630054613783
21.0235766797995 -0.391780401558495
21.0390547083211 -0.362540213278622
21.0545327368427 -0.332938637029763
21.0700107653643 -0.303005180306871
21.0854887938859 -0.272769681430604
21.1009668224075 -0.242262279803781
21.1164448509291 -0.21151338586782
21.1319228794508 -0.1805536507889
21.1474009079724 -0.149413935904262
21.162878936494 -0.118125281958905
21.1783569650156 -0.0867188781635518
21.1938349935372 -0.0552260311045055
21.2093130220588 -0.023678133536625
21.2247910505804 0.00789336690971598
21.240269079102 0.039456999076252
21.2557471076236 0.0709812996480187
21.2712251361452 0.102434844516612
21.2867031646668 0.133786280104482
21.3021811931884 0.165004354618799
21.3176592217101 0.196057949203981
21.3331372502317 0.22691610896159
21.3486152787533 0.257548073806899
21.3640933072749 0.287923309131166
21.3795713357965 0.318011536239241
21.3950493643181 0.347782762531982
21.4105273928397 0.377207311403579
21.4260054213613 0.406255851823789
21.4414834498829 0.434899427575796
21.4569614784045 0.463109486120348
21.4724395069261 0.49085790705759
21.4879175354477 0.518117030158077
21.5033955639693 0.544859682935073
21.518873592491 0.571059207730695
21.5343516210126 0.596689488288853
21.5498296495342 0.621724975788495
21.5653076780558 0.646140714311207
21.5807857065774 0.669912365717856
21.596263735099 0.69301623390933
21.6117417636206 0.715429288447372
21.6272197921422 0.737129187511777
21.6426978206638 0.758094300171246
21.6581758491854 0.778303727945528
21.673653877707 0.79773732563752
21.6891319062286 0.816375721414397
21.7046099347503 0.834200336117918
21.7200879632719 0.851193401784493
21.7355659917935 0.867337979356715
21.7510440203151 0.882617975568545
21.7665220488367 0.897018158987464
21.7820000773583 0.910524175197461
21.7974781058799 0.923122561107861
21.8129561344015 0.934800758373597
21.8284341629231 0.945547125913667
21.8439121914447 0.955350951515194
21.8593902199663 0.964202462511612
21.8748682484879 0.972092835524256
21.8903462770095 0.979014205257715
21.9058243055312 0.98495967234011
21.9213023340528 0.989923310200557
21.9367803625744 0.993900170976888
21.952258391096 0.996886290447793
21.9677364196176 0.998878691984443
21.9832144481392 0.999875389517657
21.9986924766608 0.999875389517657
22.0141705051824 0.998878691984443
22.029648533704 0.996886290447793
22.0451265622256 0.993900170976888
22.0606045907472 0.989923310200557
22.0760826192688 0.98495967234011
22.0915606477905 0.979014205257715
22.1070386763121 0.972092835524257
22.1225167048337 0.964202462511612
22.1379947333553 0.955350951515194
22.1534727618769 0.945547125913668
22.1689507903985 0.934800758373598
22.1844288189201 0.923122561107861
22.1999068474417 0.910524175197461
22.2153848759633 0.897018158987464
22.2308629044849 0.882617975568546
22.2463409330065 0.867337979356715
22.2618189615281 0.851193401784493
22.2772969900497 0.834200336117918
22.2927750185714 0.816375721414398
22.308253047093 0.79773732563752
22.3237310756146 0.778303727945528
22.3392091041362 0.758094300171246
22.3546871326578 0.737129187511777
22.3701651611794 0.715429288447372
22.385643189701 0.69301623390933
22.4011212182226 0.669912365717856
22.4165992467442 0.646140714311207
22.4320772752658 0.621724975788496
22.4475553037874 0.596689488288854
22.463033332309 0.571059207730695
22.4785113608307 0.544859682935074
22.4939893893523 0.518117030158078
22.5094674178739 0.490857907057591
22.5249454463955 0.463109486120348
22.5404234749171 0.434899427575796
22.5559015034387 0.406255851823789
22.5713795319603 0.377207311403572
22.5868575604819 0.347782762531982
22.6023355890035 0.318011536239241
22.6178136175251 0.287923309131166
22.6332916460467 0.2575480738069
22.6487696745683 0.22691610896159
22.6642477030899 0.196057949203982
22.6797257316116 0.165004354618799
22.6952037601332 0.133786280104482
22.7106817886548 0.102434844516612
22.7261598171764 0.0709812996480189
22.741637845698 0.0394569990762518
22.7571158742196 0.00789336690971555
22.7725939027412 -0.0236781335366247
22.7880719312628 -0.0552260311045048
22.8035499597844 -0.0867188781635514
22.819027988306 -0.118125281958905
22.8345060168276 -0.149413935904262
22.8499840453492 -0.180553650788899
22.8654620738709 -0.21151338586782
22.8809401023925 -0.242262279803781
22.8964181309141 -0.272769681430604
22.9118961594357 -0.303005180306871
22.9273741879573 -0.332938637029763
22.9428522164789 -0.362540213278622
22.9583302450005 -0.391780401558495
22.9738082735221 -0.420630054613783
22.9892863020437 -0.449060414482921
23.0047643305653 -0.477043141164888
23.0202423590869 -0.504550340869178
23.0357203876085 -0.5315545938209
23.0511984161302 -0.558028981593441
23.0666764446518 -0.583947113941304
23.0821544731734 -0.609283155106518
23.097632501695 -0.634011849572238
23.1131105302166 -0.658108547238039
23.1285885587382 -0.681549227991633
23.1440665872598 -0.704310525652674
23.1595446157814 -0.726369751264639
23.175022644303 -0.74770491571171
23.1905006728246 -0.76829475163797
23.2059787013462 -0.788118734647194
23.2214567298678 -0.807157103761985
23.2369347583894 -0.825390881121978
23.2524127869111 -0.84280189090135
23.2678908154327 -0.859372777426913
23.2833688439543 -0.875087022478593
23.2988468724759 -0.889928961755181
23.3143249009975 -0.903883800488823
23.3298029295191 -0.91693762819279
23.3452809580407 -0.92907743252773
23.3607589865623 -0.940291112272677
23.3762370150839 -0.950567489387782
23.3917150436055 -0.959896320156858
23.4071930721271 -0.968268305398507
23.4226711006487 -0.975675099735773
23.4381491291704 -0.98210931991498
23.453627157692 -0.987564552165524
23.4691051862136 -0.992035358593258
23.4845832147352 -0.995517282601106
23.5000612432568 -0.998006853331493
23.5155392717784 -0.999501589126174
23.5310173003 -1
23.5484493741678 -0.999501589126174
23.5658814480357 -0.998006853331493
23.5833135219035 -0.995517282601106
23.6007455957714 -0.992035358593258
23.6181776696392 -0.987564552165524
23.635609743507 -0.98210931991498
23.6530418173749 -0.975675099735774
23.6704738912427 -0.968268305398507
23.6879059651106 -0.959896320156857
23.7053380389784 -0.950567489387782
23.7227701128462 -0.940291112272676
23.7402021867141 -0.92907743252773
23.7576342605819 -0.916937628192789
23.7750663344498 -0.903883800488822
23.7924984083176 -0.889928961755181
23.8099304821854 -0.875087022478592
23.8273625560533 -0.859372777426912
23.8447946299211 -0.842801890901352
23.8622267037889 -0.825390881121976
23.8796587776568 -0.807157103761987
23.8970908515246 -0.788118734647192
23.9145229253925 -0.768294751637972
23.9319549992603 -0.747704915711708
23.9493870731281 -0.726369751264641
23.966819146996 -0.704310525652671
23.9842512208638 -0.681549227991635
24.0016832947317 -0.658108547238037
24.0191153685995 -0.63401184957224
24.0365474424673 -0.609283155106515
24.0539795163352 -0.583947113941307
24.071411590203 -0.558028981593438
24.0888436640709 -0.531554593820902
24.1062757379387 -0.504550340869175
24.1237078118065 -0.47704314116489
24.1411398856744 -0.449060414482917
24.1585719595422 -0.420630054613784
24.1760040334101 -0.39178040155849
24.1934361072779 -0.362540213278624
24.2108681811457 -0.332938637029764
24.2283002550136 -0.303005180306872
24.2457323288814 -0.272769681430605
24.2631644027492 -0.242262279803782
24.2805964766171 -0.211513385867821
24.2980285504849 -0.180553650788901
24.3154606243528 -0.149413935904263
24.3328926982206 -0.118125281958906
24.3503247720884 -0.0867188781635523
24.3677568459563 -0.0552260311045062
24.3851889198241 -0.023678133536625
24.402620993692 0.00789336690971553
24.4200530675598 0.039456999076252
24.4374851414276 0.0709812996480187
24.4549172152955 0.102434844516613
24.4723492891633 0.133786280104482
24.4897813630312 0.165004354618799
24.507213436899 0.196057949203975
24.5246455107668 0.22691610896159
24.5420775846347 0.257548073806894
24.5595096585025 0.287923309131167
24.5769417323704 0.318011536239236
24.5943738062382 0.347782762531984
24.611805880106 0.377207311403574
24.6292379539739 0.40625585182379
24.6466700278417 0.434899427575791
24.6641021017095 0.463109486120349
24.6815341755774 0.490857907057593
24.6989662494452 0.518117030158079
24.7163983233131 0.54485968293507
24.7338303971809 0.571059207730697
24.7512624710487 0.596689488288855
24.7686945449166 0.621724975788498
24.7861266187844 0.64614071431121
24.8035586926523 0.669912365717853
24.8209907665201 0.693016233909332
24.8384228403879 0.715429288447369
24.8558549142558 0.737129187511779
24.8732869881236 0.758094300171244
24.8907190619915 0.778303727945531
24.9081511358593 0.797737325637518
24.9255832097271 0.8163757214144
24.943015283595 0.834200336117916
24.9604473574628 0.851193401784495
24.9778794313307 0.867337979356714
24.9953115051985 0.882617975568548
25.0127435790663 0.897018158987463
25.0301756529342 0.910524175197463
25.047607726802 0.923122561107861
25.0650398006699 0.934800758373599
25.0824718745377 0.945547125913667
25.0999039484055 0.955350951515196
25.1173360222734 0.964202462511612
25.1347680961412 0.972092835524256
25.152200170009 0.979014205257715
25.1696322438769 0.98495967234011
25.1870643177447 0.989923310200557
25.2044963916126 0.993900170976888
25.2219284654804 0.996886290447793
25.2393605393482 0.998878691984443
25.2567926132161 0.999875389517657
25.2742246870839 0.999875389517657
25.2916567609518 0.998878691984444
25.3090888348196 0.996886290447793
25.3265209086874 0.993900170976888
25.3439529825553 0.989923310200557
25.3613850564231 0.98495967234011
25.378817130291 0.979014205257715
25.3962492041588 0.972092835524256
25.4136812780266 0.964202462511612
25.4311133518945 0.955350951515196
25.4485454257623 0.945547125913667
25.4659774996301 0.934800758373599
25.483409573498 0.923122561107861
25.5008416473658 0.910524175197463
25.5182737212337 0.897018158987463
25.5357057951015 0.882617975568548
25.5531378689693 0.867337979356714
25.5705699428372 0.851193401784496
25.588002016705 0.834200336117917
25.6054340905729 0.8163757214144
25.6228661644407 0.797737325637518
25.6402982383085 0.77830372794553
25.6577303121764 0.758094300171244
25.6751623860442 0.737129187511779
25.6925944599121 0.715429288447374
25.7100265337799 0.693016233909332
25.7274586076477 0.669912365717853
25.7448906815156 0.64614071431121
25.7623227553834 0.621724975788498
25.7797548292513 0.596689488288856
25.7971869031191 0.571059207730697
25.8146189769869 0.54485968293507
25.8320510508548 0.518117030158079
25.8494831247226 0.490857907057593
25.8669151985905 0.46310948612035
25.8843472724583 0.434899427575792
25.9017793463261 0.40625585182379
25.919211420194 0.377207311403575
25.9366434940618 0.347782762531984
25.9540755679296 0.318011536239236
25.9715076417975 0.287923309131167
25.9889397156653 0.257548073806895
26.0063717895332 0.22691610896159
26.023803863401 0.196057949203975
26.0412359372688 0.1650043546188
26.0586680111367 0.133786280104483
26.0761000850045 0.102434844516613
26.0935321588724 0.0709812996480127
26.1109642327402 0.0394569990762527
26.128396306608 0.00789336690971555
26.1458283804759 -0.0236781335366247
26.1632604543437 -0.0552260311045057
26.1806925282116 -0.0867188781635523
26.1981246020794 -0.118125281958906
26.2155566759472 -0.149413935904262
26.2329887498151 -0.1805536507889
26.2504208236829 -0.211513385867821
26.2678528975508 -0.242262279803782
26.2852849714186 -0.272769681430605
26.3027170452864 -0.303005180306872
26.3201491191543 -0.332938637029764
26.3375811930221 -0.362540213278624
26.3550132668899 -0.39178040155849
26.3724453407578 -0.420630054613784
26.3898774146256 -0.449060414482923
26.4073094884935 -0.47704314116489
26.4247415623613 -0.504550340869175
26.4421736362291 -0.531554593820902
26.459605710097 -0.558028981593438
26.4770377839648 -0.583947113941307
26.4944698578327 -0.609283155106515
26.5119019317005 -0.63401184957224
26.5293340055683 -0.658108547238036
26.5467660794362 -0.681549227991635
26.564198153304 -0.704310525652671
26.5816302271719 -0.726369751264641
26.5990623010397 -0.747704915711708
26.6164943749075 -0.768294751637972
26.6339264487754 -0.788118734647192
26.6513585226432 -0.807157103761983
26.6687905965111 -0.825390881121976
26.6862226703789 -0.842801890901352
26.7036547442467 -0.859372777426912
26.7210868181146 -0.875087022478592
26.7385188919824 -0.889928961755181
26.7559509658502 -0.903883800488822
26.7733830397181 -0.916937628192789
26.7908151135859 -0.929077432527729
26.8082471874538 -0.940291112272676
26.8256792613216 -0.950567489387782
26.8431113351894 -0.959896320156857
26.8605434090573 -0.968268305398507
26.8779754829251 -0.975675099735774
26.895407556793 -0.98210931991498
26.9128396306608 -0.987564552165524
26.9302717045286 -0.992035358593258
26.9477037783965 -0.995517282601106
26.9651358522643 -0.998006853331493
26.9825679261322 -0.999501589126174
27 -1
