0 -1
0.00684883036231156 -0.999501589126174
0.0136976607246231 -0.998006853331493
0.0205464910869347 -0.995517282601106
0.0273953214492462 -0.992035358593258
0.0342441518115578 -0.987564552165524
0.0410929821738693 -0.98210931991498
0.0479418125361809 -0.975675099735774
0.0547906428984925 -0.968268305398507
0.061639473260804 -0.959896320156857
0.0684883036231156 -0.950567489387783
0.0753371339854271 -0.940291112272676
0.0821859643477387 -0.929077432527731
0.0890347947100503 -0.916937628192789
0.0958836250723618 -0.903883800488824
0.102732455434673 -0.88992896175518
0.109581285796985 -0.875087022478594
0.116430116159296 -0.859372777426912
0.123278946521608 -0.842801890901351
0.13012777688392 -0.825390881121976
0.136976607246231 -0.807157103761985
0.143825437608543 -0.788118734647192
0.150674267970854 -0.768294751637971
0.157523098333166 -0.747704915711709
0.164371928695477 -0.726369751264639
0.171220759057789 -0.704310525652672
0.178069589420101 -0.681549227991634
0.184918419782412 -0.658108547238038
0.191767250144724 -0.634011849572239
0.198616080507035 -0.609283155106517
0.205464910869347 -0.583947113941306
0.212313741231658 -0.55802898159344
0.21916257159397 -0.531554593820901
0.226011401956281 -0.504550340869177
0.232860232318593 -0.47704314116489
0.239709062680905 -0.44906041448292
0.246557893043216 -0.420630054613784
0.253406723405528 -0.391780401558493
0.260255553767839 -0.362540213278624
0.267104384130151 -0.332938637029761
0.273953214492462 -0.303005180306873
0.280802044854774 -0.272769681430603
0.287650875217085 -0.242262279803783
0.294499705579397 -0.211513385867819
0.301348535941709 -0.180553650788902
0.30819736630402 -0.149413935904261
0.315046196666332 -0.118125281958908
0.321895027028643 -0.0867188781635507
0.328743857390955 -0.0552260311045082
0.335592687753266 -0.0236781335366243
0.342441518115578 0.00789336690971287
0.349290348477889 0.0394569990762529
0.356139178840201 0.0709812996480158
0.362988009202513 0.102434844516613
0.369836839564824 0.133786280104479
0.376685669927136 0.165004354618799
0.383534500289447 0.196057949203978
0.390383330651759 0.22691610896159
0.39723216101407 0.257548073806896
0.404080991376382 0.287923309131166
0.410929821738693 0.318011536239238
0.417778652101005 0.347782762531982
0.424627482463317 0.377207311403576
0.431476312825628 0.406255851823789
0.43832514318794 0.434899427575793
0.445173973550251 0.463109486120348
0.452022803912563 0.490857907057594
0.458871634274874 0.518117030158077
0.465720464637186 0.54485968293507
0.472569294999497 0.571059207730694
0.479418125361809 0.596689488288856
0.486266955724121 0.621724975788495
0.493115786086432 0.64614071431121
0.499964616448744 0.669912365717855
0.506813446811055 0.693016233909331
0.513662277173367 0.715429288447372
0.520511107535678 0.737129187511779
0.52735993789799 0.758094300171245
0.534208768260302 0.77830372794553
0.541057598622613 0.797737325637519
0.547906428984925 0.816375721414399
0.554755259347236 0.834200336117917
0.561604089709548 0.851193401784495
0.568452920071859 0.867337979356715
0.575301750434171 0.882617975568547
0.582150580796482 0.897018158987464
0.588999411158794 0.910524175197462
0.595848241521105 0.923122561107861
0.602697071883417 0.934800758373598
0.609545902245729 0.945547125913667
0.61639473260804 0.955350951515195
0.623243562970352 0.964202462511612
0.630092393332663 0.972092835524257
0.636941223694975 0.979014205257715
0.643790054057287 0.984959672340111
0.650638884419598 0.989923310200557
0.65748771478191 0.993900170976888
0.664336545144221 0.996886290447793
0.671185375506533 0.998878691984444
0.678034205868844 0.999875389517657
0.684883036231156 0.999875389517657
0.691731866593467 0.998878691984444
0.698580696955779 0.996886290447793
0.70542952731809 0.993900170976888
0.712278357680402 0.989923310200557
0.719127188042714 0.984959672340111
0.725976018405025 0.979014205257715
0.732824848767337 0.972092835524257
0.739673679129648 0.964202462511612
0.74652250949196 0.955350951515195
0.753371339854271 0.945547125913667
0.760220170216583 0.934800758373598
0.767069000578894 0.923122561107861
0.773917830941206 0.910524175197462
0.780766661303518 0.897018158987463
0.787615491665829 0.882617975568547
0.794464322028141 0.867337979356715
0.801313152390452 0.851193401784495
0.808161982752764 0.834200336117918
0.815010813115075 0.816375721414399
0.821859643477387 0.797737325637519
0.828708473839698 0.77830372794553
0.83555730420201 0.758094300171246
0.842406134564322 0.737129187511779
0.849254964926633 0.715429288447371
0.856103795288945 0.693016233909332
0.862952625651256 0.669912365717855
0.869801456013568 0.64614071431121
0.876650286375879 0.621724975788495
0.883499116738191 0.596689488288856
0.890347947100502 0.571059207730695
0.897196777462814 0.544859682935071
0.904045607825126 0.518117030158078
0.910894438187437 0.490857907057594
0.917743268549749 0.463109486120348
0.92459209891206 0.434899427575793
0.931440929274372 0.40625585182379
0.938289759636683 0.377207311403576
0.945138589998995 0.347782762531983
0.951987420361306 0.318011536239239
0.958836250723618 0.287923309131167
0.96568508108593 0.257548073806896
0.972533911448241 0.22691610896159
0.979382741810553 0.196057949203978
0.986231572172864 0.165004354618799
0.993080402535176 0.133786280104479
0.999929232897487 0.102434844516614
1.0067780632598 0.0709812996480162
1.01362689362211 0.0394569990762536
1.02047572398442 0.00789336690971289
1.02732455434673 -0.0236781335366247
1.03417338470905 -0.0552260311045084
1.04102221507136 -0.0867188781635514
1.04787104543367 -0.118125281958908
1.05471987579598 -0.14941393590426
1.06156870615829 -0.180553650788902
1.0684175365206 -0.211513385867818
1.07526636688291 -0.242262279803783
1.08211519724523 -0.272769681430602
1.08896402760754 -0.303005180306872
1.09581285796985 -0.332938637029761
1.10266168833216 -0.362540213278624
1.10951051869447 -0.391780401558493
1.11635934905678 -0.420630054613784
1.1232081794191 -0.44906041448292
1.13005700978141 -0.47704314116489
1.13690584014372 -0.504550340869178
1.14375467050603 -0.531554593820901
1.15060350086834 -0.55802898159344
1.15745233123065 -0.583947113941306
1.16430116159296 -0.609283155106517
1.17114999195528 -0.634011849572238
1.17799882231759 -0.658108547238037
1.1848476526799 -0.681549227991634
1.19169648304221 -0.704310525652672
1.19854531340452 -0.726369751264639
1.20539414376683 -0.747704915711709
1.21224297412915 -0.76829475163797
1.21909180449146 -0.788118734647192
1.22594063485377 -0.807157103761985
1.23278946521608 -0.825390881121976
1.23963829557839 -0.842801890901351
1.2464871259407 -0.859372777426912
1.25333595630302 -0.875087022478594
1.26018478666533 -0.88992896175518
1.26703361702764 -0.903883800488823
1.27388244738995 -0.916937628192789
1.28073127775226 -0.92907743252773
1.28758010811457 -0.940291112272676
1.29442893847688 -0.950567489387783
1.3012777688392 -0.959896320156857
1.30812659920151 -0.968268305398507
1.31497542956382 -0.975675099735774
1.32182425992613 -0.98210931991498
1.32867309028844 -0.987564552165524
1.33552192065075 -0.992035358593258
1.34237075101307 -0.995517282601106
1.34921958137538 -0.998006853331493
1.35606841173769 -0.999501589126174
1.3629172421 -1
1.38023227331457 -0.999501589126174
1.39754730452915 -0.998006853331493
1.41486233574372 -0.995517282601106
1.43217736695829 -0.992035358593258
1.44949239817286 -0.987564552165524
1.46680742938744 -0.98210931991498
1.48412246060201 -0.975675099735774
1.50143749181658 -0.968268305398507
1.51875252303116 -0.959896320156857
1.53606755424573 -0.950567489387783
1.5533825854603 -0.940291112272676
1.57069761667487 -0.929077432527731
1.58801264788945 -0.916937628192789
1.60532767910402 -0.903883800488824
1.62264271031859 -0.88992896175518
1.63995774153317 -0.875087022478594
1.65727277274774 -0.859372777426912
1.67458780396231 -0.842801890901351
1.69190283517688 -0.825390881121976
1.70921786639146 -0.807157103761985
1.72653289760603 -0.788118734647192
1.7438479288206 -0.768294751637971
1.76116296003518 -0.747704915711709
1.77847799124975 -0.72636975126464
1.79579302246432 -0.704310525652672
1.81310805367889 -0.681549227991634
1.83042308489347 -0.658108547238038
1.84773811610804 -0.634011849572239
1.86505314732261 -0.609283155106517
1.88236817853719 -0.583947113941306
1.89968320975176 -0.55802898159344
1.91699824096633 -0.531554593820901
1.9343132721809 -0.504550340869177
1.95162830339548 -0.47704314116489
1.96894333461005 -0.44906041448292
1.98625836582462 -0.420630054613784
2.0035733970392 -0.391780401558493
2.02088842825377 -0.362540213278625
2.03820345946834 -0.332938637029761
2.05551849068291 -0.303005180306873
2.07283352189749 -0.272769681430603
2.09014855311206 -0.242262279803783
2.10746358432663 -0.211513385867819
2.12477861554121 -0.180553650788902
2.14209364675578 -0.149413935904261
2.15940867797035 -0.118125281958908
2.17672370918492 -0.0867188781635509
2.1940387403995 -0.0552260311045086
2.21135377161407 -0.0236781335366241
2.22866880282864 0.00789336690971287
2.24598383404322 0.0394569990762529
2.26329886525779 0.0709812996480158
2.28061389647236 0.102434844516614
2.29792892768693 0.133786280104479
2.31524395890151 0.165004354618799
2.33255899011608 0.196057949203978
2.34987402133065 0.226916108961591
2.36718905254523 0.257548073806897
2.3845040837598 0.287923309131166
2.40181911497437 0.318011536239238
2.41913414618894 0.347782762531982
2.43644917740352 0.377207311403575
2.45376420861809 0.406255851823789
2.47107923983266 0.434899427575793
2.48839427104724 0.463109486120347
2.50570930226181 0.490857907057594
2.52302433347638 0.518117030158078
2.54033936469095 0.54485968293507
2.55765439590553 0.571059207730694
2.5749694271201 0.596689488288856
2.59228445833467 0.621724975788495
2.60959948954925 0.64614071431121
2.62691452076382 0.669912365717855
2.64422955197839 0.693016233909332
2.66154458319297 0.715429288447372
2.67885961440754 0.737129187511779
2.69617464562211 0.758094300171246
2.71348967683668 0.778303727945529
2.73080470805126 0.797737325637519
2.74811973926583 0.816375721414399
2.7654347704804 0.834200336117918
2.78274980169497 0.851193401784495
2.80006483290955 0.867337979356715
2.81737986412412 0.882617975568547
2.83469489533869 0.897018158987463
2.85200992655327 0.910524175197462
2.86932495776784 0.923122561107861
2.88663998898241 0.934800758373599
2.90395502019698 0.945547125913667
2.92127005141156 0.955350951515195
2.93858508262613 0.964202462511612
2.9559001138407 0.972092835524257
2.97321514505528 0.979014205257714
2.99053017626985 0.98495967234011
3.00784520748442 0.989923310200557
3.02516023869899 0.993900170976888
3.04247526991357 0.996886290447793
3.05979030112814 0.998878691984444
3.07710533234271 0.999875389517657
3.09442036355729 0.999875389517657
3.11173539477186 0.998878691984444
3.12905042598643 0.996886290447793
3.146365457201 0.993900170976888
3.16368048841558 0.989923310200557
3.18099551963015 0.984959672340111
3.19831055084472 0.979014205257714
3.2156255820593 0.972092835524257
3.23294061327387 0.964202462511612
3.25025564448844 0.955350951515195
3.26757067570301 0.945547125913667
3.28488570691759 0.934800758373598
3.30220073813216 0.923122561107861
3.31951576934673 0.910524175197462
3.33683080056131 0.897018158987463
3.35414583177588 0.882617975568547
3.37146086299045 0.867337979356715
3.38877589420503 0.851193401784495
3.4060909254196 0.834200336117918
3.42340595663417 0.816375721414399
3.44072098784874 0.79773732563752
3.45803601906332 0.77830372794553
3.47535105027789 0.758094300171246
3.49266608149246 0.737129187511779
3.50998111270704 0.715429288447371
3.52729614392161 0.693016233909332
3.54461117513618 0.669912365717855
3.56192620635075 0.64614071431121
3.57924123756533 0.621724975788495
3.5965562687799 0.596689488288856
3.61387129999447 0.571059207730696
3.63118633120905 0.54485968293507
3.64850136242362 0.518117030158078
3.66581639363819 0.490857907057594
3.68313142485276 0.463109486120348
3.70044645606734 0.434899427575793
3.71776148728191 0.406255851823789
3.73507651849648 0.377207311403576
3.75239154971106 0.347782762531982
3.76970658092563 0.318011536239238
3.7870216121402 0.287923309131167
3.80433664335477 0.257548073806897
3.82165167456935 0.226916108961591
3.83896670578392 0.196057949203978
3.85628173699849 0.165004354618799
3.87359676821307 0.133786280104479
3.89091179942764 0.102434844516613
3.90822683064221 0.0709812996480162
3.92554186185678 0.0394569990762536
3.94285689307136 0.00789336690971378
3.96017192428593 -0.0236781335366239
3.9774869555005 -0.0552260311045075
3.99480198671508 -0.0867188781635514
4.01211701792965 -0.118125281958907
4.02943204914422 -0.149413935904261
4.04674708035879 -0.180553650788903
4.06406211157337 -0.211513385867818
4.08137714278794 -0.242262279803783
4.09869217400251 -0.272769681430603
4.11600720521709 -0.303005180306873
4.13332223643166 -0.332938637029761
4.15063726764623 -0.362540213278623
4.1679522988608 -0.391780401558494
4.18526733007538 -0.420630054613784
4.20258236128995 -0.44906041448292
4.21989739250452 -0.47704314116489
4.23721242371909 -0.504550340869177
4.25452745493367 -0.531554593820901
4.27184248614824 -0.55802898159344
4.28915751736281 -0.583947113941307
4.30647254857739 -0.609283155106516
4.32378757979196 -0.634011849572238
4.34110261100653 -0.658108547238037
4.35841764222111 -0.681549227991634
4.37573267343568 -0.704310525652672
4.39304770465025 -0.726369751264638
4.41036273586482 -0.74770491571171
4.4276777670794 -0.76829475163797
4.44499279829397 -0.788118734647193
4.46230782950854 -0.807157103761986
4.47962286072311 -0.825390881121975
4.49693789193769 -0.84280189090135
4.51425292315226 -0.859372777426912
4.53156795436683 -0.875087022478593
4.54888298558141 -0.889928961755181
4.56619801679598 -0.903883800488824
4.58351304801055 -0.916937628192788
4.60082807922513 -0.929077432527731
4.6181431104397 -0.940291112272675
4.63545814165427 -0.950567489387783
4.65277317286884 -0.959896320156857
4.67008820408342 -0.968268305398507
4.68740323529799 -0.975675099735774
4.70471826651256 -0.98210931991498
4.72203329772714 -0.987564552165524
4.73934832894171 -0.992035358593258
4.75666336015628 -0.995517282601106
4.77397839137085 -0.998006853331493
4.79129342258543 -0.999501589126174
4.8086084538 -1
4.82617731184472 -0.999501589126174
4.84374616988945 -0.998006853331493
4.86131502793417 -0.995517282601106
4.87888388597889 -0.992035358593258
4.89645274402362 -0.987564552165524
4.91402160206834 -0.98210931991498
4.93159046011306 -0.975675099735774
4.94915931815779 -0.968268305398507
4.96672817620251 -0.959896320156857
4.98429703424724 -0.950567489387783
5.00186589229196 -0.940291112272675
5.01943475033668 -0.929077432527731
5.03700360838141 -0.916937628192789
5.05457246642613 -0.903883800488824
5.07214132447085 -0.88992896175518
5.08971018251558 -0.875087022478593
5.1072790405603 -0.859372777426912
5.12484789860502 -0.842801890901351
5.14241675664975 -0.825390881121976
5.15998561469447 -0.807157103761985
5.1775544727392 -0.788118734647192
5.19512333078392 -0.768294751637971
5.21269218882864 -0.747704915711709
5.23026104687337 -0.726369751264639
5.24782990491809 -0.704310525652672
5.26539876296281 -0.681549227991634
5.28296762100754 -0.658108547238038
5.30053647905226 -0.634011849572239
5.31810533709699 -0.609283155106516
5.33567419514171 -0.583947113941307
5.35324305318643 -0.55802898159344
5.37081191123116 -0.531554593820901
5.38838076927588 -0.504550340869177
5.4059496273206 -0.477043141164889
5.42351848536533 -0.449060414482921
5.44108734341005 -0.420630054613784
5.45865620145477 -0.391780401558492
5.4762250594995 -0.362540213278625
5.49379391754422 -0.332938637029761
5.51136277558894 -0.303005180306873
5.52893163363367 -0.272769681430603
5.54650049167839 -0.242262279803783
5.56406934972312 -0.211513385867819
5.58163820776784 -0.180553650788902
5.59920706581256 -0.149413935904262
5.61677592385729 -0.118125281958908
5.63434478190201 -0.0867188781635501
5.65191363994673 -0.0552260311045084
5.66948249799146 -0.0236781335366239
5.68705135603618 0.00789336690971264
5.7046202140809 0.0394569990762527
5.72218907212563 0.0709812996480164
5.73975793017035 0.102434844516613
5.75732678821508 0.133786280104479
5.7748956462598 0.165004354618799
5.79246450430452 0.196057949203978
5.81003336234925 0.22691610896159
5.82760222039397 0.257548073806896
5.84517107843869 0.287923309131167
5.86273993648342 0.318011536239237
5.88030879452814 0.347782762531982
5.89787765257286 0.377207311403576
5.91544651061759 0.406255851823789
5.93301536866231 0.434899427575793
5.95058422670703 0.463109486120347
5.96815308475176 0.490857907057594
5.98572194279648 0.518117030158078
6.00329080084121 0.54485968293507
6.02085965888593 0.571059207730695
6.03842851693065 0.596689488288855
6.05599737497538 0.621724975788495
6.0735662330201 0.64614071431121
6.09113509106482 0.669912365717856
6.10870394910955 0.693016233909331
6.12627280715427 0.715429288447371
6.14384166519899 0.737129187511779
6.16141052324372 0.758094300171246
6.17897938128844 0.778303727945529
6.19654823933317 0.797737325637519
6.21411709737789 0.8163757214144
6.23168595542261 0.834200336117917
6.24925481346734 0.851193401784495
6.26682367151206 0.867337979356714
6.28439252955678 0.882617975568547
6.30196138760151 0.897018158987464
6.31953024564623 0.910524175197462
6.33709910369095 0.923122561107861
6.35466796173568 0.934800758373599
6.3722368197804 0.945547125913667
6.38980567782513 0.955350951515195
6.40737453586985 0.964202462511612
6.42494339391457 0.972092835524257
6.4425122519593 0.979014205257715
6.46008111000402 0.98495967234011
6.47764996804874 0.989923310200557
6.49521882609347 0.993900170976888
6.51278768413819 0.996886290447793
6.53035654218291 0.998878691984444
6.54792540022764 0.999875389517657
6.56549425827236 0.999875389517657
6.58306311631708 0.998878691984444
6.60063197436181 0.996886290447793
6.61820083240653 0.993900170976888
6.63576969045126 0.989923310200557
6.65333854849598 0.984959672340111
6.6709074065407 0.979014205257715
6.68847626458543 0.972092835524257
6.70604512263015 0.964202462511612
6.72361398067487 0.955350951515195
6.7411828387196 0.945547125913667
6.75875169676432 0.934800758373599
6.77632055480905 0.923122561107861
6.79388941285377 0.910524175197462
6.81145827089849 0.897018158987463
6.82902712894322 0.882617975568547
6.84659598698794 0.867337979356715
6.86416484503266 0.851193401784495
6.88173370307739 0.834200336117917
6.89930256112211 0.816375721414399
6.91687141916683 0.79773732563752
6.93444027721156 0.77830372794553
6.95200913525628 0.758094300171246
6.96957799330101 0.737129187511779
6.98714685134573 0.715429288447371
7.00471570939045 0.693016233909332
7.02228456743518 0.669912365717856
7.0398534254799 0.64614071431121
7.05742228352462 0.621724975788495
7.07499114156935 0.596689488288855
7.09255999961407 0.571059207730695
7.11012885765879 0.544859682935072
7.12769771570352 0.518117030158078
7.14526657374824 0.490857907057594
7.16283543179297 0.463109486120347
7.18040428983769 0.434899427575793
7.19797314788241 0.40625585182379
7.21554200592714 0.377207311403576
7.23311086397186 0.347782762531982
7.25067972201658 0.318011536239237
7.26824858006131 0.287923309131167
7.28581743810603 0.257548073806896
7.30338629615075 0.22691610896159
7.32095515419548 0.196057949203978
7.3385240122402 0.165004354618799
7.35609287028492 0.133786280104479
7.37366172832965 0.102434844516613
7.39123058637437 0.0709812996480162
7.4087994444191 0.0394569990762536
7.42636830246382 0.00789336690971289
7.44393716050854 -0.023678133536623
7.46150601855327 -0.0552260311045084
7.47907487659799 -0.0867188781635496
7.49664373464271 -0.118125281958908
7.51421259268744 -0.149413935904261
7.53178145073216 -0.180553650788902
7.54935030877688 -0.211513385867818
7.56691916682161 -0.242262279803783
7.58448802486633 -0.272769681430602
7.60205688291106 -0.303005180306873
7.61962574095578 -0.332938637029763
7.6371945990005 -0.362540213278625
7.65476345704523 -0.391780401558492
7.67233231508995 -0.420630054613784
7.68990117313467 -0.44906041448292
7.7074700311794 -0.47704314116489
7.72503888922412 -0.504550340869176
7.74260774726884 -0.531554593820901
7.76017660531357 -0.558028981593439
7.77774546335829 -0.583947113941307
7.79531432140302 -0.609283155106517
7.81288317944774 -0.634011849572239
7.83045203749246 -0.658108547238037
7.84802089553719 -0.681549227991634
7.86558975358191 -0.704310525652672
7.88315861162663 -0.72636975126464
7.90072746967136 -0.74770491571171
7.91829632771608 -0.76829475163797
7.9358651857608 -0.788118734647192
7.95343404380553 -0.807157103761986
7.97100290185025 -0.825390881121976
7.98857175989497 -0.842801890901351
8.0061406179397 -0.859372777426911
8.02370947598442 -0.875087022478593
8.04127833402915 -0.88992896175518
8.05884719207387 -0.903883800488824
8.07641605011859 -0.916937628192789
8.09398490816332 -0.92907743252773
8.11155376620804 -0.940291112272675
8.12912262425276 -0.950567489387783
8.14669148229749 -0.959896320156857
8.16426034034221 -0.968268305398507
8.18182919838693 -0.975675099735773
8.19939805643166 -0.98210931991498
8.21696691447638 -0.987564552165524
8.23453577252111 -0.992035358593258
8.25210463056583 -0.995517282601106
8.26967348861055 -0.998006853331493
8.28724234665528 -0.999501589126174
8.3048112047 -1
8.31099822994372 -0.999501589126174
8.31718525518744 -0.998006853331493
8.32337228043116 -0.995517282601106
8.32955930567487 -0.992035358593258
8.33574633091859 -0.987564552165524
8.34193335616231 -0.982109319914981
8.34812038140603 -0.975675099735774
8.35430740664975 -0.968268305398507
8.36049443189347 -0.959896320156856
8.36668145713719 -0.950567489387782
8.37286848238091 -0.940291112272674
8.37905550762462 -0.929077432527732
8.38524253286834 -0.91693762819279
8.39142955811206 -0.903883800488824
8.39761658335578 -0.88992896175518
8.4038036085995 -0.875087022478593
8.40999063384322 -0.859372777426911
8.41617765908694 -0.842801890901348
8.42236468433065 -0.825390881121978
8.42855170957437 -0.807157103761987
8.43473873481809 -0.788118734647193
8.44092576006181 -0.768294751637971
8.44711278530553 -0.747704915711708
8.45329981054925 -0.726369751264638
8.45948683579297 -0.70431052565267
8.46567386103668 -0.681549227991637
8.4718608862804 -0.65810854723804
8.47804791152412 -0.63401184957224
8.48423493676784 -0.609283155106517
8.49042196201156 -0.583947113941306
8.49660898725528 -0.558028981593439
8.502796012499 -0.531554593820899
8.50898303774271 -0.504550340869174
8.51517006298643 -0.477043141164893
8.52135708823015 -0.449060414482922
8.52754411347387 -0.420630054613785
8.53373113871759 -0.391780401558493
8.53991816396131 -0.362540213278623
8.54610518920503 -0.332938637029759
8.55229221444874 -0.303005180306869
8.55847923969246 -0.272769681430607
8.56466626493618 -0.242262279803786
8.5708532901799 -0.211513385867821
8.57704031542362 -0.180553650788903
8.58322734066734 -0.14941393590426
8.58941436591106 -0.118125281958906
8.59560139115477 -0.0867188781635474
8.60178841639849 -0.0552260311045126
8.60797544164221 -0.0236781335366272
8.61416246688593 0.00789336690971109
8.62034949212965 0.0394569990762518
8.62653651737337 0.0709812996480164
8.63272354261709 0.102434844516615
8.6389105678608 0.133786280104482
8.64509759310452 0.165004354618803
8.65128461834824 0.196057949203975
8.65747164359196 0.226916108961588
8.66365866883568 0.257548073806896
8.6698456940794 0.287923309131166
8.67603271932312 0.31801153623924
8.68221974456683 0.347782762531985
8.68840676981055 0.377207311403579
8.69459379505427 0.406255851823785
8.70078082029799 0.43489942757579
8.70696784554171 0.463109486120347
8.71315487078543 0.490857907057593
8.71934189602915 0.518117030158078
8.72552892127286 0.544859682935072
8.73171594651658 0.571059207730697
8.7379029717603 0.596689488288859
8.74408999700402 0.621724975788493
8.75027702224774 0.646140714311208
8.75646404749146 0.669912365717855
8.76265107273518 0.693016233909332
8.76883809797889 0.715429288447373
8.77502512322261 0.737129187511781
8.78121214846633 0.758094300171248
8.78739917371005 0.778303727945527
8.79358619895377 0.797737325637518
8.79977322419749 0.816375721414398
8.80596024944121 0.834200336117917
8.81214727468492 0.851193401784495
8.81833429992864 0.867337979356716
8.82452132517236 0.882617975568549
8.83070835041608 0.897018158987462
8.8368953756598 0.910524175197461
8.84308240090352 0.92312256110786
8.84926942614724 0.934800758373598
8.85545645139096 0.945547125913667
8.86164347663467 0.955350951515195
8.86783050187839 0.964202462511613
8.87401752712211 0.972092835524258
8.88020455236583 0.979014205257714
8.88639157760955 0.98495967234011
8.89257860285327 0.989923310200557
8.89876562809699 0.993900170976888
8.9049526533407 0.996886290447793
8.91113967858442 0.998878691984444
8.91732670382814 0.999875389517657
8.92351372907186 0.999875389517657
8.92970075431558 0.998878691984444
8.9358877795593 0.996886290447793
8.94207480480302 0.993900170976888
8.94826183004673 0.989923310200557
8.95444885529045 0.98495967234011
8.96063588053417 0.979014205257714
8.96682290577789 0.972092835524258
8.97300993102161 0.964202462511613
8.97919695626533 0.955350951515195
8.98538398150905 0.945547125913667
8.99157100675276 0.934800758373598
8.99775803199648 0.92312256110786
9.0039450572402 0.910524175197461
9.01013208248392 0.897018158987462
9.01631910772764 0.882617975568548
9.02250613297136 0.867337979356716
9.02869315821508 0.851193401784495
9.03488018345879 0.834200336117918
9.04106720870251 0.816375721414398
9.04725423394623 0.797737325637518
9.05344125918995 0.778303727945528
9.05962828443367 0.758094300171248
9.06581530967739 0.737129187511781
9.07200233492111 0.715429288447372
9.07818936016482 0.693016233909332
9.08437638540854 0.669912365717855
9.09056341065226 0.646140714311208
9.09675043589598 0.621724975788493
9.1029374611397 0.596689488288852
9.10912448638342 0.571059207730697
9.11531151162714 0.544859682935072
9.12149853687085 0.518117030158079
9.12768556211457 0.490857907057594
9.13387258735829 0.463109486120347
9.14005961260201 0.43489942757579
9.14624663784573 0.406255851823794
9.15243366308945 0.37720731140358
9.15862068833317 0.347782762531985
9.16480771357688 0.31801153623924
9.1709947388206 0.287923309131167
9.17718176406432 0.257548073806896
9.18336878930804 0.226916108961588
9.18955581455176 0.196057949203975
9.19574283979548 0.165004354618803
9.2019298650392 0.133786280104482
9.20811689028291 0.102434844516615
9.21430391552663 0.0709812996480171
9.22049094077035 0.0394569990762527
9.22667796601407 0.00789336690971111
9.23286499125779 -0.0236781335366274
9.23905201650151 -0.055226031104503
9.24523904174523 -0.0867188781635478
9.25142606698894 -0.118125281958905
9.25761309223266 -0.14941393590426
9.26380011747638 -0.180553650788902
9.2699871427201 -0.211513385867821
9.27617416796382 -0.242262279803786
9.28236119320754 -0.272769681430607
9.28854821845126 -0.303005180306869
9.29473524369497 -0.332938637029759
9.30092226893869 -0.362540213278623
9.30710929418241 -0.391780401558492
9.31329631942613 -0.420630054613785
9.31948334466985 -0.449060414482922
9.32567036991357 -0.477043141164893
9.33185739515729 -0.504550340869174
9.338044420401 -0.531554593820899
9.34423144564472 -0.558028981593438
9.35041847088844 -0.583947113941305
9.35660549613216 -0.609283155106517
9.36279252137588 -0.63401184957224
9.3689795466196 -0.658108547238039
9.37516657186332 -0.681549227991637
9.38135359710703 -0.704310525652669
9.38754062235075 -0.726369751264638
9.39372764759447 -0.747704915711708
9.39991467283819 -0.768294751637971
9.40610169808191 -0.788118734647193
9.41228872332563 -0.807157103761987
9.41847574856935 -0.825390881121973
9.42466277381306 -0.842801890901348
9.43084979905678 -0.859372777426911
9.4370368243005 -0.875087022478592
9.44322384954422 -0.88992896175518
9.44941087478794 -0.903883800488824
9.45559790003166 -0.91693762819279
9.46178492527538 -0.929077432527731
9.4679719505191 -0.940291112272677
9.47415897576281 -0.950567489387782
9.48034600100653 -0.959896320156856
9.48653302625025 -0.968268305398507
9.49272005149397 -0.975675099735774
9.49890707673769 -0.982109319914981
9.50509410198141 -0.987564552165524
9.51128112722512 -0.992035358593257
9.51746815246884 -0.995517282601106
9.52365517771256 -0.998006853331493
9.52984220295628 -0.999501589126174
9.5360292282 -1
9.55199665198392 -0.999501589126174
9.56796407576784 -0.998006853331493
9.58393149955176 -0.995517282601106
9.59989892333568 -0.992035358593258
9.6158663471196 -0.987564552165524
9.63183377090352 -0.982109319914981
9.64780119468744 -0.975675099735774
9.66376861847136 -0.968268305398507
9.67973604225528 -0.959896320156857
9.6957034660392 -0.950567489387783
9.71167088982312 -0.940291112272675
9.72763831360704 -0.92907743252773
9.74360573739095 -0.916937628192789
9.75957316117487 -0.903883800488824
9.77554058495879 -0.889928961755181
9.79150800874271 -0.875087022478594
9.80747543252663 -0.859372777426912
9.82344285631055 -0.84280189090135
9.83941028009447 -0.825390881121976
9.85537770387839 -0.807157103761985
9.87134512766231 -0.788118734647192
9.88731255144623 -0.768294751637972
9.90327997523015 -0.74770491571171
9.91924739901407 -0.72636975126464
9.93521482279799 -0.704310525652672
9.95118224658191 -0.681549227991634
9.96714967036583 -0.658108547238037
9.98311709414975 -0.634011849572238
9.99908451793367 -0.609283155106516
10.0150519417176 -0.583947113941305
10.0310193655015 -0.558028981593441
10.0469867892854 -0.531554593820902
10.0629542130693 -0.504550340869178
10.0789216368533 -0.47704314116489
10.0948890606372 -0.44906041448292
10.1108564844211 -0.420630054613784
10.126823908205 -0.391780401558492
10.1427913319889 -0.362540213278623
10.1587587557729 -0.33293863702976
10.1747261795568 -0.303005180306874
10.1906936033407 -0.272769681430604
10.2066610271246 -0.242262279803784
10.2226284509085 -0.211513385867819
10.2385958746925 -0.180553650788902
10.2545632984764 -0.14941393590426
10.2705307222603 -0.118125281958907
10.2864981460442 -0.0867188781635492
10.3024655698281 -0.0552260311045099
10.3184329936121 -0.023678133536625
10.334400417396 0.00789336690971242
10.3503678411799 0.0394569990762523
10.3663352649638 0.0709812996480158
10.3823026887477 0.102434844516614
10.3982701125317 0.13378628010448
10.4142375363156 0.1650043546188
10.4302049600995 0.19605794920398
10.4461723838834 0.226916108961589
10.4621398076673 0.257548073806896
10.4781072314513 0.287923309131166
10.4940746552352 0.318011536239238
10.5100420790191 0.347782762531983
10.526009502803 0.377207311403577
10.5419769265869 0.40625585182379
10.5579443503709 0.434899427575794
10.5739117741548 0.463109486120346
10.5898791979387 0.490857907057593
10.6058466217226 0.518117030158077
10.6218140455065 0.54485968293507
10.6377814692905 0.571059207730694
10.6537488930744 0.596689488288856
10.6697163168583 0.621724975788496
10.6856837406422 0.646140714311211
10.7016511644261 0.669912365717856
10.7176185882101 0.693016233909333
10.733586011994 0.71542928844737
10.7495534357779 0.737129187511778
10.7655208595618 0.758094300171245
10.7814882833457 0.77830372794553
10.7974557071296 0.79773732563752
10.8134231309136 0.8163757214144
10.8293905546975 0.834200336117918
10.8453579784814 0.851193401784495
10.8613254022653 0.867337979356714
10.8772928260492 0.882617975568546
10.8932602498332 0.897018158987463
10.9092276736171 0.910524175197462
10.925195097401 0.923122561107861
10.9411625211849 0.934800758373599
10.9571299449688 0.945547125913667
10.9730973687528 0.955350951515195
10.9890647925367 0.964202462511611
11.0050322163206 0.972092835524257
11.0209996401045 0.979014205257714
11.0369670638884 0.98495967234011
11.0529344876724 0.989923310200557
11.0689019114563 0.993900170976888
11.0848693352402 0.996886290447793
11.1008367590241 0.998878691984444
11.116804182808 0.999875389517657
11.132771606592 0.999875389517657
11.1487390303759 0.998878691984444
11.1647064541598 0.996886290447793
11.1806738779437 0.993900170976888
11.1966413017276 0.989923310200557
11.2126087255116 0.984959672340111
11.2285761492955 0.979014205257714
11.2445435730794 0.972092835524257
11.2605109968633 0.964202462511611
11.2764784206472 0.955350951515195
11.2924458444312 0.945547125913667
11.3084132682151 0.934800758373598
11.324380691999 0.923122561107861
11.3403481157829 0.910524175197462
11.3563155395668 0.897018158987463
11.3722829633508 0.882617975568547
11.3882503871347 0.867337979356714
11.4042178109186 0.851193401784496
11.4201852347025 0.834200336117918
11.4361526584864 0.8163757214144
11.4521200822704 0.79773732563752
11.4680875060543 0.77830372794553
11.4840549298382 0.758094300171245
11.5000223536221 0.737129187511778
11.515989777406 0.715429288447371
11.53195720119 0.693016233909331
11.5479246249739 0.669912365717854
11.5638920487578 0.646140714311211
11.5798594725417 0.621724975788496
11.5958268963256 0.596689488288856
11.6117943201095 0.571059207730695
11.6277617438935 0.54485968293507
11.6437291676774 0.518117030158077
11.6596965914613 0.490857907057593
11.6756640152452 0.463109486120349
11.6916314390291 0.434899427575794
11.7075988628131 0.40625585182379
11.723566286597 0.377207311403576
11.7395337103809 0.347782762531983
11.7555011341648 0.318011536239239
11.7714685579487 0.287923309131167
11.7874359817327 0.257548073806896
11.8034034055166 0.226916108961589
11.8193708293005 0.196057949203976
11.8353382530844 0.165004354618801
11.8513056768683 0.13378628010448
11.8672731006523 0.102434844516614
11.8832405244362 0.0709812996480162
11.8992079482201 0.0394569990762527
11.915175372004 0.00789336690971289
11.9311427957879 -0.0236781335366247
11.9471102195719 -0.0552260311045057
11.9630776433558 -0.0867188781635487
11.9790450671397 -0.118125281958906
11.9950124909236 -0.14941393590426
12.0109799147075 -0.180553650788902
12.0269473384915 -0.211513385867819
12.0429147622754 -0.242262279803784
12.0588821860593 -0.272769681430604
12.0748496098432 -0.303005180306874
12.0908170336271 -0.332938637029763
12.1067844574111 -0.362540213278626
12.122751881195 -0.391780401558492
12.1387193049789 -0.420630054613784
12.1546867287628 -0.44906041448292
12.1706541525467 -0.47704314116489
12.1866215763307 -0.504550340869178
12.2025890001146 -0.531554593820899
12.2185564238985 -0.558028981593442
12.2345238476824 -0.583947113941304
12.2504912714663 -0.609283155106515
12.2664586952503 -0.634011849572238
12.2824261190342 -0.658108547238037
12.2983935428181 -0.681549227991633
12.314360966602 -0.704310525652672
12.3303283903859 -0.726369751264639
12.3462958141698 -0.74770491571171
12.3622632379538 -0.768294751637971
12.3782306617377 -0.788118734647191
12.3941980855216 -0.807157103761987
12.4101655093055 -0.825390881121976
12.4261329330894 -0.842801890901351
12.4421003568734 -0.859372777426912
12.4580677806573 -0.875087022478594
12.4740352044412 -0.889928961755181
12.4900026282251 -0.903883800488823
12.505970052009 -0.916937628192788
12.521937475793 -0.92907743252773
12.5379048995769 -0.940291112272675
12.5538723233608 -0.950567489387783
12.5698397471447 -0.959896320156857
12.5858071709286 -0.968268305398507
12.6017745947126 -0.975675099735774
12.6177420184965 -0.982109319914981
12.6337094422804 -0.987564552165524
12.6496768660643 -0.992035358593258
12.6656442898482 -0.995517282601106
12.6816117136322 -0.998006853331493
12.6975791374161 -0.999501589126174
12.7135465612 -1
12.730391222199 -0.999501589126174
12.747235883198 -0.998006853331493
12.764080544197 -0.995517282601106
12.780925205196 -0.992035358593258
12.797769866195 -0.987564552165524
12.814614527194 -0.98210931991498
12.831459188193 -0.975675099735774
12.848303849192 -0.968268305398507
12.865148510191 -0.959896320156857
12.8819931711899 -0.950567489387783
12.8988378321889 -0.940291112272676
12.9156824931879 -0.929077432527731
12.9325271541869 -0.916937628192789
12.9493718151859 -0.903883800488824
12.9662164761849 -0.889928961755181
12.9830611371839 -0.875087022478594
12.9999057981829 -0.859372777426912
13.0167504591819 -0.842801890901351
13.0335951201809 -0.825390881121977
13.0504397811799 -0.807157103761986
13.0672844421789 -0.788118734647193
13.0841291031779 -0.768294751637971
13.1009737641769 -0.74770491571171
13.1178184251759 -0.72636975126464
13.1346630861749 -0.704310525652673
13.1515077471739 -0.681549227991635
13.1683524081729 -0.658108547238039
13.1851970691719 -0.63401184957224
13.2020417301709 -0.609283155106518
13.2188863911698 -0.583947113941307
13.2357310521688 -0.558028981593441
13.2525757131678 -0.5315545938209
13.2694203741668 -0.504550340869176
13.2862650351658 -0.477043141164888
13.3031096961648 -0.449060414482919
13.3199543571638 -0.420630054613783
13.3367990181628 -0.391780401558492
13.3536436791618 -0.362540213278623
13.3704883401608 -0.33293863702976
13.3873330011598 -0.303005180306872
13.4041776621588 -0.272769681430602
13.4210223231578 -0.242262279803782
13.4378669841568 -0.211513385867818
13.4547116451558 -0.180553650788901
13.4715563061548 -0.14941393590426
13.4884009671538 -0.118125281958907
13.5052456281528 -0.0867188781635498
13.5220902891518 -0.0552260311045073
13.5389349501508 -0.0236781335366232
13.5557796111497 0.00789336690971398
13.5726242721487 0.0394569990762536
13.5894689331477 0.0709812996480167
13.6063135941467 0.102434844516614
13.6231582551457 0.13378628010448
13.6400029161447 0.1650043546188
13.6568475771437 0.196057949203979
13.6736922381427 0.226916108961591
13.6905368991417 0.257548073806897
13.7073815601407 0.287923309131167
13.7242262211397 0.318011536239238
13.7410708821387 0.347782762531983
13.7579155431377 0.377207311403576
13.7747602041367 0.406255851823789
13.7916048651357 0.434899427575793
13.8084495261347 0.463109486120348
13.8252941871337 0.490857907057594
13.8421388481327 0.518117030158078
13.8589835091317 0.54485968293507
13.8758281701307 0.571059207730694
13.8926728311296 0.596689488288855
13.9095174921286 0.621724975788495
13.9263621531276 0.64614071431121
13.9432068141266 0.669912365717855
13.9600514751256 0.693016233909331
13.9768961361246 0.715429288447371
13.9937407971236 0.737129187511779
14.0105854581226 0.758094300171245
14.0274301191216 0.778303727945529
14.0442747801206 0.797737325637519
14.0611194411196 0.816375721414399
14.0779641021186 0.834200336117917
14.0948087631176 0.851193401784494
14.1116534241166 0.867337979356714
14.1284980851156 0.882617975568546
14.1453427461146 0.897018158987463
14.1621874071136 0.910524175197462
14.1790320681126 0.92312256110786
14.1958767291116 0.934800758373598
14.2127213901106 0.945547125913667
14.2295660511095 0.955350951515194
14.2464107121085 0.964202462511611
14.2632553731075 0.972092835524257
14.2801000341065 0.979014205257714
14.2969446951055 0.98495967234011
14.3137893561045 0.989923310200557
14.3306340171035 0.993900170976888
14.3474786781025 0.996886290447793
14.3643233391015 0.998878691984444
14.3811680001005 0.999875389517657
14.3980126610995 0.999875389517657
14.4148573220985 0.998878691984444
14.4317019830975 0.996886290447793
14.4485466440965 0.993900170976888
14.4653913050955 0.989923310200557
14.4822359660945 0.984959672340111
14.4990806270935 0.979014205257714
14.5159252880925 0.972092835524257
14.5327699490915 0.964202462511611
14.5496146100905 0.955350951515194
14.5664592710894 0.945547125913667
14.5833039320884 0.934800758373598
14.6001485930874 0.92312256110786
14.6169932540864 0.910524175197462
14.6338379150854 0.897018158987463
14.6506825760844 0.882617975568547
14.6675272370834 0.867337979356714
14.6843718980824 0.851193401784494
14.7012165590814 0.834200336117917
14.7180612200804 0.816375721414399
14.7349058810794 0.797737325637519
14.7517505420784 0.77830372794553
14.7685952030774 0.758094300171245
14.7854398640764 0.737129187511779
14.8022845250754 0.715429288447371
14.8191291860744 0.693016233909332
14.8359738470734 0.669912365717855
14.8528185080724 0.646140714311209
14.8696631690714 0.621724975788495
14.8865078300704 0.596689488288856
14.9033524910693 0.571059207730695
14.9201971520683 0.54485968293507
14.9370418130673 0.518117030158077
14.9538864740663 0.490857907057594
14.9707311350653 0.463109486120348
14.9875757960643 0.434899427575793
15.0044204570633 0.40625585182379
15.0212651180623 0.377207311403576
15.0381097790613 0.347782762531983
15.0549544400603 0.318011536239239
15.0717991010593 0.287923309131167
15.0886437620583 0.257548073806897
15.1054884230573 0.22691610896159
15.1223330840563 0.196057949203979
15.1391777450553 0.1650043546188
15.1560224060543 0.13378628010448
15.1728670670533 0.102434844516614
15.1897117280523 0.0709812996480162
15.2065563890513 0.0394569990762536
15.2234010500503 0.00789336690971378
15.2402457110492 -0.023678133536623
15.2570903720482 -0.0552260311045075
15.2739350330472 -0.0867188781635496
15.2907796940462 -0.118125281958907
15.3076243550452 -0.14941393590426
15.3244690160442 -0.1805536507889
15.3413136770432 -0.211513385867818
15.3581583380422 -0.242262279803782
15.3750029990412 -0.272769681430602
15.3918476600402 -0.303005180306871
15.4086923210392 -0.332938637029759
15.4255369820382 -0.362540213278626
15.4423816430372 -0.391780401558495
15.4592263040362 -0.420630054613786
15.4760709650352 -0.449060414482922
15.4929156260342 -0.47704314116489
15.5097602870332 -0.504550340869178
15.5266049480322 -0.531554593820903
15.5434496090312 -0.558028981593442
15.5602942700302 -0.583947113941308
15.5771389310291 -0.609283155106517
15.5939835920281 -0.63401184957224
15.6108282530271 -0.658108547238039
15.6276729140261 -0.681549227991635
15.6445175750251 -0.704310525652672
15.6613622360241 -0.72636975126464
15.6782068970231 -0.74770491571171
15.6950515580221 -0.768294751637971
15.7118962190211 -0.788118734647193
15.7287408800201 -0.807157103761986
15.7455855410191 -0.825390881121976
15.7624302020181 -0.842801890901351
15.7792748630171 -0.859372777426912
15.7961195240161 -0.875087022478594
15.8129641850151 -0.88992896175518
15.8298088460141 -0.903883800488824
15.8466535070131 -0.916937628192789
15.8634981680121 -0.929077432527731
15.8803428290111 -0.940291112272676
15.8971874900101 -0.950567489387783
15.914032151009 -0.959896320156857
15.930876812008 -0.968268305398507
15.947721473007 -0.975675099735774
15.964566134006 -0.98210931991498
15.981410795005 -0.987564552165524
15.998255456004 -0.992035358593258
16.015100117003 -0.995517282601106
16.031944778002 -0.998006853331493
16.048789439001 -0.999501589126174
16.0656341 -1
16.0710410140317 -0.999501589126173
16.0764479280633 -0.998006853331493
16.081854842095 -0.995517282601105
16.0872617561266 -0.992035358593258
16.0926686701583 -0.987564552165523
16.0980755841899 -0.982109319914981
16.1034824982216 -0.975675099735772
16.1088894122533 -0.968268305398509
16.1142963262849 -0.959896320156856
16.1197032403166 -0.950567489387785
16.1251101543482 -0.940291112272675
16.1305170683799 -0.929077432527734
16.1359239824116 -0.916937628192789
16.1413308964432 -0.903883800488819
16.1467378104749 -0.889928961755181
16.1521447245065 -0.87508702247859
16.1575516385382 -0.859372777426914
16.1629585525699 -0.842801890901347
16.1683654666015 -0.825390881121979
16.1737723806332 -0.807157103761982
16.1791792946648 -0.788118734647196
16.1845862086965 -0.768294751637968
16.1899931227281 -0.747704915711714
16.1954000367598 -0.726369751264638
16.2008069507915 -0.704310525652679
16.2062138648231 -0.681549227991634
16.2116207788548 -0.65810854723803
16.2170276928864 -0.63401184957224
16.2224346069181 -0.60928315510651
16.2278415209497 -0.583947113941308
16.2332484349814 -0.558028981593434
16.2386553490131 -0.531554593820905
16.2440622630447 -0.504550340869173
16.2494691770764 -0.477043141164895
16.254876091108 -0.449060414482917
16.2602830051397 -0.420630054613791
16.2656899191714 -0.391780401558491
16.271096833203 -0.362540213278633
16.2765037472347 -0.332938637029761
16.2819106612663 -0.303005180306863
16.287317575298 -0.272769681430604
16.2927244893297 -0.242262279803775
16.2981314033613 -0.211513385867821
16.303538317393 -0.180553650788895
16.3089452314246 -0.149413935904265
16.3143521454563 -0.118125281958903
16.3197590594879 -0.0867188781635565
16.3251659735196 -0.0552260311045042
16.3305728875513 -0.0236781335366312
16.3359798015829 0.00789336690971575
16.3413867156146 0.0394569990762438
16.3467936296462 0.0709812996480167
16.3522005436779 0.102434844516603
16.3576074577095 0.133786280104478
16.3630143717412 0.165004354618808
16.3684212857729 0.196057949203976
16.3738281998045 0.226916108961597
16.3792351138362 0.257548073806893
16.3846420278678 0.287923309131172
16.3900489418995 0.318011536239233
16.3954558559312 0.347782762531986
16.4008627699628 0.377207311403569
16.4062696839945 0.406255851823791
16.4116765980261 0.434899427575785
16.4170835120578 0.463109486120348
16.4224904260894 0.490857907057585
16.4278973401211 0.518117030158077
16.4333042541528 0.544859682935078
16.4387111681844 0.571059207730693
16.4441180822161 0.596689488288862
16.4495249962477 0.621724975788492
16.4549319102794 0.646140714311214
16.4603388243111 0.669912365717851
16.4657457383427 0.693016233909335
16.4711526523744 0.715429288447366
16.476559566406 0.737129187511781
16.4819664804377 0.75809430017124
16.4873733944693 0.778303727945531
16.492780308501 0.797737325637513
16.4981872225327 0.816375721414399
16.5035941365643 0.834200336117923
16.509001050596 0.851193401784494
16.5144079646276 0.867337979356718
16.5198148786593 0.882617975568545
16.525221792691 0.897018158987466
16.5306287067226 0.91052417519746
16.5360356207543 0.923122561107863
16.5414425347859 0.934800758373596
16.5468494488176 0.945547125913668
16.5522563628492 0.955350951515192
16.5576632768809 0.964202462511612
16.5630701909126 0.972092835524255
16.5684771049442 0.979014205257714
16.5738840189759 0.984959672340112
16.5792909330075 0.989923310200557
16.5846978470392 0.993900170976889
16.5901047610709 0.996886290447793
16.5955116751025 0.998878691984444
16.6009185891342 0.999875389517657
16.6063255031658 0.999875389517657
16.6117324171975 0.998878691984444
16.6171393312291 0.996886290447793
16.6225462452608 0.993900170976889
16.6279531592925 0.989923310200557
16.6333600733241 0.984959672340112
16.6387669873558 0.979014205257715
16.6441739013874 0.972092835524255
16.6495808154191 0.964202462511612
16.6549877294508 0.955350951515192
16.6603946434824 0.945547125913668
16.6658015575141 0.934800758373596
16.6712084715457 0.923122561107863
16.6766153855774 0.91052417519746
16.682022299609 0.897018158987466
16.6874292136407 0.882617975568545
16.6928361276724 0.867337979356719
16.698243041704 0.851193401784494
16.7036499557357 0.834200336117922
16.7090568697673 0.816375721414399
16.714463783799 0.797737325637513
16.7198706978307 0.77830372794553
16.7252776118623 0.75809430017124
16.730684525894 0.737129187511781
16.7360914399256 0.715429288447367
16.7414983539573 0.693016233909335
16.7469052679889 0.669912365717852
16.7523121820206 0.646140714311215
16.7577190960523 0.621724975788493
16.7631260100839 0.596689488288862
16.7685329241156 0.571059207730694
16.7739398381472 0.544859682935079
16.7793467521789 0.518117030158077
16.7847536662106 0.490857907057585
16.7901605802422 0.463109486120349
16.7955674942739 0.434899427575785
16.8009744083055 0.406255851823791
16.8063813223372 0.37720731140357
16.8117882363688 0.347782762531987
16.8171951504005 0.318011536239233
16.8226020644322 0.287923309131172
16.8280089784638 0.257548073806893
16.8334158924955 0.226916108961597
16.8388228065271 0.196057949203975
16.8442297205588 0.165004354618808
16.8496366345905 0.133786280104478
16.8550435486221 0.102434844516624
16.8604504626538 0.0709812996480162
16.8658573766854 0.0394569990762438
16.8712642907171 0.00789336690971555
16.8766712047487 -0.023678133536631
16.8820781187804 -0.0552260311045039
16.8874850328121 -0.0867188781635558
16.8928919468437 -0.118125281958902
16.8982988608754 -0.149413935904265
16.903705774907 -0.180553650788895
16.9091126889387 -0.211513385867821
16.9145196029704 -0.242262279803774
16.919926517002 -0.272769681430604
16.9253334310337 -0.303005180306882
16.9307403450653 -0.33293863702976
16.936147259097 -0.362540213278632
16.9415541731286 -0.391780401558491
16.9469610871603 -0.420630054613791
16.952368001192 -0.449060414482917
16.9577749152236 -0.477043141164894
16.9631818292553 -0.504550340869173
16.9685887432869 -0.531554593820905
16.9739956573186 -0.558028981593434
16.9794025713503 -0.583947113941308
16.9848094853819 -0.60928315510651
16.9902163994136 -0.63401184957224
16.9956233134452 -0.65810854723803
17.0010302274769 -0.681549227991633
17.0064371415085 -0.704310525652679
17.0118440555402 -0.726369751264638
17.0172509695719 -0.747704915711714
17.0226578836035 -0.768294751637968
17.0280647976352 -0.788118734647196
17.0334717116668 -0.807157103761982
17.0388786256985 -0.825390881121978
17.0442855397302 -0.842801890901347
17.0496924537618 -0.859372777426913
17.0550993677935 -0.875087022478589
17.0605062818251 -0.889928961755181
17.0659131958568 -0.903883800488819
17.0713201098884 -0.916937628192789
17.0767270239201 -0.929077432527734
17.0821339379518 -0.940291112272675
17.0875408519834 -0.950567489387785
17.0929477660151 -0.959896320156856
17.0983546800467 -0.968268305398509
17.1037615940784 -0.975675099735772
17.1091685081101 -0.982109319914981
17.1145754221417 -0.987564552165523
17.1199823361734 -0.992035358593258
17.125389250205 -0.995517282601105
17.1307961642367 -0.998006853331493
17.1362030782683 -0.999501589126174
17.1416099923 -1
17.1567383745246 -0.999501589126174
17.1718667567492 -0.998006853331494
17.1869951389739 -0.995517282601106
17.2021235211985 -0.992035358593258
17.2172519034231 -0.987564552165524
17.2323802856477 -0.982109319914981
17.2475086678724 -0.975675099735773
17.262637050097 -0.968268305398506
17.2777654323216 -0.959896320156858
17.2928938145462 -0.950567489387783
17.3080221967709 -0.940291112272675
17.3231505789955 -0.929077432527731
17.3382789612201 -0.916937628192789
17.3534073434447 -0.903883800488823
17.3685357256693 -0.889928961755182
17.383664107894 -0.875087022478594
17.3987924901186 -0.859372777426911
17.4139208723432 -0.842801890901353
17.4290492545678 -0.825390881121977
17.4441776367925 -0.807157103761985
17.4593060190171 -0.78811873464719
17.4744344012417 -0.768294751637972
17.4895627834663 -0.747704915711709
17.504691165691 -0.726369751264638
17.5198195479156 -0.704310525652674
17.5349479301402 -0.681549227991634
17.5500763123648 -0.658108547238036
17.5652046945894 -0.634011849572241
17.5803330768141 -0.609283155106517
17.5954614590387 -0.583947113941305
17.6105898412633 -0.558028981593437
17.6257182234879 -0.531554593820903
17.6408466057126 -0.504550340869177
17.6559749879372 -0.477043141164887
17.6711033701618 -0.449060414482922
17.6862317523864 -0.420630054613784
17.7013601346111 -0.391780401558491
17.7164885168357 -0.362540213278627
17.7316168990603 -0.332938637029761
17.7467452812849 -0.303005180306871
17.7618736635095 -0.272769681430606
17.7770020457342 -0.242262279803784
17.7921304279588 -0.211513385867818
17.8072588101834 -0.180553650788899
17.822387192408 -0.149413935904263
17.8375155746327 -0.118125281958907
17.8526439568573 -0.0867188781635481
17.8677723390819 -0.0552260311045104
17.8829007213065 -0.0236781335366241
17.8980291035312 0.00789336690971575
17.9131574857558 0.0394569990762498
17.9282858679804 0.0709812996480153
17.943414250205 0.102434844516615
17.9585426324296 0.133786280104476
17.9736710146543 0.165004354618798
17.9887993968789 0.196057949203979
18.0039277791035 0.226916108961593
18.0190561613281 0.257548073806895
18.0341845435528 0.287923309131167
18.0493129257774 0.318011536239241
18.064441308002 0.34778276253198
18.0795696902266 0.377207311403576
18.0946980724513 0.406255851823791
18.1098264546759 0.434899427575791
18.1249548369005 0.463109486120347
18.1400832191251 0.490857907057595
18.1552116013497 0.518117030158075
18.1703399835744 0.544859682935069
18.185468365799 0.571059207730696
18.2005967480236 0.596689488288859
18.2157251302482 0.621724975788494
18.2308535124729 0.64614071431121
18.2459818946975 0.669912365717857
18.2611102769221 0.69301623390933
18.2762386591467 0.715429288447371
18.2913670413714 0.73712918751178
18.306495423596 0.758094300171244
18.3216238058206 0.778303727945529
18.3367521880452 0.79773732563752
18.3518805702698 0.816375721414397
18.3670089524945 0.834200336117917
18.3821373347191 0.851193401784495
18.3972657169437 0.867337979356716
18.4123940991683 0.882617975568546
18.427522481393 0.897018158987464
18.4426508636176 0.910524175197463
18.4577792458422 0.92312256110786
18.4729076280668 0.934800758373598
18.4880360102915 0.945547125913668
18.5031643925161 0.955350951515194
18.5182927747407 0.964202462511612
18.5334211569653 0.972092835524257
18.5485495391899 0.979014205257714
18.5636779214146 0.98495967234011
18.5788063036392 0.989923310200557
18.5939346858638 0.993900170976888
18.6090630680884 0.996886290447793
18.6241914503131 0.998878691984444
18.6393198325377 0.999875389517657
18.6544482147623 0.999875389517657
18.6695765969869 0.998878691984444
18.6847049792116 0.996886290447793
18.6998333614362 0.993900170976888
18.7149617436608 0.989923310200557
18.7300901258854 0.98495967234011
18.7452185081101 0.979014205257714
18.7603468903347 0.972092835524257
18.7754752725593 0.964202462511612
18.7906036547839 0.955350951515194
18.8057320370085 0.945547125913668
18.8208604192332 0.934800758373598
18.8359888014578 0.92312256110786
18.8511171836824 0.910524175197463
18.866245565907 0.897018158987464
18.8813739481317 0.882617975568546
18.8965023303563 0.867337979356716
18.9116307125809 0.851193401784495
18.9267590948055 0.834200336117917
18.9418874770301 0.816375721414402
18.9570158592548 0.797737325637521
18.9721442414794 0.778303727945529
18.987272623704 0.758094300171244
19.0024010059286 0.737129187511781
19.0175293881533 0.715429288447371
19.0326577703779 0.69301623390933
19.0477861526025 0.669912365717857
19.0629145348271 0.64614071431121
19.0780429170518 0.621724975788494
19.0931712992764 0.596689488288853
19.108299681501 0.571059207730696
19.1234280637256 0.54485968293507
19.1385564459503 0.518117030158081
19.1536848281749 0.490857907057595
19.1688132103995 0.463109486120348
19.1839415926241 0.434899427575791
19.1990699748487 0.406255851823791
19.2141983570734 0.377207311403576
19.229326739298 0.347782762531981
19.2444551215226 0.318011536239241
19.2595835037472 0.287923309131167
19.2747118859719 0.257548073806895
19.2898402681965 0.226916108961586
19.3049686504211 0.196057949203979
19.3200970326457 0.165004354618798
19.3352254148704 0.133786280104476
19.350353797095 0.102434844516615
19.3654821793196 0.0709812996480153
19.3806105615442 0.0394569990762501
19.3957389437688 0.00789336690971555
19.4108673259935 -0.0236781335366239
19.4259957082181 -0.0552260311045101
19.4411240904427 -0.0867188781635478
19.4562524726673 -0.118125281958907
19.471380854892 -0.149413935904262
19.4865092371166 -0.180553650788906
19.5016376193412 -0.211513385867818
19.5167660015658 -0.242262279803784
19.5318943837905 -0.272769681430606
19.5470227660151 -0.303005180306871
19.5621511482397 -0.332938637029761
19.5772795304643 -0.362540213278627
19.5924079126889 -0.39178040155849
19.6075362949136 -0.420630054613784
19.6226646771382 -0.449060414482922
19.6377930593628 -0.477043141164887
19.6529214415874 -0.504550340869177
19.6680498238121 -0.531554593820903
19.6831782060367 -0.558028981593443
19.6983065882613 -0.583947113941305
19.7134349704859 -0.609283155106517
19.7285633527106 -0.63401184957224
19.7436917349352 -0.658108547238035
19.7588201171598 -0.681549227991633
19.7739484993844 -0.704310525652673
19.789076881609 -0.726369751264637
19.8042052638337 -0.747704915711708
19.8193336460583 -0.768294751637972
19.8344620282829 -0.78811873464719
19.8495904105075 -0.807157103761985
19.8647187927322 -0.825390881121977
19.8798471749568 -0.842801890901353
19.8949755571814 -0.859372777426911
19.910103939406 -0.875087022478594
19.9252323216307 -0.889928961755182
19.9403607038553 -0.903883800488823
19.9554890860799 -0.916937628192789
19.9706174683045 -0.929077432527731
19.9857458505291 -0.940291112272675
20.0008742327538 -0.950567489387783
20.0160026149784 -0.959896320156857
20.031130997203 -0.968268305398506
20.0462593794276 -0.975675099735773
20.0613877616523 -0.98210931991498
20.0765161438769 -0.987564552165524
20.0916445261015 -0.992035358593258
20.1067729083261 -0.995517282601106
20.1219012905508 -0.998006853331493
20.1370296727754 -0.999501589126174
20.152158055 -1
20.1692577561166 -0.999501589126174
20.1863574572332 -0.998006853331493
20.2034571583497 -0.995517282601106
20.2205568594663 -0.992035358593258
20.2376565605829 -0.987564552165524
20.2547562616995 -0.982109319914981
20.2718559628161 -0.975675099735774
20.2889556639327 -0.968268305398507
20.3060553650492 -0.959896320156857
20.3231550661658 -0.950567489387782
20.3402547672824 -0.940291112272675
20.357354468399 -0.929077432527731
20.3744541695156 -0.916937628192788
20.3915538706322 -0.903883800488823
20.4086535717487 -0.889928961755181
20.4257532728653 -0.875087022478592
20.4428529739819 -0.859372777426912
20.4599526750985 -0.842801890901352
20.4770523762151 -0.825390881121975
20.4941520773317 -0.807157103761985
20.5112517784482 -0.788118734647194
20.5283514795648 -0.76829475163797
20.5454511806814 -0.747704915711709
20.562550881798 -0.726369751264641
20.5796505829146 -0.704310525652671
20.5967502840312 -0.681549227991635
20.6138499851477 -0.65810854723804
20.6309496862643 -0.634011849572238
20.6480493873809 -0.609283155106518
20.6651490884975 -0.583947113941304
20.6822487896141 -0.55802898159344
20.6993484907307 -0.531554593820903
20.7164481918472 -0.504550340869175
20.7335478929638 -0.477043141164889
20.7506475940804 -0.449060414482922
20.767747295197 -0.420630054613782
20.7848469963136 -0.391780401558493
20.8019466974302 -0.362540213278627
20.8190463985467 -0.332938637029759
20.8361460996633 -0.303005180306873
20.8532458007799 -0.272769681430606
20.8703455018965 -0.242262279803782
20.8874452030131 -0.21151338586782
20.9045449041297 -0.180553650788899
20.9216446052462 -0.14941393590426
20.9387443063628 -0.118125281958909
20.9558440074794 -0.0867188781635476
20.972943708596 -0.0552260311045073
20.9900434097126 -0.0236781335366257
21.0071431108291 0.00789336690971575
21.0242428119457 0.0394569990762531
21.0413425130623 0.070981299648014
21.0584422141789 0.102434844516615
21.0755419152955 0.133786280104479
21.0926416164121 0.165004354618797
21.1097413175286 0.19605794920398
21.1268410186452 0.22691610896159
21.1439407197618 0.257548073806894
21.1610404208784 0.287923309131168
21.178140121995 0.318011536239238
21.1952398231116 0.347782762531979
21.2123395242281 0.377207311403577
21.2294392253447 0.406255851823788
21.2465389264613 0.43489942757579
21.2636386275779 0.463109486120348
21.2807383286945 0.490857907057592
21.2978380298111 0.51811703015808
21.3149377309276 0.544859682935071
21.3320374320442 0.571059207730693
21.3491371331608 0.596689488288858
21.3662368342774 0.621724975788495
21.383336535394 0.646140714311208
21.4004362365106 0.669912365717857
21.4175359376271 0.693016233909331
21.4346356387437 0.715429288447369
21.4517353398603 0.73712918751178
21.4688350409769 0.758094300171245
21.4859347420935 0.778303727945528
21.5030344432101 0.79773732563752
21.5201341443266 0.816375721414399
21.5372338454432 0.834200336117919
21.5543335465598 0.851193401784495
21.5714332476764 0.867337979356714
21.588532948793 0.882617975568548
21.6056326499095 0.897018158987464
21.6227323510261 0.910524175197461
21.6398320521427 0.923122561107862
21.6569317532593 0.934800758373599
21.6740314543759 0.945547125913666
21.6911311554925 0.955350951515195
21.708230856609 0.964202462511612
21.7253305577256 0.972092835524256
21.7424302588422 0.979014205257715
21.7595299599588 0.98495967234011
21.7766296610754 0.989923310200557
21.793729362192 0.993900170976888
21.8108290633085 0.996886290447793
21.8279287644251 0.998878691984443
21.8450284655417 0.999875389517657
21.8621281666583 0.999875389517657
21.8792278677749 0.998878691984444
21.8963275688915 0.996886290447793
21.913427270008 0.993900170976888
21.9305269711246 0.989923310200557
21.9476266722412 0.98495967234011
21.9647263733578 0.979014205257715
21.9818260744744 0.972092835524257
21.998925775591 0.964202462511612
22.0160254767075 0.955350951515196
22.0331251778241 0.945547125913667
22.0502248789407 0.934800758373598
22.0673245800573 0.923122561107862
22.0844242811739 0.910524175197462
22.1015239822905 0.897018158987464
22.118623683407 0.882617975568548
22.1357233845236 0.867337979356714
22.1528230856402 0.851193401784495
22.1699227867568 0.834200336117916
22.1870224878734 0.816375721414398
22.2041221889899 0.79773732563752
22.2212218901065 0.778303727945528
22.2383215912231 0.758094300171245
22.2554212923397 0.73712918751178
22.2725209934563 0.71542928844737
22.2896206945729 0.693016233909332
22.3067203956894 0.669912365717857
22.323820096806 0.646140714311209
22.3409197979226 0.621724975788495
22.3580194990392 0.596689488288858
22.3751192001558 0.571059207730694
22.3922189012724 0.544859682935071
22.4093186023889 0.51811703015808
22.4264183035055 0.490857907057593
22.4435180046221 0.463109486120349
22.4606177057387 0.434899427575796
22.4777174068553 0.406255851823788
22.4948171079719 0.377207311403577
22.5119168090884 0.34778276253198
22.529016510205 0.318011536239238
22.5461162113216 0.287923309131168
22.5632159124382 0.257548073806894
22.5803156135548 0.22691610896159
22.5974153146714 0.19605794920398
22.6145150157879 0.165004354618797
22.6316147169045 0.133786280104479
22.6487144180211 0.102434844516616
22.6658141191377 0.0709812996480136
22.6829138202543 0.0394569990762536
22.7000135213709 0.00789336690971644
22.7171132224874 -0.0236781335366256
22.734212923604 -0.0552260311045075
22.7513126247206 -0.086718878163554
22.7684123258372 -0.11812528195891
22.7855120269538 -0.14941393590426
22.8026117280704 -0.180553650788905
22.8197114291869 -0.21151338586782
22.8368111303035 -0.242262279803782
22.8539108314201 -0.272769681430606
22.8710105325367 -0.303005180306872
22.8881102336533 -0.332938637029759
22.9052099347699 -0.362540213278626
22.9223096358864 -0.391780401558493
22.939409337003 -0.420630054613783
22.9565090381196 -0.449060414482922
22.9736087392362 -0.477043141164889
22.9907084403528 -0.504550340869175
23.0078081414693 -0.531554593820903
23.0249078425859 -0.558028981593439
23.0420075437025 -0.583947113941304
23.0591072448191 -0.609283155106518
23.0762069459357 -0.634011849572238
23.0933066470523 -0.658108547238035
23.1104063481688 -0.681549227991635
23.1275060492854 -0.704310525652671
23.144605750402 -0.726369751264637
23.1617054515186 -0.74770491571171
23.1788051526352 -0.768294751637969
23.1959048537518 -0.788118734647194
23.2130045548683 -0.807157103761985
23.2301042559849 -0.825390881121975
23.2472039571015 -0.842801890901352
23.2643036582181 -0.859372777426911
23.2814033593347 -0.875087022478592
23.2985030604513 -0.889928961755181
23.3156027615678 -0.903883800488823
23.3327024626844 -0.91693762819279
23.349802163801 -0.929077432527731
23.3669018649176 -0.940291112272675
23.3840015660342 -0.950567489387784
23.4011012671508 -0.959896320156857
23.4182009682673 -0.968268305398507
23.4353006693839 -0.975675099735774
23.4524003705005 -0.982109319914981
23.4695000716171 -0.987564552165523
23.4865997727337 -0.992035358593258
23.5036994738503 -0.995517282601106
23.5207991749668 -0.998006853331493
23.5378988760834 -0.999501589126174
23.5549985772 -1
23.5723101421387 -0.999501589126174
23.5896217070774 -0.998006853331493
23.6069332720161 -0.995517282601106
23.6242448369548 -0.992035358593258
23.6415564018935 -0.987564552165524
23.6588679668322 -0.98210931991498
23.6761795317709 -0.975675099735774
23.6934910967095 -0.968268305398507
23.7108026616482 -0.959896320156857
23.7281142265869 -0.950567489387782
23.7454257915256 -0.940291112272676
23.7627373564643 -0.929077432527731
23.780048921403 -0.916937628192788
23.7973604863417 -0.903883800488822
23.8146720512804 -0.889928961755181
23.8319836162191 -0.875087022478594
23.8492951811578 -0.859372777426911
23.8666067460965 -0.842801890901349
23.8839183110352 -0.825390881121977
23.9012298759739 -0.807157103761986
23.9185414409126 -0.788118734647192
23.9358530058513 -0.768294751637969
23.9531645707899 -0.747704915711711
23.9704761357286 -0.72636975126464
23.9877877006673 -0.704310525652671
24.005099265606 -0.681549227991632
24.0224108305447 -0.658108547238039
24.0397223954834 -0.634011849572239
24.0570339604221 -0.609283155106516
24.0743455253608 -0.583947113941304
24.0916570902995 -0.558028981593442
24.1089686552382 -0.531554593820902
24.1262802201769 -0.504550340869177
24.1435917851156 -0.477043141164888
24.1609033500543 -0.449060414482922
24.178214914993 -0.420630054613785
24.1955264799317 -0.391780401558493
24.2128380448704 -0.362540213278622
24.230149609809 -0.332938637029764
24.2474611747477 -0.303005180306874
24.2647727396864 -0.272769681430603
24.2820843046251 -0.242262279803781
24.2993958695638 -0.211513385867822
24.3167074345025 -0.180553650788903
24.3340189994412 -0.14941393590426
24.3513305643799 -0.118125281958906
24.3686421293186 -0.0867188781635534
24.3859536942573 -0.0552260311045093
24.403265259196 -0.0236781335366237
24.4205768241347 0.00789336690971531
24.4378883890734 0.0394569990762498
24.4551999540121 0.0709812996480147
24.4725115189508 0.102434844516614
24.4898230838894 0.133786280104481
24.5071346488281 0.165004354618796
24.5244462137668 0.196057949203976
24.5417577787055 0.22691610896159
24.5590693436442 0.257548073806898
24.5763809085829 0.287923309131163
24.5936924735216 0.318011536239237
24.6110040384603 0.347782762531982
24.628315603399 0.377207311403578
24.6456271683377 0.406255851823792
24.6629387332764 0.434899427575792
24.6802502982151 0.463109486120348
24.6975618631538 0.490857907057595
24.7148734280925 0.518117030158075
24.7321849930312 0.544859682935069
24.7494965579698 0.571059207730695
24.7668081229085 0.596689488288857
24.7841196878472 0.621724975788498
24.8014312527859 0.646140714311208
24.8187428177246 0.669912365717855
24.8360543826633 0.693016233909333
24.853365947602 0.715429288447373
24.8706775125407 0.737129187511778
24.8879890774794 0.758094300171245
24.9053006424181 0.778303727945531
24.9226122073568 0.797737325637521
24.9399237722955 0.816375721414398
24.9572353372342 0.834200336117917
24.9745469021729 0.851193401784495
24.9918584671116 0.867337979356716
25.0091700320502 0.882617975568546
25.0264815969889 0.897018158987463
25.0437931619276 0.910524175197463
25.0611047268663 0.923122561107862
25.078416291805 0.934800758373597
25.0957278567437 0.945547125913667
25.1130394216824 0.955350951515195
25.1303509866211 0.964202462511612
25.1476625515598 0.972092835524256
25.1649741164985 0.979014205257714
25.1822856814372 0.984959672340111
25.1995972463759 0.989923310200558
25.2169088113146 0.993900170976888
25.2342203762533 0.996886290447793
25.251531941192 0.998878691984444
25.2688435061307 0.999875389517657
25.2861550710693 0.999875389517657
25.303466636008 0.998878691984444
25.3207782009467 0.996886290447793
25.3380897658854 0.993900170976888
25.3554013308241 0.989923310200557
25.3727128957628 0.984959672340111
25.3900244607015 0.979014205257714
25.4073360256402 0.972092835524257
25.4246475905789 0.964202462511612
25.4419591555176 0.955350951515195
25.4592707204563 0.945547125913667
25.476582285395 0.934800758373598
25.4938938503337 0.923122561107862
25.5112054152724 0.910524175197463
25.5285169802111 0.897018158987463
25.5458285451497 0.882617975568546
25.5631401100884 0.867337979356716
25.5804516750271 0.851193401784495
25.5977632399658 0.834200336117917
25.6150748049045 0.816375721414398
25.6323863698432 0.797737325637521
25.6496979347819 0.778303727945531
25.6670094997206 0.758094300171246
25.6843210646593 0.737129187511778
25.701632629598 0.715429288447374
25.7189441945367 0.693016233909333
25.7362557594754 0.669912365717855
25.7535673244141 0.646140714311209
25.7708788893528 0.621724975788493
25.7881904542915 0.596689488288857
25.8055020192302 0.571059207730695
25.8228135841688 0.544859682935069
25.8401251491075 0.51811703015808
25.8574367140462 0.490857907057595
25.8747482789849 0.463109486120348
25.8920598439236 0.434899427575792
25.9093714088623 0.406255851823786
25.926682973801 0.377207311403578
25.9439945387397 0.347782762531982
25.9613061036784 0.318011536239237
25.9786176686171 0.28792330913117
25.9959292335558 0.257548073806899
26.0132407984945 0.22691610896159
26.0305523634332 0.196057949203977
26.0478639283719 0.165004354618797
26.0651754933106 0.133786280104481
26.0824870582492 0.102434844516614
26.0997986231879 0.0709812996480145
26.1171101881266 0.0394569990762501
26.1344217530653 0.00789336690971555
26.151733318004 -0.0236781335366239
26.1690448829427 -0.0552260311045093
26.1863564478814 -0.086718878163554
26.2036680128201 -0.118125281958905
26.2209795777588 -0.14941393590426
26.2382911426975 -0.180553650788903
26.2556027076362 -0.211513385867822
26.2729142725749 -0.24226227980378
26.2902258375136 -0.272769681430602
26.3075374024523 -0.303005180306873
26.324848967391 -0.332938637029764
26.3421605323296 -0.362540213278621
26.3594720972683 -0.391780401558492
26.376783662207 -0.420630054613784
26.3940952271457 -0.449060414482922
26.4114067920844 -0.477043141164888
26.4287183570231 -0.504550340869177
26.4460299219618 -0.531554593820901
26.4633414869005 -0.558028981593442
26.4806530518392 -0.583947113941304
26.4979646167779 -0.609283155106516
26.5152761817166 -0.63401184957224
26.5325877466553 -0.658108547238039
26.549899311594 -0.681549227991632
26.5672108765327 -0.704310525652671
26.5845224414714 -0.72636975126464
26.6018340064101 -0.74770491571171
26.6191455713487 -0.768294751637969
26.6364571362874 -0.788118734647191
26.6537687012261 -0.807157103761986
26.6710802661648 -0.825390881121977
26.6883918311035 -0.842801890901349
26.7057033960422 -0.859372777426911
26.7230149609809 -0.875087022478594
26.7403265259196 -0.889928961755181
26.7576380908583 -0.903883800488825
26.774949655797 -0.916937628192788
26.7922612207357 -0.92907743252773
26.8095727856744 -0.940291112272676
26.8268843506131 -0.950567489387782
26.8441959155518 -0.959896320156857
26.8615074804905 -0.968268305398507
26.8788190454291 -0.975675099735774
26.8961306103678 -0.982109319914981
26.9134421753065 -0.987564552165524
26.9307537402452 -0.992035358593258
26.9480653051839 -0.995517282601106
26.9653768701226 -0.998006853331493
26.9826884350613 -0.999501589126174
27 -1
