0 -1
0.0153030345854271 -0.999501589126174
0.0306060691708543 -0.998006853331493
0.0459091037562814 -0.995517282601106
0.0612121383417085 -0.992035358593258
0.0765151729271357 -0.987564552165524
0.0918182075125628 -0.98210931991498
0.10712124209799 -0.975675099735774
0.122424276683417 -0.968268305398507
0.137727311268844 -0.959896320156857
0.153030345854271 -0.950567489387783
0.168333380439699 -0.940291112272676
0.183636415025126 -0.929077432527731
0.198939449610553 -0.916937628192789
0.21424248419598 -0.903883800488824
0.229545518781407 -0.88992896175518
0.244848553366834 -0.875087022478594
0.260151587952261 -0.859372777426912
0.275454622537688 -0.842801890901351
0.290757657123116 -0.825390881121976
0.306060691708543 -0.807157103761985
0.32136372629397 -0.788118734647192
0.336666760879397 -0.768294751637971
0.351969795464824 -0.747704915711709
0.367272830050251 -0.72636975126464
0.382575864635678 -0.704310525652672
0.397878899221105 -0.681549227991634
0.413181933806533 -0.658108547238038
0.42848496839196 -0.634011849572239
0.443788002977387 -0.609283155106517
0.459091037562814 -0.583947113941306
0.474394072148241 -0.55802898159344
0.489697106733668 -0.531554593820901
0.505000141319095 -0.504550340869177
0.520303175904523 -0.47704314116489
0.53560621048995 -0.44906041448292
0.550909245075377 -0.420630054613784
0.566212279660804 -0.391780401558493
0.581515314246231 -0.362540213278625
0.596818348831658 -0.332938637029761
0.612121383417085 -0.303005180306873
0.627424418002513 -0.272769681430603
0.64272745258794 -0.242262279803783
0.658030487173367 -0.211513385867819
0.673333521758794 -0.180553650788902
0.688636556344221 -0.149413935904261
0.703939590929648 -0.118125281958908
0.719242625515075 -0.0867188781635507
0.734545660100502 -0.0552260311045086
0.74984869468593 -0.0236781335366239
0.765151729271357 0.00789336690971309
0.780454763856784 0.0394569990762527
0.795757798442211 0.0709812996480158
0.811060833027638 0.102434844516613
0.826363867613065 0.133786280104479
0.841666902198492 0.165004354618799
0.85696993678392 0.196057949203978
0.872272971369347 0.22691610896159
0.887576005954774 0.257548073806896
0.902879040540201 0.287923309131166
0.918182075125628 0.318011536239238
0.933485109711055 0.347782762531982
0.948788144296482 0.377207311403576
0.964091178881909 0.406255851823789
0.979394213467337 0.434899427575793
0.994697248052764 0.463109486120348
1.01000028263819 0.490857907057594
1.02530331722362 0.518117030158078
1.04060635180905 0.54485968293507
1.05590938639447 0.571059207730695
1.0712124209799 0.596689488288856
1.08651545556533 0.621724975788495
1.10181849015075 0.64614071431121
1.11712152473618 0.669912365717855
1.13242455932161 0.693016233909332
1.14772759390704 0.715429288447371
1.16303062849246 0.737129187511779
1.17833366307789 0.758094300171245
1.19363669766332 0.77830372794553
1.20893973224874 0.797737325637519
1.22424276683417 0.816375721414399
1.2395458014196 0.834200336117917
1.25484883600503 0.851193401784495
1.27015187059045 0.867337979356715
1.28545490517588 0.882617975568547
1.30075793976131 0.897018158987464
1.31606097434673 0.910524175197462
1.33136400893216 0.923122561107861
1.34666704351759 0.934800758373599
1.36197007810302 0.945547125913667
1.37727311268844 0.955350951515195
1.39257614727387 0.964202462511612
1.4078791818593 0.972092835524257
1.42318221644472 0.979014205257714
1.43848525103015 0.984959672340111
1.45378828561558 0.989923310200557
1.469091320201 0.993900170976888
1.48439435478643 0.996886290447793
1.49969738937186 0.998878691984444
1.51500042395729 0.999875389517657
1.53030345854271 0.999875389517657
1.54560649312814 0.998878691984444
1.56090952771357 0.996886290447793
1.57621256229899 0.993900170976888
1.59151559688442 0.989923310200557
1.60681863146985 0.984959672340111
1.62212166605528 0.979014205257715
1.6374247006407 0.972092835524257
1.65272773522613 0.964202462511612
1.66803076981156 0.955350951515195
1.68333380439698 0.945547125913667
1.69863683898241 0.934800758373598
1.71393987356784 0.923122561107861
1.72924290815327 0.910524175197462
1.74454594273869 0.897018158987464
1.75984897732412 0.882617975568547
1.77515201190955 0.867337979356715
1.79045504649497 0.851193401784495
1.8057580810804 0.834200336117918
1.82106111566583 0.816375721414399
1.83636415025126 0.797737325637519
1.85166718483668 0.77830372794553
1.86697021942211 0.758094300171246
1.88227325400754 0.737129187511779
1.89757628859296 0.715429288447371
1.91287932317839 0.693016233909332
1.92818235776382 0.669912365717855
1.94348539234925 0.646140714311209
1.95878842693467 0.621724975788495
1.9740914615201 0.596689488288856
1.98939449610553 0.571059207730694
2.00469753069095 0.544859682935071
2.02000056527638 0.518117030158078
2.03530359986181 0.490857907057594
2.05060663444724 0.463109486120348
2.06590966903266 0.434899427575792
2.08121270361809 0.406255851823789
2.09651573820352 0.377207311403576
2.11181877278894 0.347782762531982
2.12712180737437 0.318011536239239
2.1424248419598 0.287923309131167
2.15772787654523 0.257548073806896
2.17303091113065 0.22691610896159
2.18833394571608 0.196057949203978
2.20363698030151 0.165004354618799
2.21894001488693 0.133786280104479
2.23424304947236 0.102434844516614
2.24954608405779 0.0709812996480162
2.26484911864322 0.0394569990762527
2.28015215322864 0.00789336690971289
2.29545518781407 -0.0236781335366239
2.3107582223995 -0.0552260311045075
2.32606125698492 -0.0867188781635505
2.34136429157035 -0.118125281958907
2.35666732615578 -0.14941393590426
2.37197036074121 -0.180553650788902
2.38727339532663 -0.211513385867819
2.40257642991206 -0.242262279803783
2.41787946449749 -0.272769681430602
2.43318249908291 -0.303005180306872
2.44848553366834 -0.332938637029762
2.46378856825377 -0.362540213278624
2.4790916028392 -0.391780401558493
2.49439463742462 -0.420630054613784
2.50969767201005 -0.449060414482921
2.52500070659548 -0.477043141164889
2.5403037411809 -0.504550340869178
2.55560677576633 -0.531554593820901
2.57090981035176 -0.55802898159344
2.58621284493719 -0.583947113941306
2.60151587952261 -0.609283155106517
2.61681891410804 -0.634011849572238
2.63212194869347 -0.658108547238037
2.64742498327889 -0.681549227991634
2.66272801786432 -0.704310525652672
2.67803105244975 -0.726369751264639
2.69333408703518 -0.74770491571171
2.7086371216206 -0.76829475163797
2.72394015620603 -0.788118734647193
2.73924319079146 -0.807157103761985
2.75454622537688 -0.825390881121976
2.76984925996231 -0.84280189090135
2.78515229454774 -0.859372777426912
2.80045532913317 -0.875087022478593
2.81575836371859 -0.88992896175518
2.83106139830402 -0.903883800488823
2.84636443288945 -0.916937628192788
2.86166746747487 -0.929077432527731
2.8769705020603 -0.940291112272676
2.89227353664573 -0.950567489387783
2.90757657123116 -0.959896320156857
2.92287960581658 -0.968268305398507
2.93818264040201 -0.975675099735773
2.95348567498744 -0.98210931991498
2.96878870957286 -0.987564552165524
2.98409174415829 -0.992035358593258
2.99939477874372 -0.995517282601106
3.01469781332915 -0.998006853331493
3.03000084791457 -0.999501589126174
3.0453038825 -1
3.05254562787538 -0.999501589126174
3.05978737325075 -0.998006853331493
3.06702911862613 -0.995517282601106
3.07427086400151 -0.992035358593258
3.08151260937688 -0.987564552165524
3.08875435475226 -0.98210931991498
3.09599610012764 -0.975675099735773
3.10323784550301 -0.968268305398507
3.11047959087839 -0.959896320156857
3.11772133625377 -0.950567489387783
3.12496308162915 -0.940291112272676
3.13220482700452 -0.929077432527731
3.1394465723799 -0.916937628192789
3.14668831775528 -0.903883800488823
3.15393006313065 -0.88992896175518
3.16117180850603 -0.875087022478594
3.16841355388141 -0.859372777426912
3.17565529925678 -0.842801890901351
3.18289704463216 -0.825390881121976
3.19013879000754 -0.807157103761985
3.19738053538291 -0.788118734647193
3.20462228075829 -0.768294751637971
3.21186402613367 -0.747704915711709
3.21910577150904 -0.72636975126464
3.22634751688442 -0.704310525652672
3.2335892622598 -0.681549227991633
3.24083100763518 -0.658108547238038
3.24807275301055 -0.634011849572239
3.25531449838593 -0.609283155106516
3.26255624376131 -0.583947113941307
3.26979798913668 -0.55802898159344
3.27703973451206 -0.531554593820901
3.28428147988744 -0.504550340869178
3.29152322526281 -0.47704314116489
3.29876497063819 -0.44906041448292
3.30600671601357 -0.420630054613785
3.31324846138894 -0.391780401558493
3.32049020676432 -0.362540213278624
3.3277319521397 -0.332938637029762
3.33497369751508 -0.303005180306873
3.34221544289045 -0.272769681430603
3.34945718826583 -0.242262279803784
3.35669893364121 -0.211513385867819
3.36394067901658 -0.180553650788902
3.37118242439196 -0.14941393590426
3.37842416976734 -0.118125281958908
3.38566591514271 -0.0867188781635505
3.39290766051809 -0.0552260311045073
3.40014940589347 -0.0236781335366245
3.40739115126884 0.00789336690971331
3.41463289664422 0.0394569990762534
3.4218746420196 0.0709812996480153
3.42911638739497 0.102434844516613
3.43635813277035 0.13378628010448
3.44359987814573 0.165004354618799
3.45084162352111 0.196057949203978
3.45808336889648 0.226916108961591
3.46532511427186 0.257548073806896
3.47256685964724 0.287923309131166
3.47980860502261 0.318011536239239
3.48705035039799 0.347782762531982
3.49429209577337 0.377207311403576
3.50153384114874 0.406255851823789
3.50877558652412 0.434899427575792
3.5160173318995 0.463109486120348
3.52325907727487 0.490857907057594
3.53050082265025 0.518117030158077
3.53774256802563 0.54485968293507
3.54498431340101 0.571059207730695
3.55222605877638 0.596689488288857
3.55946780415176 0.621724975788495
3.56670954952714 0.64614071431121
3.57395129490251 0.669912365717855
3.58119304027789 0.693016233909331
3.58843478565327 0.715429288447372
3.59567653102864 0.737129187511779
3.60291827640402 0.758094300171245
3.6101600217794 0.77830372794553
3.61740176715477 0.797737325637519
3.62464351253015 0.816375721414399
3.63188525790553 0.834200336117917
3.6391270032809 0.851193401784495
3.64636874865628 0.867337979356714
3.65361049403166 0.882617975568547
3.66085223940704 0.897018158987464
3.66809398478241 0.910524175197462
3.67533573015779 0.923122561107861
3.68257747553317 0.934800758373599
3.68981922090854 0.945547125913667
3.69706096628392 0.955350951515195
3.7043027116593 0.964202462511611
3.71154445703467 0.972092835524257
3.71878620241005 0.979014205257714
3.72602794778543 0.984959672340111
3.7332696931608 0.989923310200557
3.74051143853618 0.993900170976888
3.74775318391156 0.996886290447793
3.75499492928693 0.998878691984444
3.76223667466231 0.999875389517657
3.76947842003769 0.999875389517657
3.77672016541307 0.998878691984444
3.78396191078844 0.996886290447793
3.79120365616382 0.993900170976888
3.7984454015392 0.989923310200557
3.80568714691457 0.984959672340111
3.81292889228995 0.979014205257715
3.82017063766533 0.972092835524257
3.8274123830407 0.964202462511612
3.83465412841608 0.955350951515195
3.84189587379146 0.945547125913667
3.84913761916683 0.934800758373599
3.85637936454221 0.923122561107861
3.86362110991759 0.910524175197462
3.87086285529296 0.897018158987464
3.87810460066834 0.882617975568547
3.88534634604372 0.867337979356714
3.8925880914191 0.851193401784495
3.89982983679447 0.834200336117918
3.90707158216985 0.816375721414399
3.91431332754523 0.797737325637519
3.9215550729206 0.77830372794553
3.92879681829598 0.758094300171245
3.93603856367136 0.73712918751178
3.94328030904673 0.715429288447371
3.95052205442211 0.693016233909332
3.95776379979749 0.669912365717854
3.96500554517286 0.64614071431121
3.97224729054824 0.621724975788495
3.97948903592362 0.596689488288857
3.98673078129899 0.571059207730695
3.99397252667437 0.54485968293507
4.00121427204975 0.518117030158077
4.00845601742513 0.490857907057593
4.0156977628005 0.463109486120349
4.02293950817588 0.434899427575794
4.03018125355126 0.40625585182379
4.03742299892663 0.377207311403576
4.04466474430201 0.347782762531982
4.05190648967739 0.318011536239237
4.05914823505276 0.287923309131168
4.06638998042814 0.257548073806898
4.07363172580352 0.22691610896159
4.08087347117889 0.196057949203978
4.08811521655427 0.165004354618799
4.09535696192965 0.133786280104482
4.10259870730503 0.102434844516611
4.1098404526804 0.070981299648018
4.11708219805578 0.0394569990762536
4.12432394343116 0.00789336690971378
4.13156568880653 -0.0236781335366247
4.13880743418191 -0.0552260311045084
4.14604917955729 -0.0867188781635487
4.15329092493266 -0.11812528195891
4.16053267030804 -0.14941393590426
4.16777441568342 -0.180553650788901
4.17501616105879 -0.211513385867819
4.18225790643417 -0.242262279803784
4.18949965180955 -0.272769681430605
4.19674139718492 -0.303005180306871
4.2039831425603 -0.33293863702976
4.21122488793568 -0.362540213278624
4.21846663331106 -0.391780401558493
4.22570837868643 -0.420630054613784
4.23295012406181 -0.449060414482921
4.24019186943719 -0.477043141164891
4.24743361481256 -0.504550340869176
4.25467536018794 -0.531554593820901
4.26191710556332 -0.55802898159344
4.26915885093869 -0.583947113941307
4.27640059631407 -0.609283155106517
4.28364234168945 -0.634011849572237
4.29088408706482 -0.658108547238037
4.2981258324402 -0.681549227991633
4.30536757781558 -0.704310525652672
4.31260932319096 -0.726369751264639
4.31985106856633 -0.74770491571171
4.32709281394171 -0.768294751637972
4.33433455931709 -0.788118734647191
4.34157630469246 -0.807157103761985
4.34881805006784 -0.825390881121976
4.35605979544322 -0.842801890901351
4.36330154081859 -0.859372777426912
4.37054328619397 -0.875087022478592
4.37778503156935 -0.88992896175518
4.38502677694472 -0.903883800488823
4.3922685223201 -0.916937628192788
4.39951026769548 -0.92907743252773
4.40675201307085 -0.940291112272676
4.41399375844623 -0.950567489387783
4.42123550382161 -0.959896320156856
4.42847724919698 -0.968268305398507
4.43571899457236 -0.975675099735773
4.44296073994774 -0.98210931991498
4.45020248532312 -0.987564552165524
4.45744423069849 -0.992035358593258
4.46468597607387 -0.995517282601106
4.47192772144925 -0.998006853331493
4.47916946682462 -0.999501589126174
4.4864112122 -1
4.50455699420955 -0.999501589126174
4.5227027762191 -0.998006853331493
4.54084855822864 -0.995517282601106
4.55899434023819 -0.992035358593258
4.57714012224774 -0.987564552165524
4.59528590425729 -0.98210931991498
4.61343168626683 -0.975675099735773
4.63157746827638 -0.968268305398507
4.64972325028593 -0.959896320156857
4.66786903229548 -0.950567489387783
4.68601481430503 -0.940291112272676
4.70416059631457 -0.929077432527731
4.72230637832412 -0.916937628192789
4.74045216033367 -0.903883800488824
4.75859794234322 -0.889928961755181
4.77674372435276 -0.875087022478593
4.79488950636231 -0.859372777426912
4.81303528837186 -0.842801890901351
4.83118107038141 -0.825390881121976
4.84932685239095 -0.807157103761986
4.8674726344005 -0.788118734647192
4.88561841641005 -0.768294751637971
4.9037641984196 -0.747704915711709
4.92190998042915 -0.726369751264639
4.94005576243869 -0.704310525652672
4.95820154444824 -0.681549227991634
4.97634732645779 -0.658108547238037
4.99449310846734 -0.634011849572239
5.01263889047688 -0.609283155106517
5.03078467248643 -0.583947113941306
5.04893045449598 -0.55802898159344
5.06707623650553 -0.531554593820901
5.08522201851508 -0.504550340869177
5.10336780052462 -0.47704314116489
5.12151358253417 -0.44906041448292
5.13965936454372 -0.420630054613784
5.15780514655327 -0.391780401558492
5.17595092856281 -0.362540213278624
5.19409671057236 -0.332938637029761
5.21224249258191 -0.303005180306874
5.23038827459146 -0.272769681430603
5.24853405660101 -0.242262279803784
5.26667983861055 -0.211513385867818
5.2848256206201 -0.180553650788902
5.30297140262965 -0.149413935904261
5.3211171846392 -0.118125281958908
5.33926296664874 -0.0867188781635507
5.35740874865829 -0.0552260311045086
5.37555453066784 -0.0236781335366237
5.39370031267739 0.00789336690971309
5.41184609468693 0.039456999076252
5.42999187669648 0.0709812996480162
5.44813765870603 0.102434844516613
5.46628344071558 0.13378628010448
5.48442922272513 0.165004354618799
5.50257500473467 0.196057949203978
5.52072078674422 0.22691610896159
5.53886656875377 0.257548073806896
5.55701235076332 0.287923309131166
5.57515813277286 0.318011536239239
5.59330391478241 0.347782762531982
5.61144969679196 0.377207311403575
5.62959547880151 0.406255851823789
5.64774126081106 0.434899427575793
5.6658870428206 0.463109486120348
5.68403282483015 0.490857907057594
5.7021786068397 0.518117030158077
5.72032438884925 0.544859682935069
5.73847017085879 0.571059207730695
5.75661595286834 0.596689488288855
5.77476173487789 0.621724975788495
5.79290751688744 0.64614071431121
5.81105329889698 0.669912365717855
5.82919908090653 0.693016233909332
5.84734486291608 0.715429288447371
5.86549064492563 0.737129187511779
5.88363642693518 0.758094300171246
5.90178220894472 0.778303727945529
5.91992799095427 0.797737325637519
5.93807377296382 0.816375721414399
5.95621955497337 0.834200336117918
5.97436533698292 0.851193401784495
5.99251111899246 0.867337979356715
6.01065690100201 0.882617975568546
6.02880268301156 0.897018158987464
6.04694846502111 0.910524175197462
6.06509424703065 0.923122561107861
6.0832400290402 0.934800758373598
6.10138581104975 0.945547125913667
6.1195315930593 0.955350951515195
6.13767737506884 0.964202462511612
6.15582315707839 0.972092835524257
6.17396893908794 0.979014205257715
6.19211472109749 0.984959672340111
6.21026050310704 0.989923310200557
6.22840628511658 0.993900170976888
6.24655206712613 0.996886290447793
6.26469784913568 0.998878691984444
6.28284363114523 0.999875389517657
6.30098941315477 0.999875389517657
6.31913519516432 0.998878691984444
6.33728097717387 0.996886290447793
6.35542675918342 0.993900170976888
6.37357254119297 0.989923310200557
6.39171832320251 0.984959672340111
6.40986410521206 0.979014205257715
6.42800988722161 0.972092835524257
6.44615566923116 0.964202462511612
6.4643014512407 0.955350951515195
6.48244723325025 0.945547125913667
6.5005930152598 0.934800758373598
6.51873879726935 0.923122561107861
6.53688457927889 0.910524175197462
6.55503036128844 0.897018158987463
6.57317614329799 0.882617975568547
6.59132192530754 0.867337979356715
6.60946770731709 0.851193401784495
6.62761348932663 0.834200336117918
6.64575927133618 0.816375721414399
6.66390505334573 0.797737325637519
6.68205083535528 0.77830372794553
6.70019661736482 0.758094300171246
6.71834239937437 0.73712918751178
6.73648818138392 0.715429288447371
6.75463396339347 0.693016233909331
6.77277974540302 0.669912365717855
6.79092552741256 0.64614071431121
6.80907130942211 0.621724975788496
6.82721709143166 0.596689488288856
6.84536287344121 0.571059207730695
6.86350865545075 0.54485968293507
6.8816544374603 0.518117030158077
6.89980021946985 0.490857907057594
6.9179460014794 0.463109486120348
6.93609178348895 0.434899427575793
6.95423756549849 0.406255851823789
6.97238334750804 0.377207311403576
6.99052912951759 0.347782762531982
7.00867491152714 0.318011536239239
7.02682069353668 0.287923309131167
7.04496647554623 0.257548073806896
7.06311225755578 0.22691610896159
7.08125803956533 0.196057949203978
7.09940382157487 0.165004354618799
7.11754960358442 0.13378628010448
7.13569538559397 0.102434844516613
7.15384116760352 0.0709812996480171
7.17198694961307 0.0394569990762518
7.19013273162261 0.00789336690971378
7.20827851363216 -0.023678133536623
7.22642429564171 -0.0552260311045084
7.24457007765126 -0.0867188781635505
7.2627158596608 -0.118125281958907
7.28086164167035 -0.149413935904261
7.2990074236799 -0.180553650788902
7.31715320568945 -0.211513385867818
7.335298987699 -0.242262279803784
7.35344476970854 -0.272769681430602
7.37159055171809 -0.303005180306873
7.38973633372764 -0.332938637029761
7.40788211573719 -0.362540213278624
7.42602789774673 -0.391780401558493
7.44417367975628 -0.420630054613784
7.46231946176583 -0.449060414482921
7.48046524377538 -0.47704314116489
7.49861102578492 -0.504550340869178
7.51675680779447 -0.531554593820901
7.53490258980402 -0.55802898159344
7.55304837181357 -0.583947113941305
7.57119415382312 -0.609283155106517
7.58933993583266 -0.634011849572238
7.60748571784221 -0.658108547238037
7.62563149985176 -0.681549227991633
7.64377728186131 -0.704310525652672
7.66192306387086 -0.726369751264639
7.6800688458804 -0.747704915711709
7.69821462788995 -0.768294751637971
7.7163604098995 -0.788118734647192
7.73450619190904 -0.807157103761985
7.75265197391859 -0.825390881121977
7.77079775592814 -0.842801890901351
7.78894353793769 -0.859372777426912
7.80708931994724 -0.875087022478593
7.82523510195678 -0.88992896175518
7.84338088396633 -0.903883800488823
7.86152666597588 -0.916937628192789
7.87967244798543 -0.92907743252773
7.89781822999498 -0.940291112272676
7.91596401200452 -0.950567489387783
7.93410979401407 -0.959896320156857
7.95225557602362 -0.968268305398508
7.97040135803317 -0.975675099735774
7.98854714004271 -0.98210931991498
8.00669292205226 -0.987564552165524
8.02483870406181 -0.992035358593258
8.04298448607136 -0.995517282601106
8.06113026808091 -0.998006853331493
8.07927605009045 -0.999501589126174
8.0974218321 -1
8.10263610879096 -0.999501589126174
8.10785038548191 -0.998006853331493
8.11306466217286 -0.995517282601106
8.11827893886382 -0.992035358593258
8.12349321555477 -0.987564552165524
8.12870749224573 -0.98210931991498
8.13392176893668 -0.975675099735773
8.13913604562764 -0.968268305398506
8.14435032231859 -0.959896320156858
8.14956459900955 -0.950567489387784
8.1547788757005 -0.940291112272676
8.15999315239146 -0.92907743252773
8.16520742908241 -0.916937628192788
8.17042170577337 -0.903883800488821
8.17563598246432 -0.889928961755182
8.18085025915528 -0.875087022478595
8.18606453584623 -0.859372777426912
8.19127881253719 -0.84280189090135
8.19649308922814 -0.825390881121974
8.20170736591909 -0.807157103761988
8.20692164261005 -0.788118734647194
8.21213591930101 -0.768294751637972
8.21735019599196 -0.747704915711709
8.22256447268292 -0.726369751264638
8.22777874937387 -0.704310525652669
8.23299302606482 -0.681549227991637
8.23820730275578 -0.65810854723804
8.24342157944673 -0.634011849572239
8.24863585613769 -0.609283155106516
8.25385013282864 -0.583947113941304
8.2590644095196 -0.558028981593436
8.26427868621055 -0.531554593820905
8.26949296290151 -0.504550340869179
8.27470723959246 -0.47704314116489
8.27992151628342 -0.449060414482919
8.28513579297437 -0.420630054613781
8.29035006966533 -0.391780401558498
8.29556434635628 -0.362540213278628
8.30077862304724 -0.332938637029763
8.30599289973819 -0.303005180306873
8.31120717642915 -0.272769681430601
8.3164214531201 -0.242262279803779
8.32163572981105 -0.211513385867824
8.32685000650201 -0.180553650788905
8.33206428319296 -0.149413935904262
8.33727855988392 -0.118125281958907
8.34249283657488 -0.0867188781635478
8.34770711326583 -0.0552260311045035
8.35292138995678 -0.0236781335366281
8.35813566664774 0.00789336690971087
8.36334994333869 0.0394569990762523
8.36856422002965 0.0709812996480175
8.3737784967206 0.102434844516617
8.37899277341156 0.133786280104474
8.38420705010251 0.165004354618796
8.38942132679347 0.196057949203976
8.39463560348442 0.22691610896159
8.39984988017538 0.257548073806899
8.40506415686633 0.28792330913117
8.41027843355729 0.318011536239234
8.41549271024824 0.347782762531979
8.4207069869392 0.377207311403575
8.42592126363015 0.40625585182379
8.43113554032111 0.434899427575795
8.43634981701206 0.463109486120352
8.44156409370301 0.49085790705759
8.44677837039397 0.518117030158076
8.45199264708492 0.54485968293507
8.45720692377588 0.571059207730696
8.46242120046684 0.596689488288859
8.46763547715779 0.621724975788499
8.47284975384874 0.646140714311207
8.4780640305397 0.669912365717854
8.48327830723065 0.693016233909332
8.48849258392161 0.715429288447373
8.49370686061256 0.737129187511782
8.49892113730352 0.758094300171242
8.50413541399447 0.778303727945528
8.50934969068543 0.797737325637519
8.51456396737638 0.816375721414399
8.51977824406734 0.834200336117919
8.52499252075829 0.851193401784497
8.53020679744925 0.867337979356713
8.5354210741402 0.882617975568546
8.54063535083116 0.897018158987463
8.54584962752211 0.910524175197463
8.55106390421307 0.923122561107862
8.55627818090402 0.9348007583736
8.56149245759497 0.945547125913666
8.56670673428593 0.955350951515194
8.57192101097688 0.964202462511612
8.57713528766784 0.972092835524258
8.5823495643588 0.979014205257715
8.58756384104975 0.984959672340112
8.5927781177407 0.989923310200557
8.59799239443166 0.993900170976888
8.60320667112261 0.996886290447793
8.60842094781357 0.998878691984444
8.61363522450452 0.999875389517657
8.61884950119548 0.999875389517657
8.62406377788643 0.998878691984444
8.62927805457739 0.996886290447793
8.63449233126834 0.993900170976888
8.6397066079593 0.989923310200557
8.64492088465025 0.984959672340112
8.65013516134121 0.979014205257715
8.65534943803216 0.972092835524258
8.66056371472312 0.964202462511612
8.66577799141407 0.955350951515194
8.67099226810503 0.945547125913666
8.67620654479598 0.934800758373596
8.68142082148693 0.923122561107862
8.68663509817789 0.910524175197463
8.69184937486884 0.897018158987463
8.6970636515598 0.882617975568546
8.70227792825075 0.867337979356712
8.70749220494171 0.851193401784497
8.71270648163266 0.834200336117919
8.71792075832362 0.816375721414399
8.72313503501457 0.797737325637519
8.72834931170553 0.778303727945528
8.73356358839648 0.75809430017125
8.73877786508744 0.737129187511782
8.74399214177839 0.715429288447373
8.74920641846935 0.693016233909332
8.7544206951603 0.669912365717854
8.75963497185126 0.646140714311207
8.76484924854221 0.621724975788491
8.77006352523317 0.596689488288859
8.77527780192412 0.571059207730696
8.78049207861508 0.54485968293507
8.78570635530603 0.518117030158076
8.79092063199699 0.49085790705759
8.79613490868794 0.463109486120351
8.80134918537889 0.434899427575796
8.80656346206985 0.40625585182379
8.8117777387608 0.377207311403575
8.81699201545176 0.34778276253198
8.82220629214271 0.318011536239234
8.82742056883367 0.287923309131171
8.83263484552462 0.257548073806899
8.83784912221558 0.22691610896159
8.84306339890653 0.196057949203976
8.84827767559749 0.165004354618796
8.85349195228844 0.133786280104474
8.8587062289794 0.102434844516618
8.86392050567035 0.0709812996480171
8.86913478236131 0.0394569990762527
8.87434905905226 0.00789336690971111
8.87956333574322 -0.0236781335366274
8.88477761243417 -0.055226031104503
8.88999188912513 -0.0867188781635478
8.89520616581608 -0.118125281958907
8.90042044250704 -0.149413935904261
8.90563471919799 -0.180553650788905
8.91084899588895 -0.211513385867824
8.9160632725799 -0.242262279803779
8.92127754927085 -0.272769681430601
8.92649182596181 -0.303005180306872
8.93170610265276 -0.332938637029762
8.93692037934372 -0.362540213278628
8.94213465603467 -0.391780401558498
8.94734893272563 -0.420630054613781
8.95256320941658 -0.449060414482918
8.95777748610754 -0.47704314116489
8.96299176279849 -0.504550340869179
8.96820603948945 -0.531554593820905
8.9734203161804 -0.558028981593436
8.97863459287136 -0.583947113941304
8.98384886956231 -0.609283155106515
8.98906314625327 -0.63401184957224
8.99427742294422 -0.658108547238039
8.99949169963518 -0.681549227991637
9.00470597632613 -0.704310525652669
9.00992025301709 -0.726369751264638
9.01513452970804 -0.747704915711709
9.020348806399 -0.768294751637972
9.02556308308995 -0.788118734647194
9.03077735978091 -0.807157103761988
9.03599163647186 -0.825390881121974
9.04120591316281 -0.84280189090135
9.04642018985377 -0.859372777426912
9.05163446654472 -0.875087022478595
9.05684874323568 -0.889928961755182
9.06206301992663 -0.903883800488821
9.06727729661759 -0.916937628192787
9.07249157330854 -0.92907743252773
9.0777058499995 -0.940291112272676
9.08292012669045 -0.950567489387784
9.08813440338141 -0.959896320156858
9.09334868007236 -0.968268305398506
9.09856295676332 -0.975675099735773
9.10377723345427 -0.98210931991498
9.10899151014523 -0.987564552165524
9.11420578683618 -0.992035358593258
9.11942006352714 -0.995517282601106
9.12463434021809 -0.998006853331493
9.12984861690905 -0.999501589126174
9.1350628936 -1
9.1512549502799 -0.999501589126174
9.1674470069598 -0.998006853331493
9.1836390636397 -0.995517282601106
9.1998311203196 -0.992035358593258
9.2160231769995 -0.987564552165524
9.2322152336794 -0.98210931991498
9.2484072903593 -0.975675099735773
9.2645993470392 -0.968268305398508
9.2807914037191 -0.959896320156857
9.296983460399 -0.950567489387782
9.31317551707889 -0.940291112272676
9.32936757375879 -0.92907743252773
9.34555963043869 -0.916937628192788
9.36175168711859 -0.903883800488824
9.37794374379849 -0.88992896175518
9.39413580047839 -0.875087022478593
9.41032785715829 -0.859372777426912
9.42651991383819 -0.842801890901351
9.44271197051809 -0.825390881121975
9.45890402719799 -0.807157103761986
9.47509608387789 -0.788118734647192
9.49128814055779 -0.76829475163797
9.50748019723769 -0.74770491571171
9.52367225391759 -0.726369751264639
9.53986431059749 -0.704310525652671
9.55605636727739 -0.681549227991634
9.57224842395729 -0.658108547238037
9.58844048063719 -0.634011849572238
9.60463253731709 -0.609283155106517
9.62082459399699 -0.583947113941306
9.63701665067689 -0.558028981593439
9.65320870735678 -0.531554593820902
9.66940076403668 -0.504550340869177
9.68559282071658 -0.477043141164888
9.70178487739648 -0.449060414482921
9.71797693407638 -0.420630054613784
9.73416899075628 -0.391780401558495
9.75036104743618 -0.362540213278625
9.76655310411608 -0.332938637029761
9.78274516079598 -0.303005180306871
9.79893721747588 -0.272769681430604
9.81512927415578 -0.242262279803783
9.83132133083568 -0.211513385867817
9.84751338751558 -0.180553650788903
9.86370544419548 -0.14941393590426
9.87989750087538 -0.118125281958906
9.89608955755528 -0.0867188781635514
9.91228161423518 -0.0552260311045077
9.92847367091507 -0.0236781335366259
9.94466572759498 0.00789336690971264
9.96085778427488 0.0394569990762531
9.97704984095477 0.0709812996480142
9.99324189763467 0.102434844516613
10.0094339543146 0.13378628010448
10.0256260109945 0.165004354618798
10.0418180676744 0.196057949203978
10.0580101243543 0.226916108961591
10.0742021810342 0.257548073806895
10.0903942377141 0.287923309131166
10.106586294394 0.318011536239239
10.1227783510739 0.347782762531981
10.1389704077538 0.377207311403575
10.1551624644337 0.40625585182379
10.1713545211136 0.434899427575791
10.1875465777935 0.463109486120347
10.2037386344734 0.490857907057594
10.2199306911533 0.518117030158076
10.2361227478332 0.54485968293507
10.2523148045131 0.571059207730696
10.268506861193 0.596689488288855
10.2846989178729 0.621724975788495
10.3008909745528 0.64614071431121
10.3170830312327 0.669912365717854
10.3332750879126 0.693016233909331
10.3494671445925 0.715429288447372
10.3656592012724 0.737129187511778
10.3818512579523 0.758094300171245
10.3980433146322 0.778303727945531
10.4142353713121 0.797737325637519
10.430427427992 0.816375721414399
10.4466194846719 0.834200336117918
10.4628115413518 0.851193401784494
10.4790035980317 0.867337979356715
10.4951956547116 0.882617975568547
10.5113877113915 0.897018158987463
10.5275797680714 0.910524175197462
10.5437718247513 0.923122561107861
10.5599638814312 0.934800758373598
10.5761559381111 0.945547125913667
10.592347994791 0.955350951515195
10.6085400514709 0.964202462511611
10.6247321081508 0.972092835524257
10.6409241648307 0.979014205257715
10.6571162215106 0.98495967234011
10.6733082781905 0.989923310200557
10.6895003348704 0.993900170976888
10.7056923915503 0.996886290447793
10.7218844482302 0.998878691984444
10.7380765049101 0.999875389517657
10.7542685615899 0.999875389517657
10.7704606182698 0.998878691984444
10.7866526749497 0.996886290447793
10.8028447316296 0.993900170976888
10.8190367883095 0.989923310200557
10.8352288449894 0.98495967234011
10.8514209016693 0.979014205257715
10.8676129583492 0.972092835524257
10.8838050150291 0.964202462511611
10.899997071709 0.955350951515195
10.9161891283889 0.945547125913667
10.9323811850688 0.934800758373598
10.9485732417487 0.923122561107861
10.9647652984286 0.910524175197462
10.9809573551085 0.897018158987463
10.9971494117884 0.882617975568547
11.0133414684683 0.867337979356715
11.0295335251482 0.851193401784494
11.0457255818281 0.834200336117918
11.061917638508 0.816375721414399
11.0781096951879 0.797737325637518
11.0943017518678 0.778303727945531
11.1104938085477 0.758094300171246
11.1266858652276 0.737129187511778
11.1428779219075 0.715429288447372
11.1590699785874 0.693016233909332
11.1752620352673 0.669912365717854
11.1914540919472 0.646140714311211
11.2076461486271 0.621724975788495
11.223838205307 0.596689488288855
11.2400302619869 0.571059207730696
11.2562223186668 0.54485968293507
11.2724143753467 0.518117030158076
11.2886064320266 0.490857907057595
11.3047984887065 0.463109486120348
11.3209905453864 0.434899427575792
11.3371826020663 0.40625585182379
11.3533746587462 0.377207311403576
11.3695667154261 0.347782762531981
11.385758772106 0.31801153623924
11.4019508287859 0.287923309131166
11.4181428854658 0.257548073806895
11.4343349421457 0.226916108961591
11.4505269988256 0.196057949203978
11.4667190555055 0.165004354618798
11.4829111121854 0.13378628010448
11.4991031688653 0.102434844516613
11.5152952255452 0.0709812996480145
11.5314872822251 0.0394569990762536
11.547679338905 0.00789336690971289
11.5638713955849 -0.0236781335366256
11.5800634522648 -0.0552260311045075
11.5962555089447 -0.0867188781635514
11.6124475656246 -0.11812528195891
11.6286396223045 -0.14941393590426
11.6448316789844 -0.180553650788903
11.6610237356643 -0.211513385867821
11.6772157923442 -0.242262279803782
11.6934078490241 -0.272769681430604
11.709599905704 -0.303005180306874
11.7257919623839 -0.332938637029761
11.7419840190638 -0.362540213278625
11.7581760757437 -0.391780401558495
11.7743681324236 -0.420630054613784
11.7905601891035 -0.449060414482921
11.8067522457834 -0.477043141164891
11.8229443024633 -0.504550340869178
11.8391363591432 -0.531554593820902
11.8553284158231 -0.558028981593439
11.871520472503 -0.583947113941306
11.8877125291829 -0.609283155106517
11.9039045858628 -0.63401184957224
11.9200966425427 -0.658108547238037
11.9362886992226 -0.681549227991635
11.9524807559025 -0.704310525652671
11.9686728125824 -0.726369751264639
11.9848648692623 -0.74770491571171
12.0010569259422 -0.768294751637972
12.0172489826221 -0.788118734647192
12.033441039302 -0.807157103761984
12.0496330959819 -0.825390881121975
12.0658251526618 -0.84280189090135
12.0820172093417 -0.859372777426912
12.0982092660216 -0.875087022478595
12.1144013227015 -0.88992896175518
12.1305933793814 -0.903883800488822
12.1467854360613 -0.916937628192788
12.1629774927412 -0.92907743252773
12.1791695494211 -0.940291112272676
12.195361606101 -0.950567489387783
12.2115536627809 -0.959896320156857
12.2277457194608 -0.968268305398508
12.2439377761407 -0.975675099735773
12.2601298328206 -0.98210931991498
12.2763218895005 -0.987564552165524
12.2925139461804 -0.992035358593258
12.3087060028603 -0.995517282601106
12.3248980595402 -0.998006853331493
12.3410901162201 -0.999501589126174
12.3572821729 -1
12.3760170369588 -0.999501589126174
12.3947519010176 -0.998006853331493
12.4134867650764 -0.995517282601106
12.4322216291352 -0.992035358593258
12.450956493194 -0.987564552165524
12.4696913572528 -0.98210931991498
12.4884262213116 -0.975675099735773
12.5071610853704 -0.968268305398508
12.5258959494291 -0.959896320156857
12.5446308134879 -0.950567489387783
12.5633656775467 -0.940291112272676
12.5821005416055 -0.929077432527731
12.6008354056643 -0.916937628192788
12.6195702697231 -0.903883800488824
12.6383051337819 -0.88992896175518
12.6570399978407 -0.875087022478593
12.6757748618995 -0.859372777426913
12.6945097259583 -0.842801890901351
12.7132445900171 -0.825390881121976
12.7319794540759 -0.807157103761986
12.7507143181347 -0.788118734647193
12.7694491821935 -0.76829475163797
12.7881840462523 -0.747704915711708
12.8069189103111 -0.72636975126464
12.8256537743698 -0.704310525652672
12.8443886384286 -0.681549227991633
12.8631235024874 -0.658108547238038
12.8818583665462 -0.634011849572238
12.900593230605 -0.609283155106516
12.9193280946638 -0.583947113941307
12.9380629587226 -0.55802898159344
12.9567978227814 -0.5315545938209
12.9755326868402 -0.504550340869178
12.994267550899 -0.477043141164889
13.0130024149578 -0.449060414482919
13.0317372790166 -0.420630054613785
13.0504721430754 -0.391780401558493
13.0692070071342 -0.362540213278623
13.087941871193 -0.332938637029762
13.1066767352518 -0.303005180306873
13.1254115993106 -0.272769681430602
13.1441464633693 -0.242262279803784
13.1628813274281 -0.211513385867819
13.1816161914869 -0.180553650788901
13.2003510555457 -0.149413935904262
13.2190859196045 -0.118125281958908
13.2378207836633 -0.0867188781635498
13.2565556477221 -0.055226031104509
13.2752905117809 -0.0236781335366241
13.2940253758397 0.0078933669097142
13.3127602398985 0.0394569990762516
13.3314951039573 0.070981299648016
13.3502299680161 0.102434844516614
13.3689648320749 0.133786280104478
13.3876996961337 0.165004354618799
13.4064345601925 0.196057949203979
13.4251694242513 0.226916108961589
13.44390428831 0.257548073806896
13.4626391523688 0.287923309131167
13.4813740164276 0.318011536239237
13.5001088804864 0.347782762531982
13.5188437445452 0.377207311403577
13.537578608604 0.406255851823788
13.5563134726628 0.434899427575793
13.5750483367216 0.463109486120348
13.5937832007804 0.490857907057592
13.6125180648392 0.518117030158077
13.631252928898 0.544859682935071
13.6499877929568 0.571059207730694
13.6687226570156 0.596689488288855
13.6874575210744 0.621724975788495
13.7061923851332 0.646140714311209
13.724927249192 0.669912365717855
13.7436621132508 0.693016233909332
13.7623969773095 0.71542928844737
13.7811318413683 0.737129187511778
13.7998667054271 0.758094300171246
13.8186015694859 0.778303727945529
13.8373364335447 0.797737325637519
13.8560712976035 0.816375721414399
13.8748061616623 0.834200336117917
13.8935410257211 0.851193401784494
13.9122758897799 0.867337979356715
13.9310107538387 0.882617975568546
13.9497456178975 0.897018158987463
13.9684804819563 0.910524175197462
13.9872153460151 0.92312256110786
14.0059502100739 0.934800758373598
14.0246850741327 0.945547125913667
14.0434199381915 0.955350951515195
14.0621548022502 0.964202462511611
14.080889666309 0.972092835524257
14.0996245303678 0.979014205257715
14.1183593944266 0.98495967234011
14.1370942584854 0.989923310200557
14.1558291225442 0.993900170976888
14.174563986603 0.996886290447793
14.1932988506618 0.998878691984444
14.2120337147206 0.999875389517657
14.2307685787794 0.999875389517657
14.2495034428382 0.998878691984444
14.268238306897 0.996886290447793
14.2869731709558 0.993900170976888
14.3057080350146 0.989923310200557
14.3244428990734 0.98495967234011
14.3431777631322 0.979014205257715
14.361912627191 0.972092835524257
14.3806474912497 0.964202462511612
14.3993823553085 0.955350951515194
14.4181172193673 0.945547125913667
14.4368520834261 0.934800758373598
14.4555869474849 0.92312256110786
14.4743218115437 0.910524175197462
14.4930566756025 0.897018158987463
14.5117915396613 0.882617975568546
14.5305264037201 0.867337979356715
14.5492612677789 0.851193401784494
14.5679961318377 0.834200336117917
14.5867309958965 0.816375721414399
14.6054658599553 0.797737325637519
14.6242007240141 0.778303727945529
14.6429355880729 0.758094300171246
14.6616704521317 0.737129187511778
14.6804053161905 0.715429288447371
14.6991401802492 0.693016233909332
14.717875044308 0.669912365717855
14.7366099083668 0.646140714311209
14.7553447724256 0.621724975788496
14.7740796364844 0.596689488288856
14.7928145005432 0.571059207730694
14.811549364602 0.544859682935071
14.8302842286608 0.518117030158077
14.8490190927196 0.490857907057593
14.8677539567784 0.463109486120348
14.8864888208372 0.434899427575793
14.905223684896 0.406255851823788
14.9239585489548 0.377207311403577
14.9426934130136 0.347782762531982
14.9614282770724 0.318011536239237
14.9801631411312 0.287923309131167
14.9988980051899 0.257548073806896
15.0176328692487 0.22691610896159
15.0363677333075 0.19605794920398
15.0551025973663 0.165004354618799
15.0738374614251 0.133786280104478
15.0925723254839 0.102434844516615
15.1113071895427 0.0709812996480162
15.1300420536015 0.0394569990762518
15.1487769176603 0.00789336690971467
15.1675117817191 -0.0236781335366239
15.1862466457779 -0.0552260311045084
15.2049815098367 -0.0867188781635487
15.2237163738955 -0.118125281958908
15.2424512379543 -0.149413935904261
15.2611861020131 -0.1805536507889
15.2799209660719 -0.211513385867818
15.2986558301307 -0.242262279803784
15.3173906941894 -0.272769681430602
15.3361255582482 -0.303005180306872
15.354860422307 -0.332938637029761
15.3735952863658 -0.362540213278624
15.3923301504246 -0.391780401558493
15.4110650144834 -0.420630054613784
15.4297998785422 -0.449060414482918
15.448534742601 -0.47704314116489
15.4672696066598 -0.504550340869178
15.4860044707186 -0.531554593820901
15.5047393347774 -0.558028981593439
15.5234741988362 -0.583947113941307
15.542209062895 -0.609283155106516
15.5609439269538 -0.634011849572238
15.5796787910126 -0.658108547238037
15.5984136550714 -0.681549227991633
15.6171485191301 -0.704310525652672
15.6358833831889 -0.726369751264639
15.6546182472477 -0.74770491571171
15.6733531113065 -0.76829475163797
15.6920879753653 -0.788118734647193
15.7108228394241 -0.807157103761986
15.7295577034829 -0.825390881121976
15.7482925675417 -0.84280189090135
15.7670274316005 -0.859372777426913
15.7857622956593 -0.875087022478593
15.8044971597181 -0.88992896175518
15.8232320237769 -0.903883800488824
15.8419668878357 -0.916937628192788
15.8607017518945 -0.92907743252773
15.8794366159533 -0.940291112272676
15.8981714800121 -0.950567489387782
15.9169063440709 -0.959896320156857
15.9356412081296 -0.968268305398507
15.9543760721884 -0.975675099735773
15.9731109362472 -0.98210931991498
15.991845800306 -0.987564552165523
16.0105806643648 -0.992035358593258
16.0293155284236 -0.995517282601106
16.0480503924824 -0.998006853331493
16.0667852565412 -0.999501589126174
16.0855201206 -1
16.102943198196 -0.999501589126174
16.120366275792 -0.998006853331493
16.1377893533879 -0.995517282601106
16.1552124309839 -0.992035358593257
16.1726355085799 -0.987564552165524
16.1900585861759 -0.982109319914981
16.2074816637719 -0.975675099735773
16.2249047413678 -0.968268305398508
16.2423278189638 -0.959896320156856
16.2597508965598 -0.950567489387783
16.2771739741558 -0.940291112272676
16.2945970517518 -0.92907743252773
16.3120201293477 -0.916937628192789
16.3294432069437 -0.903883800488822
16.3468662845397 -0.88992896175518
16.3642893621357 -0.875087022478595
16.3817124397317 -0.859372777426911
16.3991355173276 -0.842801890901351
16.4165585949236 -0.825390881121975
16.4339816725196 -0.807157103761985
16.4514047501156 -0.788118734647194
16.4688278277116 -0.76829475163797
16.4862509053075 -0.74770491571171
16.5036739829035 -0.726369751264637
16.5210970604995 -0.704310525652672
16.5385201380955 -0.681549227991635
16.5559432156915 -0.658108547238036
16.5733662932874 -0.634011849572239
16.5907893708834 -0.609283155106514
16.6082124484794 -0.583947113941306
16.6256355260754 -0.558028981593442
16.6430586036714 -0.5315545938209
16.6604816812673 -0.504550340869178
16.6779047588633 -0.477043141164892
16.6953278364593 -0.44906041448292
16.7127509140553 -0.420630054613786
16.7301739916513 -0.391780401558491
16.7475970692472 -0.362540213278625
16.7650201468432 -0.332938637029764
16.7824432244392 -0.303005180306872
16.7998663020352 -0.272769681430605
16.8172893796312 -0.242262279803781
16.8347124572271 -0.21151338586782
16.8521355348231 -0.180553650788905
16.8695586124191 -0.14941393590426
16.8869816900151 -0.11812528195891
16.9044047676111 -0.0867188781635485
16.921827845207 -0.0552260311045084
16.939250922803 -0.023678133536627
16.956674000399 0.0078933669097142
16.974097077995 0.0394569990762511
16.991520155591 0.0709812996480182
17.0089432331869 0.102434844516613
17.0263663107829 0.133786280104476
17.0437893883789 0.1650043546188
17.0612124659749 0.196057949203976
17.0786355435709 0.226916108961592
17.0960586211668 0.257548073806896
17.1134816987628 0.287923309131164
17.1309047763588 0.318011536239239
17.1483278539548 0.347782762531981
17.1657509315508 0.377207311403578
17.1831740091467 0.406255851823789
17.2005970867427 0.434899427575791
17.2180201643387 0.463109486120349
17.2354432419347 0.490857907057592
17.2528663195307 0.518117030158079
17.2702893971266 0.54485968293507
17.2877124747226 0.571059207730693
17.3051355523186 0.596689488288857
17.3225586299146 0.621724975788494
17.3399817075106 0.646140714311212
17.3574047851065 0.669912365717855
17.3748278627025 0.69301623390933
17.3922509402985 0.715429288447372
17.4096740178945 0.737129187511778
17.4270970954905 0.758094300171247
17.4445201730864 0.77830372794553
17.4619432506824 0.797737325637518
17.4793663282784 0.8163757214144
17.4967894058744 0.834200336117917
17.5142124834704 0.851193401784496
17.5316355610663 0.867337979356715
17.5490586386623 0.882617975568546
17.5664817162583 0.897018158987464
17.5839047938543 0.910524175197462
17.6013278714503 0.923122561107862
17.6187509490462 0.934800758373598
17.6361740266422 0.945547125913666
17.6535971042382 0.955350951515195
17.6710201818342 0.964202462511612
17.6884432594302 0.972092835524258
17.7058663370261 0.979014205257715
17.7232894146221 0.98495967234011
17.7407124922181 0.989923310200557
17.7581355698141 0.993900170976888
17.7755586474101 0.996886290447793
17.792981725006 0.998878691984444
17.810404802602 0.999875389517657
17.827827880198 0.999875389517657
17.845250957794 0.998878691984444
17.86267403539 0.996886290447793
17.8800971129859 0.993900170976888
17.8975201905819 0.989923310200557
17.9149432681779 0.98495967234011
17.9323663457739 0.979014205257715
17.9497894233699 0.972092835524256
17.9672125009658 0.964202462511612
17.9846355785618 0.955350951515195
18.0020586561578 0.945547125913667
18.0194817337538 0.934800758373599
18.0369048113497 0.923122561107862
18.0543278889457 0.910524175197462
18.0717509665417 0.897018158987464
18.0891740441377 0.882617975568546
18.1065971217337 0.867337979356715
18.1240201993296 0.851193401784493
18.1414432769256 0.834200336117917
18.1588663545216 0.8163757214144
18.1762894321176 0.797737325637518
18.1937125097136 0.77830372794553
18.2111355873095 0.758094300171243
18.2285586649055 0.737129187511778
18.2459817425015 0.715429288447372
18.2634048200975 0.69301623390933
18.2808278976935 0.669912365717855
18.2982509752894 0.646140714311212
18.3156740528854 0.621724975788495
18.3330971304814 0.596689488288857
18.3505202080774 0.571059207730693
18.3679432856734 0.54485968293507
18.3853663632693 0.51811703015808
18.4027894408653 0.490857907057593
18.4202125184613 0.463109486120349
18.4376355960573 0.434899427575791
18.4550586736533 0.406255851823789
18.4724817512492 0.377207311403579
18.4899048288452 0.347782762531982
18.5073279064412 0.31801153623924
18.5247509840372 0.28792330913117
18.5421740616332 0.257548073806896
18.5595971392291 0.226916108961593
18.5770202168251 0.196057949203976
18.5944432944211 0.165004354618801
18.6118663720171 0.133786280104483
18.6292894496131 0.102434844516613
18.646712527209 0.070981299648018
18.664135604805 0.0394569990762509
18.681558682401 0.00789336690971467
18.698981759997 -0.0236781335366203
18.716404837593 -0.0552260311045084
18.7338279151889 -0.0867188781635478
18.7512509927849 -0.118125281958909
18.7686740703809 -0.14941393590426
18.7860971479769 -0.180553650788906
18.8035202255729 -0.211513385867819
18.8209433031688 -0.242262279803781
18.8383663807648 -0.272769681430605
18.8557894583608 -0.303005180306871
18.8732125359568 -0.332938637029758
18.8906356135528 -0.362540213278625
18.9080586911487 -0.39178040155849
18.9254817687447 -0.420630054613786
18.9429048463407 -0.44906041448292
18.9603279239367 -0.477043141164887
18.9777510015327 -0.504550340869178
18.9951740791286 -0.5315545938209
19.0125971567246 -0.558028981593442
19.0300202343206 -0.583947113941305
19.0474433119166 -0.609283155106514
19.0648663895126 -0.634011849572239
19.0822894671085 -0.658108547238035
19.0997125447045 -0.681549227991635
19.1171356223005 -0.704310525652672
19.1345586998965 -0.726369751264638
19.1519817774925 -0.747704915711709
19.1694048550884 -0.768294751637969
19.1868279326844 -0.788118734647194
19.2042510102804 -0.807157103761985
19.2216740878764 -0.825390881121974
19.2390971654724 -0.842801890901351
19.2565202430683 -0.859372777426911
19.2739433206643 -0.875087022478595
19.2913663982603 -0.88992896175518
19.3087894758563 -0.903883800488822
19.3262125534523 -0.916937628192789
19.3436356310482 -0.92907743252773
19.3610587086442 -0.940291112272676
19.3784817862402 -0.950567489387782
19.3959048638362 -0.959896320156856
19.4133279414322 -0.968268305398508
19.4307510190281 -0.975675099735773
19.4481740966241 -0.982109319914981
19.4655971742201 -0.987564552165524
19.4830202518161 -0.992035358593258
19.5004433294121 -0.995517282601106
19.517866407008 -0.998006853331493
19.535289484604 -0.999501589126174
19.5527125622 -1
19.5593190656136 -0.999501589126174
19.5659255690271 -0.998006853331493
19.5725320724407 -0.995517282601105
19.5791385758543 -0.992035358593257
19.5857450792678 -0.987564552165525
19.5923515826814 -0.982109319914981
19.598958086095 -0.975675099735774
19.6055645895085 -0.968268305398507
19.6121710929221 -0.959896320156857
19.6187775963357 -0.950567489387782
19.6253840997492 -0.940291112272674
19.6319906031628 -0.929077432527728
19.6385971065764 -0.916937628192792
19.6452036099899 -0.903883800488826
19.6518101134035 -0.889928961755182
19.6584166168171 -0.875087022478594
19.6650231202307 -0.859372777426912
19.6716296236442 -0.842801890901349
19.6782361270578 -0.825390881121973
19.6848426304714 -0.807157103761981
19.6914491338849 -0.788118734647197
19.6980556372985 -0.768294751637974
19.7046621407121 -0.747704915711712
19.7112686441256 -0.726369751264641
19.7178751475392 -0.704310525652672
19.7244816509528 -0.681549227991632
19.7310881543663 -0.658108547238034
19.7376946577799 -0.634011849572234
19.7443011611935 -0.60928315510651
19.750907664607 -0.583947113941311
19.7575141680206 -0.558028981593444
19.7641206714342 -0.531554593820904
19.7707271748477 -0.504550340869178
19.7773336782613 -0.477043141164888
19.7839401816749 -0.449060414482917
19.7905466850884 -0.420630054613779
19.797153188502 -0.391780401558486
19.8037596919156 -0.362540213278631
19.8103661953291 -0.332938637029766
19.8169726987427 -0.303005180306876
19.8235792021563 -0.272769681430604
19.8301857055698 -0.242262279803782
19.8367922089834 -0.211513385867816
19.843398712397 -0.180553650788897
19.8500052158106 -0.149413935904254
19.8566117192241 -0.118125281958916
19.8632182226377 -0.0867188781635565
19.8698247260513 -0.0552260311045117
19.8764312294648 -0.0236781335366257
19.8830377328784 0.00789336690971353
19.889644236292 0.0394569990762551
19.8962507397055 0.0709812996480204
19.9028572431191 0.10243484451662
19.9094637465327 0.133786280104471
19.9160702499462 0.165004354618793
19.9226767533598 0.196057949203974
19.9292832567734 0.226916108961588
19.9358897601869 0.257548073806896
19.9424962636005 0.287923309131168
19.9491027670141 0.318011536239242
19.9557092704276 0.347782762531988
19.9623157738412 0.377207311403583
19.9689222772548 0.406255851823783
19.9755287806683 0.434899427575789
19.9821352840819 0.463109486120345
19.9887417874955 0.490857907057593
19.995348290909 0.518117030158078
20.0019547943226 0.544859682935073
20.0085612977362 0.571059207730699
20.0151678011498 0.596689488288862
20.0217743045633 0.62172497578849
20.0283808079769 0.646140714311205
20.0349873113905 0.669912365717853
20.041593814804 0.693016233909331
20.0482003182176 0.715429288447372
20.0548068216312 0.737129187511781
20.0614133250447 0.758094300171249
20.0680198284583 0.778303727945534
20.0746263318719 0.797737325637515
20.0812328352854 0.816375721414396
20.087839338699 0.834200336117915
20.0944458421126 0.851193401784494
20.1010523455261 0.867337979356715
20.1076588489397 0.882617975568548
20.1142653523533 0.897018158987466
20.1208718557668 0.910524175197465
20.1274783591804 0.923122561107857
20.134084862594 0.934800758373596
20.1406913660075 0.945547125913666
20.1472978694211 0.955350951515194
20.1539043728347 0.964202462511612
20.1605108762482 0.972092835524257
20.1671173796618 0.979014205257715
20.1737238830754 0.984959672340112
20.1803303864889 0.989923310200558
20.1869368899025 0.993900170976887
20.1935433933161 0.996886290447793
20.2001498967296 0.998878691984443
20.2067564001432 0.999875389517657
20.2133629035568 0.999875389517657
20.2199694069704 0.998878691984443
20.2265759103839 0.996886290447793
20.2331824137975 0.993900170976887
20.2397889172111 0.989923310200558
20.2463954206246 0.984959672340112
20.2530019240382 0.979014205257715
20.2596084274518 0.972092835524257
20.2662149308653 0.964202462511612
20.2728214342789 0.955350951515194
20.2794279376925 0.945547125913666
20.286034441106 0.934800758373596
20.2926409445196 0.923122561107864
20.2992474479332 0.910524175197465
20.3058539513467 0.897018158987465
20.3124604547603 0.882617975568548
20.3190669581739 0.867337979356715
20.3256734615874 0.851193401784494
20.332279965001 0.834200336117916
20.3388864684146 0.816375721414396
20.3454929718281 0.797737325637515
20.3520994752417 0.778303727945534
20.3587059786553 0.758094300171249
20.3653124820688 0.737129187511781
20.3719189854824 0.715429288447372
20.378525488896 0.693016233909331
20.3851319923095 0.669912365717853
20.3917384957231 0.646140714311206
20.3983449991367 0.62172497578849
20.4049515025503 0.596689488288862
20.4115580059638 0.571059207730699
20.4181645093774 0.544859682935073
20.424771012791 0.518117030158079
20.4313775162045 0.490857907057593
20.4379840196181 0.463109486120346
20.4445905230317 0.434899427575789
20.4511970264452 0.406255851823783
20.4578035298588 0.377207311403584
20.4644100332724 0.347782762531988
20.4710165366859 0.318011536239242
20.4776230400995 0.287923309131168
20.4842295435131 0.257548073806896
20.4908360469266 0.226916108961588
20.4974425503402 0.196057949203975
20.5040490537538 0.165004354618794
20.5106555571673 0.133786280104471
20.5172620605809 0.10243484451662
20.5238685639945 0.0709812996480207
20.530475067408 0.0394569990762554
20.5370815708216 0.00789336690971378
20.5436880742352 -0.0236781335366256
20.5502945776487 -0.0552260311045119
20.5569010810623 -0.0867188781635567
20.5635075844759 -0.118125281958915
20.5701140878894 -0.149413935904253
20.576720591303 -0.180553650788897
20.5833270947166 -0.211513385867816
20.5899335981302 -0.242262279803782
20.5965401015437 -0.272769681430604
20.6031466049573 -0.303005180306876
20.6097531083709 -0.332938637029766
20.6163596117844 -0.362540213278631
20.622966115198 -0.391780401558486
20.6295726186116 -0.420630054613779
20.6361791220251 -0.449060414482917
20.6427856254387 -0.477043141164888
20.6493921288523 -0.504550340869178
20.6559986322658 -0.531554593820904
20.6626051356794 -0.558028981593444
20.669211639093 -0.583947113941311
20.6758181425065 -0.609283155106524
20.6824246459201 -0.634011849572233
20.6890311493337 -0.658108547238034
20.6956376527472 -0.681549227991632
20.7022441561608 -0.704310525652672
20.7088506595744 -0.726369751264641
20.7154571629879 -0.747704915711712
20.7220636664015 -0.768294751637975
20.7286701698151 -0.788118734647197
20.7352766732286 -0.807157103761981
20.7418831766422 -0.825390881121973
20.7484896800558 -0.842801890901349
20.7550961834693 -0.859372777426911
20.7617026868829 -0.875087022478594
20.7683091902965 -0.889928961755182
20.7749156937101 -0.903883800488826
20.7815221971236 -0.916937628192792
20.7881287005372 -0.929077432527728
20.7947352039508 -0.940291112272673
20.8013417073643 -0.950567489387782
20.8079482107779 -0.959896320156857
20.8145547141915 -0.968268305398507
20.821161217605 -0.975675099735774
20.8277677210186 -0.982109319914981
20.8343742244322 -0.987564552165525
20.8409807278457 -0.992035358593257
20.8475872312593 -0.995517282601105
20.8541937346729 -0.998006853331493
20.8608002380864 -0.999501589126174
20.8674067415 -1
20.8827181790191 -0.999501589126174
20.8980296165382 -0.998006853331493
20.9133410540573 -0.995517282601106
20.9286524915764 -0.992035358593258
20.9439639290955 -0.987564552165524
20.9592753666146 -0.982109319914981
20.9745868041337 -0.975675099735774
20.9898982416528 -0.968268305398508
21.0052096791719 -0.959896320156856
21.020521116691 -0.950567489387782
21.0358325542101 -0.940291112272675
21.0511439917291 -0.92907743252773
21.0664554292482 -0.916937628192788
21.0817668667673 -0.903883800488823
21.0970783042864 -0.88992896175518
21.1123897418055 -0.875087022478594
21.1277011793246 -0.859372777426912
21.1430126168437 -0.842801890901351
21.1583240543628 -0.825390881121977
21.1736354918819 -0.807157103761986
21.188946929401 -0.788118734647194
21.2042583669201 -0.768294751637972
21.2195698044392 -0.747704915711711
21.2348812419583 -0.726369751264642
21.2501926794774 -0.70431052565267
21.2655041169965 -0.681549227991632
21.2808155545156 -0.658108547238036
21.2961269920347 -0.634011849572237
21.3114384295538 -0.609283155106515
21.3267498670729 -0.583947113941305
21.342061304592 -0.558028981593439
21.3573727421111 -0.531554593820901
21.3726841796302 -0.504550340869177
21.3879956171492 -0.47704314116489
21.4033070546683 -0.449060414482921
21.4186184921874 -0.420630054613785
21.4339299297065 -0.391780401558495
21.4492413672256 -0.362540213278627
21.4645528047447 -0.332938637029764
21.4798642422638 -0.303005180306876
21.4951756797829 -0.272769681430606
21.510487117302 -0.24226227980378
21.5257985548211 -0.211513385867816
21.5411099923402 -0.1805536507889
21.5564214298593 -0.149413935904259
21.5717328673784 -0.118125281958906
21.5870443048975 -0.0867188781635496
21.6023557424166 -0.0552260311045073
21.6176671799357 -0.0236781335366237
21.6329786174548 0.00789336690971309
21.6482900549739 0.0394569990762523
21.663601492493 0.0709812996480149
21.6789129300121 0.102434844516612
21.6942243675312 0.133786280104477
21.7095358050503 0.165004354618797
21.7248472425693 0.196057949203975
21.7401586800884 0.226916108961587
21.7554701176075 0.2575480738069
21.7707815551266 0.28792330913117
21.7860929926457 0.318011536239241
21.8014044301648 0.347782762531985
21.8167158676839 0.377207311403578
21.832027305203 0.40625585182379
21.8473387427221 0.434899427575794
21.8626501802412 0.463109486120348
21.8779616177603 0.490857907057594
21.8932730552794 0.518117030158077
21.9085844927985 0.54485968293507
21.9238959303176 0.571059207730694
21.9392073678367 0.596689488288854
21.9545188053558 0.621724975788494
21.9698302428749 0.646140714311208
21.985141680394 0.669912365717853
22.0004531179131 0.693016233909335
22.0157645554322 0.715429288447374
22.0310759929513 0.737129187511781
22.0463874304704 0.758094300171247
22.0616988679894 0.778303727945531
22.0770103055085 0.79773732563752
22.0923217430276 0.8163757214144
22.1076331805467 0.834200336117918
22.1229446180658 0.851193401784495
22.1382560555849 0.867337979356715
22.153567493104 0.882617975568546
22.1688789306231 0.897018158987463
22.1841903681422 0.910524175197462
22.1995018056613 0.92312256110786
22.2148132431804 0.934800758373597
22.2301246806995 0.945547125913666
22.2454361182186 0.955350951515194
22.2607475557377 0.964202462511611
22.2760589932568 0.972092835524256
22.2913704307759 0.979014205257715
22.306681868295 0.984959672340111
22.3219933058141 0.989923310200557
22.3373047433332 0.993900170976888
22.3526161808523 0.996886290447793
22.3679276183714 0.998878691984444
22.3832390558905 0.999875389517657
22.3985504934095 0.999875389517657
22.4138619309286 0.998878691984444
22.4291733684477 0.996886290447793
22.4444848059668 0.993900170976888
22.4597962434859 0.989923310200557
22.475107681005 0.984959672340111
22.4904191185241 0.979014205257715
22.5057305560432 0.972092835524258
22.5210419935623 0.964202462511611
22.5363534310814 0.955350951515194
22.5516648686005 0.945547125913666
22.5669763061196 0.934800758373598
22.5822877436387 0.92312256110786
22.5975991811578 0.910524175197462
22.6129106186769 0.897018158987463
22.628222056196 0.882617975568547
22.6435334937151 0.867337979356715
22.6588449312342 0.851193401784495
22.6741563687533 0.834200336117918
22.6894678062724 0.8163757214144
22.7047792437915 0.79773732563752
22.7200906813106 0.778303727945531
22.7354021188296 0.758094300171247
22.7507135563487 0.737129187511781
22.7660249938678 0.715429288447374
22.7813364313869 0.693016233909329
22.796647868906 0.669912365717853
22.8119593064251 0.646140714311208
22.8272707439442 0.621724975788494
22.8425821814633 0.596689488288854
22.8578936189824 0.571059207730694
22.8732050565015 0.54485968293507
22.8885164940206 0.518117030158077
22.9038279315397 0.490857907057594
22.9191393690588 0.463109486120348
22.9344508065779 0.434899427575794
22.949762244097 0.40625585182379
22.9650736816161 0.377207311403578
22.9803851191352 0.347782762531985
22.9956965566543 0.318011536239241
23.0110079941734 0.28792330913117
23.0263194316925 0.257548073806893
23.0416308692116 0.226916108961587
23.0569423067307 0.196057949203975
23.0722537442497 0.165004354618797
23.0875651817688 0.133786280104478
23.1028766192879 0.102434844516612
23.118188056807 0.0709812996480153
23.1334994943261 0.0394569990762527
23.1488109318452 0.00789336690971378
23.1641223693643 -0.023678133536623
23.1794338068834 -0.0552260311045066
23.1947452444025 -0.0867188781635496
23.2100566819216 -0.118125281958906
23.2253681194407 -0.149413935904259
23.2406795569598 -0.180553650788899
23.2559909944789 -0.211513385867816
23.271302431998 -0.242262279803779
23.2866138695171 -0.2727696814306
23.3019253070362 -0.303005180306876
23.3172367445553 -0.332938637029764
23.3325481820744 -0.362540213278626
23.3478596195935 -0.391780401558495
23.3631710571126 -0.420630054613785
23.3784824946317 -0.449060414482921
23.3937939321508 -0.47704314116489
23.4091053696698 -0.504550340869177
23.4244168071889 -0.531554593820901
23.439728244708 -0.558028981593439
23.4550396822271 -0.583947113941304
23.4703511197462 -0.609283155106515
23.4856625572653 -0.634011849572236
23.5009739947844 -0.658108547238035
23.5162854323035 -0.681549227991631
23.5315968698226 -0.704310525652674
23.5469083073417 -0.726369751264641
23.5622197448608 -0.74770491571171
23.5775311823799 -0.768294751637972
23.592842619899 -0.788118734647193
23.6081540574181 -0.807157103761986
23.6234654949372 -0.825390881121976
23.6387769324563 -0.842801890901351
23.6540883699754 -0.859372777426912
23.6693998074945 -0.875087022478594
23.6847112450136 -0.88992896175518
23.7000226825327 -0.903883800488823
23.7153341200518 -0.916937628192788
23.7306455575709 -0.92907743252773
23.7459569950899 -0.940291112272675
23.761268432609 -0.950567489387782
23.7765798701281 -0.959896320156856
23.7918913076472 -0.968268305398506
23.8072027451663 -0.975675099735774
23.8225141826854 -0.982109319914981
23.8378256202045 -0.987564552165524
23.8531370577236 -0.992035358593258
23.8684484952427 -0.995517282601106
23.8837599327618 -0.998006853331493
23.8990713702809 -0.999501589126174
23.9143828078 -1
23.9298884218312 -0.999501589126174
23.9453940358623 -0.998006853331493
23.9608996498935 -0.995517282601106
23.9764052639246 -0.992035358593258
23.9919108779558 -0.987564552165524
24.0074164919869 -0.98210931991498
24.0229221060181 -0.975675099735774
24.0384277200492 -0.968268305398507
24.0539333340804 -0.959896320156857
24.0694389481116 -0.950567489387783
24.0849445621427 -0.940291112272675
24.1004501761739 -0.92907743252773
24.115955790205 -0.916937628192789
24.1314614042362 -0.903883800488823
24.1469670182673 -0.88992896175518
24.1624726322985 -0.875087022478593
24.1779782463296 -0.859372777426912
24.1934838603608 -0.84280189090135
24.208989474392 -0.825390881121976
24.2244950884231 -0.807157103761985
24.2400007024543 -0.788118734647192
24.2555063164854 -0.76829475163797
24.2710119305166 -0.747704915711708
24.2865175445477 -0.726369751264639
24.3020231585789 -0.704310525652671
24.31752877261 -0.681549227991633
24.3330343866412 -0.658108547238037
24.3485400006724 -0.634011849572238
24.3640456147035 -0.609283155106516
24.3795512287347 -0.583947113941305
24.3950568427658 -0.558028981593439
24.410562456797 -0.531554593820901
24.4260680708281 -0.504550340869176
24.4415736848593 -0.477043141164889
24.4570792988905 -0.449060414482919
24.4725849129216 -0.420630054613783
24.4880905269528 -0.391780401558492
24.5035961409839 -0.362540213278623
24.5191017550151 -0.33293863702976
24.5346073690462 -0.303005180306871
24.5501129830774 -0.272769681430602
24.5656185971085 -0.242262279803782
24.5811242111397 -0.211513385867818
24.5966298251709 -0.180553650788901
24.612135439202 -0.149413935904259
24.6276410532332 -0.118125281958906
24.6431466672643 -0.0867188781635492
24.6586522812955 -0.0552260311045064
24.6741578953266 -0.0236781335366223
24.6896635093578 0.00789336690971509
24.7051691233889 0.0394569990762547
24.7206747374201 0.0709812996480178
24.7361803514513 0.102434844516615
24.7516859654824 0.133786280104481
24.7671915795136 0.165004354618801
24.7826971935447 0.19605794920398
24.7982028075759 0.226916108961592
24.813708421607 0.257548073806899
24.8292140356382 0.287923309131169
24.8447196496693 0.31801153623924
24.8602252637005 0.347782762531984
24.8757308777317 0.377207311403578
24.8912364917628 0.406255851823791
24.906742105794 0.434899427575795
24.9222477198251 0.46310948612035
24.9377533338563 0.490857907057596
24.9532589478874 0.518117030158079
24.9687645619186 0.544859682935072
24.9842701759497 0.571059207730697
24.9997757899809 0.596689488288858
25.0152814040121 0.621724975788497
25.0307870180432 0.646140714311212
25.0462926320744 0.669912365717857
25.0617982461055 0.693016233909334
25.0773038601367 0.715429288447373
25.0928094741678 0.737129187511781
25.108315088199 0.758094300171247
25.1238207022302 0.778303727945532
25.1393263162613 0.797737325637521
25.1548319302925 0.816375721414401
25.1703375443236 0.834200336117919
25.1858431583548 0.851193401784496
25.2013487723859 0.867337979356716
25.2168543864171 0.882617975568548
25.2323600004482 0.897018158987465
25.2478656144794 0.910524175197463
25.2633712285106 0.923122561107862
25.2788768425417 0.934800758373597
25.2943824565729 0.945547125913666
25.309888070604 0.955350951515194
25.3253936846352 0.964202462511611
25.3408992986663 0.972092835524256
25.3564049126975 0.979014205257714
25.3719105267286 0.98495967234011
25.3874161407598 0.989923310200557
25.402921754791 0.993900170976887
25.4184273688221 0.996886290447793
25.4339329828533 0.998878691984443
25.4494385968844 0.999875389517657
25.4649442109156 0.999875389517657
25.4804498249467 0.998878691984444
25.4959554389779 0.996886290447793
25.511461053009 0.993900170976888
25.5269666670402 0.989923310200558
25.5424722810714 0.984959672340111
25.5579778951025 0.979014205257715
25.5734835091337 0.972092835524258
25.5889891231648 0.964202462511613
25.604494737196 0.955350951515196
25.6200003512271 0.945547125913668
25.6355059652583 0.9348007583736
25.6510115792894 0.923122561107862
25.6665171933206 0.910524175197464
25.6820228073518 0.897018158987465
25.6975284213829 0.882617975568548
25.7130340354141 0.867337979356716
25.7285396494452 0.851193401784496
25.7440452634764 0.834200336117919
25.7595508775075 0.816375721414401
25.7750564915387 0.797737325637521
25.7905621055698 0.778303727945532
25.806067719601 0.758094300171247
25.8215733336322 0.737129187511781
25.8370789476633 0.715429288447373
25.8525845616945 0.693016233909334
25.8680901757256 0.669912365717857
25.8835957897568 0.646140714311212
25.8991014037879 0.621724975788497
25.9146070178191 0.596689488288858
25.9301126318502 0.571059207730697
25.9456182458814 0.544859682935073
25.9611238599126 0.51811703015808
25.9766294739437 0.490857907057596
25.9921350879749 0.46310948612035
26.007640702006 0.434899427575796
26.0231463160372 0.406255851823791
26.0386519300683 0.377207311403578
26.0541575440995 0.347782762531985
26.0696631581307 0.31801153623924
26.0851687721618 0.287923309131168
26.100674386193 0.257548073806899
26.1161800002241 0.226916108961592
26.1316856142553 0.196057949203981
26.1471912282864 0.165004354618802
26.1626968423176 0.133786280104481
26.1782024563487 0.102434844516615
26.1937080703799 0.070981299648018
26.2092136844111 0.0394569990762545
26.2247192984422 0.00789336690971555
26.2402249124734 -0.0236781335366221
26.2557305265045 -0.0552260311045057
26.2712361405357 -0.0867188781635487
26.2867417545668 -0.118125281958906
26.302247368598 -0.14941393590426
26.3177529826291 -0.1805536507889
26.3332585966603 -0.211513385867818
26.3487642106915 -0.242262279803781
26.3642698247226 -0.272769681430601
26.3797754387538 -0.303005180306871
26.3952810527849 -0.33293863702976
26.4107866668161 -0.362540213278623
26.4262922808472 -0.391780401558492
26.4417978948784 -0.420630054613783
26.4573035089095 -0.449060414482919
26.4728091229407 -0.477043141164888
26.4883147369719 -0.504550340869176
26.503820351003 -0.5315545938209
26.5193259650342 -0.558028981593439
26.5348315790653 -0.583947113941305
26.5503371930965 -0.609283155106515
26.5658428071276 -0.634011849572238
26.5813484211588 -0.658108547238037
26.5968540351899 -0.681549227991633
26.6123596492211 -0.704310525652672
26.6278652632523 -0.726369751264639
26.6433708772834 -0.747704915711709
26.6588764913146 -0.76829475163797
26.6743821053457 -0.788118734647192
26.6898877193769 -0.807157103761985
26.705393333408 -0.825390881121976
26.7208989474392 -0.84280189090135
26.7364045614704 -0.859372777426911
26.7519101755015 -0.875087022478593
26.7674157895327 -0.88992896175518
26.7829214035638 -0.903883800488823
26.798427017595 -0.916937628192788
26.8139326316261 -0.92907743252773
26.8294382456573 -0.940291112272676
26.8449438596884 -0.950567489387783
26.8604494737196 -0.959896320156857
26.8759550877508 -0.968268305398507
26.8914607017819 -0.975675099735774
26.9069663158131 -0.98210931991498
26.9224719298442 -0.987564552165524
26.9379775438754 -0.992035358593258
26.9534831579065 -0.995517282601106
26.9689887719377 -0.998006853331493
26.9844943859688 -0.999501589126174
27 -1
