0 -1
0.00702622536532663 -0.999501589126174
0.0140524507306533 -0.998006853331493
0.0210786760959799 -0.995517282601106
0.0281049014613065 -0.992035358593258
0.0351311268266332 -0.987564552165524
0.0421573521919598 -0.98210931991498
0.0491835775572864 -0.975675099735774
0.0562098029226131 -0.968268305398507
0.0632360282879397 -0.959896320156857
0.0702622536532663 -0.950567489387783
0.077288479018593 -0.940291112272676
0.0843147043839196 -0.929077432527731
0.0913409297492462 -0.916937628192789
0.0983671551145728 -0.903883800488824
0.105393380479899 -0.88992896175518
0.112419605845226 -0.875087022478594
0.119445831210553 -0.859372777426912
0.126472056575879 -0.842801890901351
0.133498281941206 -0.825390881121976
0.140524507306533 -0.807157103761985
0.147550732671859 -0.788118734647192
0.154576958037186 -0.768294751637971
0.161603183402513 -0.747704915711709
0.168629408767839 -0.726369751264639
0.175655634133166 -0.704310525652672
0.182681859498492 -0.681549227991634
0.189708084863819 -0.658108547238038
0.196734310229146 -0.634011849572239
0.203760535594472 -0.609283155106517
0.210786760959799 -0.583947113941306
0.217812986325126 -0.55802898159344
0.224839211690452 -0.531554593820901
0.231865437055779 -0.504550340869177
0.238891662421106 -0.47704314116489
0.245917887786432 -0.44906041448292
0.252944113151759 -0.420630054613784
0.259970338517085 -0.391780401558493
0.266996563882412 -0.362540213278625
0.274022789247739 -0.332938637029761
0.281049014613065 -0.303005180306873
0.288075239978392 -0.272769681430603
0.295101465343719 -0.242262279803783
0.302127690709045 -0.211513385867819
0.309153916074372 -0.180553650788902
0.316180141439698 -0.149413935904261
0.323206366805025 -0.118125281958908
0.330232592170352 -0.0867188781635507
0.337258817535678 -0.0552260311045084
0.344285042901005 -0.0236781335366241
0.351311268266332 0.00789336690971309
0.358337493631658 0.0394569990762525
0.365363718996985 0.070981299648016
0.372389944362312 0.102434844516613
0.379416169727638 0.133786280104479
0.386442395092965 0.165004354618799
0.393468620458291 0.196057949203978
0.400494845823618 0.22691610896159
0.407521071188945 0.257548073806896
0.414547296554271 0.287923309131166
0.421573521919598 0.318011536239238
0.428599747284925 0.347782762531982
0.435625972650251 0.377207311403576
0.442652198015578 0.406255851823789
0.449678423380905 0.434899427575793
0.456704648746231 0.463109486120348
0.463730874111558 0.490857907057594
0.470757099476884 0.518117030158077
0.477783324842211 0.54485968293507
0.484809550207538 0.571059207730694
0.491835775572864 0.596689488288856
0.498862000938191 0.621724975788495
0.505888226303518 0.64614071431121
0.512914451668844 0.669912365717855
0.519940677034171 0.693016233909331
0.526966902399498 0.715429288447371
0.533993127764824 0.737129187511779
0.541019353130151 0.758094300171245
0.548045578495477 0.77830372794553
0.555071803860804 0.797737325637519
0.562098029226131 0.816375721414399
0.569124254591457 0.834200336117917
0.576150479956784 0.851193401784495
0.583176705322111 0.867337979356715
0.590202930687437 0.882617975568547
0.597229156052764 0.897018158987464
0.60425538141809 0.910524175197462
0.611281606783417 0.923122561107861
0.618307832148744 0.934800758373598
0.62533405751407 0.945547125913667
0.632360282879397 0.955350951515195
0.639386508244724 0.964202462511612
0.64641273361005 0.972092835524257
0.653438958975377 0.979014205257714
0.660465184340704 0.984959672340111
0.66749140970603 0.989923310200557
0.674517635071357 0.993900170976888
0.681543860436683 0.996886290447793
0.68857008580201 0.998878691984444
0.695596311167337 0.999875389517657
0.702622536532663 0.999875389517657
0.70964876189799 0.998878691984444
0.716674987263316 0.996886290447793
0.723701212628643 0.993900170976888
0.73072743799397 0.989923310200557
0.737753663359296 0.984959672340111
0.744779888724623 0.979014205257715
0.75180611408995 0.972092835524257
0.758832339455276 0.964202462511612
0.765858564820603 0.955350951515195
0.77288479018593 0.945547125913667
0.779911015551256 0.934800758373598
0.786937240916583 0.923122561107861
0.79396346628191 0.910524175197462
0.800989691647236 0.897018158987464
0.808015917012563 0.882617975568547
0.815042142377889 0.867337979356715
0.822068367743216 0.851193401784495
0.829094593108543 0.834200336117918
0.836120818473869 0.816375721414399
0.843147043839196 0.79773732563752
0.850173269204523 0.77830372794553
0.857199494569849 0.758094300171246
0.864225719935176 0.737129187511779
0.871251945300502 0.715429288447371
0.878278170665829 0.693016233909332
0.885304396031156 0.669912365717855
0.892330621396482 0.64614071431121
0.899356846761809 0.621724975788495
0.906383072127136 0.596689488288856
0.913409297492462 0.571059207730695
0.920435522857789 0.544859682935071
0.927461748223116 0.518117030158078
0.934487973588442 0.490857907057594
0.941514198953769 0.463109486120348
0.948540424319095 0.434899427575792
0.955566649684422 0.406255851823789
0.962592875049749 0.377207311403576
0.969619100415075 0.347782762531983
0.976645325780402 0.318011536239239
0.983671551145729 0.287923309131167
0.990697776511055 0.257548073806897
0.997724001876382 0.22691610896159
1.00475022724171 0.196057949203978
1.01177645260704 0.165004354618799
1.01880267797236 0.133786280104479
1.02582890333769 0.102434844516613
1.03285512870301 0.0709812996480162
1.03988135406834 0.0394569990762536
1.04690757943367 0.00789336690971378
1.053933804799 -0.0236781335366239
1.06096003016432 -0.0552260311045084
1.06798625552965 -0.0867188781635505
1.07501248089497 -0.118125281958908
1.0820387062603 -0.14941393590426
1.08906493162563 -0.180553650788901
1.09609115699095 -0.211513385867818
1.10311738235628 -0.242262279803783
1.11014360772161 -0.272769681430603
1.11716983308693 -0.303005180306872
1.12419605845226 -0.332938637029761
1.13122228381759 -0.362540213278624
1.13824850918291 -0.391780401558493
1.14527473454824 -0.420630054613784
1.15230095991357 -0.449060414482921
1.15932718527889 -0.47704314116489
1.16635341064422 -0.504550340869177
1.17337963600955 -0.531554593820901
1.18040586137487 -0.558028981593439
1.1874320867402 -0.583947113941306
1.19445831210553 -0.609283155106517
1.20148453747085 -0.634011849572239
1.20851076283618 -0.658108547238037
1.21553698820151 -0.681549227991634
1.22256321356683 -0.704310525652672
1.22958943893216 -0.72636975126464
1.23661566429749 -0.747704915711709
1.24364188966281 -0.768294751637971
1.25066811502814 -0.788118734647192
1.25769434039347 -0.807157103761985
1.26472056575879 -0.825390881121976
1.27174679112412 -0.84280189090135
1.27877301648945 -0.859372777426912
1.28579924185477 -0.875087022478594
1.2928254672201 -0.889928961755181
1.29985169258543 -0.903883800488823
1.30687791795075 -0.916937628192789
1.31390414331608 -0.92907743252773
1.32093036868141 -0.940291112272676
1.32795659404673 -0.950567489387783
1.33498281941206 -0.959896320156857
1.34200904477739 -0.968268305398507
1.34903527014271 -0.975675099735773
1.35606149550804 -0.98210931991498
1.36308772087337 -0.987564552165524
1.37011394623869 -0.992035358593258
1.37714017160402 -0.995517282601106
1.38416639696935 -0.998006853331493
1.39119262233467 -0.999501589126174
1.3982188477 -1
1.41732249880603 -0.999501589126174
1.43642614991206 -0.998006853331493
1.45552980101809 -0.995517282601106
1.47463345212412 -0.992035358593258
1.49373710323015 -0.987564552165524
1.51284075433618 -0.98210931991498
1.53194440544221 -0.975675099735774
1.55104805654824 -0.968268305398507
1.57015170765427 -0.959896320156857
1.5892553587603 -0.950567489387783
1.60835900986633 -0.940291112272676
1.62746266097236 -0.929077432527731
1.64656631207839 -0.916937628192789
1.66566996318442 -0.903883800488824
1.68477361429045 -0.88992896175518
1.70387726539648 -0.875087022478594
1.72298091650251 -0.859372777426912
1.74208456760854 -0.842801890901351
1.76118821871457 -0.825390881121976
1.7802918698206 -0.807157103761985
1.79939552092663 -0.788118734647192
1.81849917203266 -0.768294751637971
1.83760282313869 -0.747704915711709
1.85670647424472 -0.726369751264639
1.87581012535075 -0.704310525652672
1.89491377645678 -0.681549227991634
1.91401742756281 -0.658108547238038
1.93312107866884 -0.634011849572239
1.95222472977487 -0.609283155106517
1.9713283808809 -0.583947113941306
1.99043203198693 -0.55802898159344
2.00953568309296 -0.531554593820901
2.02863933419899 -0.504550340869177
2.04774298530503 -0.47704314116489
2.06684663641106 -0.44906041448292
2.08595028751709 -0.420630054613784
2.10505393862312 -0.391780401558493
2.12415758972915 -0.362540213278624
2.14326124083518 -0.332938637029761
2.16236489194121 -0.303005180306873
2.18146854304724 -0.272769681430603
2.20057219415327 -0.242262279803783
2.2196758452593 -0.211513385867819
2.23877949636533 -0.180553650788902
2.25788314747136 -0.149413935904261
2.27698679857739 -0.118125281958908
2.29609044968342 -0.0867188781635505
2.31519410078945 -0.0552260311045084
2.33429775189548 -0.0236781335366241
2.35340140300151 0.00789336690971331
2.37250505410754 0.0394569990762525
2.39160870521357 0.0709812996480158
2.4107123563196 0.102434844516613
2.42981600742563 0.133786280104479
2.44891965853166 0.165004354618799
2.46802330963769 0.196057949203978
2.48712696074372 0.22691610896159
2.50623061184975 0.257548073806896
2.52533426295578 0.287923309131166
2.54443791406181 0.318011536239238
2.56354156516784 0.347782762531982
2.58264521627387 0.377207311403576
2.6017488673799 0.406255851823789
2.62085251848593 0.434899427575793
2.63995616959196 0.463109486120348
2.65905982069799 0.490857907057594
2.67816347180402 0.518117030158078
2.69726712291005 0.54485968293507
2.71637077401608 0.571059207730694
2.73547442512211 0.596689488288857
2.75457807622814 0.621724975788495
2.77368172733417 0.64614071431121
2.7927853784402 0.669912365717856
2.81188902954623 0.693016233909332
2.83099268065226 0.715429288447371
2.85009633175829 0.737129187511779
2.86919998286432 0.758094300171246
2.88830363397035 0.77830372794553
2.90740728507638 0.797737325637519
2.92651093618241 0.816375721414399
2.94561458728844 0.834200336117917
2.96471823839447 0.851193401784495
2.9838218895005 0.867337979356715
3.00292554060653 0.882617975568547
3.02202919171256 0.897018158987464
3.04113284281859 0.910524175197462
3.06023649392462 0.923122561107861
3.07934014503065 0.934800758373599
3.09844379613668 0.945547125913667
3.11754744724271 0.955350951515195
3.13665109834874 0.964202462511612
3.15575474945477 0.972092835524257
3.1748584005608 0.979014205257714
3.19396205166683 0.98495967234011
3.21306570277286 0.989923310200557
3.23216935387889 0.993900170976888
3.25127300498492 0.996886290447793
3.27037665609095 0.998878691984444
3.28948030719698 0.999875389517657
3.30858395830302 0.999875389517657
3.32768760940905 0.998878691984444
3.34679126051508 0.996886290447793
3.36589491162111 0.993900170976888
3.38499856272714 0.989923310200557
3.40410221383317 0.984959672340111
3.4232058649392 0.979014205257715
3.44230951604523 0.972092835524257
3.46141316715126 0.964202462511612
3.48051681825729 0.955350951515195
3.49962046936332 0.945547125913667
3.51872412046935 0.934800758373598
3.53782777157538 0.923122561107861
3.55693142268141 0.910524175197462
3.57603507378744 0.897018158987464
3.59513872489347 0.882617975568547
3.6142423759995 0.867337979356715
3.63334602710553 0.851193401784495
3.65244967821156 0.834200336117918
3.67155332931759 0.816375721414399
3.69065698042362 0.79773732563752
3.70976063152965 0.77830372794553
3.72886428263568 0.758094300171246
3.74796793374171 0.737129187511779
3.76707158484774 0.715429288447371
3.78617523595377 0.693016233909332
3.8052788870598 0.669912365717855
3.82438253816583 0.646140714311209
3.84348618927186 0.621724975788495
3.86258984037789 0.596689488288856
3.88169349148392 0.571059207730695
3.90079714258995 0.54485968293507
3.91990079369598 0.518117030158078
3.93900444480201 0.490857907057595
3.95810809590804 0.463109486120348
3.97721174701407 0.434899427575793
3.9963153981201 0.40625585182379
4.01541904922613 0.377207311403576
4.03452270033216 0.347782762531983
4.05362635143819 0.318011536239238
4.07273000254422 0.287923309131167
4.09183365365025 0.257548073806896
4.11093730475628 0.22691610896159
4.13004095586231 0.196057949203978
4.14914460696834 0.165004354618799
4.16824825807437 0.13378628010448
4.1873519091804 0.102434844516614
4.20645556028643 0.0709812996480153
4.22555921139246 0.0394569990762527
4.24466286249849 0.00789336690971378
4.26376651360452 -0.0236781335366247
4.28287016471055 -0.0552260311045066
4.30197381581658 -0.0867188781635505
4.32107746692261 -0.118125281958909
4.34018111802864 -0.149413935904261
4.35928476913467 -0.180553650788902
4.3783884202407 -0.211513385867819
4.39749207134673 -0.242262279803783
4.41659572245276 -0.272769681430602
4.43569937355879 -0.303005180306873
4.45480302466482 -0.33293863702976
4.47390667577085 -0.362540213278624
4.49301032687688 -0.391780401558494
4.51211397798291 -0.420630054613784
4.53121762908894 -0.44906041448292
4.55032128019498 -0.47704314116489
4.569424931301 -0.504550340869176
4.58852858240703 -0.531554593820901
4.60763223351307 -0.55802898159344
4.6267358846191 -0.583947113941306
4.64583953572513 -0.609283155106516
4.66494318683116 -0.634011849572239
4.68404683793719 -0.658108547238037
4.70315048904322 -0.681549227991633
4.72225414014925 -0.704310525652672
4.74135779125528 -0.726369751264639
4.76046144236131 -0.747704915711709
4.77956509346734 -0.768294751637971
4.79866874457337 -0.788118734647193
4.8177723956794 -0.807157103761985
4.83687604678543 -0.825390881121976
4.85597969789146 -0.84280189090135
4.87508334899749 -0.859372777426911
4.89418700010352 -0.875087022478594
4.91329065120955 -0.88992896175518
4.93239430231558 -0.903883800488823
4.95149795342161 -0.916937628192789
4.97060160452764 -0.92907743252773
4.98970525563367 -0.940291112272675
5.0088089067397 -0.950567489387783
5.02791255784573 -0.959896320156857
5.04701620895176 -0.968268305398507
5.06611986005779 -0.975675099735774
5.08522351116382 -0.98210931991498
5.10432716226985 -0.987564552165524
5.12343081337588 -0.992035358593258
5.14253446448191 -0.995517282601106
5.16163811558794 -0.998006853331493
5.18074176669397 -0.999501589126174
5.1998454178 -1
5.20674270042663 -0.999501589126174
5.21363998305327 -0.998006853331493
5.2205372656799 -0.995517282601106
5.22743454830653 -0.992035358593258
5.23433183093317 -0.987564552165524
5.2412291135598 -0.982109319914981
5.24812639618643 -0.975675099735773
5.25502367881306 -0.968268305398508
5.2619209614397 -0.959896320156857
5.26881824406633 -0.950567489387783
5.27571552669296 -0.940291112272675
5.2826128093196 -0.929077432527731
5.28951009194623 -0.916937628192789
5.29640737457286 -0.903883800488824
5.3033046571995 -0.88992896175518
5.31020193982613 -0.875087022478593
5.31709922245276 -0.859372777426912
5.3239965050794 -0.84280189090135
5.33089378770603 -0.825390881121976
5.33779107033266 -0.807157103761984
5.3446883529593 -0.788118734647193
5.35158563558593 -0.76829475163797
5.35848291821256 -0.74770491571171
5.3653802008392 -0.726369751264639
5.37227748346583 -0.704310525652673
5.37917476609246 -0.681549227991633
5.38607204871909 -0.658108547238039
5.39296933134573 -0.634011849572238
5.39986661397236 -0.609283155106518
5.40676389659899 -0.583947113941306
5.41366117922563 -0.558028981593439
5.42055846185226 -0.531554593820902
5.42745574447889 -0.504550340869176
5.43435302710553 -0.47704314116489
5.44125030973216 -0.449060414482919
5.44814759235879 -0.420630054613785
5.45504487498543 -0.391780401558492
5.46194215761206 -0.362540213278625
5.46883944023869 -0.33293863702976
5.47573672286533 -0.303005180306874
5.48263400549196 -0.272769681430603
5.48953128811859 -0.242262279803785
5.49642857074523 -0.211513385867819
5.50332585337186 -0.180553650788904
5.51022313599849 -0.149413935904261
5.51712041862513 -0.118125281958906
5.52401770125176 -0.0867188781635509
5.53091498387839 -0.0552260311045064
5.53781226650502 -0.0236781335366243
5.54470954913166 0.00789336690971464
5.55160683175829 0.039456999076252
5.55850411438492 0.0709812996480169
5.56540139701156 0.102434844516612
5.57229867963819 0.13378628010448
5.57919596226482 0.165004354618798
5.58609324489146 0.196057949203979
5.59299052751809 0.226916108961589
5.59988781014472 0.257548073806897
5.60678509277136 0.287923309131165
5.61368237539799 0.318011536239238
5.62057965802462 0.34778276253198
5.62747694065126 0.377207311403576
5.63437422327789 0.40625585182379
5.64127150590452 0.434899427575793
5.64816878853116 0.463109486120349
5.65506607115779 0.490857907057593
5.66196335378442 0.518117030158078
5.66886063641105 0.544859682935069
5.67575791903769 0.571059207730696
5.68265520166432 0.596689488288855
5.68955248429095 0.621724975788496
5.69644976691759 0.646140714311209
5.70334704954422 0.669912365717856
5.71024433217085 0.69301623390933
5.71714161479749 0.715429288447371
5.72403889742412 0.73712918751178
5.73093618005075 0.758094300171245
5.73783346267739 0.778303727945529
5.74473074530402 0.797737325637519
5.75162802793065 0.8163757214144
5.75852531055729 0.834200336117917
5.76542259318392 0.851193401784495
5.77231987581055 0.867337979356714
5.77921715843719 0.882617975568547
5.78611444106382 0.897018158987463
5.79301172369045 0.910524175197463
5.79990900631709 0.92312256110786
5.80680628894372 0.934800758373599
5.81370357157035 0.945547125913667
5.82060085419698 0.955350951515195
5.82749813682362 0.964202462511611
5.83439541945025 0.972092835524257
5.84129270207688 0.979014205257715
5.84818998470352 0.98495967234011
5.85508726733015 0.989923310200557
5.86198454995678 0.993900170976888
5.86888183258342 0.996886290447793
5.87577911521005 0.998878691984444
5.88267639783668 0.999875389517657
5.88957368046332 0.999875389517657
5.89647096308995 0.998878691984444
5.90336824571658 0.996886290447793
5.91026552834322 0.993900170976888
5.91716281096985 0.989923310200557
5.92406009359648 0.984959672340111
5.93095737622312 0.979014205257714
5.93785465884975 0.972092835524257
5.94475194147638 0.964202462511612
5.95164922410302 0.955350951515195
5.95854650672965 0.945547125913667
5.96544378935628 0.934800758373599
5.97234107198291 0.92312256110786
5.97923835460955 0.910524175197463
5.98613563723618 0.897018158987463
5.99303291986281 0.882617975568548
5.99993020248945 0.867337979356714
6.00682748511608 0.851193401784495
6.01372476774271 0.834200336117917
6.02062205036935 0.8163757214144
6.02751933299598 0.797737325637519
6.03441661562261 0.778303727945531
6.04131389824925 0.758094300171246
6.04821118087588 0.737129187511778
6.05510846350251 0.715429288447371
6.06200574612915 0.693016233909334
6.06890302875578 0.669912365717856
6.07580031138241 0.646140714311209
6.08269759400905 0.621724975788496
6.08959487663568 0.596689488288855
6.09649215926231 0.571059207730696
6.10338944188894 0.54485968293507
6.11028672451558 0.518117030158079
6.11718400714221 0.490857907057594
6.12408128976884 0.463109486120349
6.13097857239548 0.434899427575793
6.13787585502211 0.406255851823791
6.14477313764874 0.377207311403576
6.15167042027538 0.347782762531985
6.15856770290201 0.318011536239239
6.16546498552864 0.287923309131165
6.17236226815528 0.257548073806897
6.17925955078191 0.226916108961589
6.18615683340854 0.196057949203979
6.19305411603518 0.165004354618798
6.19995139866181 0.13378628010448
6.20684868128844 0.102434844516612
6.21374596391508 0.0709812996480171
6.22064324654171 0.0394569990762518
6.22754052916834 0.00789336690971111
6.23443781179498 -0.0236781335366239
6.24133509442161 -0.0552260311045066
6.24823237704824 -0.0867188781635505
6.25512965967487 -0.11812528195891
6.26202694230151 -0.14941393590426
6.26892422492814 -0.180553650788904
6.27582150755477 -0.211513385867818
6.28271879018141 -0.242262279803785
6.28961607280804 -0.272769681430602
6.29651335543467 -0.303005180306873
6.30341063806131 -0.33293863702976
6.31030792068794 -0.362540213278625
6.31720520331457 -0.391780401558492
6.32410248594121 -0.420630054613784
6.33099976856784 -0.449060414482918
6.33789705119447 -0.47704314116489
6.34479433382111 -0.504550340869179
6.35169161644774 -0.531554593820902
6.35858889907437 -0.558028981593438
6.36548618170101 -0.583947113941306
6.37238346432764 -0.609283155106518
6.37928074695427 -0.634011849572238
6.3861780295809 -0.658108547238035
6.39307531220754 -0.681549227991633
6.39997259483417 -0.704310525652673
6.4068698774608 -0.726369751264639
6.41376716008744 -0.74770491571171
6.42066444271407 -0.76829475163797
6.4275617253407 -0.788118734647193
6.43445900796734 -0.807157103761985
6.44135629059397 -0.825390881121976
6.4482535732206 -0.842801890901349
6.45515085584724 -0.859372777426912
6.46204813847387 -0.875087022478595
6.4689454211005 -0.88992896175518
6.47584270372714 -0.903883800488822
6.48273998635377 -0.916937628192789
6.4896372689804 -0.929077432527731
6.49653455160704 -0.940291112272675
6.50343183423367 -0.950567489387783
6.5103291168603 -0.959896320156857
6.51722639948694 -0.968268305398507
6.52412368211357 -0.975675099735773
6.5310209647402 -0.98210931991498
6.53791824736683 -0.987564552165524
6.54481552999347 -0.992035358593258
6.5517128126201 -0.995517282601106
6.55861009524673 -0.998006853331493
6.56550737787337 -0.999501589126174
6.5724046605 -1
6.59146384671859 -0.999501589126174
6.61052303293719 -0.998006853331493
6.62958221915578 -0.995517282601106
6.64864140537437 -0.992035358593258
6.66770059159296 -0.987564552165524
6.68675977781156 -0.98210931991498
6.70581896403015 -0.975675099735774
6.72487815024874 -0.968268305398507
6.74393733646734 -0.959896320156857
6.76299652268593 -0.950567489387783
6.78205570890452 -0.940291112272676
6.80111489512312 -0.929077432527731
6.82017408134171 -0.916937628192788
6.8392332675603 -0.903883800488823
6.85829245377889 -0.88992896175518
6.87735163999749 -0.875087022478593
6.89641082621608 -0.859372777426912
6.91547001243467 -0.84280189090135
6.93452919865327 -0.825390881121976
6.95358838487186 -0.807157103761985
6.97264757109045 -0.788118734647192
6.99170675730905 -0.768294751637971
7.01076594352764 -0.747704915711709
7.02982512974623 -0.726369751264639
7.04888431596482 -0.704310525652672
7.06794350218342 -0.681549227991634
7.08700268840201 -0.658108547238038
7.1060618746206 -0.634011849572239
7.1251210608392 -0.609283155106517
7.14418024705779 -0.583947113941306
7.16323943327638 -0.558028981593441
7.18229861949497 -0.531554593820902
7.20135780571357 -0.504550340869178
7.22041699193216 -0.47704314116489
7.23947617815075 -0.449060414482921
7.25853536436935 -0.420630054613784
7.27759455058794 -0.391780401558493
7.29665373680653 -0.362540213278624
7.31571292302513 -0.332938637029761
7.33477210924372 -0.303005180306872
7.35383129546231 -0.272769681430603
7.3728904816809 -0.242262279803783
7.3919496678995 -0.211513385867819
7.41100885411809 -0.180553650788902
7.43006804033668 -0.149413935904261
7.44912722655528 -0.118125281958908
7.46818641277387 -0.0867188781635507
7.48724559899246 -0.0552260311045079
7.50630478521106 -0.0236781335366241
7.52536397142965 0.00789336690971309
7.54442315764824 0.0394569990762527
7.56348234386683 0.0709812996480158
7.58254153008543 0.102434844516613
7.60160071630402 0.133786280104479
7.62065990252261 0.165004354618799
7.63971908874121 0.196057949203978
7.6587782749598 0.22691610896159
7.67783746117839 0.257548073806896
7.69689664739698 0.287923309131166
7.71595583361558 0.318011536239238
7.73501501983417 0.347782762531982
7.75407420605276 0.377207311403575
7.77313339227136 0.406255851823788
7.79219257848995 0.434899427575792
7.81125176470854 0.463109486120347
7.83031095092714 0.490857907057594
7.84937013714573 0.518117030158078
7.86842932336432 0.54485968293507
7.88748850958291 0.571059207730695
7.90654769580151 0.596689488288856
7.9256068820201 0.621724975788495
7.94466606823869 0.64614071431121
7.96372525445729 0.669912365717855
7.98278444067588 0.693016233909332
8.00184362689447 0.715429288447372
8.02090281311307 0.73712918751178
8.03996199933166 0.758094300171246
8.05902118555025 0.778303727945529
8.07808037176884 0.79773732563752
8.09713955798744 0.8163757214144
8.11619874420603 0.834200336117918
8.13525793042462 0.851193401784495
8.15431711664322 0.867337979356715
8.17337630286181 0.882617975568547
8.1924354890804 0.897018158987464
8.211494675299 0.910524175197462
8.23055386151759 0.923122561107861
8.24961304773618 0.934800758373599
8.26867223395477 0.945547125913667
8.28773142017337 0.955350951515195
8.30679060639196 0.964202462511612
8.32584979261055 0.972092835524257
8.34490897882915 0.979014205257715
8.36396816504774 0.984959672340111
8.38302735126633 0.989923310200557
8.40208653748492 0.993900170976888
8.42114572370352 0.996886290447793
8.44020490992211 0.998878691984444
8.4592640961407 0.999875389517657
8.4783232823593 0.999875389517657
8.49738246857789 0.998878691984444
8.51644165479648 0.996886290447793
8.53550084101508 0.993900170976888
8.55456002723367 0.989923310200557
8.57361921345226 0.984959672340111
8.59267839967085 0.979014205257715
8.61173758588945 0.972092835524257
8.63079677210804 0.964202462511612
8.64985595832663 0.955350951515195
8.66891514454523 0.945547125913667
8.68797433076382 0.934800758373599
8.70703351698241 0.923122561107861
8.726092703201 0.910524175197463
8.7451518894196 0.897018158987464
8.76421107563819 0.882617975568547
8.78327026185678 0.867337979356715
8.80232944807538 0.851193401784495
8.82138863429397 0.834200336117917
8.84044782051256 0.8163757214144
8.85950700673115 0.79773732563752
8.87856619294975 0.778303727945531
8.89762537916834 0.758094300171245
8.91668456538693 0.73712918751178
8.93574375160553 0.71542928844737
8.95480293782412 0.693016233909333
8.97386212404271 0.669912365717854
8.99292131026131 0.646140714311211
9.0119804964799 0.621724975788495
9.03103968269849 0.596689488288855
9.05009886891709 0.571059207730694
9.06915805513568 0.544859682935073
9.08821724135427 0.518117030158076
9.10727642757286 0.490857907057593
9.12633561379146 0.463109486120347
9.14539480001005 0.434899427575793
9.16445398622864 0.406255851823789
9.18351317244724 0.377207311403576
9.20257235866583 0.347782762531982
9.22163154488442 0.318011536239238
9.24069073110302 0.287923309131167
9.25974991732161 0.257548073806896
9.2788091035402 0.22691610896159
9.29786828975879 0.196057949203978
9.31692747597739 0.165004354618799
9.33598666219598 0.133786280104479
9.35504584841457 0.102434844516613
9.37410503463317 0.0709812996480162
9.39316422085176 0.0394569990762527
9.41222340707035 0.00789336690971378
9.43128259328894 -0.0236781335366239
9.45034177950754 -0.0552260311045084
9.46940096572613 -0.0867188781635505
9.48846015194472 -0.118125281958908
9.50751933816332 -0.14941393590426
9.52657852438191 -0.180553650788902
9.5456377106005 -0.211513385867818
9.5646968968191 -0.242262279803783
9.58375608303769 -0.272769681430602
9.60281526925628 -0.303005180306872
9.62187445547487 -0.332938637029761
9.64093364169347 -0.362540213278624
9.65999282791206 -0.391780401558493
9.67905201413065 -0.420630054613786
9.69811120034925 -0.449060414482919
9.71717038656784 -0.477043141164888
9.73622957278643 -0.504550340869176
9.75528875900502 -0.531554593820901
9.77434794522362 -0.558028981593439
9.79340713144221 -0.583947113941307
9.8124663176608 -0.609283155106515
9.8315255038794 -0.634011849572238
9.85058469009799 -0.658108547238036
9.86964387631658 -0.681549227991635
9.88870306253518 -0.704310525652673
9.90776224875377 -0.72636975126464
9.92682143497236 -0.747704915711708
9.94588062119096 -0.768294751637971
9.96493980740955 -0.788118734647191
9.98399899362814 -0.807157103761986
10.0030581798467 -0.825390881121977
10.0221173660653 -0.842801890901351
10.0411765522839 -0.859372777426911
10.0602357385025 -0.875087022478594
10.0792949247211 -0.889928961755181
10.0983541109397 -0.903883800488824
10.1174132971583 -0.916937628192789
10.1364724833769 -0.929077432527731
10.1555316695955 -0.940291112272676
10.1745908558141 -0.950567489387783
10.1936500420327 -0.959896320156857
10.2127092282513 -0.968268305398507
10.2317684144698 -0.975675099735774
10.2508276006884 -0.98210931991498
10.269886786907 -0.987564552165524
10.2889459731256 -0.992035358593258
10.3080051593442 -0.995517282601106
10.3270643455628 -0.998006853331493
10.3461235317814 -0.999501589126174
10.365182718 -1
10.3722701582945 -0.999501589126174
10.3793575985889 -0.998006853331493
10.3864450388834 -0.995517282601106
10.3935324791779 -0.992035358593258
10.4006199194724 -0.987564552165523
10.4077073597668 -0.982109319914981
10.4147948000613 -0.975675099735773
10.4218822403558 -0.968268305398508
10.4289696806503 -0.959896320156857
10.4360571209447 -0.950567489387784
10.4431445612392 -0.940291112272676
10.4502320015337 -0.929077432527729
10.4573194418281 -0.916937628192789
10.4644068821226 -0.903883800488822
10.4714943224171 -0.889928961755181
10.4785817627116 -0.875087022478593
10.485669203006 -0.859372777426913
10.4927566433005 -0.84280189090135
10.499844083595 -0.825390881121978
10.5069315238894 -0.807157103761985
10.5140189641839 -0.788118734647195
10.5211064044784 -0.768294751637971
10.5281938447729 -0.747704915711707
10.5352812850673 -0.72636975126464
10.5423687253618 -0.70431052565267
10.5494561656563 -0.681549227991635
10.5565436059508 -0.658108547238036
10.5636310462452 -0.634011849572241
10.5707184865397 -0.609283155106516
10.5778059268342 -0.583947113941309
10.5848933671286 -0.55802898159344
10.5919808074231 -0.531554593820898
10.5990682477176 -0.504550340869178
10.6061556880121 -0.477043141164887
10.6132431283065 -0.449060414482921
10.620330568601 -0.420630054613782
10.6274180088955 -0.391780401558495
10.6345054491899 -0.362540213278623
10.6415928894844 -0.332938637029764
10.6486803297789 -0.303005180306872
10.6557677700734 -0.272769681430607
10.6628552103678 -0.242262279803783
10.6699426506623 -0.211513385867816
10.6770300909568 -0.180553650788903
10.6841175312513 -0.149413935904258
10.6912049715457 -0.11812528195891
10.6982924118402 -0.0867188781635487
10.7053798521347 -0.0552260311045104
10.7124672924291 -0.0236781335366228
10.7195547327236 0.0078933669097102
10.7266421730181 0.0394569990762531
10.7337296133126 0.0709812996480122
10.740817053607 0.102434844516613
10.7479044939015 0.133786280104482
10.754991934196 0.165004354618798
10.7620793744905 0.196057949203981
10.7691668147849 0.226916108961588
10.7762542550794 0.257548073806898
10.7833416953739 0.287923309131164
10.7904291356683 0.318011536239239
10.7975165759628 0.347782762531979
10.8046040162573 0.377207311403576
10.8116914565518 0.406255851823792
10.8187788968462 0.434899427575793
10.8258663371407 0.46310948612035
10.8329537774352 0.490857907057593
10.8400412177296 0.518117030158079
10.8471286580241 0.544859682935069
10.8542160983186 0.571059207730696
10.8613035386131 0.596689488288854
10.8683909789075 0.621724975788496
10.875478419202 0.646140714311207
10.8825658594965 0.669912365717855
10.889653299791 0.693016233909334
10.8967407400854 0.715429288447371
10.9038281803799 0.737129187511781
10.9109156206744 0.758094300171244
10.9180030609688 0.778303727945531
10.9250905012633 0.797737325637518
10.9321779415578 0.8163757214144
10.9392653818523 0.834200336117916
10.9463528221467 0.851193401784495
10.9534402624412 0.867337979356713
10.9605277027357 0.882617975568547
10.9676151430302 0.897018158987465
10.9747025833246 0.910524175197462
10.9817900236191 0.923122561107862
10.9888774639136 0.934800758373598
10.995964904208 0.945547125913668
11.0030523445025 0.955350951515194
11.010139784797 0.964202462511612
11.0172272250915 0.972092835524256
11.0243146653859 0.979014205257715
11.0314021056804 0.984959672340111
11.0384895459749 0.989923310200557
11.0455769862693 0.993900170976888
11.0526644265638 0.996886290447793
11.0597518668583 0.998878691984444
11.0668393071528 0.999875389517657
11.0739267474472 0.999875389517657
11.0810141877417 0.998878691984444
11.0881016280362 0.996886290447793
11.0951890683307 0.993900170976888
11.1022765086251 0.989923310200557
11.1093639489196 0.984959672340111
11.1164513892141 0.979014205257715
11.1235388295085 0.972092835524256
11.130626269803 0.964202462511612
11.1377137100975 0.955350951515194
11.144801150392 0.945547125913668
11.1518885906864 0.934800758373598
11.1589760309809 0.923122561107862
11.1660634712754 0.910524175197462
11.1731509115698 0.897018158987465
11.1802383518643 0.882617975568547
11.1873257921588 0.867337979356713
11.1944132324533 0.851193401784495
11.2015006727477 0.834200336117916
11.2085881130422 0.8163757214144
11.2156755533367 0.797737325637518
11.2227629936312 0.778303727945531
11.2298504339256 0.758094300171245
11.2369378742201 0.737129187511781
11.2440253145146 0.715429288447371
11.251112754809 0.693016233909335
11.2582001951035 0.669912365717855
11.265287635398 0.646140714311207
11.2723750756925 0.621724975788496
11.2794625159869 0.596689488288854
11.2865499562814 0.571059207730696
11.2936373965759 0.544859682935069
11.3007248368704 0.518117030158079
11.3078122771648 0.490857907057593
11.3148997174593 0.463109486120351
11.3219871577538 0.434899427575793
11.3290745980482 0.406255851823792
11.3361620383427 0.377207311403576
11.3432494786372 0.347782762531979
11.3503369189317 0.31801153623924
11.3574243592261 0.287923309131164
11.3645117995206 0.257548073806898
11.3715992398151 0.226916108961589
11.3786866801095 0.196057949203981
11.385774120404 0.165004354618799
11.3928615606985 0.133786280104483
11.399949000993 0.102434844516613
11.4070364412874 0.0709812996480127
11.4141238815819 0.0394569990762536
11.4212113218764 0.00789336690971022
11.4282987621709 -0.0236781335366221
11.4353862024653 -0.0552260311045101
11.4424736427598 -0.0867188781635487
11.4495610830543 -0.11812528195891
11.4566485233487 -0.149413935904258
11.4637359636432 -0.180553650788902
11.4708234039377 -0.211513385867823
11.4779108442322 -0.242262279803783
11.4849982845266 -0.272769681430607
11.4920857248211 -0.303005180306872
11.4991731651156 -0.332938637029764
11.5062606054101 -0.362540213278623
11.5133480457045 -0.391780401558495
11.520435485999 -0.420630054613782
11.5275229262935 -0.449060414482921
11.5346103665879 -0.477043141164886
11.5416978068824 -0.504550340869178
11.5487852471769 -0.531554593820898
11.5558726874714 -0.55802898159344
11.5629601277658 -0.583947113941309
11.5700475680603 -0.609283155106516
11.5771350083548 -0.63401184957224
11.5842224486492 -0.658108547238036
11.5913098889437 -0.681549227991635
11.5983973292382 -0.704310525652671
11.6054847695327 -0.72636975126464
11.6125722098271 -0.747704915711706
11.6196596501216 -0.768294751637971
11.6267470904161 -0.788118734647195
11.6338345307106 -0.807157103761985
11.640921971005 -0.825390881121978
11.6480094112995 -0.84280189090135
11.655096851594 -0.859372777426913
11.6621842918884 -0.875087022478593
11.6692717321829 -0.889928961755181
11.6763591724774 -0.903883800488822
11.6834466127719 -0.916937628192789
11.6905340530663 -0.929077432527732
11.6976214933608 -0.940291112272675
11.7047089336553 -0.950567489387782
11.7117963739497 -0.959896320156857
11.7188838142442 -0.968268305398508
11.7259712545387 -0.975675099735773
11.7330586948332 -0.982109319914981
11.7401461351276 -0.987564552165523
11.7472335754221 -0.992035358593258
11.7543210157166 -0.995517282601106
11.7614084560111 -0.998006853331493
11.7684958963055 -0.999501589126174
11.7755833366 -1
11.7943357592201 -0.999501589126174
11.8130881818402 -0.998006853331493
11.8318406044603 -0.995517282601106
11.8505930270804 -0.992035358593258
11.8693454497005 -0.987564552165524
11.8880978723206 -0.98210931991498
11.9068502949407 -0.975675099735774
11.9256027175608 -0.968268305398507
11.9443551401809 -0.959896320156857
11.963107562801 -0.950567489387783
11.9818599854211 -0.940291112272675
12.0006124080412 -0.929077432527731
12.0193648306613 -0.916937628192789
12.0381172532814 -0.903883800488823
12.0568696759015 -0.88992896175518
12.0756220985216 -0.875087022478594
12.0943745211417 -0.859372777426911
12.1131269437618 -0.842801890901351
12.1318793663819 -0.825390881121977
12.150631789002 -0.807157103761985
12.1693842116221 -0.788118734647192
12.1881366342422 -0.768294751637971
12.2068890568623 -0.747704915711708
12.2256414794824 -0.726369751264639
12.2443939021025 -0.704310525652673
12.2631463247226 -0.681549227991633
12.2818987473427 -0.658108547238038
12.3006511699628 -0.634011849572239
12.3194035925829 -0.609283155106516
12.338156015203 -0.583947113941306
12.3569084378231 -0.558028981593441
12.3756608604432 -0.531554593820901
12.3944132830633 -0.504550340869177
12.4131657056834 -0.47704314116489
12.4319181283035 -0.449060414482919
12.4506705509236 -0.420630054613784
12.4694229735437 -0.391780401558494
12.4881753961638 -0.362540213278624
12.5069278187839 -0.332938637029761
12.525680241404 -0.303005180306873
12.5444326640241 -0.272769681430602
12.5631850866442 -0.242262279803783
12.5819375092643 -0.21151338586782
12.6006899318844 -0.180553650788901
12.6194423545045 -0.149413935904261
12.6381947771246 -0.118125281958909
12.6569471997447 -0.0867188781635496
12.6756996223648 -0.0552260311045079
12.6944520449849 -0.0236781335366248
12.713204467605 0.00789336690971442
12.7319568902251 0.0394569990762529
12.7507093128452 0.0709812996480151
12.7694617354653 0.102434844516614
12.7882141580854 0.133786280104479
12.8069665807055 0.165004354618798
12.8257190033256 0.196057949203979
12.8444714259457 0.22691610896159
12.8632238485658 0.257548073806896
12.8819762711859 0.287923309131167
12.900728693806 0.318011536239238
12.9194811164261 0.347782762531982
12.9382335390462 0.377207311403577
12.9569859616663 0.406255851823789
12.9757383842864 0.434899427575792
12.9944908069065 0.463109486120349
13.0132432295266 0.490857907057594
13.0319956521467 0.518117030158077
13.0507480747668 0.544859682935069
13.0695004973869 0.571059207730695
13.088252920007 0.596689488288855
13.1070053426271 0.621724975788496
13.1257577652472 0.64614071431121
13.1445101878673 0.669912365717855
13.1632626104874 0.693016233909331
13.1820150331075 0.715429288447371
13.2007674557276 0.737129187511779
13.2195198783477 0.758094300171246
13.2382723009678 0.77830372794553
13.2570247235879 0.797737325637519
13.275777146208 0.816375721414398
13.2945295688281 0.834200336117918
13.3132819914482 0.851193401784494
13.3320344140683 0.867337979356715
13.3507868366884 0.882617975568547
13.3695392593085 0.897018158987463
13.3882916819286 0.910524175197463
13.4070441045487 0.923122561107861
13.4257965271688 0.934800758373598
13.4445489497889 0.945547125913668
13.463301372409 0.955350951515195
13.4820537950291 0.964202462511611
13.5008062176492 0.972092835524257
13.5195586402693 0.979014205257715
13.5383110628894 0.98495967234011
13.5570634855095 0.989923310200557
13.5758159081296 0.993900170976888
13.5945683307497 0.996886290447793
13.6133207533698 0.998878691984444
13.6320731759899 0.999875389517657
13.65082559861 0.999875389517657
13.6695780212302 0.998878691984444
13.6883304438503 0.996886290447793
13.7070828664704 0.993900170976888
13.7258352890905 0.989923310200557
13.7445877117106 0.98495967234011
13.7633401343307 0.979014205257715
13.7820925569508 0.972092835524257
13.8008449795709 0.964202462511612
13.819597402191 0.955350951515195
13.8383498248111 0.945547125913668
13.8571022474312 0.934800758373598
13.8758546700513 0.923122561107861
13.8946070926714 0.910524175197462
13.9133595152915 0.897018158987463
13.9321119379116 0.882617975568547
13.9508643605317 0.867337979356716
13.9696167831518 0.851193401784494
13.9883692057719 0.834200336117918
14.007121628392 0.816375721414398
14.0258740510121 0.797737325637519
14.0446264736322 0.77830372794553
14.0633788962523 0.758094300171247
14.0821313188724 0.737129187511779
14.1008837414925 0.715429288447372
14.1196361641126 0.693016233909331
14.1383885867327 0.669912365717855
14.1571410093528 0.64614071431121
14.1758934319729 0.621724975788497
14.194645854593 0.596689488288856
14.2133982772131 0.571059207730695
14.2321506998332 0.544859682935069
14.2509031224533 0.518117030158077
14.2696555450734 0.490857907057594
14.2884079676935 0.463109486120349
14.3071603903136 0.434899427575792
14.3259128129337 0.406255851823789
14.3446652355538 0.377207311403574
14.3634176581739 0.347782762531982
14.382170080794 0.318011536239239
14.4009225034141 0.287923309131167
14.4196749260342 0.257548073806896
14.4384273486543 0.22691610896159
14.4571797712744 0.196057949203976
14.4759321938945 0.165004354618799
14.4946846165146 0.13378628010448
14.5134370391347 0.102434844516615
14.5321894617548 0.0709812996480153
14.5509418843749 0.0394569990762527
14.569694306995 0.00789336690971111
14.5884467296151 -0.0236781335366239
14.6071991522352 -0.0552260311045075
14.6259515748553 -0.0867188781635496
14.6447039974754 -0.118125281958909
14.6634564200955 -0.14941393590426
14.6822088427156 -0.180553650788901
14.7009612653357 -0.21151338586782
14.7197136879558 -0.242262279803783
14.7384661105759 -0.272769681430601
14.757218533196 -0.303005180306873
14.7759709558161 -0.332938637029761
14.7947233784362 -0.362540213278624
14.8134758010563 -0.391780401558494
14.8322282236764 -0.420630054613784
14.8509806462965 -0.449060414482919
14.8697330689166 -0.47704314116489
14.8884854915367 -0.504550340869177
14.9072379141568 -0.531554593820903
14.9259903367769 -0.558028981593441
14.944742759397 -0.583947113941306
14.9634951820171 -0.609283155106515
14.9822476046372 -0.634011849572237
15.0010000272573 -0.658108547238037
15.0197524498774 -0.681549227991635
15.0385048724975 -0.704310525652672
15.0572572951176 -0.726369751264639
15.0760097177377 -0.747704915711708
15.0947621403578 -0.768294751637971
15.1135145629779 -0.788118734647192
15.132266985598 -0.807157103761985
15.1510194082181 -0.825390881121977
15.1697718308382 -0.842801890901351
15.1885242534583 -0.859372777426911
15.2072766760784 -0.875087022478594
15.2260290986985 -0.88992896175518
15.2447815213186 -0.903883800488823
15.2635339439387 -0.916937628192789
15.2822863665588 -0.92907743252773
15.3010387891789 -0.940291112272675
15.319791211799 -0.950567489387783
15.3385436344191 -0.959896320156857
15.3572960570392 -0.968268305398508
15.3760484796593 -0.975675099735774
15.3948009022794 -0.98210931991498
15.4135533248995 -0.987564552165523
15.4323057475196 -0.992035358593258
15.4510581701397 -0.995517282601106
15.4698105927598 -0.998006853331493
15.4885630153799 -0.999501589126174
15.507315438 -1
15.5140146416683 -0.999501589126174
15.5207138453367 -0.998006853331493
15.527413049005 -0.995517282601106
15.5341122526734 -0.992035358593258
15.5408114563417 -0.987564552165524
15.54751066001 -0.982109319914981
15.5542098636784 -0.975675099735774
15.5609090673467 -0.968268305398507
15.5676082710151 -0.959896320156856
15.5743074746834 -0.950567489387782
15.5810066783518 -0.940291112272677
15.5877058820201 -0.929077432527731
15.5944050856884 -0.916937628192789
15.6011042893568 -0.903883800488823
15.6078034930251 -0.88992896175518
15.6145026966935 -0.875087022478592
15.6212019003618 -0.85937277742691
15.6279011040301 -0.842801890901352
15.6346003076985 -0.825390881121977
15.6412995113668 -0.807157103761986
15.6479987150352 -0.788118734647192
15.6546979187035 -0.76829475163797
15.6613971223719 -0.747704915711707
15.6680963260402 -0.726369751264642
15.6747955297085 -0.704310525652674
15.6814947333769 -0.681549227991635
15.6881939370452 -0.658108547238038
15.6948931407136 -0.634011849572238
15.7015923443819 -0.609283155106515
15.7082915480503 -0.583947113941304
15.7149907517186 -0.558028981593444
15.7216899553869 -0.531554593820904
15.7283891590553 -0.504550340869179
15.7350883627236 -0.47704314116489
15.741787566392 -0.449060414482919
15.7484867700603 -0.420630054613782
15.7551859737286 -0.39178040155849
15.761885177397 -0.362540213278628
15.7685843810653 -0.332938637029764
15.7752835847337 -0.303005180306874
15.781982788402 -0.272769681430603
15.7886819920704 -0.242262279803782
15.7953811957387 -0.211513385867817
15.802080399407 -0.180553650788899
15.8087796030754 -0.149413935904265
15.8154788067437 -0.11812528195891
15.8221780104121 -0.086718878163552
15.8288772140804 -0.0552260311045082
15.8355764177487 -0.023678133536623
15.8422756214171 0.00789336690971575
15.8489748250854 0.0394569990762563
15.8556740287538 0.0709812996480124
15.8623732324221 0.102434844516611
15.8690724360905 0.133786280104478
15.8757716397588 0.165004354618799
15.8824708434271 0.196057949203979
15.8891700470955 0.226916108961593
15.8958692507638 0.2575480738069
15.9025684544322 0.287923309131163
15.9092676581005 0.318011536239236
15.9159668617688 0.347782762531982
15.9226660654372 0.377207311403576
15.9293652691055 0.40625585182379
15.9360644727739 0.434899427575795
15.9427636764422 0.463109486120351
15.9494628801106 0.490857907057591
15.9561620837789 0.518117030158076
15.9628612874472 0.54485968293507
15.9695604911156 0.571059207730695
15.9762596947839 0.596689488288857
15.9829588984523 0.621724975788498
15.9896581021206 0.646140714311213
15.9963573057889 0.669912365717853
16.0030565094573 0.693016233909336
16.0097557131256 0.715429288447371
16.016454916794 0.737129187511774
16.0231541204623 0.758094300171246
16.0298533241307 0.778303727945527
16.036552527799 0.797737325637522
16.0432517314673 0.816375721414398
16.0499509351357 0.834200336117921
16.056650138804 0.851193401784494
16.0633493424724 0.867337979356711
16.0700485461407 0.882617975568548
16.076747749809 0.897018158987461
16.0834469534774 0.910524175197464
16.0901461571457 0.92312256110786
16.0968453608141 0.934800758373601
16.1035445644824 0.945547125913667
16.1102437681508 0.955350951515193
16.1169429718191 0.964202462511612
16.1236421754874 0.972092835524256
16.1303413791558 0.979014205257715
16.1370405828241 0.98495967234011
16.1437397864925 0.989923310200558
16.1504389901608 0.993900170976888
16.1571381938291 0.996886290447793
16.1638373974975 0.998878691984444
16.1705366011658 0.999875389517657
16.1772358048342 0.999875389517657
16.1839350085025 0.998878691984444
16.1906342121709 0.996886290447793
16.1973334158392 0.993900170976888
16.2040326195075 0.989923310200558
16.2107318231759 0.98495967234011
16.2174310268442 0.979014205257716
16.2241302305126 0.972092835524256
16.2308294341809 0.964202462511612
16.2375286378492 0.955350951515193
16.2442278415176 0.945547125913667
16.2509270451859 0.934800758373601
16.2576262488543 0.92312256110786
16.2643254525226 0.910524175197464
16.271024656191 0.897018158987461
16.2777238598593 0.882617975568548
16.2844230635276 0.867337979356711
16.291122267196 0.851193401784495
16.2978214708643 0.834200336117921
16.3045206745327 0.816375721414397
16.311219878201 0.797737325637522
16.3179190818693 0.778303727945527
16.3246182855377 0.758094300171247
16.331317489206 0.737129187511774
16.3380166928744 0.715429288447371
16.3447158965427 0.693016233909337
16.3514151002111 0.669912365717853
16.3581143038794 0.646140714311213
16.3648135075477 0.621724975788491
16.3715127112161 0.596689488288857
16.3782119148844 0.571059207730688
16.3849111185528 0.54485968293507
16.3916103222211 0.518117030158083
16.3983095258894 0.490857907057591
16.4050087295578 0.463109486120351
16.4117079332261 0.434899427575788
16.4184071368945 0.40625585182379
16.4251063405628 0.377207311403569
16.4318055442312 0.347782762531982
16.4385047478995 0.318011536239245
16.4452039515678 0.287923309131163
16.4519031552362 0.2575480738069
16.4586023589045 0.226916108961584
16.4653015625729 0.19605794920398
16.4720007662412 0.165004354618791
16.4786999699095 0.133786280104478
16.4853991735779 0.10243484451662
16.4920983772462 0.0709812996480127
16.4987975809146 0.0394569990762563
16.5054967845829 0.00789336690970756
16.5121959882513 -0.0236781335366221
16.5188951919196 -0.0552260311044995
16.5255943955879 -0.0867188781635523
16.5322935992563 -0.118125281958902
16.5389928029246 -0.149413935904264
16.545692006593 -0.180553650788899
16.5523912102613 -0.211513385867824
16.5590904139296 -0.242262279803782
16.565789617598 -0.272769681430611
16.5724888212663 -0.303005180306874
16.5791880249347 -0.332938637029756
16.585887228603 -0.362540213278628
16.5925864322714 -0.39178040155849
16.5992856359397 -0.42063005461379
16.605984839608 -0.449060414482919
16.6126840432764 -0.477043141164883
16.6193832469447 -0.504550340869178
16.6260824506131 -0.531554593820897
16.6327816542814 -0.558028981593443
16.6394808579497 -0.583947113941303
16.6461800616181 -0.609283155106522
16.6528792652864 -0.634011849572238
16.6595784689548 -0.658108547238031
16.6662776726231 -0.681549227991635
16.6729768762915 -0.704310525652668
16.6796760799598 -0.726369751264642
16.6863752836281 -0.747704915711707
16.6930744872965 -0.768294751637975
16.6997736909648 -0.788118734647192
16.7064728946332 -0.807157103761981
16.7131720983015 -0.825390881121977
16.7198713019698 -0.842801890901347
16.7265705056382 -0.859372777426914
16.7332697093065 -0.875087022478592
16.7399689129749 -0.889928961755183
16.7466681166432 -0.903883800488823
16.7533673203116 -0.916937628192786
16.7600665239799 -0.929077432527731
16.7667657276482 -0.940291112272674
16.7734649313166 -0.950567489387784
16.7801641349849 -0.959896320156856
16.7868633386533 -0.968268305398509
16.7935625423216 -0.975675099735774
16.8002617459899 -0.982109319914979
16.8069609496583 -0.987564552165524
16.8136601533266 -0.992035358593257
16.820359356995 -0.995517282601106
16.8270585606633 -0.998006853331493
16.8337577643317 -0.999501589126174
16.840456968 -1
16.8556193163864 -0.999501589126174
16.8707816647729 -0.998006853331493
16.8859440131593 -0.995517282601106
16.9011063615457 -0.992035358593258
16.9162687099322 -0.987564552165524
16.9314310583186 -0.982109319914981
16.946593406705 -0.975675099735773
16.9617557550915 -0.968268305398507
16.9769181034779 -0.959896320156856
16.9920804518643 -0.950567489387784
17.0072428002508 -0.940291112272676
17.0224051486372 -0.929077432527731
17.0375674970236 -0.916937628192789
17.0527298454101 -0.903883800488823
17.0678921937965 -0.889928961755179
17.0830545421829 -0.875087022478592
17.0982168905693 -0.859372777426913
17.1133792389558 -0.842801890901351
17.1285415873422 -0.825390881121976
17.1437039357286 -0.807157103761985
17.1588662841151 -0.788118734647191
17.1740286325015 -0.768294751637969
17.1891909808879 -0.747704915711711
17.2043533292744 -0.726369751264641
17.2195156776608 -0.704310525652673
17.2346780260472 -0.681549227991634
17.2498403744337 -0.658108547238037
17.2650027228201 -0.634011849572237
17.2801650712065 -0.60928315510652
17.295327419593 -0.583947113941308
17.3104897679794 -0.558028981593441
17.3256521163658 -0.531554593820902
17.3408144647523 -0.504550340869177
17.3559768131387 -0.477043141164888
17.3711391615251 -0.449060414482917
17.3863015099116 -0.420630054613787
17.401463858298 -0.391780401558495
17.4166262066844 -0.362540213278625
17.4317885550709 -0.332938637029761
17.4469509034573 -0.303005180306871
17.4621132518437 -0.2727696814306
17.4772756002302 -0.242262279803787
17.4924379486166 -0.211513385867821
17.507600297003 -0.180553650788903
17.5227626453894 -0.149413935904261
17.5379249937759 -0.118125281958907
17.5530873421623 -0.0867188781635485
17.5682496905487 -0.0552260311045046
17.5834120389352 -0.0236781335366265
17.5985743873216 0.00789336690971153
17.613736735708 0.0394569990762523
17.6288990840945 0.0709812996480167
17.6440614324809 0.102434844516615
17.6592237808673 0.133786280104482
17.6743861292538 0.165004354618796
17.6895484776402 0.196057949203976
17.7047108260266 0.226916108961589
17.7198731744131 0.257548073806897
17.7350355227995 0.287923309131168
17.7501978711859 0.318011536239241
17.7653602195724 0.347782762531986
17.7805225679588 0.377207311403574
17.7956849163452 0.406255851823788
17.8108472647317 0.434899427575793
17.8260096131181 0.463109486120348
17.8411719615045 0.490857907057595
17.856334309891 0.51811703015808
17.8714966582774 0.544859682935068
17.8866590066638 0.571059207730693
17.9018213550503 0.596689488288855
17.9169837034367 0.621724975788496
17.9321460518231 0.646140714311211
17.9473084002096 0.669912365717857
17.962470748596 0.693016233909335
17.9776330969824 0.71542928844737
17.9927954453688 0.737129187511778
18.0079577937553 0.758094300171245
18.0231201421417 0.778303727945531
18.0382824905281 0.797737325637521
18.0534448389146 0.816375721414401
18.068607187301 0.834200336117916
18.0837695356874 0.851193401784494
18.0989318840739 0.867337979356714
18.1140942324603 0.882617975568547
18.1292565808467 0.897018158987464
18.1444189292332 0.910524175197463
18.1595812776196 0.92312256110786
18.174743626006 0.934800758373598
18.1899059743925 0.945547125913667
18.2050683227789 0.955350951515195
18.2202306711653 0.964202462511612
18.2353930195518 0.972092835524258
18.2505553679382 0.979014205257714
18.2657177163246 0.98495967234011
18.2808800647111 0.989923310200557
18.2960424130975 0.993900170976888
18.3112047614839 0.996886290447793
18.3263671098704 0.998878691984444
18.3415294582568 0.999875389517657
18.3566918066432 0.999875389517657
18.3718541550296 0.998878691984444
18.3870165034161 0.996886290447793
18.4021788518025 0.993900170976888
18.4173412001889 0.989923310200557
18.4325035485754 0.98495967234011
18.4476658969618 0.979014205257715
18.4628282453482 0.972092835524258
18.4779905937347 0.964202462511612
18.4931529421211 0.955350951515195
18.5083152905075 0.945547125913667
18.523477638894 0.934800758373598
18.5386399872804 0.923122561107859
18.5538023356668 0.910524175197463
18.5689646840533 0.897018158987464
18.5841270324397 0.882617975568547
18.5992893808261 0.867337979356714
18.6144517292126 0.851193401784494
18.629614077599 0.834200336117916
18.6447764259854 0.816375721414401
18.6599387743719 0.797737325637521
18.6751011227583 0.778303727945531
18.6902634711447 0.758094300171246
18.7054258195312 0.737129187511778
18.7205881679176 0.71542928844737
18.735750516304 0.693016233909329
18.7509128646905 0.669912365717857
18.7660752130769 0.646140714311211
18.7812375614633 0.621724975788496
18.7963999098498 0.596689488288856
18.8115622582362 0.571059207730694
18.8267246066226 0.544859682935068
18.841886955009 0.51811703015808
18.8570493033955 0.490857907057595
18.8722116517819 0.463109486120349
18.8873740001683 0.434899427575793
18.9025363485548 0.406255851823788
18.9176986969412 0.377207311403574
18.9328610453276 0.347782762531979
18.9480233937141 0.31801153623924
18.9631857421005 0.287923309131167
18.9783480904869 0.257548073806896
18.9935104388734 0.226916108961589
19.0086727872598 0.196057949203976
19.0238351356462 0.165004354618796
19.0389974840327 0.133786280104482
19.0541598324191 0.102434844516615
19.0693221808055 0.0709812996480171
19.084484529192 0.0394569990762527
19.0996468775784 0.007893366909712
19.1148092259648 -0.0236781335366265
19.1299715743513 -0.0552260311045119
19.1451339227377 -0.0867188781635478
19.1602962711241 -0.118125281958906
19.1754586195106 -0.14941393590426
19.190620967897 -0.180553650788903
19.2057833162834 -0.211513385867821
19.2209456646698 -0.242262279803779
19.2361080130563 -0.2727696814306
19.2512703614427 -0.303005180306871
19.2664327098291 -0.33293863702976
19.2815950582156 -0.362540213278625
19.296757406602 -0.391780401558495
19.3119197549884 -0.420630054613787
19.3270821033749 -0.449060414482923
19.3422444517613 -0.477043141164887
19.3574068001477 -0.504550340869176
19.3725691485342 -0.531554593820901
19.3877314969206 -0.558028981593441
19.402893845307 -0.583947113941308
19.4180561936935 -0.609283155106513
19.4332185420799 -0.634011849572237
19.4483808904663 -0.658108547238036
19.4635432388528 -0.681549227991634
19.4787055872392 -0.704310525652672
19.4938679356256 -0.726369751264641
19.5090302840121 -0.747704915711711
19.5241926323985 -0.768294751637973
19.5393549807849 -0.788118734647191
19.5545173291714 -0.807157103761985
19.5696796775578 -0.825390881121977
19.5848420259442 -0.842801890901351
19.6000043743307 -0.859372777426913
19.6151667227171 -0.875087022478592
19.6303290711035 -0.889928961755179
19.64549141949 -0.903883800488823
19.6606537678764 -0.916937628192789
19.6758161162628 -0.92907743252773
19.6909784646492 -0.940291112272676
19.7061408130357 -0.950567489387784
19.7213031614221 -0.959896320156856
19.7364655098085 -0.968268305398507
19.751627858195 -0.975675099735773
19.7667902065814 -0.98210931991498
19.7819525549678 -0.987564552165524
19.7971149033543 -0.992035358593258
19.8122772517407 -0.995517282601106
19.8274396001271 -0.998006853331493
19.8426019485136 -0.999501589126174
19.8577642969 -1
19.875733080405 -0.999501589126174
19.8937018639101 -0.998006853331493
19.9116706474151 -0.995517282601106
19.9296394309201 -0.992035358593258
19.9476082144251 -0.987564552165524
19.9655769979302 -0.98210931991498
19.9835457814352 -0.975675099735774
20.0015145649402 -0.968268305398507
20.0194833484452 -0.959896320156857
20.0374521319503 -0.950567489387782
20.0554209154553 -0.940291112272676
20.0733896989603 -0.929077432527731
20.0913584824653 -0.916937628192789
20.1093272659704 -0.903883800488823
20.1272960494754 -0.889928961755182
20.1452648329804 -0.875087022478594
20.1632336164854 -0.859372777426912
20.1812023999905 -0.84280189090135
20.1991711834955 -0.825390881121974
20.2171399670005 -0.807157103761986
20.2351087505055 -0.788118734647193
20.2530775340106 -0.76829475163797
20.2710463175156 -0.747704915711707
20.2890151010206 -0.726369751264641
20.3069838845256 -0.704310525652673
20.3249526680307 -0.681549227991633
20.3429214515357 -0.658108547238036
20.3608902350407 -0.634011849572241
20.3788590185457 -0.609283155106517
20.3968278020508 -0.583947113941306
20.4147965855558 -0.558028981593439
20.4327653690608 -0.531554593820904
20.4507341525658 -0.504550340869178
20.4687029360709 -0.477043141164889
20.4866717195759 -0.449060414482919
20.5046405030809 -0.420630054613787
20.5226092865859 -0.391780401558495
20.540578070091 -0.362540213278625
20.558546853596 -0.33293863702976
20.576515637101 -0.30300518030687
20.594484420606 -0.272769681430605
20.6124532041111 -0.242262279803784
20.6304219876161 -0.211513385867818
20.6483907711211 -0.1805536507889
20.6663595546261 -0.149413935904263
20.6843283381312 -0.118125281958909
20.7022971216362 -0.0867188781635501
20.7202659051412 -0.0552260311045062
20.7382346886462 -0.0236781335366265
20.7562034721513 0.00789336690971198
20.7741722556563 0.0394569990762531
20.7921410391613 0.0709812996480175
20.8101098226663 0.10243484451661
20.8280786061714 0.133786280104477
20.8460473896764 0.165004354618799
20.8640161731814 0.196057949203979
20.8819849566864 0.226916108961593
20.8999537401915 0.257548073806895
20.9179225236965 0.287923309131166
20.9358913072015 0.318011536239239
20.9538600907065 0.347782762531985
20.9718288742116 0.377207311403574
20.9897976577166 0.406255851823788
21.0077664412216 0.434899427575794
21.0257352247266 0.46310948612035
21.0437040082317 0.490857907057592
21.0616727917367 0.518117030158076
21.0796415752417 0.544859682935071
21.0976103587467 0.571059207730696
21.1155791422518 0.596689488288859
21.1335479257568 0.621724975788494
21.1515167092618 0.64614071431121
21.1694854927668 0.669912365717856
21.1874542762719 0.69301623390933
21.2054230597769 0.71542928844737
21.2233918432819 0.737129187511779
21.2413606267869 0.758094300171246
21.259329410292 0.778303727945532
21.277298193797 0.797737325637518
21.295266977302 0.816375721414399
21.313235760807 0.834200336117918
21.3312045443121 0.851193401784496
21.3491733278171 0.867337979356713
21.3671421113221 0.882617975568546
21.3851108948271 0.897018158987464
21.4030796783322 0.910524175197463
21.4210484618372 0.923122561107862
21.4390172453422 0.934800758373598
21.4569860288472 0.945547125913667
21.4749548123523 0.955350951515195
21.4929235958573 0.964202462511611
21.5108923793623 0.972092835524257
21.5288611628673 0.979014205257714
21.5468299463724 0.984959672340111
21.5647987298774 0.989923310200558
21.5827675133824 0.993900170976888
21.6007362968874 0.996886290447793
21.6187050803925 0.998878691984444
21.6366738638975 0.999875389517657
21.6546426474025 0.999875389517657
21.6726114309075 0.998878691984444
21.6905802144126 0.996886290447793
21.7085489979176 0.993900170976888
21.7265177814226 0.989923310200557
21.7444865649276 0.984959672340111
21.7624553484327 0.979014205257715
21.7804241319377 0.972092835524257
21.7983929154427 0.964202462511613
21.8163616989477 0.955350951515195
21.8343304824528 0.945547125913667
21.8522992659578 0.934800758373598
21.8702680494628 0.92312256110786
21.8882368329678 0.910524175197463
21.9062056164729 0.897018158987464
21.9241743999779 0.882617975568547
21.9421431834829 0.867337979356713
21.9601119669879 0.851193401784496
21.978080750493 0.834200336117918
21.996049533998 0.816375721414399
22.014018317503 0.797737325637518
22.031987101008 0.778303727945532
22.0499558845131 0.758094300171246
22.0679246680181 0.737129187511779
22.0858934515231 0.71542928844737
22.1038622350281 0.693016233909334
22.1218310185332 0.669912365717857
22.1397998020382 0.64614071431121
22.1577685855432 0.621724975788494
22.1757373690482 0.596689488288854
22.1937061525533 0.571059207730696
22.2116749360583 0.544859682935071
22.2296437195633 0.518117030158077
22.2476125030683 0.490857907057591
22.2655812865734 0.46310948612035
22.2835500700784 0.434899427575794
22.3015188535834 0.406255851823788
22.3194876370884 0.377207311403574
22.3374564205935 0.347782762531985
22.3554252040985 0.31801153623924
22.3733939876035 0.287923309131167
22.3913627711085 0.257548073806895
22.4093315546136 0.226916108961593
22.4273003381186 0.19605794920398
22.4452691216236 0.165004354618799
22.4632379051286 0.133786280104478
22.4812066886337 0.10243484451661
22.4991754721387 0.070981299648018
22.5171442556437 0.0394569990762536
22.5351130391487 0.00789336690971289
22.5530818226538 -0.0236781335366256
22.5710506061588 -0.0552260311045057
22.5890193896638 -0.0867188781635496
22.6069881731688 -0.118125281958909
22.6249569566739 -0.149413935904263
22.6429257401789 -0.180553650788899
22.6608945236839 -0.211513385867818
22.6788633071889 -0.242262279803784
22.696832090694 -0.272769681430605
22.714800874199 -0.30300518030687
22.732769657704 -0.33293863702976
22.750738441209 -0.362540213278625
22.7687072247141 -0.391780401558495
22.7866760082191 -0.420630054613787
22.8046447917241 -0.449060414482918
22.8226135752291 -0.477043141164889
22.8405823587342 -0.504550340869178
22.8585511422392 -0.531554593820904
22.8765199257442 -0.558028981593438
22.8944887092492 -0.583947113941305
22.9124574927543 -0.609283155106517
22.9304262762593 -0.63401184957224
22.9483950597643 -0.658108547238036
22.9663638432693 -0.681549227991633
22.9843326267744 -0.704310525652672
23.0023014102794 -0.726369751264641
23.0202701937844 -0.747704915711707
23.0382389772894 -0.76829475163797
23.0562077607945 -0.788118734647193
23.0741765442995 -0.807157103761986
23.0921453278045 -0.825390881121978
23.1101141113095 -0.842801890901349
23.1280828948146 -0.859372777426912
23.1460516783196 -0.875087022478594
23.1640204618246 -0.889928961755182
23.1819892453296 -0.903883800488822
23.1999580288347 -0.916937628192789
23.2179268123397 -0.929077432527731
23.2358955958447 -0.940291112272677
23.2538643793497 -0.950567489387782
23.2718331628548 -0.959896320156857
23.2898019463598 -0.968268305398507
23.3077707298648 -0.975675099735774
23.3257395133698 -0.98210931991498
23.3437082968749 -0.987564552165524
23.3616770803799 -0.992035358593258
23.3796458638849 -0.995517282601106
23.39761464739 -0.998006853331494
23.415583430895 -0.999501589126174
23.4335522144 -1
23.4514740625688 -0.999501589126174
23.4693959107377 -0.998006853331493
23.4873177589065 -0.995517282601106
23.5052396070754 -0.992035358593258
23.5231614552442 -0.987564552165523
23.5410833034131 -0.98210931991498
23.5590051515819 -0.975675099735774
23.5769269997508 -0.968268305398507
23.5948488479196 -0.959896320156857
23.6127706960884 -0.950567489387784
23.6306925442573 -0.940291112272675
23.6486143924261 -0.929077432527731
23.666536240595 -0.91693762819279
23.6844580887638 -0.903883800488823
23.7023799369327 -0.889928961755181
23.7203017851015 -0.875087022478595
23.7382236332704 -0.859372777426911
23.7561454814392 -0.842801890901351
23.774067329608 -0.825390881121978
23.7919891777769 -0.807157103761985
23.8099110259457 -0.788118734647193
23.8278328741146 -0.768294751637973
23.8457547222834 -0.747704915711708
23.8636765704523 -0.72636975126464
23.8815984186211 -0.70431052565267
23.8995202667899 -0.681549227991633
23.9174421149588 -0.658108547238039
23.9353639631276 -0.634011849572237
23.9532858112965 -0.609283155106516
23.9712076594653 -0.583947113941307
23.9891295076342 -0.558028981593438
24.007051355803 -0.531554593820901
24.0249732039719 -0.504550340869179
24.0428950521407 -0.477043141164888
24.0608169003095 -0.44906041448292
24.0787387484784 -0.420630054613786
24.0966605966472 -0.391780401558491
24.1145824448161 -0.362540213278625
24.1325042929849 -0.332938637029763
24.1504261411538 -0.303005180306871
24.1683479893226 -0.272769681430603
24.1862698374915 -0.242262279803786
24.2041916856603 -0.211513385867817
24.2221135338291 -0.180553650788903
24.240035381998 -0.149413935904263
24.2579572301668 -0.118125281958906
24.2758790783357 -0.0867188781635512
24.2938009265045 -0.0552260311045106
24.3117227746734 -0.0236781335366223
24.3296446228422 0.00789336690971264
24.3475664710111 0.03945699907625
24.3654883191799 0.0709812996480173
24.3834101673487 0.102434844516613
24.4013320155176 0.133786280104476
24.4192538636864 0.1650043546188
24.4371757118553 0.196057949203977
24.4550975600241 0.226916108961587
24.473019408193 0.257548073806898
24.4909412563618 0.287923309131165
24.5088631045307 0.318011536239241
24.5267849526995 0.347782762531983
24.5447068008683 0.377207311403575
24.5626286490372 0.406255851823792
24.580550497206 0.434899427575794
24.5984723453749 0.463109486120347
24.6163941935437 0.490857907057596
24.6343160417126 0.518117030158078
24.6522378898814 0.544859682935069
24.6701597380503 0.571059207730697
24.6880815862191 0.596689488288856
24.7060034343879 0.621724975788494
24.7239252825568 0.646140714311212
24.7418471307256 0.669912365717855
24.7597689788945 0.69301623390933
24.7776908270633 0.715429288447373
24.7956126752322 0.737129187511779
24.813534523401 0.758094300171244
24.8314563715698 0.778303727945531
24.8493782197387 0.797737325637519
24.8673000679075 0.816375721414398
24.8852219160764 0.834200336117919
24.9031437642452 0.851193401784495
24.9210656124141 0.867337979356714
24.9389874605829 0.882617975568548
24.9569093087518 0.897018158987463
24.9748311569206 0.910524175197461
24.9927530050894 0.923122561107861
25.0106748532583 0.934800758373598
25.0285967014271 0.945547125913666
25.046518549596 0.955350951515195
25.0644403977648 0.964202462511612
25.0823622459337 0.972092835524256
25.1002840941025 0.979014205257715
25.1182059422714 0.98495967234011
25.1361277904402 0.989923310200557
25.154049638609 0.993900170976888
25.1719714867779 0.996886290447793
25.1898933349467 0.998878691984443
25.2078151831156 0.999875389517657
25.2257370312844 0.999875389517657
25.2436588794533 0.998878691984444
25.2615807276221 0.996886290447793
25.279502575791 0.993900170976888
25.2974244239598 0.989923310200557
25.3153462721286 0.98495967234011
25.3332681202975 0.979014205257715
25.3511899684663 0.972092835524256
25.3691118166352 0.964202462511612
25.387033664804 0.955350951515195
25.4049555129729 0.945547125913666
25.4228773611417 0.934800758373598
25.4407992093106 0.923122561107861
25.4587210574794 0.910524175197461
25.4766429056482 0.897018158987463
25.4945647538171 0.882617975568548
25.5124866019859 0.867337979356714
25.5304084501548 0.851193401784495
25.5483302983236 0.834200336117919
25.5662521464925 0.816375721414398
25.5841739946613 0.79773732563752
25.6020958428301 0.778303727945532
25.620017690999 0.758094300171244
25.6379395391678 0.737129187511779
25.6558613873367 0.715429288447373
25.6737832355055 0.69301623390933
25.6917050836744 0.669912365717855
25.7096269318432 0.646140714311211
25.7275487800121 0.621724975788494
25.7454706281809 0.596689488288856
25.7633924763497 0.571059207730697
25.7813143245186 0.544859682935069
25.7992361726874 0.518117030158079
25.8171580208563 0.490857907057596
25.8350798690251 0.463109486120347
25.853001717194 0.434899427575794
25.8709235653628 0.406255851823786
25.8888454135317 0.377207311403575
25.9067672617005 0.347782762531983
25.9246891098693 0.318011536239235
25.9426109580382 0.287923309131166
25.960532806207 0.257548073806898
25.9784546543759 0.226916108961587
25.9963765025447 0.196057949203977
26.0142983507136 0.165004354618801
26.0322201988824 0.133786280104477
26.0501420470513 0.102434844516613
26.0680638952201 0.0709812996480171
26.0859857433889 0.0394569990762501
26.1039075915578 0.00789336690971289
26.1218294397266 -0.0236781335366221
26.1397512878955 -0.0552260311045101
26.1576731360643 -0.0867188781635505
26.1755949842332 -0.118125281958906
26.193516832402 -0.149413935904263
26.2114386805709 -0.180553650788903
26.2293605287397 -0.211513385867817
26.2472823769085 -0.242262279803785
26.2652042250774 -0.272769681430603
26.2831260732462 -0.303005180306871
26.3010479214151 -0.332938637029763
26.3189697695839 -0.362540213278625
26.3368916177528 -0.391780401558491
26.3548134659216 -0.420630054613786
26.3727353140905 -0.44906041448292
26.3906571622593 -0.477043141164887
26.4085790104281 -0.504550340869178
26.426500858597 -0.531554593820901
26.4444227067658 -0.558028981593438
26.4623445549347 -0.583947113941307
26.4802664031035 -0.609283155106516
26.4981882512724 -0.634011849572236
26.5161100994412 -0.658108547238038
26.53403194761 -0.681549227991633
26.5519537957789 -0.70431052565267
26.5698756439477 -0.72636975126464
26.5877974921166 -0.747704915711708
26.6057193402854 -0.768294751637968
26.6236411884543 -0.788118734647193
26.6415630366231 -0.807157103761985
26.659484884792 -0.825390881121974
26.6774067329608 -0.842801890901351
26.6953285811296 -0.859372777426911
26.7132504292985 -0.875087022478592
26.7311722774673 -0.889928961755181
26.7490941256362 -0.903883800488823
26.767015973805 -0.91693762819279
26.7849378219739 -0.929077432527731
26.8028596701427 -0.940291112272675
26.8207815183116 -0.950567489387784
26.8387033664804 -0.959896320156857
26.8566252146492 -0.968268305398507
26.8745470628181 -0.975675099735774
26.8924689109869 -0.98210931991498
26.9103907591558 -0.987564552165523
26.9283126073246 -0.992035358593258
26.9462344554935 -0.995517282601106
26.9641563036623 -0.998006853331493
26.9820781518312 -0.999501589126174
27 -1
