0 -1
0.0095208951919598 -0.999501589126174
0.0190417903839196 -0.998006853331493
0.0285626855758794 -0.995517282601106
0.0380835807678392 -0.992035358593258
0.047604475959799 -0.987564552165524
0.0571253711517588 -0.98210931991498
0.0666462663437186 -0.975675099735774
0.0761671615356784 -0.968268305398507
0.0856880567276382 -0.959896320156857
0.095208951919598 -0.950567489387783
0.104729847111558 -0.940291112272676
0.114250742303518 -0.929077432527731
0.123771637495477 -0.916937628192789
0.133292532687437 -0.903883800488824
0.142813427879397 -0.88992896175518
0.152334323071357 -0.875087022478594
0.161855218263317 -0.859372777426912
0.171376113455276 -0.842801890901351
0.180897008647236 -0.825390881121976
0.190417903839196 -0.807157103761985
0.199938799031156 -0.788118734647192
0.209459694223116 -0.768294751637971
0.218980589415075 -0.747704915711709
0.228501484607035 -0.726369751264639
0.238022379798995 -0.704310525652672
0.247543274990955 -0.681549227991634
0.257064170182915 -0.658108547238038
0.266585065374874 -0.634011849572239
0.276105960566834 -0.609283155106517
0.285626855758794 -0.583947113941306
0.295147750950754 -0.55802898159344
0.304668646142714 -0.531554593820901
0.314189541334673 -0.504550340869177
0.323710436526633 -0.47704314116489
0.333231331718593 -0.44906041448292
0.342752226910553 -0.420630054613784
0.352273122102513 -0.391780401558493
0.361794017294472 -0.362540213278625
0.371314912486432 -0.332938637029761
0.380835807678392 -0.303005180306873
0.390356702870352 -0.272769681430603
0.399877598062312 -0.242262279803783
0.409398493254271 -0.211513385867819
0.418919388446231 -0.180553650788902
0.428440283638191 -0.149413935904261
0.437961178830151 -0.118125281958908
0.447482074022111 -0.0867188781635507
0.45700296921407 -0.0552260311045082
0.46652386440603 -0.0236781335366241
0.47604475959799 0.00789336690971309
0.48556565478995 0.0394569990762527
0.49508654998191 0.070981299648016
0.504607445173869 0.102434844516613
0.514128340365829 0.133786280104479
0.523649235557789 0.165004354618799
0.533170130749749 0.196057949203978
0.542691025941709 0.22691610896159
0.552211921133668 0.257548073806896
0.561732816325628 0.287923309131166
0.571253711517588 0.318011536239238
0.580774606709548 0.347782762531982
0.590295501901508 0.377207311403576
0.599816397093467 0.406255851823789
0.609337292285427 0.434899427575793
0.618858187477387 0.463109486120348
0.628379082669347 0.490857907057594
0.637899977861307 0.518117030158078
0.647420873053266 0.54485968293507
0.656941768245226 0.571059207730695
0.666462663437186 0.596689488288856
0.675983558629146 0.621724975788495
0.685504453821106 0.64614071431121
0.695025349013065 0.669912365717855
0.704546244205025 0.693016233909331
0.714067139396985 0.715429288447372
0.723588034588945 0.737129187511779
0.733108929780904 0.758094300171245
0.742629824972864 0.77830372794553
0.752150720164824 0.797737325637519
0.761671615356784 0.816375721414399
0.771192510548744 0.834200336117917
0.780713405740703 0.851193401784494
0.790234300932663 0.867337979356715
0.799755196124623 0.882617975568547
0.809276091316583 0.897018158987464
0.818796986508543 0.910524175197462
0.828317881700503 0.923122561107861
0.837838776892462 0.934800758373598
0.847359672084422 0.945547125913667
0.856880567276382 0.955350951515195
0.866401462468342 0.964202462511612
0.875922357660302 0.972092835524257
0.885443252852261 0.979014205257715
0.894964148044221 0.984959672340111
0.904485043236181 0.989923310200557
0.914005938428141 0.993900170976888
0.9235268336201 0.996886290447793
0.93304772881206 0.998878691984444
0.94256862400402 0.999875389517657
0.95208951919598 0.999875389517657
0.96161041438794 0.998878691984444
0.971131309579899 0.996886290447793
0.980652204771859 0.993900170976888
0.990173099963819 0.989923310200557
0.999693995155779 0.984959672340111
1.00921489034774 0.979014205257715
1.0187357855397 0.972092835524257
1.02825668073166 0.964202462511612
1.03777757592362 0.955350951515195
1.04729847111558 0.945547125913667
1.05681936630754 0.934800758373598
1.0663402614995 0.923122561107861
1.07586115669146 0.910524175197462
1.08538205188342 0.897018158987463
1.09490294707538 0.882617975568547
1.10442384226734 0.867337979356715
1.1139447374593 0.851193401784495
1.12346563265126 0.834200336117918
1.13298652784322 0.816375721414399
1.14250742303518 0.797737325637519
1.15202831822714 0.77830372794553
1.1615492134191 0.758094300171246
1.17107010861106 0.737129187511779
1.18059100380302 0.715429288447371
1.19011189899497 0.693016233909332
1.19963279418693 0.669912365717855
1.20915368937889 0.646140714311209
1.21867458457085 0.621724975788495
1.22819547976281 0.596689488288856
1.23771637495477 0.571059207730695
1.24723727014673 0.544859682935071
1.25675816533869 0.518117030158078
1.26627906053065 0.490857907057594
1.27579995572261 0.463109486120348
1.28532085091457 0.434899427575793
1.29484174610653 0.406255851823789
1.30436264129849 0.377207311403576
1.31388353649045 0.347782762531982
1.32340443168241 0.318011536239239
1.33292532687437 0.287923309131167
1.34244622206633 0.257548073806896
1.35196711725829 0.22691610896159
1.36148801245025 0.196057949203978
1.37100890764221 0.165004354618799
1.38052980283417 0.133786280104479
1.39005069802613 0.102434844516614
1.39957159321809 0.0709812996480162
1.40909248841005 0.0394569990762536
1.41861338360201 0.00789336690971289
1.42813427879397 -0.0236781335366247
1.43765517398593 -0.0552260311045084
1.44717606917789 -0.0867188781635505
1.45669696436985 -0.118125281958907
1.46621785956181 -0.14941393590426
1.47573875475377 -0.180553650788902
1.48525964994573 -0.211513385867819
1.49478054513769 -0.242262279803783
1.50430144032965 -0.272769681430602
1.51382233552161 -0.303005180306873
1.52334323071357 -0.332938637029761
1.53286412590553 -0.362540213278625
1.54238502109749 -0.391780401558493
1.55190591628945 -0.420630054613784
1.56142681148141 -0.449060414482919
1.57094770667337 -0.47704314116489
1.58046860186533 -0.504550340869178
1.58998949705729 -0.531554593820901
1.59951039224925 -0.558028981593441
1.60903128744121 -0.583947113941306
1.61855218263317 -0.609283155106517
1.62807307782513 -0.634011849572238
1.63759397301709 -0.658108547238038
1.64711486820905 -0.681549227991633
1.65663576340101 -0.704310525652672
1.66615665859296 -0.726369751264639
1.67567755378492 -0.747704915711709
1.68519844897688 -0.768294751637971
1.69471934416884 -0.788118734647193
1.7042402393608 -0.807157103761985
1.71376113455276 -0.825390881121976
1.72328202974472 -0.84280189090135
1.73280292493668 -0.859372777426911
1.74232382012864 -0.875087022478593
1.7518447153206 -0.88992896175518
1.76136561051256 -0.903883800488824
1.77088650570452 -0.916937628192789
1.78040740089648 -0.92907743252773
1.78992829608844 -0.940291112272676
1.7994491912804 -0.950567489387782
1.80897008647236 -0.959896320156857
1.81849098166432 -0.968268305398507
1.82801187685628 -0.975675099735774
1.83753277204824 -0.98210931991498
1.8470536672402 -0.987564552165524
1.85657456243216 -0.992035358593258
1.86609545762412 -0.995517282601106
1.87561635281608 -0.998006853331493
1.88513724800804 -0.999501589126174
1.8946581432 -1
1.91182513928442 -0.999501589126174
1.92899213536884 -0.998006853331493
1.94615913145327 -0.995517282601106
1.96332612753769 -0.992035358593258
1.98049312362211 -0.987564552165524
1.99766011970653 -0.98210931991498
2.01482711579095 -0.975675099735773
2.03199411187538 -0.968268305398507
2.0491611079598 -0.959896320156857
2.06632810404422 -0.950567489387783
2.08349510012864 -0.940291112272676
2.10066209621307 -0.929077432527731
2.11782909229749 -0.916937628192789
2.13499608838191 -0.903883800488824
2.15216308446633 -0.88992896175518
2.16933008055075 -0.875087022478594
2.18649707663518 -0.859372777426912
2.2036640727196 -0.84280189090135
2.22083106880402 -0.825390881121976
2.23799806488844 -0.807157103761985
2.25516506097286 -0.788118734647192
2.27233205705729 -0.768294751637971
2.28949905314171 -0.747704915711709
2.30666604922613 -0.726369751264639
2.32383304531055 -0.704310525652672
2.34100004139497 -0.681549227991634
2.3581670374794 -0.658108547238038
2.37533403356382 -0.634011849572239
2.39250102964824 -0.609283155106516
2.40966802573266 -0.583947113941307
2.42683502181709 -0.55802898159344
2.44400201790151 -0.531554593820901
2.46116901398593 -0.504550340869177
2.47833601007035 -0.47704314116489
2.49550300615477 -0.44906041448292
2.5126700022392 -0.420630054613784
2.52983699832362 -0.391780401558493
2.54700399440804 -0.362540213278625
2.56417099049246 -0.332938637029761
2.58133798657688 -0.303005180306873
2.59850498266131 -0.272769681430603
2.61567197874573 -0.242262279803783
2.63283897483015 -0.211513385867819
2.65000597091457 -0.180553650788902
2.66717296699899 -0.149413935904261
2.68433996308342 -0.118125281958908
2.70150695916784 -0.0867188781635509
2.71867395525226 -0.0552260311045084
2.73584095133668 -0.0236781335366243
2.75300794742111 0.00789336690971287
2.77017494350553 0.0394569990762525
2.78734193958995 0.0709812996480156
2.80450893567437 0.102434844516614
2.82167593175879 0.133786280104479
2.83884292784322 0.1650043546188
2.85600992392764 0.196057949203978
2.87317692001206 0.22691610896159
2.89034391609648 0.257548073806897
2.9075109121809 0.287923309131166
2.92467790826533 0.318011536239238
2.94184490434975 0.347782762531982
2.95901190043417 0.377207311403577
2.97617889651859 0.406255851823789
2.99334589260302 0.434899427575793
3.01051288868744 0.463109486120347
3.02767988477186 0.490857907057594
3.04484688085628 0.518117030158077
3.0620138769407 0.54485968293507
3.07918087302513 0.571059207730695
3.09634786910955 0.596689488288856
3.11351486519397 0.621724975788495
3.13068186127839 0.64614071431121
3.14784885736281 0.669912365717856
3.16501585344724 0.693016233909331
3.18218284953166 0.715429288447371
3.19934984561608 0.737129187511779
3.2165168417005 0.758094300171246
3.23368383778492 0.778303727945529
3.25085083386935 0.797737325637519
3.26801782995377 0.816375721414399
3.28518482603819 0.834200336117917
3.30235182212261 0.851193401784495
3.31951881820703 0.867337979356715
3.33668581429146 0.882617975568547
3.35385281037588 0.897018158987463
3.3710198064603 0.910524175197462
3.38818680254472 0.923122561107861
3.40535379862915 0.934800758373598
3.42252079471357 0.945547125913667
3.43968779079799 0.955350951515195
3.45685478688241 0.964202462511612
3.47402178296683 0.972092835524257
3.49118877905126 0.979014205257714
3.50835577513568 0.98495967234011
3.5255227712201 0.989923310200557
3.54268976730452 0.993900170976888
3.55985676338894 0.996886290447793
3.57702375947337 0.998878691984444
3.59419075555779 0.999875389517657
3.61135775164221 0.999875389517657
3.62852474772663 0.998878691984444
3.64569174381105 0.996886290447793
3.66285873989548 0.993900170976888
3.6800257359799 0.989923310200557
3.69719273206432 0.984959672340111
3.71435972814874 0.979014205257715
3.73152672423317 0.972092835524257
3.74869372031759 0.964202462511612
3.76586071640201 0.955350951515195
3.78302771248643 0.945547125913667
3.80019470857085 0.934800758373598
3.81736170465528 0.923122561107861
3.8345287007397 0.910524175197462
3.85169569682412 0.897018158987463
3.86886269290854 0.882617975568547
3.88602968899296 0.867337979356715
3.90319668507739 0.851193401784495
3.92036368116181 0.834200336117918
3.93753067724623 0.816375721414399
3.95469767333065 0.79773732563752
3.97186466941507 0.77830372794553
3.9890316654995 0.758094300171246
4.00619866158392 0.737129187511779
4.02336565766834 0.715429288447372
4.04053265375276 0.693016233909332
4.05769964983719 0.669912365717854
4.07486664592161 0.64614071431121
4.09203364200603 0.621724975788496
4.10920063809045 0.596689488288856
4.12636763417487 0.571059207730694
4.1435346302593 0.54485968293507
4.16070162634372 0.518117030158079
4.17786862242814 0.490857907057594
4.19503561851256 0.463109486120348
4.21220261459698 0.434899427575793
4.22936961068141 0.40625585182379
4.24653660676583 0.377207311403576
4.26370360285025 0.347782762531982
4.28087059893467 0.318011536239239
4.2980375950191 0.287923309131167
4.31520459110352 0.257548073806896
4.33237158718794 0.22691610896159
4.34953858327236 0.196057949203979
4.36670557935678 0.1650043546188
4.38387257544121 0.133786280104479
4.40103957152563 0.102434844516614
4.41820656761005 0.0709812996480162
4.43537356369447 0.0394569990762518
4.45254055977889 0.00789336690971289
4.46970755586332 -0.0236781335366239
4.48687455194774 -0.0552260311045066
4.50404154803216 -0.0867188781635514
4.52120854411658 -0.118125281958908
4.538375540201 -0.14941393590426
4.55554253628543 -0.180553650788901
4.57270953236985 -0.211513385867819
4.58987652845427 -0.242262279803783
4.60704352453869 -0.272769681430602
4.62421052062311 -0.303005180306872
4.64137751670754 -0.332938637029761
4.65854451279196 -0.362540213278624
4.67571150887638 -0.391780401558493
4.6928785049608 -0.420630054613785
4.71004550104523 -0.449060414482921
4.72721249712965 -0.47704314116489
4.74437949321407 -0.504550340869178
4.76154648929849 -0.531554593820902
4.77871348538291 -0.55802898159344
4.79588048146734 -0.583947113941306
4.81304747755176 -0.609283155106517
4.83021447363618 -0.634011849572239
4.8473814697206 -0.658108547238037
4.86454846580502 -0.681549227991633
4.88171546188945 -0.704310525652672
4.89888245797387 -0.726369751264639
4.91604945405829 -0.747704915711709
4.93321645014271 -0.76829475163797
4.95038344622714 -0.788118734647193
4.96755044231156 -0.807157103761985
4.98471743839598 -0.825390881121976
5.0018844344804 -0.842801890901351
5.01905143056482 -0.859372777426912
5.03621842664925 -0.875087022478593
5.05338542273367 -0.88992896175518
5.07055241881809 -0.903883800488824
5.08771941490251 -0.916937628192789
5.10488641098693 -0.92907743252773
5.12205340707136 -0.940291112272675
5.13922040315578 -0.950567489387783
5.1563873992402 -0.959896320156857
5.17355439532462 -0.968268305398507
5.19072139140904 -0.975675099735773
5.20788838749347 -0.98210931991498
5.22505538357789 -0.987564552165524
5.24222237966231 -0.992035358593258
5.25938937574673 -0.995517282601106
5.27655637183116 -0.998006853331493
5.29372336791558 -0.999501589126174
5.310890364 -1
5.31776510172462 -0.999501589126174
5.32463983944925 -0.998006853331493
5.33151457717387 -0.995517282601106
5.33838931489849 -0.992035358593258
5.34526405262311 -0.987564552165524
5.35213879034774 -0.98210931991498
5.35901352807236 -0.975675099735773
5.36588826579698 -0.968268305398507
5.37276300352161 -0.959896320156857
5.37963774124623 -0.950567489387783
5.38651247897085 -0.940291112272676
5.39338721669548 -0.92907743252773
5.4002619544201 -0.916937628192789
5.40713669214472 -0.903883800488824
5.41401142986935 -0.88992896175518
5.42088616759397 -0.875087022478594
5.42776090531859 -0.859372777426912
5.43463564304322 -0.84280189090135
5.44151038076784 -0.825390881121977
5.44838511849246 -0.807157103761985
5.45525985621708 -0.788118734647194
5.46213459394171 -0.768294751637971
5.46900933166633 -0.747704915711708
5.47588406939095 -0.726369751264641
5.48275880711558 -0.704310525652672
5.4896335448402 -0.681549227991633
5.49650828256482 -0.658108547238039
5.50338302028945 -0.634011849572239
5.51025775801407 -0.609283155106516
5.51713249573869 -0.583947113941307
5.52400723346332 -0.55802898159344
5.53088197118794 -0.5315545938209
5.53775670891256 -0.504550340869178
5.54463144663719 -0.477043141164889
5.55150618436181 -0.449060414482918
5.55838092208643 -0.420630054613785
5.56525565981106 -0.391780401558492
5.57213039753568 -0.362540213278626
5.5790051352603 -0.332938637029761
5.58587987298492 -0.303005180306872
5.59275461070955 -0.272769681430604
5.59962934843417 -0.242262279803783
5.60650408615879 -0.211513385867818
5.61337882388342 -0.180553650788903
5.62025356160804 -0.149413935904261
5.62712829933266 -0.118125281958906
5.63400303705729 -0.0867188781635518
5.64087777478191 -0.0552260311045075
5.64775251250653 -0.0236781335366221
5.65462725023116 0.00789336690971264
5.66150198795578 0.0394569990762534
5.6683767256804 0.070981299648014
5.67525146340502 0.102434844516613
5.68212620112965 0.13378628010448
5.68900093885427 0.165004354618798
5.69587567657889 0.196057949203978
5.70275041430352 0.226916108961592
5.70962515202814 0.257548073806895
5.71649988975276 0.287923309131167
5.72337462747739 0.31801153623924
5.73024936520201 0.347782762531981
5.73712410292663 0.377207311403577
5.74399884065126 0.406255851823791
5.75087357837588 0.434899427575792
5.7577483161005 0.463109486120348
5.76462305382513 0.490857907057592
5.77149779154975 0.518117030158077
5.77837252927437 0.544859682935071
5.78524726699899 0.571059207730693
5.79212200472362 0.596689488288855
5.79899674244824 0.621724975788496
5.80587148017286 0.646140714311209
5.81274621789749 0.669912365717855
5.81962095562211 0.693016233909333
5.82649569334673 0.71542928844737
5.83337043107136 0.737129187511779
5.84024516879598 0.758094300171246
5.8471199065206 0.778303727945529
5.85399464424523 0.79773732563752
5.86086938196985 0.816375721414398
5.86774411969447 0.834200336117917
5.8746188574191 0.851193401784495
5.88149359514372 0.867337979356714
5.88836833286834 0.882617975568547
5.89524307059297 0.897018158987464
5.90211780831759 0.910524175197462
5.90899254604221 0.923122561107861
5.91586728376683 0.934800758373599
5.92274202149146 0.945547125913667
5.92961675921608 0.955350951515195
5.9364914969407 0.964202462511612
5.94336623466533 0.972092835524257
5.95024097238995 0.979014205257715
5.95711571011457 0.98495967234011
5.9639904478392 0.989923310200557
5.97086518556382 0.993900170976888
5.97773992328844 0.996886290447793
5.98461466101307 0.998878691984444
5.99148939873769 0.999875389517657
5.99836413646231 0.999875389517657
6.00523887418693 0.998878691984444
6.01211361191156 0.996886290447793
6.01898834963618 0.993900170976888
6.0258630873608 0.989923310200557
6.03273782508543 0.98495967234011
6.03961256281005 0.979014205257715
6.04648730053467 0.972092835524257
6.0533620382593 0.964202462511612
6.06023677598392 0.955350951515195
6.06711151370854 0.945547125913667
6.07398625143317 0.934800758373599
6.08086098915779 0.923122561107861
6.08773572688241 0.910524175197462
6.09461046460703 0.897018158987464
6.10148520233166 0.882617975568547
6.10835994005628 0.867337979356714
6.1152346777809 0.851193401784495
6.12210941550553 0.834200336117917
6.12898415323015 0.816375721414398
6.13585889095477 0.79773732563752
6.1427336286794 0.77830372794553
6.14960836640402 0.758094300171244
6.15648310412864 0.737129187511779
6.16335784185327 0.715429288447371
6.17023257957789 0.69301623390933
6.17710731730251 0.669912365717855
6.18398205502714 0.646140714311209
6.19085679275176 0.621724975788497
6.19773153047638 0.596689488288856
6.20460626820101 0.571059207730694
6.21148100592563 0.544859682935072
6.21835574365025 0.518117030158077
6.22523048137487 0.490857907057592
6.2321052190995 0.463109486120348
6.23897995682412 0.434899427575792
6.24585469454874 0.40625585182379
6.25272943227337 0.377207311403576
6.25960416999799 0.347782762531982
6.26647890772261 0.31801153623924
6.27335364544724 0.287923309131167
6.28022838317186 0.257548073806896
6.28710312089648 0.226916108961591
6.29397785862111 0.196057949203978
6.30085259634573 0.165004354618798
6.30772733407035 0.13378628010448
6.31460207179498 0.102434844516613
6.3214768095196 0.0709812996480145
6.32835154724422 0.0394569990762536
6.33522628496884 0.00789336690971289
6.34210102269347 -0.0236781335366265
6.34897576041809 -0.0552260311045075
6.35585049814271 -0.0867188781635514
6.36272523586734 -0.11812528195891
6.36959997359196 -0.14941393590426
6.37647471131658 -0.180553650788903
6.38334944904121 -0.211513385867818
6.39022418676583 -0.242262279803783
6.39709892449045 -0.272769681430601
6.40397366221508 -0.303005180306871
6.4108483999397 -0.332938637029761
6.41772313766432 -0.362540213278622
6.42459787538894 -0.391780401558492
6.43147261311357 -0.420630054613784
6.43834735083819 -0.449060414482918
6.44522208856281 -0.477043141164889
6.45209682628744 -0.504550340869178
6.45897156401206 -0.5315545938209
6.46584630173668 -0.55802898159344
6.47272103946131 -0.583947113941307
6.47959577718593 -0.609283155106515
6.48647051491055 -0.634011849572238
6.49334525263518 -0.658108547238039
6.5002199903598 -0.681549227991633
6.50709472808442 -0.704310525652672
6.51396946580905 -0.72636975126464
6.52084420353367 -0.747704915711708
6.52771894125829 -0.768294751637971
6.53459367898292 -0.788118734647194
6.54146841670754 -0.807157103761985
6.54834315443216 -0.825390881121977
6.55521789215678 -0.842801890901352
6.56209262988141 -0.859372777426912
6.56896736760603 -0.875087022478594
6.57584210533065 -0.889928961755179
6.58271684305528 -0.903883800488823
6.5895915807799 -0.916937628192789
6.59646631850452 -0.92907743252773
6.60334105622915 -0.940291112272675
6.61021579395377 -0.950567489387782
6.61709053167839 -0.959896320156857
6.62396526940302 -0.968268305398507
6.63084000712764 -0.975675099735773
6.63771474485226 -0.98210931991498
6.64458948257688 -0.987564552165524
6.65146422030151 -0.992035358593258
6.65833895802613 -0.995517282601106
6.66521369575075 -0.998006853331493
6.67208843347538 -0.999501589126174
6.6789631712 -1
6.6961914680593 -0.999501589126174
6.71341976491859 -0.998006853331493
6.73064806177789 -0.995517282601106
6.74787635863719 -0.992035358593258
6.76510465549648 -0.987564552165524
6.78233295235578 -0.98210931991498
6.79956124921508 -0.975675099735774
6.81678954607437 -0.968268305398507
6.83401784293367 -0.959896320156857
6.85124613979297 -0.950567489387783
6.86847443665226 -0.940291112272675
6.88570273351156 -0.92907743252773
6.90293103037085 -0.916937628192789
6.92015932723015 -0.903883800488823
6.93738762408945 -0.88992896175518
6.95461592094874 -0.875087022478593
6.97184421780804 -0.859372777426912
6.98907251466734 -0.84280189090135
7.00630081152663 -0.825390881121976
7.02352910838593 -0.807157103761985
7.04075740524523 -0.788118734647192
7.05798570210452 -0.768294751637971
7.07521399896382 -0.747704915711709
7.09244229582312 -0.726369751264639
7.10967059268241 -0.704310525652672
7.12689888954171 -0.681549227991634
7.144127186401 -0.658108547238038
7.1613554832603 -0.634011849572239
7.1785837801196 -0.609283155106517
7.19581207697889 -0.583947113941307
7.21304037383819 -0.558028981593441
7.23026867069749 -0.531554593820902
7.24749696755678 -0.504550340869178
7.26472526441608 -0.47704314116489
7.28195356127538 -0.449060414482921
7.29918185813467 -0.420630054613785
7.31641015499397 -0.391780401558494
7.33363845185327 -0.362540213278625
7.35086674871256 -0.332938637029762
7.36809504557186 -0.303005180306873
7.38532334243116 -0.272769681430603
7.40255163929045 -0.242262279803784
7.41977993614975 -0.211513385867819
7.43700823300905 -0.180553650788902
7.45423652986834 -0.149413935904261
7.47146482672764 -0.118125281958908
7.48869312358693 -0.0867188781635509
7.50592142044623 -0.0552260311045082
7.52314971730553 -0.0236781335366241
7.54037801416482 0.00789336690971331
7.55760631102412 0.0394569990762527
7.57483460788342 0.0709812996480158
7.59206290474271 0.102434844516614
7.60929120160201 0.133786280104479
7.62651949846131 0.165004354618799
7.6437477953206 0.196057949203978
7.6609760921799 0.22691610896159
7.6782043890392 0.257548073806897
7.69543268589849 0.287923309131167
7.71266098275779 0.318011536239239
7.72988927961709 0.347782762531983
7.74711757647638 0.377207311403576
7.76434587333568 0.406255851823789
7.78157417019498 0.434899427575793
7.79880246705427 0.463109486120348
7.81603076391357 0.490857907057594
7.83325906077286 0.518117030158078
7.85048735763216 0.544859682935071
7.86771565449146 0.571059207730694
7.88494395135075 0.596689488288857
7.90217224821005 0.621724975788494
7.91940054506935 0.64614071431121
7.93662884192864 0.669912365717854
7.95385713878794 0.693016233909332
7.97108543564724 0.715429288447372
7.98831373250653 0.737129187511779
8.00554202936583 0.758094300171245
8.02277032622513 0.778303727945531
8.03999862308442 0.797737325637519
8.05722691994372 0.8163757214144
8.07445521680302 0.834200336117917
8.09168351366231 0.851193401784495
8.10891181052161 0.867337979356714
8.12614010738091 0.882617975568547
8.1433684042402 0.897018158987463
8.1605967010995 0.910524175197463
8.17782499795879 0.923122561107861
8.19505329481809 0.934800758373599
8.21228159167739 0.945547125913667
8.22950988853668 0.955350951515195
8.24673818539598 0.964202462511612
8.26396648225528 0.972092835524257
8.28119477911457 0.979014205257714
8.29842307597387 0.98495967234011
8.31565137283317 0.989923310200557
8.33287966969246 0.993900170976888
8.35010796655176 0.996886290447793
8.36733626341105 0.998878691984443
8.38456456027035 0.999875389517657
8.40179285712965 0.999875389517657
8.41902115398895 0.998878691984444
8.43624945084824 0.996886290447793
8.45347774770754 0.993900170976888
8.47070604456684 0.989923310200557
8.48793434142613 0.984959672340111
8.50516263828543 0.979014205257715
8.52239093514472 0.972092835524257
8.53961923200402 0.964202462511612
8.55684752886332 0.955350951515195
8.57407582572261 0.945547125913668
8.59130412258191 0.934800758373598
8.60853241944121 0.923122561107861
8.6257607163005 0.910524175197462
8.6429890131598 0.897018158987464
8.6602173100191 0.882617975568547
8.67744560687839 0.867337979356715
8.69467390373769 0.851193401784494
8.71190220059698 0.834200336117918
8.72913049745628 0.816375721414399
8.74635879431558 0.79773732563752
8.76358709117487 0.77830372794553
8.78081538803417 0.758094300171246
8.79804368489347 0.737129187511779
8.81527198175276 0.715429288447372
8.83250027861206 0.693016233909331
8.84972857547136 0.669912365717856
8.86695687233065 0.646140714311209
8.88418516918995 0.621724975788496
8.90141346604925 0.596689488288855
8.91864176290854 0.571059207730696
8.93587005976784 0.54485968293507
8.95309835662714 0.518117030158079
8.97032665348643 0.490857907057593
8.98755495034573 0.463109486120348
9.00478324720503 0.434899427575792
9.02201154406432 0.40625585182379
9.03923984092362 0.377207311403578
9.05646813778291 0.347782762531983
9.07369643464221 0.318011536239237
9.09092473150151 0.287923309131167
9.1081530283608 0.257548073806898
9.1253813252201 0.22691610896159
9.1426096220794 0.196057949203977
9.15983791893869 0.1650043546188
9.17706621579799 0.133786280104481
9.19429451265729 0.102434844516614
9.21152280951658 0.0709812996480145
9.22875110637588 0.0394569990762536
9.24597940323518 0.00789336690971467
9.26320770009447 -0.0236781335366247
9.28043599695377 -0.0552260311045093
9.29766429381307 -0.0867188781635514
9.31489259067236 -0.118125281958906
9.33212088753166 -0.149413935904261
9.34934918439095 -0.1805536507889
9.36657748125025 -0.211513385867819
9.38380577810955 -0.242262279803781
9.40103407496884 -0.272769681430603
9.41826237182814 -0.303005180306875
9.43549066868744 -0.332938637029761
9.45271896554673 -0.362540213278623
9.46994726240603 -0.391780401558493
9.48717555926533 -0.420630054613783
9.50440385612462 -0.449060414482921
9.52163215298392 -0.477043141164889
9.53886044984322 -0.504550340869178
9.55608874670251 -0.531554593820901
9.57331704356181 -0.55802898159344
9.59054534042111 -0.583947113941305
9.6077736372804 -0.609283155106517
9.6250019341397 -0.63401184957224
9.642230230999 -0.658108547238038
9.65945852785829 -0.681549227991633
9.67668682471759 -0.704310525652672
9.69391512157688 -0.726369751264639
9.71114341843618 -0.747704915711707
9.72837171529548 -0.76829475163797
9.74560001215477 -0.788118734647193
9.76282830901407 -0.807157103761985
9.78005660587337 -0.825390881121977
9.79728490273266 -0.84280189090135
9.81451319959196 -0.859372777426912
9.83174149645126 -0.875087022478593
9.84896979331055 -0.889928961755181
9.86619809016985 -0.903883800488824
9.88342638702915 -0.916937628192789
9.90065468388844 -0.92907743252773
9.91788298074774 -0.940291112272675
9.93511127760704 -0.950567489387783
9.95233957446633 -0.959896320156857
9.96956787132563 -0.968268305398507
9.98679616818493 -0.975675099735774
10.0040244650442 -0.98210931991498
10.0212527619035 -0.987564552165524
10.0384810587628 -0.992035358593258
10.0557093556221 -0.995517282601106
10.0729376524814 -0.998006853331493
10.0901659493407 -0.999501589126174
10.1073942462 -1
10.1227810684457 -0.999501589126174
10.1381678906915 -0.998006853331493
10.1535547129372 -0.995517282601106
10.1689415351829 -0.992035358593258
10.1843283574286 -0.987564552165524
10.1997151796744 -0.98210931991498
10.2151020019201 -0.975675099735773
10.2304888241658 -0.968268305398507
10.2458756464116 -0.959896320156856
10.2612624686573 -0.950567489387783
10.276649290903 -0.940291112272676
10.2920361131487 -0.929077432527731
10.3074229353945 -0.916937628192789
10.3228097576402 -0.903883800488824
10.3381965798859 -0.889928961755181
10.3535834021317 -0.875087022478594
10.3689702243774 -0.859372777426912
10.3843570466231 -0.842801890901351
10.3997438688688 -0.825390881121976
10.4151306911146 -0.807157103761985
10.4305175133603 -0.788118734647192
10.445904335606 -0.76829475163797
10.4612911578518 -0.747704915711708
10.4766779800975 -0.726369751264639
10.4920648023432 -0.704310525652671
10.5074516245889 -0.681549227991633
10.5228384468347 -0.658108547238039
10.5382252690804 -0.63401184957224
10.5536120913261 -0.609283155106518
10.5689989135719 -0.583947113941307
10.5843857358176 -0.558028981593441
10.5997725580633 -0.531554593820902
10.615159380309 -0.504550340869178
10.6305462025548 -0.47704314116489
10.6459330248005 -0.44906041448292
10.6613198470462 -0.420630054613784
10.676706669292 -0.391780401558493
10.6920934915377 -0.362540213278624
10.7074803137834 -0.332938637029761
10.7228671360291 -0.303005180306872
10.7382539582749 -0.272769681430602
10.7536407805206 -0.242262279803782
10.7690276027663 -0.211513385867818
10.7844144250121 -0.180553650788904
10.7998012472578 -0.149413935904259
10.8151880695035 -0.11812528195891
10.8305748917492 -0.0867188781635525
10.845961713995 -0.0552260311045093
10.8613485362407 -0.023678133536625
10.8767353584864 0.00789336690971242
10.8921221807322 0.039456999076252
10.9075090029779 0.0709812996480156
10.9228958252236 0.102434844516613
10.9382826474693 0.133786280104479
10.9536694697151 0.165004354618799
10.9690562919608 0.196057949203978
10.9844431142065 0.226916108961591
10.9998299364523 0.257548073806897
11.015216758698 0.287923309131167
11.0306035809437 0.318011536239239
11.0459904031894 0.347782762531984
11.0613772254352 0.377207311403577
11.0767640476809 0.40625585182379
11.0921508699266 0.434899427575791
11.1075376921724 0.463109486120347
11.1229245144181 0.490857907057593
11.1383113366638 0.518117030158076
11.1536981589095 0.54485968293507
11.1690849811553 0.571059207730694
11.184471803401 0.596689488288855
11.1998586256467 0.621724975788495
11.2152454478925 0.64614071431121
11.2306322701382 0.669912365717855
11.2460190923839 0.693016233909332
11.2614059146296 0.715429288447372
11.2767927368754 0.737129187511779
11.2921795591211 0.758094300171246
11.3075663813668 0.778303727945531
11.3229532036126 0.79773732563752
11.3383400258583 0.8163757214144
11.353726848104 0.834200336117918
11.3691136703497 0.851193401784494
11.3845004925955 0.867337979356714
11.3998873148412 0.882617975568546
11.4152741370869 0.897018158987463
11.4306609593327 0.910524175197462
11.4460477815784 0.92312256110786
11.4614346038241 0.934800758373598
11.4768214260698 0.945547125913667
11.4922082483156 0.955350951515195
11.5075950705613 0.964202462511612
11.522981892807 0.972092835524257
11.5383687150528 0.979014205257715
11.5537555372985 0.984959672340111
11.5691423595442 0.989923310200557
11.58452918179 0.993900170976888
11.5999160040357 0.996886290447793
11.6153028262814 0.998878691984444
11.6306896485271 0.999875389517657
11.6460764707729 0.999875389517657
11.6614632930186 0.998878691984444
11.6768501152643 0.996886290447793
11.69223693751 0.993900170976888
11.7076237597558 0.989923310200557
11.7230105820015 0.984959672340111
11.7383974042472 0.979014205257715
11.753784226493 0.972092835524257
11.7691710487387 0.964202462511612
11.7845578709844 0.955350951515195
11.7999446932302 0.945547125913667
11.8153315154759 0.934800758373598
11.8307183377216 0.92312256110786
11.8461051599673 0.910524175197462
11.8614919822131 0.897018158987463
11.8768788044588 0.882617975568546
11.8922656267045 0.867337979356714
11.9076524489503 0.851193401784494
11.923039271196 0.834200336117919
11.9384260934417 0.8163757214144
11.9538129156874 0.79773732563752
11.9691997379332 0.778303727945531
11.9845865601789 0.758094300171246
11.9999733824246 0.73712918751178
12.0153602046704 0.715429288447372
12.0307470269161 0.693016233909332
12.0461338491618 0.669912365717855
12.0615206714075 0.646140714311209
12.0769074936533 0.621724975788495
12.092294315899 0.596689488288856
12.1076811381447 0.571059207730694
12.1230679603905 0.54485968293507
12.1384547826362 0.518117030158076
12.1538416048819 0.490857907057592
12.1692284271276 0.463109486120347
12.1846152493734 0.434899427575795
12.2000020716191 0.406255851823788
12.2153888938648 0.377207311403577
12.2307757161106 0.34778276253198
12.2461625383563 0.31801153623924
12.261549360602 0.287923309131167
12.2769361828477 0.257548073806897
12.2923230050935 0.22691610896159
12.3077098273392 0.196057949203978
12.3230966495849 0.1650043546188
12.3384834718307 0.133786280104479
12.3538702940764 0.102434844516613
12.3692571163221 0.0709812996480153
12.3846439385678 0.0394569990762518
12.4000307608136 0.00789336690971289
12.4154175830593 -0.0236781335366247
12.430804405305 -0.0552260311045093
12.4461912275508 -0.0867188781635487
12.4615780497965 -0.11812528195891
12.4769648720422 -0.149413935904259
12.4923516942879 -0.180553650788904
12.5077385165337 -0.211513385867818
12.5231253387794 -0.242262279803782
12.5385121610251 -0.272769681430602
12.5538989832709 -0.303005180306871
12.5692858055166 -0.33293863702976
12.5846726277623 -0.362540213278624
12.600059450008 -0.391780401558493
12.6154462722538 -0.420630054613784
12.6308330944995 -0.44906041448292
12.6462199167452 -0.47704314116489
12.661606738991 -0.504550340869178
12.6769935612367 -0.531554593820902
12.6923803834824 -0.55802898159344
12.7077672057281 -0.583947113941307
12.7231540279739 -0.609283155106517
12.7385408502196 -0.634011849572237
12.7539276724653 -0.658108547238039
12.7693144947111 -0.681549227991633
12.7847013169568 -0.704310525652671
12.8000881392025 -0.726369751264639
12.8154749614482 -0.747704915711708
12.830861783694 -0.76829475163797
12.8462486059397 -0.788118734647191
12.8616354281854 -0.807157103761985
12.8770222504312 -0.825390881121976
12.8924090726769 -0.84280189090135
12.9077958949226 -0.859372777426912
12.9231827171683 -0.875087022478594
12.9385695394141 -0.88992896175518
12.9539563616598 -0.903883800488824
12.9693431839055 -0.916937628192788
12.9847300061513 -0.929077432527731
13.000116828397 -0.940291112272676
13.0155036506427 -0.950567489387783
13.0308904728884 -0.959896320156857
13.0462772951342 -0.968268305398508
13.0616641173799 -0.975675099735773
13.0770509396256 -0.98210931991498
13.0924377618714 -0.987564552165523
13.1078245841171 -0.992035358593258
13.1232114063628 -0.995517282601106
13.1385982286085 -0.998006853331493
13.1539850508543 -0.999501589126174
13.1693718731 -1
13.1772537235166 -0.999501589126174
13.1851355739332 -0.998006853331493
13.1930174243497 -0.995517282601106
13.2008992747663 -0.992035358593258
13.2087811251829 -0.987564552165523
13.2166629755995 -0.98210931991498
13.2245448260161 -0.975675099735773
13.2324266764327 -0.968268305398507
13.2403085268492 -0.959896320156857
13.2481903772658 -0.950567489387783
13.2560722276824 -0.940291112272676
13.263954078099 -0.929077432527731
13.2718359285156 -0.91693762819279
13.2797177789322 -0.903883800488825
13.2875996293487 -0.889928961755179
13.2954814797653 -0.875087022478592
13.3033633301819 -0.859372777426911
13.3112451805985 -0.84280189090135
13.3191270310151 -0.825390881121976
13.3270088814317 -0.807157103761985
13.3348907318482 -0.788118734647193
13.3427725822648 -0.768294751637972
13.3506544326814 -0.747704915711711
13.358536283098 -0.726369751264641
13.3664181335146 -0.70431052565267
13.3742999839312 -0.681549227991632
13.3821818343477 -0.658108547238036
13.3900636847643 -0.634011849572238
13.3979455351809 -0.609283155106516
13.4058273855975 -0.583947113941306
13.4137092360141 -0.558028981593441
13.4215910864307 -0.531554593820903
13.4294729368472 -0.504550340869179
13.4373547872638 -0.477043141164892
13.4452366376804 -0.449060414482917
13.453118488097 -0.420630054613782
13.4610003385136 -0.391780401558491
13.4688821889302 -0.362540213278623
13.4767640393467 -0.332938637029761
13.4846458897633 -0.303005180306873
13.4925277401799 -0.272769681430604
13.5004095905965 -0.242262279803785
13.5082914410131 -0.211513385867821
13.5161732914296 -0.180553650788905
13.5240551418462 -0.149413935904258
13.5319369922628 -0.118125281958905
13.5398188426794 -0.0867188781635487
13.547700693096 -0.0552260311045068
13.5555825435126 -0.0236781335366237
13.5634643939291 0.00789336690971309
13.5713462443457 0.0394569990762518
13.5792280947623 0.0709812996480142
13.5871099451789 0.102434844516611
13.5949917955955 0.133786280104476
13.6028736460121 0.165004354618803
13.6107554964286 0.196057949203981
13.6186373468452 0.226916108961592
13.6265191972618 0.257548073806898
13.6344010476784 0.287923309131167
13.642282898095 0.318011536239238
13.6501647485116 0.347782762531982
13.6580465989281 0.377207311403574
13.6659284493447 0.406255851823787
13.6738102997613 0.43489942757579
13.6816921501779 0.463109486120344
13.6895740005945 0.490857907057596
13.6974558510111 0.518117030158079
13.7053377014276 0.544859682935071
13.7132195518442 0.571059207730695
13.7211014022608 0.596689488288855
13.7289832526774 0.621724975788494
13.736865103094 0.646140714311209
13.7447469535106 0.669912365717853
13.7526288039271 0.69301623390933
13.7605106543437 0.715429288447373
13.7683925047603 0.737129187511781
13.7762743551769 0.758094300171247
13.7841562055935 0.778303727945531
13.79203805601 0.79773732563752
13.7999199064266 0.816375721414399
13.8078017568432 0.834200336117917
13.8156836072598 0.851193401784494
13.8235654576764 0.867337979356713
13.831447308093 0.882617975568545
13.8393291585095 0.897018158987465
13.8472110089261 0.910524175197463
13.8550928593427 0.923122561107861
13.8629747097593 0.934800758373599
13.8708565601759 0.945547125913667
13.8787384105925 0.955350951515195
13.886620261009 0.964202462511611
13.8945021114256 0.972092835524257
13.9023839618422 0.979014205257714
13.9102658122588 0.98495967234011
13.9181476626754 0.989923310200558
13.926029513092 0.993900170976888
13.9339113635085 0.996886290447793
13.9417932139251 0.998878691984444
13.9496750643417 0.999875389517657
13.9575569147583 0.999875389517657
13.9654387651749 0.998878691984444
13.9733206155915 0.996886290447793
13.981202466008 0.993900170976888
13.9890843164246 0.989923310200557
13.9969661668412 0.98495967234011
14.0048480172578 0.979014205257714
14.0127298676744 0.972092835524257
14.020611718091 0.964202462511611
14.0284935685075 0.955350951515195
14.0363754189241 0.945547125913667
14.0442572693407 0.934800758373599
14.0521391197573 0.923122561107862
14.0600209701739 0.910524175197463
14.0679028205905 0.897018158987465
14.075784671007 0.882617975568546
14.0836665214236 0.867337979356714
14.0915483718402 0.851193401784494
14.0994302222568 0.834200336117917
14.1073120726734 0.816375721414399
14.1151939230899 0.79773732563752
14.1230757735065 0.778303727945531
14.1309576239231 0.758094300171247
14.1388394743397 0.737129187511781
14.1467213247563 0.715429288447374
14.1546031751729 0.693016233909335
14.1624850255894 0.669912365717854
14.170366876006 0.646140714311209
14.1782487264226 0.621724975788495
14.1861305768392 0.596689488288856
14.1940124272558 0.571059207730695
14.2018942776724 0.544859682935072
14.2097761280889 0.518117030158079
14.2176579785055 0.490857907057596
14.2255398289221 0.463109486120351
14.2334216793387 0.43489942757579
14.2413035297553 0.406255851823787
14.2491853801719 0.377207311403575
14.2570672305884 0.347782762531982
14.264949081005 0.318011536239239
14.2728309314216 0.287923309131167
14.2807127818382 0.257548073806898
14.2885946322548 0.226916108961592
14.2964764826714 0.196057949203981
14.3043583330879 0.165004354618796
14.3122401835045 0.133786280104483
14.3201220339211 0.102434844516611
14.3280038843377 0.0709812996480145
14.3358857347543 0.0394569990762518
14.3437675851709 0.00789336690971289
14.3516494355874 -0.023678133536623
14.359531286004 -0.0552260311045066
14.3674131364206 -0.0867188781635487
14.3752949868372 -0.118125281958905
14.3831768372538 -0.149413935904257
14.3910586876704 -0.180553650788905
14.3989405380869 -0.211513385867821
14.4068223885035 -0.242262279803785
14.4147042389201 -0.272769681430604
14.4225860893367 -0.303005180306872
14.4304679397533 -0.33293863702976
14.4383497901698 -0.362540213278623
14.4462316405864 -0.391780401558491
14.454113491003 -0.420630054613782
14.4619953414196 -0.449060414482917
14.4698771918362 -0.477043141164886
14.4777590422528 -0.504550340869179
14.4856408926693 -0.531554593820903
14.4935227430859 -0.558028981593441
14.5014045935025 -0.583947113941306
14.5092864439191 -0.609283155106517
14.5171682943357 -0.634011849572238
14.5250501447523 -0.658108547238035
14.5329319951688 -0.681549227991632
14.5408138455854 -0.704310525652669
14.548695696002 -0.726369751264642
14.5565775464186 -0.74770491571171
14.5644593968352 -0.768294751637971
14.5723412472518 -0.788118734647193
14.5802230976683 -0.807157103761985
14.5881049480849 -0.825390881121976
14.5959867985015 -0.84280189090135
14.6038686489181 -0.859372777426911
14.6117504993347 -0.875087022478592
14.6196323497513 -0.889928961755182
14.6275142001678 -0.903883800488822
14.6353960505844 -0.91693762819279
14.643277901001 -0.929077432527731
14.6511597514176 -0.940291112272676
14.6590416018342 -0.950567489387783
14.6669234522508 -0.959896320156857
14.6748053026673 -0.968268305398507
14.6826871530839 -0.975675099735773
14.6905690035005 -0.98210931991498
14.6984508539171 -0.987564552165523
14.7063327043337 -0.992035358593258
14.7142145547503 -0.995517282601106
14.7220964051668 -0.998006853331493
14.7299782555834 -0.999501589126174
14.737860106 -1
14.7549781598744 -0.999501589126174
14.7720962137487 -0.998006853331493
14.7892142676231 -0.995517282601106
14.8063323214975 -0.992035358593258
14.8234503753719 -0.987564552165524
14.8405684292462 -0.98210931991498
14.8576864831206 -0.975675099735774
14.874804536995 -0.968268305398507
14.8919225908693 -0.959896320156857
14.9090406447437 -0.950567489387783
14.9261586986181 -0.940291112272675
14.9432767524925 -0.92907743252773
14.9603948063668 -0.916937628192789
14.9775128602412 -0.903883800488824
14.9946309141156 -0.889928961755181
15.0117489679899 -0.875087022478594
15.0288670218643 -0.859372777426913
15.0459850757387 -0.84280189090135
15.0631031296131 -0.825390881121976
15.0802211834874 -0.807157103761985
15.0973392373618 -0.788118734647193
15.1144572912362 -0.768294751637971
15.1315753451106 -0.74770491571171
15.1486933989849 -0.726369751264638
15.1658114528593 -0.704310525652671
15.1829295067337 -0.681549227991633
15.200047560608 -0.658108547238037
15.2171656144824 -0.634011849572239
15.2342836683568 -0.609283155106517
15.2514017222312 -0.583947113941307
15.2685197761055 -0.558028981593439
15.2856378299799 -0.531554593820901
15.3027558838543 -0.504550340869177
15.3198739377286 -0.47704314116489
15.336991991603 -0.44906041448292
15.3541100454774 -0.420630054613785
15.3712280993518 -0.391780401558494
15.3883461532261 -0.362540213278623
15.4054642071005 -0.33293863702976
15.4225822609749 -0.303005180306872
15.4397003148492 -0.272769681430603
15.4568183687236 -0.242262279803784
15.473936422598 -0.21151338586782
15.4910544764724 -0.180553650788903
15.5081725303467 -0.14941393590426
15.5252905842211 -0.118125281958907
15.5424086380955 -0.0867188781635503
15.5595266919698 -0.0552260311045082
15.5766447458442 -0.0236781335366245
15.5937627997186 0.00789336690971242
15.610880853593 0.0394569990762514
15.6279989074673 0.0709812996480173
15.6451169613417 0.102434844516614
15.6622350152161 0.133786280104479
15.6793530690905 0.165004354618799
15.6964711229648 0.196057949203978
15.7135891768392 0.226916108961589
15.7307072307136 0.257548073806895
15.7478252845879 0.287923309131168
15.7649433384623 0.318011536239239
15.7820613923367 0.347782762531983
15.7991794462111 0.377207311403576
15.8162975000854 0.406255851823788
15.8334155539598 0.434899427575792
15.8505336078342 0.463109486120347
15.8676516617085 0.490857907057595
15.8847697155829 0.518117030158078
15.9018877694573 0.54485968293507
15.9190058233317 0.571059207730694
15.936123877206 0.596689488288855
15.9532419310804 0.621724975788494
15.9703599849548 0.646140714311209
15.9874780388291 0.669912365717856
16.0045960927035 0.69301623390933
16.0217141465779 0.715429288447372
16.0388322004523 0.737129187511781
16.0559502543266 0.758094300171245
16.073068308201 0.778303727945531
16.0901863620754 0.797737325637518
16.1073044159497 0.8163757214144
16.1244224698241 0.834200336117916
16.1415405236985 0.851193401784495
16.1586585775729 0.867337979356716
16.1757766314472 0.882617975568546
16.1928946853216 0.897018158987465
16.210012739196 0.910524175197461
16.2271307930704 0.923122561107861
16.2442488469447 0.934800758373597
16.2613669008191 0.945547125913667
16.2784849546935 0.955350951515196
16.2956030085678 0.964202462511611
16.3127210624422 0.972092835524258
16.3298391163166 0.979014205257714
16.346957170191 0.984959672340111
16.3640752240653 0.989923310200557
16.3811932779397 0.993900170976888
16.3983113318141 0.996886290447793
16.4154293856884 0.998878691984444
16.4325474395628 0.999875389517657
16.4496654934372 0.999875389517657
16.4667835473116 0.998878691984444
16.4839016011859 0.996886290447793
16.5010196550603 0.993900170976888
16.5181377089347 0.989923310200557
16.535255762809 0.984959672340111
16.5523738166834 0.979014205257714
16.5694918705578 0.972092835524257
16.5866099244322 0.964202462511612
16.6037279783065 0.955350951515196
16.6208460321809 0.945547125913667
16.6379640860553 0.934800758373597
16.6550821399296 0.923122561107861
16.672200193804 0.910524175197462
16.6893182476784 0.897018158987464
16.7064363015528 0.882617975568547
16.7235543554271 0.867337979356716
16.7406724093015 0.851193401784495
16.7577904631759 0.834200336117916
16.7749085170502 0.8163757214144
16.7920265709246 0.797737325637518
16.809144624799 0.778303727945531
16.8262626786734 0.758094300171245
16.8433807325477 0.737129187511781
16.8604987864221 0.715429288447371
16.8776168402965 0.69301623390933
16.8947348941709 0.669912365717856
16.9118529480452 0.646140714311209
16.9289710019196 0.621724975788497
16.946089055794 0.596689488288856
16.9632071096683 0.571059207730697
16.9803251635427 0.544859682935071
16.9974432174171 0.518117030158076
17.0145612712915 0.490857907057595
17.0316793251658 0.463109486120347
17.0487973790402 0.434899427575795
17.0659154329146 0.406255851823789
17.0830334867889 0.377207311403579
17.1001515406633 0.347782762531983
17.1172695945377 0.318011536239236
17.1343876484121 0.287923309131167
17.1515057022864 0.257548073806896
17.1686237561608 0.226916108961592
17.1857418100352 0.196057949203978
17.2028598639095 0.165004354618802
17.2199779177839 0.13378628010448
17.2370959716583 0.102434844516611
17.2542140255327 0.0709812996480171
17.271332079407 0.0394569990762518
17.2884501332814 0.00789336690971644
17.3055681871558 -0.0236781335366247
17.3226862410301 -0.0552260311045048
17.3398042949045 -0.0867188781635505
17.3569223487789 -0.11812528195891
17.3740404026533 -0.14941393590426
17.3911584565276 -0.180553650788903
17.408276510402 -0.211513385867817
17.4253945642764 -0.242262279803783
17.4425126181508 -0.2727696814306
17.4596306720251 -0.303005180306871
17.4767487258995 -0.332938637029764
17.4938667797739 -0.362540213278623
17.5109848336482 -0.391780401558495
17.5281028875226 -0.420630054613782
17.545220941397 -0.449060414482921
17.5623389952714 -0.477043141164886
17.5794570491457 -0.504550340869177
17.5965751030201 -0.531554593820903
17.6136931568945 -0.558028981593439
17.6308112107688 -0.583947113941307
17.6479292646432 -0.609283155106515
17.6650473185176 -0.634011849572238
17.682165372392 -0.658108547238035
17.6992834262663 -0.681549227991633
17.7164014801407 -0.704310525652674
17.7335195340151 -0.726369751264638
17.7506375878894 -0.74770491571171
17.7677556417638 -0.768294751637969
17.7848736956382 -0.788118734647193
17.8019917495126 -0.807157103761983
17.8191098033869 -0.825390881121976
17.8362278572613 -0.842801890901351
17.8533459111357 -0.859372777426911
17.87046396501 -0.875087022478594
17.8875820188844 -0.889928961755179
17.9047000727588 -0.903883800488824
17.9218181266332 -0.916937628192787
17.9389361805075 -0.92907743252773
17.9560542343819 -0.940291112272676
17.9731722882563 -0.950567489387782
17.9902903421307 -0.959896320156857
18.007408396005 -0.968268305398508
18.0245264498794 -0.975675099735774
18.0416445037538 -0.98210931991498
18.0587625576281 -0.987564552165524
18.0758806115025 -0.992035358593258
18.0929986653769 -0.995517282601106
18.1101167192513 -0.998006853331493
18.1272347731256 -0.999501589126174
18.144352827 -1
18.1629645801523 -0.999501589126174
18.1815763333045 -0.998006853331494
18.2001880864568 -0.995517282601106
18.218799839609 -0.992035358593258
18.2374115927613 -0.987564552165524
18.2560233459136 -0.982109319914981
18.2746350990658 -0.975675099735773
18.2932468522181 -0.968268305398507
18.3118586053704 -0.959896320156857
18.3304703585226 -0.950567489387783
18.3490821116749 -0.940291112272675
18.3676938648271 -0.92907743252773
18.3863056179794 -0.916937628192789
18.4049173711317 -0.903883800488824
18.4235291242839 -0.889928961755182
18.4421408774362 -0.875087022478593
18.4607526305884 -0.859372777426912
18.4793643837407 -0.842801890901351
18.497976136893 -0.825390881121978
18.5165878900452 -0.807157103761984
18.5351996431975 -0.788118734647192
18.5538113963497 -0.768294751637971
18.572423149502 -0.74770491571171
18.5910349026543 -0.726369751264637
18.6096466558065 -0.704310525652671
18.6282584089588 -0.681549227991634
18.6468701621111 -0.658108547238039
18.6654819152633 -0.634011849572241
18.6840936684156 -0.609283155106515
18.7027054215678 -0.583947113941306
18.7213171747201 -0.558028981593441
18.7399289278724 -0.531554593820904
18.7585406810246 -0.504550340869176
18.7771524341769 -0.477043141164889
18.7957641873291 -0.449060414482921
18.8143759404814 -0.420630054613786
18.8329876936337 -0.391780401558491
18.8515994467859 -0.362540213278623
18.8702111999382 -0.332938637029761
18.8888229530905 -0.303005180306874
18.9074347062427 -0.272769681430606
18.926046459395 -0.242262279803781
18.9446582125472 -0.211513385867819
18.9632699656995 -0.180553650788903
18.9818817188518 -0.149413935904263
19.000493472004 -0.118125281958906
19.0191052251563 -0.0867188781635501
19.0377169783085 -0.0552260311045086
19.0563287314608 -0.0236781335366261
19.0749404846131 0.00789336690971598
19.0935522377653 0.0394569990762538
19.1121639909176 0.0709812996480158
19.1307757440698 0.102434844516612
19.1493874972221 0.133786280104476
19.1679992503744 0.165004354618801
19.1866110035266 0.196057949203978
19.2052227566789 0.226916108961589
19.2238345098312 0.257548073806894
19.2424462629834 0.287923309131168
19.2610580161357 0.318011536239239
19.2796697692879 0.347782762531982
19.2982815224402 0.377207311403574
19.3168932755925 0.406255851823791
19.3355050287447 0.434899427575794
19.354116781897 0.463109486120348
19.3727285350492 0.490857907057592
19.3913402882015 0.518117030158075
19.4099520413538 0.544859682935072
19.428563794506 0.571059207730695
19.4471755476583 0.596689488288855
19.4657873008106 0.621724975788493
19.4843990539628 0.646140714311211
19.5030108071151 0.669912365717856
19.5216225602673 0.693016233909331
19.5402343134196 0.71542928844737
19.5588460665719 0.737129187511781
19.5774578197241 0.758094300171246
19.5960695728764 0.77830372794553
19.6146813260286 0.797737325637518
19.6332930791809 0.816375721414398
19.6519048323332 0.834200336117918
19.6705165854854 0.851193401784495
19.6891283386377 0.867337979356714
19.7077400917899 0.882617975568546
19.7263518449422 0.897018158987464
19.7449635980945 0.910524175197462
19.7635753512467 0.923122561107861
19.782187104399 0.934800758373598
19.8007988575513 0.945547125913668
19.8194106107035 0.955350951515195
19.8380223638558 0.964202462511612
19.856634117008 0.972092835524257
19.8752458701603 0.979014205257714
19.8938576233126 0.984959672340111
19.9124693764648 0.989923310200557
19.9310811296171 0.993900170976888
19.9496928827693 0.996886290447793
19.9683046359216 0.998878691984444
19.9869163890739 0.999875389517657
20.0055281422261 0.999875389517657
20.0241398953784 0.998878691984444
20.0427516485307 0.996886290447793
20.0613634016829 0.993900170976888
20.0799751548352 0.989923310200557
20.0985869079874 0.984959672340111
20.1171986611397 0.979014205257714
20.135810414292 0.972092835524257
20.1544221674442 0.964202462511612
20.1730339205965 0.955350951515195
20.1916456737487 0.945547125913668
20.210257426901 0.934800758373598
20.2288691800533 0.923122561107861
20.2474809332055 0.910524175197462
20.2660926863578 0.897018158987465
20.2847044395101 0.882617975568546
20.3033161926623 0.867337979356714
20.3219279458146 0.851193401784495
20.3405396989668 0.834200336117919
20.3591514521191 0.816375721414401
20.3777632052714 0.797737325637518
20.3963749584236 0.77830372794553
20.4149867115759 0.758094300171247
20.4335984647281 0.737129187511777
20.4522102178804 0.71542928844737
20.4708219710327 0.693016233909332
20.4894337241849 0.669912365717856
20.5080454773372 0.646140714311211
20.5266572304894 0.621724975788493
20.5452689836417 0.596689488288855
20.563880736794 0.571059207730695
20.5824924899462 0.544859682935072
20.6011042430985 0.51811703015808
20.6197159962508 0.490857907057593
20.638327749403 0.463109486120348
20.6569395025553 0.434899427575794
20.6755512557075 0.406255851823791
20.6941630088598 0.377207311403575
20.7127747620121 0.347782762531982
20.7313865151643 0.31801153623924
20.7499982683166 0.287923309131168
20.7686100214688 0.257548073806895
20.7872217746211 0.22691610896159
20.8058335277734 0.196057949203979
20.8244452809256 0.165004354618801
20.8430570340779 0.133786280104477
20.8616687872302 0.102434844516612
20.8802805403824 0.0709812996480153
20.8988922935347 0.0394569990762536
20.9175040466869 0.00789336690971022
20.9361157998392 -0.0236781335366265
20.9547275529915 -0.0552260311045084
20.9733393061437 -0.0867188781635496
20.991951059296 -0.118125281958905
21.0105628124482 -0.149413935904263
21.0291745656005 -0.180553650788903
21.0477863187528 -0.211513385867818
21.066398071905 -0.242262279803781
21.0850098250573 -0.2727696814306
21.1036215782095 -0.303005180306874
21.1222333313618 -0.332938637029761
21.1408450845141 -0.362540213278623
21.1594568376663 -0.39178040155849
21.1780685908186 -0.420630054613786
21.1966803439709 -0.449060414482921
21.2152920971231 -0.477043141164889
21.2339038502754 -0.504550340869175
21.2525156034276 -0.531554593820904
21.2711273565799 -0.55802898159344
21.2897391097322 -0.583947113941305
21.3083508628844 -0.609283155106515
21.3269626160367 -0.634011849572236
21.3455743691889 -0.658108547238038
21.3641861223412 -0.681549227991634
21.3827978754935 -0.704310525652671
21.4014096286457 -0.726369751264638
21.420021381798 -0.74770491571171
21.4386331349503 -0.768294751637971
21.4572448881025 -0.788118734647192
21.4758566412548 -0.807157103761984
21.494468394407 -0.825390881121978
21.5130801475593 -0.842801890901351
21.5316919007116 -0.859372777426911
21.5503036538638 -0.875087022478592
21.5689154070161 -0.889928961755182
21.5875271601683 -0.903883800488824
21.6061389133206 -0.916937628192789
21.6247506664729 -0.92907743252773
21.6433624196251 -0.940291112272677
21.6619741727774 -0.950567489387783
21.6805859259296 -0.959896320156857
21.6991976790819 -0.968268305398507
21.7178094322342 -0.975675099735773
21.7364211853864 -0.982109319914981
21.7550329385387 -0.987564552165524
21.773644691691 -0.992035358593258
21.7922564448432 -0.995517282601106
21.8108681979955 -0.998006853331493
21.8294799511477 -0.999501589126174
21.8480917043 -1
21.8579803389231 -0.999501589126174
21.8678689735462 -0.998006853331494
21.8777576081693 -0.995517282601106
21.8876462427925 -0.992035358593257
21.8975348774156 -0.987564552165524
21.9074235120387 -0.98210931991498
21.9173121466618 -0.975675099735772
21.9272007812849 -0.968268305398508
21.937089415908 -0.959896320156856
21.9469780505312 -0.950567489387784
21.9568666851543 -0.940291112272676
21.9667553197774 -0.929077432527729
21.9766439544005 -0.91693762819279
21.9865325890236 -0.903883800488824
21.9964212236467 -0.889928961755178
22.0063098582698 -0.875087022478595
22.016198492893 -0.859372777426912
22.0260871275161 -0.842801890901348
22.0359757621392 -0.825390881121978
22.0458643967623 -0.807157103761984
22.0557530313854 -0.788118734647189
22.0656416660085 -0.768294751637972
22.0755303006317 -0.747704915711707
22.0854189352548 -0.726369751264643
22.0953075698779 -0.704310525652673
22.105196204501 -0.681549227991632
22.1150848391241 -0.658108547238041
22.1249734737472 -0.634011849572239
22.1348621083704 -0.609283155106514
22.1447507429935 -0.583947113941309
22.1546393776166 -0.55802898159344
22.1645280122397 -0.531554593820898
22.1744166468628 -0.50455034086918
22.1843052814859 -0.477043141164888
22.194193916109 -0.449060414482925
22.2040825507322 -0.420630054613786
22.2139711853553 -0.391780401558491
22.2238598199784 -0.362540213278629
22.2337484546015 -0.332938637029762
22.2436370892246 -0.30300518030687
22.2535257238477 -0.272769681430607
22.2634143584709 -0.242262279803783
22.273302993094 -0.211513385867815
22.2831916277171 -0.180553650788906
22.2930802623402 -0.14941393590426
22.3029688969633 -0.118125281958903
22.3128575315864 -0.0867188781635534
22.3227461662095 -0.0552260311045068
22.3326348008327 -0.0236781335366186
22.3425234354558 0.00789336690971153
22.3524120700789 0.0394569990762549
22.362300704702 0.0709812996480107
22.3721893393251 0.102434844516612
22.3820779739482 0.133786280104482
22.3919666085714 0.165004354618795
22.4018552431945 0.196057949203978
22.4117438778176 0.226916108961594
22.4216325124407 0.257548073806893
22.4315211470638 0.287923309131167
22.4414097816869 0.318011536239242
22.45129841631 0.34778276253198
22.4611870509332 0.377207311403577
22.4710756855563 0.406255851823794
22.4809643201794 0.434899427575791
22.4908529548025 0.46310948612035
22.5007415894256 0.490857907057589
22.5106302240487 0.518117030158076
22.5205188586719 0.544859682935073
22.530407493295 0.571059207730691
22.5402961279181 0.596689488288855
22.5501847625412 0.621724975788498
22.5600733971643 0.646140714311207
22.5699620317874 0.669912365717855
22.5798506664106 0.693016233909335
22.5897393010337 0.715429288447369
22.5996279356568 0.73712918751178
22.6095165702799 0.758094300171249
22.619405204903 0.778303727945529
22.6292938395261 0.79773732563752
22.6391824741492 0.816375721414396
22.6490711087724 0.834200336117917
22.6589597433955 0.851193401784496
22.6688483780186 0.867337979356713
22.6787370126417 0.882617975568547
22.6886256472648 0.897018158987465
22.6985142818879 0.910524175197461
22.7084029165111 0.923122561107861
22.7182915511342 0.9348007583736
22.7281801857573 0.945547125913666
22.7380688203804 0.955350951515195
22.7479574550035 0.964202462511613
22.7578460896266 0.972092835524257
22.7677347242497 0.979014205257715
22.7776233588729 0.98495967234011
22.787511993496 0.989923310200557
22.7974006281191 0.993900170976888
22.8072892627422 0.996886290447793
22.8171778973653 0.998878691984444
22.8270665319884 0.999875389517657
22.8369551666116 0.999875389517657
22.8468438012347 0.998878691984444
22.8567324358578 0.996886290447793
22.8666210704809 0.993900170976888
22.876509705104 0.989923310200557
22.8863983397271 0.98495967234011
22.8962869743503 0.979014205257715
22.9061756089734 0.972092835524257
22.9160642435965 0.964202462511613
22.9259528782196 0.955350951515195
22.9358415128427 0.945547125913666
22.9457301474658 0.9348007583736
22.9556187820889 0.923122561107861
22.9655074167121 0.910524175197461
22.9753960513352 0.897018158987465
22.9852846859583 0.882617975568547
22.9951733205814 0.867337979356713
23.0050619552045 0.851193401784496
23.0149505898276 0.834200336117917
23.0248392244508 0.816375721414396
23.0347278590739 0.797737325637521
23.044616493697 0.778303727945529
23.0545051283201 0.758094300171242
23.0643937629432 0.73712918751178
23.0742823975663 0.715429288447369
23.0841710321894 0.693016233909335
23.0940596668126 0.669912365717856
23.1039483014357 0.646140714311207
23.1138369360588 0.621724975788498
23.1237255706819 0.596689488288856
23.133614205305 0.571059207730691
23.1435028399281 0.544859682935073
23.1533914745513 0.518117030158077
23.1632801091744 0.490857907057589
23.1731687437975 0.46310948612035
23.1830573784206 0.434899427575792
23.1929460130437 0.406255851823794
23.2028346476668 0.377207311403577
23.21272328229 0.34778276253198
23.2226119169131 0.318011536239243
23.2325005515362 0.287923309131167
23.2423891861593 0.257548073806893
23.2522778207824 0.226916108961594
23.2621664554055 0.196057949203978
23.2720550900286 0.165004354618795
23.2819437246518 0.133786280104482
23.2918323592749 0.102434844516613
23.301720993898 0.0709812996480224
23.3116096285211 0.0394569990762545
23.3214982631442 0.00789336690971111
23.3313868977673 -0.0236781335366292
23.3412755323905 -0.0552260311045066
23.3511641670136 -0.0867188781635531
23.3610528016367 -0.118125281958903
23.3709414362598 -0.14941393590426
23.3808300708829 -0.180553650788906
23.390718705506 -0.211513385867816
23.4006073401291 -0.242262279803783
23.4104959747523 -0.272769681430607
23.4203846093754 -0.30300518030687
23.4302732439985 -0.332938637029762
23.4401618786216 -0.362540213278629
23.4500505132447 -0.391780401558491
23.4599391478678 -0.420630054613786
23.469827782491 -0.449060414482915
23.4797164171141 -0.477043141164888
23.4896050517372 -0.504550340869179
23.4994936863603 -0.531554593820898
23.5093823209834 -0.558028981593439
23.5192709556065 -0.583947113941309
23.5291595902296 -0.609283155106514
23.5390482248528 -0.634011849572239
23.5489368594759 -0.65810854723804
23.558825494099 -0.681549227991631
23.5687141287221 -0.704310525652672
23.5786027633452 -0.726369751264643
23.5884913979683 -0.747704915711707
23.5983800325915 -0.768294751637972
23.6082686672146 -0.788118734647196
23.6181573018377 -0.807157103761984
23.6280459364608 -0.825390881121977
23.6379345710839 -0.842801890901348
23.647823205707 -0.859372777426912
23.6577118403302 -0.875087022478595
23.6676004749533 -0.889928961755179
23.6774891095764 -0.903883800488824
23.6873777441995 -0.91693762819279
23.6972663788226 -0.929077432527729
23.7071550134457 -0.940291112272676
23.7170436480688 -0.950567489387784
23.726932282692 -0.959896320156856
23.7368209173151 -0.968268305398508
23.7467095519382 -0.975675099735772
23.7565981865613 -0.98210931991498
23.7664868211844 -0.987564552165524
23.7763754558075 -0.992035358593257
23.7862640904307 -0.995517282601106
23.7961527250538 -0.998006853331494
23.8060413596769 -0.999501589126174
23.8159299943 -1
23.8319303460874 -0.999501589126174
23.8479306978749 -0.998006853331494
23.8639310496623 -0.995517282601106
23.8799314014497 -0.992035358593258
23.8959317532372 -0.987564552165524
23.9119321050246 -0.982109319914981
23.9279324568121 -0.975675099735774
23.9439328085995 -0.968268305398508
23.9599331603869 -0.959896320156856
23.9759335121744 -0.950567489387783
23.9919338639618 -0.940291112272676
24.0079342157492 -0.929077432527731
24.0239345675367 -0.91693762819279
24.0399349193241 -0.903883800488822
24.0559352711116 -0.88992896175518
24.071935622899 -0.875087022478594
24.0879359746864 -0.859372777426913
24.1039363264739 -0.842801890901352
24.1199366782613 -0.825390881121974
24.1359370300487 -0.807157103761984
24.1519373818362 -0.788118734647192
24.1679377336236 -0.768294751637971
24.1839380854111 -0.74770491571171
24.1999384371985 -0.726369751264642
24.2159387889859 -0.70431052565267
24.2319391407734 -0.681549227991633
24.2479394925608 -0.658108547238038
24.2639398443482 -0.63401184957224
24.2799401961357 -0.609283155106519
24.2959405479231 -0.583947113941304
24.3119408997106 -0.558028981593439
24.327941251498 -0.531554593820901
24.3439416032854 -0.504550340869178
24.3599419550729 -0.477043141164891
24.3759423068603 -0.449060414482917
24.3919426586477 -0.420630054613782
24.4079430104352 -0.391780401558493
24.4239433622226 -0.362540213278625
24.43994371401 -0.332938637029763
24.4559440657975 -0.303005180306876
24.4719444175849 -0.272769681430601
24.4879447693724 -0.242262279803782
24.5039451211598 -0.211513385867819
24.5199454729472 -0.180553650788903
24.5359458247347 -0.149413935904264
24.5519461765221 -0.118125281958905
24.5679465283095 -0.086718878163549
24.583946880097 -0.0552260311045075
24.5999472318844 -0.0236781335366248
24.6159475836719 0.00789336690971109
24.6319479354593 0.0394569990762491
24.6479482872467 0.0709812996480182
24.6639486390342 0.102434844516614
24.6799489908216 0.133786280104479
24.695949342609 0.165004354618798
24.7119496943965 0.196057949203975
24.7279500461839 0.226916108961593
24.7439503979714 0.257548073806898
24.7599507497588 0.287923309131166
24.7759511015462 0.318011536239237
24.7919514533337 0.34778276253198
24.8079518051211 0.377207311403579
24.8239521569085 0.406255851823791
24.839952508696 0.434899427575794
24.8559528604834 0.463109486120347
24.8719532122709 0.490857907057592
24.8879535640583 0.518117030158075
24.9039539158457 0.544859682935072
24.9199542676332 0.571059207730696
24.9359546194206 0.596689488288856
24.951954971208 0.621724975788494
24.9679553229955 0.646140714311208
24.9839556747829 0.669912365717857
24.9999560265704 0.693016233909333
25.0159563783578 0.715429288447372
25.0319567301452 0.737129187511778
25.0479570819327 0.758094300171244
25.0639574337201 0.778303727945528
25.0799577855075 0.79773732563752
25.095958137295 0.816375721414399
25.1119584890824 0.834200336117917
25.1279588408698 0.851193401784494
25.1439591926573 0.867337979356713
25.1599595444447 0.882617975568548
25.1759598962322 0.897018158987464
25.1919602480196 0.910524175197462
25.207960599807 0.92312256110786
25.2239609515945 0.934800758373597
25.2399613033819 0.945547125913668
25.2559616551693 0.955350951515195
25.2719620069568 0.964202462511612
25.2879623587442 0.972092835524257
25.3039627105317 0.979014205257714
25.3199630623191 0.984959672340111
25.3359634141065 0.989923310200557
25.351963765894 0.993900170976888
25.3679641176814 0.996886290447793
25.3839644694688 0.998878691984444
25.3999648212563 0.999875389517657
25.4159651730437 0.999875389517657
25.4319655248312 0.998878691984444
25.4479658766186 0.996886290447793
25.463966228406 0.993900170976888
25.4799665801935 0.989923310200557
25.4959669319809 0.984959672340111
25.5119672837683 0.979014205257714
25.5279676355558 0.972092835524257
25.5439679873432 0.964202462511612
25.5599683391307 0.955350951515195
25.5759686909181 0.945547125913668
25.5919690427055 0.934800758373597
25.607969394493 0.92312256110786
25.6239697462804 0.910524175197462
25.6399700980678 0.897018158987464
25.6559704498553 0.882617975568548
25.6719708016427 0.867337979356713
25.6879711534302 0.851193401784494
25.7039715052176 0.834200336117918
25.719971857005 0.8163757214144
25.7359722087925 0.797737325637521
25.7519725605799 0.778303727945528
25.7679729123673 0.758094300171244
25.7839732641548 0.737129187511778
25.7999736159422 0.715429288447371
25.8159739677296 0.693016233909333
25.8319743195171 0.669912365717853
25.8479746713045 0.646140714311208
25.863975023092 0.621724975788494
25.8799753748794 0.596689488288856
25.8959757266668 0.571059207730696
25.9119760784543 0.544859682935073
25.9279764302417 0.518117030158081
25.9439767820291 0.490857907057592
25.9599771338166 0.463109486120348
25.975977485604 0.434899427575793
25.9919778373915 0.406255851823791
26.0079781891789 0.377207311403579
26.0239785409663 0.34778276253198
26.0399788927538 0.318011536239237
26.0559792445412 0.287923309131167
26.0719795963286 0.257548073806898
26.0879799481161 0.226916108961593
26.1039802999035 0.196057949203975
26.119980651691 0.165004354618798
26.1359810034784 0.133786280104479
26.1519813552658 0.102434844516615
26.1679817070533 0.070981299648018
26.1839820588407 0.0394569990762501
26.1999824106281 0.00789336690971111
26.2159827624156 -0.0236781335366247
26.231983114203 -0.0552260311045075
26.2479834659905 -0.0867188781635487
26.2639838177779 -0.118125281958904
26.2799841695653 -0.149413935904263
26.2959845213528 -0.180553650788903
26.3119848731402 -0.211513385867819
26.3279852249276 -0.242262279803781
26.3439855767151 -0.272769681430601
26.3599859285025 -0.303005180306876
26.37598628029 -0.332938637029762
26.3919866320774 -0.362540213278625
26.4079869838648 -0.391780401558492
26.4239873356523 -0.420630054613783
26.4399876874397 -0.449060414482917
26.4559880392271 -0.477043141164892
26.4719883910146 -0.504550340869178
26.487988742802 -0.531554593820901
26.5039890945894 -0.558028981593439
26.5199894463769 -0.583947113941304
26.5359897981643 -0.609283155106519
26.5519901499518 -0.63401184957224
26.5679905017392 -0.658108547238038
26.5839908535266 -0.681549227991633
26.5999912053141 -0.70431052565267
26.6159915571015 -0.726369751264641
26.6319919088889 -0.74770491571171
26.6479922606764 -0.768294751637971
26.6639926124638 -0.788118734647192
26.6799929642513 -0.807157103761984
26.6959933160387 -0.825390881121974
26.7119936678261 -0.842801890901352
26.7279940196136 -0.859372777426912
26.743994371401 -0.875087022478593
26.7599947231884 -0.88992896175518
26.7759950749759 -0.903883800488822
26.7919954267633 -0.91693762819279
26.8079957785508 -0.929077432527731
26.8239961303382 -0.940291112272676
26.8399964821256 -0.950567489387782
26.8559968339131 -0.959896320156856
26.8719971857005 -0.968268305398506
26.8879975374879 -0.975675099735774
26.9039978892754 -0.982109319914981
26.9199982410628 -0.987564552165524
26.9359985928503 -0.992035358593258
26.9519989446377 -0.995517282601106
26.9679992964251 -0.998006853331494
26.9839996482126 -0.999501589126174
27 -1
