0 -1
0.00596955714522613 -0.999501589126174
0.0119391142904523 -0.998006853331493
0.0179086714356784 -0.995517282601106
0.0238782285809045 -0.992035358593258
0.0298477857261307 -0.987564552165524
0.0358173428713568 -0.98210931991498
0.0417869000165829 -0.975675099735774
0.047756457161809 -0.968268305398507
0.0537260143070352 -0.959896320156857
0.0596955714522613 -0.950567489387783
0.0656651285974874 -0.940291112272676
0.0716346857427136 -0.929077432527731
0.0776042428879397 -0.916937628192789
0.0835738000331658 -0.903883800488824
0.0895433571783919 -0.88992896175518
0.0955129143236181 -0.875087022478594
0.101482471468844 -0.859372777426912
0.10745202861407 -0.842801890901351
0.113421585759296 -0.825390881121976
0.119391142904523 -0.807157103761985
0.125360700049749 -0.788118734647192
0.131330257194975 -0.768294751637971
0.137299814340201 -0.747704915711709
0.143269371485427 -0.726369751264639
0.149238928630653 -0.704310525652672
0.155208485775879 -0.681549227991634
0.161178042921106 -0.658108547238038
0.167147600066332 -0.634011849572239
0.173117157211558 -0.609283155106517
0.179086714356784 -0.583947113941306
0.18505627150201 -0.55802898159344
0.191025828647236 -0.531554593820901
0.196995385792462 -0.504550340869177
0.202964942937688 -0.47704314116489
0.208934500082915 -0.44906041448292
0.214904057228141 -0.420630054613784
0.220873614373367 -0.391780401558493
0.226843171518593 -0.362540213278624
0.232812728663819 -0.332938637029761
0.238782285809045 -0.303005180306873
0.244751842954271 -0.272769681430603
0.250721400099497 -0.242262279803783
0.256690957244724 -0.211513385867819
0.26266051438995 -0.180553650788902
0.268630071535176 -0.149413935904261
0.274599628680402 -0.118125281958908
0.280569185825628 -0.0867188781635509
0.286538742970854 -0.0552260311045082
0.29250830011608 -0.0236781335366241
0.298477857261306 0.00789336690971331
0.304447414406533 0.0394569990762529
0.310416971551759 0.070981299648016
0.316386528696985 0.102434844516613
0.322356085842211 0.133786280104479
0.328325642987437 0.165004354618799
0.334295200132663 0.196057949203978
0.340264757277889 0.22691610896159
0.346234314423116 0.257548073806897
0.352203871568342 0.287923309131166
0.358173428713568 0.318011536239238
0.364142985858794 0.347782762531982
0.37011254300402 0.377207311403576
0.376082100149246 0.406255851823789
0.382051657294472 0.434899427575793
0.388021214439698 0.463109486120348
0.393990771584925 0.490857907057594
0.399960328730151 0.518117030158077
0.405929885875377 0.54485968293507
0.411899443020603 0.571059207730695
0.417869000165829 0.596689488288856
0.423838557311055 0.621724975788495
0.429808114456281 0.64614071431121
0.435777671601508 0.669912365717855
0.441747228746734 0.693016233909332
0.44771678589196 0.715429288447371
0.453686343037186 0.737129187511779
0.459655900182412 0.758094300171245
0.465625457327638 0.77830372794553
0.471595014472864 0.797737325637519
0.47756457161809 0.816375721414399
0.483534128763317 0.834200336117918
0.489503685908543 0.851193401784495
0.495473243053769 0.867337979356715
0.501442800198995 0.882617975568547
0.507412357344221 0.897018158987464
0.513381914489447 0.910524175197462
0.519351471634673 0.923122561107861
0.525321028779899 0.934800758373598
0.531290585925126 0.945547125913667
0.537260143070352 0.955350951515195
0.543229700215578 0.964202462511612
0.549199257360804 0.972092835524257
0.55516881450603 0.979014205257714
0.561138371651256 0.98495967234011
0.567107928796482 0.989923310200557
0.573077485941708 0.993900170976888
0.579047043086935 0.996886290447793
0.585016600232161 0.998878691984444
0.590986157377387 0.999875389517657
0.596955714522613 0.999875389517657
0.602925271667839 0.998878691984444
0.608894828813065 0.996886290447793
0.614864385958291 0.993900170976888
0.620833943103518 0.989923310200557
0.626803500248744 0.984959672340111
0.63277305739397 0.979014205257715
0.638742614539196 0.972092835524257
0.644712171684422 0.964202462511612
0.650681728829648 0.955350951515195
0.656651285974874 0.945547125913667
0.662620843120101 0.934800758373598
0.668590400265327 0.923122561107861
0.674559957410553 0.910524175197462
0.680529514555779 0.897018158987464
0.686499071701005 0.882617975568547
0.692468628846231 0.867337979356714
0.698438185991457 0.851193401784495
0.704407743136683 0.834200336117918
0.710377300281909 0.816375721414399
0.716346857427136 0.79773732563752
0.722316414572362 0.77830372794553
0.728285971717588 0.758094300171246
0.734255528862814 0.737129187511779
0.74022508600804 0.715429288447371
0.746194643153266 0.693016233909332
0.752164200298492 0.669912365717855
0.758133757443719 0.64614071431121
0.764103314588945 0.621724975788495
0.770072871734171 0.596689488288856
0.776042428879397 0.571059207730695
0.782011986024623 0.54485968293507
0.787981543169849 0.518117030158077
0.793951100315075 0.490857907057594
0.799920657460301 0.463109486120348
0.805890214605528 0.434899427575793
0.811859771750754 0.406255851823789
0.81782932889598 0.377207311403576
0.823798886041206 0.347782762531982
0.829768443186432 0.318011536239239
0.835738000331658 0.287923309131167
0.841707557476884 0.257548073806896
0.84767711462211 0.22691610896159
0.853646671767337 0.196057949203978
0.859616228912563 0.165004354618799
0.865585786057789 0.133786280104479
0.871555343203015 0.102434844516613
0.877524900348241 0.0709812996480162
0.883494457493467 0.0394569990762527
0.889464014638693 0.00789336690971289
0.895433571783919 -0.023678133536623
0.901403128929146 -0.0552260311045075
0.907372686074372 -0.0867188781635514
0.913342243219598 -0.118125281958908
0.919311800364824 -0.14941393590426
0.92528135751005 -0.180553650788901
0.931250914655276 -0.211513385867818
0.937220471800502 -0.242262279803784
0.943190028945729 -0.272769681430603
0.949159586090955 -0.303005180306872
0.955129143236181 -0.332938637029761
0.961098700381407 -0.362540213278624
0.967068257526633 -0.391780401558494
0.973037814671859 -0.420630054613784
0.979007371817085 -0.44906041448292
0.984976928962311 -0.47704314116489
0.990946486107538 -0.504550340869177
0.996916043252764 -0.531554593820901
1.00288560039799 -0.55802898159344
1.00885515754322 -0.583947113941307
1.01482471468844 -0.609283155106517
1.02079427183367 -0.634011849572238
1.02676382897889 -0.658108547238038
1.03273338612412 -0.681549227991634
1.03870294326935 -0.704310525652672
1.04467250041457 -0.726369751264639
1.0506420575598 -0.747704915711709
1.05661161470503 -0.768294751637971
1.06258117185025 -0.788118734647192
1.06855072899548 -0.807157103761985
1.0745202861407 -0.825390881121976
1.08048984328593 -0.842801890901351
1.08645940043116 -0.859372777426912
1.09242895757638 -0.875087022478594
1.09839851472161 -0.88992896175518
1.10436807186683 -0.903883800488824
1.11033762901206 -0.916937628192789
1.11630718615729 -0.92907743252773
1.12227674330251 -0.940291112272675
1.12824630044774 -0.950567489387783
1.13421585759296 -0.959896320156857
1.14018541473819 -0.968268305398507
1.14615497188342 -0.975675099735774
1.15212452902864 -0.98210931991498
1.15809408617387 -0.987564552165524
1.1640636433191 -0.992035358593258
1.17003320046432 -0.995517282601106
1.17600275760955 -0.998006853331493
1.18197231475477 -0.999501589126174
1.1879418719 -1
1.20437124885276 -0.999501589126174
1.22080062580553 -0.998006853331493
1.23723000275829 -0.995517282601106
1.25365937971106 -0.992035358593258
1.27008875666382 -0.987564552165524
1.28651813361658 -0.98210931991498
1.30294751056935 -0.975675099735774
1.31937688752211 -0.968268305398507
1.33580626447487 -0.959896320156857
1.35223564142764 -0.950567489387783
1.3686650183804 -0.940291112272676
1.38509439533317 -0.92907743252773
1.40152377228593 -0.916937628192789
1.41795314923869 -0.903883800488824
1.43438252619146 -0.88992896175518
1.45081190314422 -0.875087022478594
1.46724128009698 -0.859372777426912
1.48367065704975 -0.842801890901351
1.50010003400251 -0.825390881121976
1.51652941095528 -0.807157103761985
1.53295878790804 -0.788118734647192
1.5493881648608 -0.768294751637971
1.56581754181357 -0.747704915711709
1.58224691876633 -0.726369751264639
1.5986762957191 -0.704310525652672
1.61510567267186 -0.681549227991634
1.63153504962462 -0.658108547238038
1.64796442657739 -0.634011849572239
1.66439380353015 -0.609283155106516
1.68082318048291 -0.583947113941306
1.69725255743568 -0.55802898159344
1.71368193438844 -0.531554593820901
1.73011131134121 -0.504550340869177
1.74654068829397 -0.47704314116489
1.76297006524673 -0.44906041448292
1.7793994421995 -0.420630054613784
1.79582881915226 -0.391780401558493
1.81225819610503 -0.362540213278625
1.82868757305779 -0.332938637029761
1.84511695001055 -0.303005180306873
1.86154632696332 -0.272769681430603
1.87797570391608 -0.242262279803783
1.89440508086884 -0.211513385867819
1.91083445782161 -0.180553650788902
1.92726383477437 -0.149413935904261
1.94369321172714 -0.118125281958908
1.9601225886799 -0.0867188781635507
1.97655196563266 -0.0552260311045084
1.99298134258543 -0.0236781335366243
2.00941071953819 0.00789336690971264
2.02584009649095 0.0394569990762527
2.04226947344372 0.0709812996480158
2.05869885039648 0.102434844516614
2.07512822734925 0.133786280104479
2.09155760430201 0.165004354618799
2.10798698125477 0.196057949203978
2.12441635820754 0.22691610896159
2.1408457351603 0.257548073806897
2.15727511211307 0.287923309131166
2.17370448906583 0.318011536239238
2.19013386601859 0.347782762531983
2.20656324297136 0.377207311403576
2.22299261992412 0.406255851823789
2.23942199687688 0.434899427575793
2.25585137382965 0.463109486120348
2.27228075078241 0.490857907057594
2.28871012773518 0.518117030158078
2.30513950468794 0.544859682935071
2.3215688816407 0.571059207730695
2.33799825859347 0.596689488288855
2.35442763554623 0.621724975788495
2.37085701249899 0.646140714311209
2.38728638945176 0.669912365717855
2.40371576640452 0.693016233909332
2.42014514335729 0.715429288447372
2.43657452031005 0.737129187511779
2.45300389726281 0.758094300171245
2.46943327421558 0.77830372794553
2.48586265116834 0.79773732563752
2.50229202812111 0.816375721414399
2.51872140507387 0.834200336117918
2.53515078202663 0.851193401784495
2.5515801589794 0.867337979356715
2.56800953593216 0.882617975568547
2.58443891288492 0.897018158987463
2.60086828983769 0.910524175197462
2.61729766679045 0.923122561107861
2.63372704374322 0.934800758373598
2.65015642069598 0.945547125913667
2.66658579764874 0.955350951515195
2.68301517460151 0.964202462511612
2.69944455155427 0.972092835524257
2.71587392850704 0.979014205257714
2.7323033054598 0.984959672340111
2.74873268241256 0.989923310200557
2.76516205936533 0.993900170976888
2.78159143631809 0.996886290447793
2.79802081327085 0.998878691984444
2.81445019022362 0.999875389517657
2.83087956717638 0.999875389517657
2.84730894412915 0.998878691984444
2.86373832108191 0.996886290447793
2.88016769803467 0.993900170976888
2.89659707498744 0.989923310200557
2.9130264519402 0.984959672340111
2.92945582889296 0.979014205257715
2.94588520584573 0.972092835524257
2.96231458279849 0.964202462511612
2.97874395975126 0.955350951515195
2.99517333670402 0.945547125913667
3.01160271365678 0.934800758373598
3.02803209060955 0.923122561107861
3.04446146756231 0.910524175197462
3.06089084451508 0.897018158987463
3.07732022146784 0.882617975568547
3.0937495984206 0.867337979356714
3.11017897537337 0.851193401784494
3.12660835232613 0.834200336117917
3.14303772927889 0.816375721414399
3.15946710623166 0.79773732563752
3.17589648318442 0.77830372794553
3.19232586013719 0.758094300171246
3.20875523708995 0.737129187511778
3.22518461404271 0.715429288447371
3.24161399099548 0.693016233909331
3.25804336794824 0.669912365717855
3.27447274490101 0.646140714311209
3.29090212185377 0.621724975788495
3.30733149880653 0.596689488288856
3.3237608757593 0.571059207730694
3.34019025271206 0.54485968293507
3.35661962966482 0.518117030158077
3.37304900661759 0.490857907057593
3.38947838357035 0.463109486120348
3.40590776052312 0.434899427575793
3.42233713747588 0.406255851823788
3.43876651442864 0.377207311403575
3.45519589138141 0.347782762531982
3.47162526833417 0.318011536239237
3.48805464528693 0.287923309131166
3.5044840222397 0.257548073806896
3.52091339919246 0.22691610896159
3.53734277614523 0.196057949203979
3.55377215309799 0.1650043546188
3.57020153005075 0.133786280104478
3.58663090700352 0.102434844516612
3.60306028395628 0.0709812996480153
3.61948966090905 0.0394569990762527
3.63591903786181 0.00789336690971378
3.65234841481457 -0.0236781335366239
3.66877779176734 -0.0552260311045075
3.6852071687201 -0.0867188781635514
3.70163654567286 -0.118125281958909
3.71806592262563 -0.149413935904261
3.73449529957839 -0.180553650788903
3.75092467653116 -0.211513385867818
3.76735405348392 -0.242262279803783
3.78378343043668 -0.272769681430604
3.80021280738945 -0.303005180306873
3.81664218434221 -0.332938637029762
3.83307156129498 -0.362540213278626
3.84950093824774 -0.391780401558493
3.8659303152005 -0.420630054613784
3.88235969215327 -0.44906041448292
3.89878906910603 -0.47704314116489
3.91521844605879 -0.504550340869178
3.93164782301156 -0.531554593820901
3.94807719996432 -0.55802898159344
3.96450657691709 -0.583947113941307
3.98093595386985 -0.609283155106517
3.99736533082261 -0.634011849572238
4.01379470777538 -0.658108547238037
4.03022408472814 -0.681549227991634
4.0466534616809 -0.704310525652672
4.06308283863367 -0.72636975126464
4.07951221558643 -0.747704915711709
4.0959415925392 -0.768294751637971
4.11237096949196 -0.788118734647192
4.12880034644472 -0.807157103761985
4.14522972339749 -0.825390881121977
4.16165910035025 -0.842801890901351
4.17808847730302 -0.859372777426912
4.19451785425578 -0.875087022478594
4.21094723120854 -0.88992896175518
4.22737660816131 -0.903883800488824
4.24380598511407 -0.916937628192788
4.26023536206683 -0.929077432527731
4.2766647390196 -0.940291112272676
4.29309411597236 -0.950567489387783
4.30952349292513 -0.959896320156857
4.32595286987789 -0.968268305398507
4.34238224683065 -0.975675099735774
4.35881162378342 -0.98210931991498
4.37524100073618 -0.987564552165524
4.39167037768895 -0.992035358593258
4.40809975464171 -0.995517282601106
4.42452913159447 -0.998006853331493
4.44095850854724 -0.999501589126174
4.4573878855 -1
4.47400846692111 -0.999501589126174
4.49062904834221 -0.998006853331493
4.50724962976332 -0.995517282601106
4.52387021118442 -0.992035358593258
4.54049079260553 -0.987564552165524
4.55711137402663 -0.98210931991498
4.57373195544774 -0.975675099735773
4.59035253686884 -0.968268305398507
4.60697311828995 -0.959896320156857
4.62359369971106 -0.950567489387783
4.64021428113216 -0.940291112272675
4.65683486255327 -0.929077432527731
4.67345544397437 -0.916937628192789
4.69007602539548 -0.903883800488824
4.70669660681658 -0.889928961755181
4.72331718823769 -0.875087022478594
4.73993776965879 -0.859372777426912
4.7565583510799 -0.842801890901351
4.77317893250101 -0.825390881121976
4.78979951392211 -0.807157103761986
4.80642009534322 -0.788118734647193
4.82304067676432 -0.768294751637971
4.83966125818543 -0.747704915711709
4.85628183960653 -0.726369751264639
4.87290242102764 -0.704310525652672
4.88952300244874 -0.681549227991634
4.90614358386985 -0.658108547238037
4.92276416529096 -0.634011849572239
4.93938474671206 -0.609283155106516
4.95600532813317 -0.583947113941306
4.97262590955427 -0.55802898159344
4.98924649097538 -0.531554593820901
5.00586707239648 -0.504550340869177
5.02248765381759 -0.477043141164889
5.03910823523869 -0.44906041448292
5.0557288166598 -0.420630054613784
5.0723493980809 -0.391780401558494
5.08896997950201 -0.362540213278624
5.10559056092312 -0.332938637029762
5.12221114234422 -0.303005180306873
5.13883172376533 -0.272769681430604
5.15545230518643 -0.242262279803784
5.17207288660754 -0.21151338586782
5.18869346802864 -0.180553650788903
5.20531404944975 -0.149413935904261
5.22193463087085 -0.118125281958908
5.23855521229196 -0.0867188781635512
5.25517579371307 -0.0552260311045084
5.27179637513417 -0.0236781335366243
5.28841695655528 0.00789336690971331
5.30503753797638 0.0394569990762527
5.32165811939749 0.070981299648016
5.33827870081859 0.102434844516613
5.3548992822397 0.133786280104479
5.3715198636608 0.1650043546188
5.38814044508191 0.196057949203978
5.40476102650302 0.22691610896159
5.42138160792412 0.257548073806897
5.43800218934523 0.287923309131167
5.45462277076633 0.318011536239239
5.47124335218744 0.347782762531983
5.48786393360854 0.377207311403575
5.50448451502965 0.40625585182379
5.52110509645075 0.434899427575792
5.53772567787186 0.463109486120347
5.55434625929296 0.490857907057593
5.57096684071407 0.518117030158077
5.58758742213518 0.54485968293507
5.60420800355628 0.571059207730694
5.62082858497739 0.596689488288855
5.63744916639849 0.621724975788495
5.6540697478196 0.64614071431121
5.6706903292407 0.669912365717855
5.68731091066181 0.693016233909332
5.70393149208291 0.715429288447371
5.72055207350402 0.737129187511779
5.73717265492513 0.758094300171246
5.75379323634623 0.77830372794553
5.77041381776734 0.79773732563752
5.78703439918844 0.816375721414399
5.80365498060955 0.834200336117918
5.82027556203065 0.851193401784495
5.83689614345176 0.867337979356715
5.85351672487286 0.882617975568547
5.87013730629397 0.897018158987463
5.88675788771508 0.910524175197463
5.90337846913618 0.92312256110786
5.91999905055729 0.934800758373599
5.93661963197839 0.945547125913667
5.9532402133995 0.955350951515195
5.9698607948206 0.964202462511611
5.98648137624171 0.972092835524257
6.00310195766281 0.979014205257714
6.01972253908392 0.98495967234011
6.03634312050503 0.989923310200557
6.05296370192613 0.993900170976888
6.06958428334724 0.996886290447793
6.08620486476834 0.998878691984444
6.10282544618945 0.999875389517657
6.11944602761055 0.999875389517657
6.13606660903166 0.998878691984444
6.15268719045276 0.996886290447793
6.16930777187387 0.993900170976888
6.18592835329498 0.989923310200557
6.20254893471608 0.98495967234011
6.21916951613719 0.979014205257715
6.23579009755829 0.972092835524257
6.2524106789794 0.964202462511612
6.2690312604005 0.955350951515195
6.28565184182161 0.945547125913668
6.30227242324271 0.934800758373598
6.31889300466382 0.923122561107861
6.33551358608492 0.910524175197463
6.35213416750603 0.897018158987464
6.36875474892714 0.882617975568547
6.38537533034824 0.867337979356715
6.40199591176935 0.851193401784495
6.41861649319045 0.834200336117918
6.43523707461156 0.816375721414399
6.45185765603266 0.79773732563752
6.46847823745377 0.77830372794553
6.48509881887487 0.758094300171246
6.50171940029598 0.737129187511779
6.51833998171709 0.715429288447371
6.53496056313819 0.693016233909332
6.5515811445593 0.669912365717855
6.5682017259804 0.646140714311209
6.58482230740151 0.621724975788495
6.60144288882261 0.596689488288856
6.61806347024372 0.571059207730694
6.63468405166482 0.544859682935072
6.65130463308593 0.518117030158077
6.66792521450703 0.490857907057595
6.68454579592814 0.463109486120348
6.70116637734925 0.434899427575794
6.71778695877035 0.406255851823789
6.73440754019146 0.377207311403577
6.75102812161256 0.347782762531982
6.76764870303367 0.31801153623924
6.78426928445477 0.287923309131166
6.80088986587588 0.257548073806897
6.81751044729699 0.226916108961589
6.83413102871809 0.196057949203979
6.8507516101392 0.165004354618798
6.8673721915603 0.133786280104479
6.88399277298141 0.102434844516614
6.90061335440251 0.0709812996480162
6.91723393582362 0.0394569990762527
6.93385451724472 0.00789336690971289
6.95047509866583 -0.0236781335366239
6.96709568008693 -0.0552260311045084
6.98371626150804 -0.0867188781635505
7.00033684292915 -0.118125281958908
7.01695742435025 -0.14941393590426
7.03357800577136 -0.180553650788902
7.05019858719246 -0.211513385867819
7.06681916861357 -0.242262279803784
7.08343975003467 -0.272769681430604
7.10006033145578 -0.303005180306872
7.11668091287688 -0.33293863702976
7.13330149429799 -0.362540213278625
7.1499220757191 -0.391780401558492
7.1665426571402 -0.420630054613785
7.18316323856131 -0.449060414482919
7.19978381998241 -0.47704314116489
7.21640440140352 -0.504550340869177
7.23302498282462 -0.531554593820902
7.24964556424573 -0.55802898159344
7.26626614566683 -0.583947113941306
7.28288672708794 -0.609283155106516
7.29950730850905 -0.634011849572238
7.31612788993015 -0.658108547238037
7.33274847135126 -0.681549227991633
7.34936905277236 -0.704310525652672
7.36598963419347 -0.726369751264639
7.38261021561457 -0.747704915711709
7.39923079703568 -0.768294751637971
7.41585137845678 -0.788118734647192
7.43247195987789 -0.807157103761985
7.449092541299 -0.825390881121976
7.4657131227201 -0.842801890901349
7.48233370414121 -0.859372777426912
7.49895428556231 -0.875087022478593
7.51557486698342 -0.889928961755181
7.53219544840452 -0.903883800488823
7.54881602982563 -0.916937628192789
7.56543661124673 -0.92907743252773
7.58205719266784 -0.940291112272675
7.59867777408894 -0.950567489387782
7.61529835551005 -0.959896320156857
7.63191893693116 -0.968268305398507
7.64853951835226 -0.975675099735773
7.66516009977337 -0.98210931991498
7.68178068119447 -0.987564552165524
7.69840126261558 -0.992035358593258
7.71502184403668 -0.995517282601106
7.73164242545779 -0.998006853331493
7.7482630068789 -0.999501589126174
7.7648835883 -1
7.77322386191759 -0.999501589126174
7.78156413553518 -0.998006853331493
7.78990440915276 -0.995517282601106
7.79824468277035 -0.992035358593258
7.80658495638794 -0.987564552165524
7.81492523000553 -0.98210931991498
7.82326550362312 -0.975675099735773
7.8316057772407 -0.968268305398507
7.83994605085829 -0.959896320156857
7.84828632447588 -0.950567489387782
7.85662659809347 -0.940291112272675
7.86496687171106 -0.929077432527731
7.87330714532864 -0.916937628192789
7.88164741894623 -0.903883800488823
7.88998769256382 -0.88992896175518
7.89832796618141 -0.875087022478594
7.90666823979899 -0.859372777426912
7.91500851341658 -0.84280189090135
7.92334878703417 -0.825390881121976
7.93168906065176 -0.807157103761985
7.94002933426935 -0.788118734647193
7.94836960788694 -0.76829475163797
7.95670988150452 -0.747704915711709
7.96505015512211 -0.726369751264639
7.9733904287397 -0.704310525652673
7.98173070235729 -0.681549227991633
7.99007097597487 -0.658108547238037
7.99841124959246 -0.634011849572239
8.00675152321005 -0.609283155106515
8.01509179682764 -0.583947113941305
8.02343207044523 -0.55802898159344
8.03177234406281 -0.531554593820902
8.0401126176804 -0.504550340869178
8.04845289129799 -0.477043141164891
8.05679316491558 -0.449060414482923
8.06513343853317 -0.420630054613781
8.07347371215075 -0.391780401558491
8.08181398576834 -0.362540213278623
8.09015425938593 -0.332938637029761
8.09849453300352 -0.303005180306873
8.10683480662111 -0.272769681430604
8.11517508023869 -0.242262279803785
8.12351535385628 -0.211513385867822
8.13185562747387 -0.180553650788906
8.14019590109146 -0.149413935904259
8.14853617470905 -0.118125281958907
8.15687644832663 -0.0867188781635503
8.16521672194422 -0.0552260311045084
8.17355699556181 -0.023678133536625
8.1818972691794 0.00789336690971131
8.19023754279698 0.03945699907625
8.19857781641457 0.0709812996480189
8.20691809003216 0.102434844516615
8.21525836364975 0.133786280104481
8.22359863726734 0.1650043546188
8.23193891088492 0.196057949203978
8.24027918450251 0.226916108961589
8.2486194581201 0.257548073806895
8.25695973173769 0.287923309131164
8.26530000535528 0.318011536239235
8.27364027897286 0.347782762531984
8.28198055259045 0.377207311403577
8.29032082620804 0.406255851823789
8.29866109982563 0.434899427575793
8.30700137344322 0.463109486120347
8.3153416470608 0.490857907057592
8.32368192067839 0.518117030158075
8.33202219429598 0.544859682935073
8.34036246791357 0.571059207730697
8.34870274153116 0.596689488288857
8.35704301514874 0.621724975788495
8.36538328876633 0.64614071431121
8.37372356238392 0.669912365717854
8.38206383600151 0.69301623390933
8.39040410961909 0.715429288447369
8.39874438323668 0.737129187511776
8.40708465685427 0.758094300171247
8.41542493047186 0.778303727945531
8.42376520408945 0.79773732563752
8.43210547770703 0.816375721414399
8.44044575132462 0.834200336117917
8.44878602494221 0.851193401784494
8.4571262985598 0.867337979356713
8.46546657217739 0.882617975568548
8.47380684579498 0.897018158987465
8.48214711941256 0.910524175197463
8.49048739303015 0.923122561107861
8.49882766664774 0.934800758373598
8.50716794026533 0.945547125913667
8.51550821388291 0.955350951515194
8.5238484875005 0.964202462511611
8.53218876111809 0.972092835524258
8.54052903473568 0.979014205257715
8.54886930835327 0.984959672340111
8.55720958197085 0.989923310200557
8.56554985558844 0.993900170976888
8.57389012920603 0.996886290447793
8.58223040282362 0.998878691984443
8.5905706764412 0.999875389517657
8.59891095005879 0.999875389517657
8.60725122367638 0.998878691984444
8.61559149729397 0.996886290447793
8.62393177091156 0.993900170976888
8.63227204452915 0.989923310200557
8.64061231814673 0.984959672340111
8.64895259176432 0.979014205257715
8.65729286538191 0.972092835524258
8.6656331389995 0.964202462511611
8.67397341261709 0.955350951515194
8.68231368623467 0.945547125913667
8.69065395985226 0.934800758373598
8.69899423346985 0.923122561107861
8.70733450708744 0.910524175197463
8.71567478070502 0.897018158987464
8.72401505432261 0.882617975568548
8.7323553279402 0.867337979356713
8.74069560155779 0.851193401784494
8.74903587517538 0.834200336117917
8.75737614879296 0.816375721414399
8.76571642241055 0.79773732563752
8.77405669602814 0.778303727945531
8.78239696964573 0.758094300171247
8.79073724326332 0.737129187511781
8.7990775168809 0.715429288447374
8.80741779049849 0.693016233909331
8.81575806411608 0.669912365717854
8.82409833773367 0.646140714311209
8.83243861135126 0.621724975788496
8.84077888496884 0.596689488288857
8.84911915858643 0.571059207730697
8.85745943220402 0.544859682935067
8.86579970582161 0.518117030158075
8.8741399794392 0.490857907057592
8.88248025305678 0.463109486120347
8.89082052667437 0.434899427575793
8.89916080029196 0.40625585182379
8.90750107390955 0.377207311403577
8.91584134752713 0.347782762531985
8.92418162114472 0.318011536239241
8.93252189476231 0.287923309131164
8.9408621683799 0.257548073806895
8.94920244199749 0.22691610896159
8.95754271561507 0.196057949203978
8.96588298923266 0.1650043546188
8.97422326285025 0.13378628010448
8.98256353646784 0.102434844516616
8.99090381008543 0.0709812996480127
8.99924408370302 0.0394569990762501
9.0075843573206 0.007893366909712
9.01592463093819 -0.0236781335366247
9.02426490455578 -0.0552260311045084
9.03260517817337 -0.0867188781635496
9.04094545179095 -0.118125281958906
9.04928572540854 -0.149413935904258
9.05762599902613 -0.180553650788899
9.06596627264372 -0.211513385867821
9.07430654626131 -0.242262279803785
9.08264681987889 -0.272769681430604
9.09098709349648 -0.303005180306872
9.09932736711407 -0.33293863702976
9.10766764073166 -0.362540213278623
9.11600791434924 -0.391780401558491
9.12434818796683 -0.420630054613788
9.13268846158442 -0.449060414482922
9.14102873520201 -0.477043141164891
9.1493690088196 -0.504550340869178
9.15770928243719 -0.531554593820902
9.16604955605477 -0.558028981593439
9.17438982967236 -0.583947113941304
9.18273010328995 -0.609283155106515
9.19107037690754 -0.634011849572236
9.19941065052513 -0.658108547238039
9.20775092414271 -0.681549227991635
9.2160911977603 -0.704310525652672
9.22443147137789 -0.726369751264639
9.23277174499548 -0.747704915711709
9.24111201861306 -0.768294751637969
9.24945229223065 -0.788118734647191
9.25779256584824 -0.807157103761987
9.26613283946583 -0.825390881121978
9.27447311308342 -0.842801890901352
9.282813386701 -0.859372777426912
9.29115366031859 -0.875087022478594
9.29949393393618 -0.88992896175518
9.30783420755377 -0.903883800488822
9.31617448117136 -0.916937628192787
9.32451475478894 -0.929077432527729
9.33285502840653 -0.940291112272676
9.34119530202412 -0.950567489387783
9.34953557564171 -0.959896320156857
9.3578758492593 -0.968268305398507
9.36621612287688 -0.975675099735773
9.37455639649447 -0.98210931991498
9.38289667011206 -0.987564552165523
9.39123694372965 -0.992035358593258
9.39957721734724 -0.995517282601106
9.40791749096482 -0.998006853331493
9.41625776458241 -0.999501589126174
9.4245980382 -1
9.44428787458342 -0.999501589126174
9.46397771096683 -0.998006853331493
9.48366754735025 -0.995517282601106
9.50335738373367 -0.992035358593258
9.52304722011709 -0.987564552165524
9.5427370565005 -0.982109319914981
9.56242689288392 -0.975675099735774
9.58211672926734 -0.968268305398507
9.60180656565075 -0.959896320156857
9.62149640203417 -0.950567489387783
9.64118623841759 -0.940291112272675
9.660876074801 -0.92907743252773
9.68056591118442 -0.916937628192788
9.70025574756784 -0.903883800488823
9.71994558395126 -0.88992896175518
9.73963542033467 -0.875087022478594
9.75932525671809 -0.859372777426913
9.77901509310151 -0.842801890901351
9.79870492948492 -0.825390881121976
9.81839476586834 -0.807157103761985
9.83808460225176 -0.788118734647192
9.85777443863518 -0.768294751637971
9.87746427501859 -0.747704915711709
9.89715411140201 -0.726369751264639
9.91684394778543 -0.704310525652671
9.93653378416884 -0.681549227991633
9.95622362055226 -0.658108547238039
9.97591345693568 -0.634011849572239
9.99560329331909 -0.609283155106517
10.0152931297025 -0.583947113941307
10.0349829660859 -0.55802898159344
10.0546728024693 -0.531554593820901
10.0743626388528 -0.504550340869177
10.0940524752362 -0.477043141164889
10.1137423116196 -0.449060414482919
10.133432148003 -0.420630054613783
10.1531219843864 -0.391780401558494
10.1728118207698 -0.362540213278625
10.1925016571533 -0.332938637029762
10.2121914935367 -0.303005180306873
10.2318813299201 -0.272769681430603
10.2515711663035 -0.242262279803783
10.2712610026869 -0.211513385867819
10.2909508390704 -0.180553650788902
10.3106406754538 -0.14941393590426
10.3303305118372 -0.118125281958907
10.3500203482206 -0.0867188781635494
10.369710184604 -0.0552260311045093
10.3894000209874 -0.023678133536625
10.4090898573709 0.00789336690971264
10.4287796937543 0.0394569990762523
10.4484695301377 0.0709812996480158
10.4681593665211 0.102434844516613
10.4878492029045 0.133786280104479
10.5075390392879 0.1650043546188
10.5272288756714 0.196057949203979
10.5469187120548 0.226916108961591
10.5666085484382 0.257548073806895
10.5862983848216 0.287923309131165
10.605988221205 0.318011536239237
10.6256780575884 0.347782762531982
10.6453678939719 0.377207311403576
10.6650577303553 0.406255851823789
10.6847475667387 0.434899427575793
10.7044374031221 0.463109486120348
10.7241272395055 0.490857907057595
10.7438170758889 0.518117030158078
10.7635069122724 0.544859682935072
10.7831967486558 0.571059207730696
10.8028865850392 0.596689488288855
10.8225764214226 0.621724975788495
10.842266257806 0.64614071431121
10.8619560941894 0.669912365717855
10.8816459305729 0.693016233909332
10.9013357669563 0.715429288447372
10.9210256033397 0.737129187511779
10.9407154397231 0.758094300171246
10.9604052761065 0.778303727945529
10.9800951124899 0.797737325637519
10.9997849488734 0.816375721414399
11.0194747852568 0.834200336117917
11.0391646216402 0.851193401784494
11.0588544580236 0.867337979356715
11.078544294407 0.882617975568547
11.0982341307905 0.897018158987464
11.1179239671739 0.910524175197462
11.1376138035573 0.923122561107861
11.1573036399407 0.934800758373599
11.1769934763241 0.945547125913667
11.1966833127075 0.955350951515195
11.216373149091 0.964202462511611
11.2360629854744 0.972092835524257
11.2557528218578 0.979014205257714
11.2754426582412 0.984959672340111
11.2951324946246 0.989923310200557
11.314822331008 0.993900170976888
11.3345121673915 0.996886290447793
11.3542020037749 0.998878691984444
11.3738918401583 0.999875389517657
11.3935816765417 0.999875389517657
11.4132715129251 0.998878691984444
11.4329613493085 0.996886290447793
11.452651185692 0.993900170976888
11.4723410220754 0.989923310200557
11.4920308584588 0.984959672340111
11.5117206948422 0.979014205257715
11.5314105312256 0.972092835524257
11.551100367609 0.964202462511612
11.5707902039925 0.955350951515194
11.5904800403759 0.945547125913667
11.6101698767593 0.934800758373598
11.6298597131427 0.923122561107861
11.6495495495261 0.910524175197463
11.6692393859095 0.897018158987464
11.688929222293 0.882617975568547
11.7086190586764 0.867337979356715
11.7283088950598 0.851193401784495
11.7479987314432 0.834200336117917
11.7676885678266 0.816375721414398
11.78737840421 0.797737325637521
11.8070682405935 0.778303727945531
11.8267580769769 0.758094300171246
11.8464479133603 0.737129187511779
11.8661377497437 0.715429288447372
11.8858275861271 0.693016233909332
11.9055174225106 0.669912365717855
11.925207258894 0.646140714311209
11.9448970952774 0.621724975788495
11.9645869316608 0.596689488288856
11.9842767680442 0.571059207730694
12.0039666044276 0.54485968293507
12.0236564408111 0.518117030158079
12.0433462771945 0.490857907057595
12.0630361135779 0.463109486120348
12.0827259499613 0.434899427575793
12.1024157863447 0.406255851823789
12.1221056227281 0.377207311403576
12.1417954591116 0.347782762531982
12.161485295495 0.31801153623924
12.1811751318784 0.287923309131168
12.2008649682618 0.257548073806898
12.2205548046452 0.226916108961591
12.2402446410286 0.19605794920398
12.2599344774121 0.1650043546188
12.2796243137955 0.13378628010448
12.2993141501789 0.102434844516613
12.3190039865623 0.0709812996480162
12.3386938229457 0.0394569990762527
12.3583836593291 0.00789336690971289
12.3780734957126 -0.0236781335366247
12.397763332096 -0.0552260311045084
12.4174531684794 -0.0867188781635523
12.4371430048628 -0.118125281958906
12.4568328412462 -0.14941393590426
12.4765226776296 -0.180553650788901
12.4962125140131 -0.211513385867818
12.5159023503965 -0.242262279803783
12.5355921867799 -0.272769681430603
12.5552820231633 -0.303005180306873
12.5749718595467 -0.332938637029762
12.5946616959301 -0.362540213278623
12.6143515323136 -0.391780401558491
12.634041368697 -0.420630054613784
12.6537312050804 -0.449060414482919
12.6734210414638 -0.477043141164889
12.6931108778472 -0.504550340869177
12.7128007142307 -0.531554593820901
12.7324905506141 -0.55802898159344
12.7521803869975 -0.583947113941307
12.7718702233809 -0.609283155106517
12.7915600597643 -0.63401184957224
12.8112498961477 -0.658108547238038
12.8309397325312 -0.681549227991635
12.8506295689146 -0.704310525652673
12.870319405298 -0.726369751264639
12.8900092416814 -0.747704915711708
12.9096990780648 -0.768294751637971
12.9293889144482 -0.788118734647192
12.9490787508317 -0.807157103761986
12.9687685872151 -0.825390881121976
12.9884584235985 -0.842801890901351
13.0081482599819 -0.859372777426911
13.0278380963653 -0.875087022478593
13.0475279327487 -0.889928961755179
13.0672177691322 -0.903883800488823
13.0869076055156 -0.916937628192789
13.106597441899 -0.92907743252773
13.1262872782824 -0.940291112272676
13.1459771146658 -0.950567489387783
13.1656669510492 -0.959896320156857
13.1853567874327 -0.968268305398507
13.2050466238161 -0.975675099735774
13.2247364601995 -0.982109319914981
13.2444262965829 -0.987564552165524
13.2641161329663 -0.992035358593258
13.2838059693497 -0.995517282601106
13.3034958057332 -0.998006853331493
13.3231856421166 -0.999501589126174
13.3428754785 -1
13.3604178503578 -0.999501589126174
13.3779602222156 -0.998006853331493
13.3955025940734 -0.995517282601106
13.4130449659312 -0.992035358593258
13.4305873377889 -0.987564552165524
13.4481297096467 -0.98210931991498
13.4656720815045 -0.975675099735774
13.4832144533623 -0.968268305398507
13.5007568252201 -0.959896320156857
13.5182991970779 -0.950567489387783
13.5358415689357 -0.940291112272675
13.5533839407935 -0.929077432527731
13.5709263126513 -0.916937628192789
13.588468684509 -0.903883800488823
13.6060110563668 -0.889928961755181
13.6235534282246 -0.875087022478594
13.6410958000824 -0.859372777426911
13.6586381719402 -0.842801890901351
13.676180543798 -0.825390881121976
13.6937229156558 -0.807157103761986
13.7112652875136 -0.788118734647193
13.7288076593714 -0.76829475163797
13.7463500312291 -0.74770491571171
13.7638924030869 -0.726369751264639
13.7814347749447 -0.704310525652671
13.7989771468025 -0.681549227991634
13.8165195186603 -0.658108547238037
13.8340618905181 -0.63401184957224
13.8516042623759 -0.609283155106517
13.8691466342337 -0.583947113941305
13.8866890060915 -0.558028981593441
13.9042313779492 -0.531554593820901
13.921773749807 -0.504550340869176
13.9393161216648 -0.47704314116489
13.9568584935226 -0.44906041448292
13.9744008653804 -0.420630054613786
13.9919432372382 -0.391780401558493
14.009485609096 -0.362540213278624
14.0270279809538 -0.332938637029762
14.0445703528116 -0.303005180306873
14.0621127246693 -0.272769681430602
14.0796550965271 -0.242262279803784
14.0971974683849 -0.211513385867818
14.1147398402427 -0.180553650788903
14.1322822121005 -0.149413935904261
14.1498245839583 -0.118125281958907
14.1673669558161 -0.0867188781635516
14.1849093276739 -0.0552260311045079
14.2024516995317 -0.0236781335366259
14.2199940713894 0.00789336690971264
14.2375364432472 0.0394569990762536
14.255078815105 0.0709812996480147
14.2726211869628 0.102434844516613
14.2901635588206 0.13378628010448
14.3077059306784 0.165004354618798
14.3252483025362 0.196057949203978
14.342790674394 0.226916108961592
14.3603330462518 0.257548073806896
14.3778754181095 0.287923309131167
14.3954177899673 0.318011536239237
14.4129601618251 0.347782762531982
14.4305025336829 0.377207311403577
14.4480449055407 0.406255851823788
14.4655872773985 0.434899427575793
14.4831296492563 0.463109486120347
14.5006720211141 0.490857907057593
14.5182143929719 0.518117030158078
14.5357567648296 0.544859682935069
14.5532991366874 0.571059207730695
14.5708415085452 0.596689488288857
14.588383880403 0.621724975788494
14.6059262522608 0.64614071431121
14.6234686241186 0.669912365717856
14.6410109959764 0.693016233909331
14.6585533678342 0.715429288447372
14.676095739692 0.737129187511778
14.6936381115497 0.758094300171246
14.7111804834075 0.778303727945531
14.7287228552653 0.797737325637519
14.7462652271231 0.816375721414399
14.7638075989809 0.834200336117916
14.7813499708387 0.851193401784495
14.7988923426965 0.867337979356715
14.8164347145543 0.882617975568546
14.8339770864121 0.897018158987464
14.8515194582699 0.910524175197463
14.8690618301276 0.923122561107861
14.8866042019854 0.934800758373599
14.9041465738432 0.945547125913668
14.921688945701 0.955350951515195
14.9392313175588 0.964202462511612
14.9567736894166 0.972092835524257
14.9743160612744 0.979014205257715
14.9918584331322 0.984959672340111
15.0094008049899 0.989923310200557
15.0269431768477 0.993900170976888
15.0444855487055 0.996886290447793
15.0620279205633 0.998878691984444
15.0795702924211 0.999875389517657
15.0971126642789 0.999875389517657
15.1146550361367 0.998878691984444
15.1321974079945 0.996886290447793
15.1497397798523 0.993900170976888
15.1672821517101 0.989923310200557
15.1848245235678 0.984959672340111
15.2023668954256 0.979014205257715
15.2199092672834 0.972092835524257
15.2374516391412 0.964202462511612
15.254994010999 0.955350951515195
15.2725363828568 0.945547125913667
15.2900787547146 0.934800758373599
15.3076211265724 0.92312256110786
15.3251634984302 0.910524175197463
15.3427058702879 0.897018158987464
15.3602482421457 0.882617975568546
15.3777906140035 0.867337979356715
15.3953329858613 0.851193401784495
15.4128753577191 0.834200336117919
15.4304177295769 0.816375721414399
15.4479601014347 0.797737325637519
15.4655024732925 0.778303727945529
15.4830448451503 0.758094300171246
15.500587217008 0.737129187511778
15.5181295888658 0.715429288447372
15.5356719607236 0.693016233909332
15.5532143325814 0.669912365717854
15.5707567044392 0.64614071431121
15.588299076297 0.621724975788495
15.6058414481548 0.596689488288857
15.6233838200126 0.571059207730695
15.6409261918704 0.54485968293507
15.6584685637281 0.518117030158079
15.6760109355859 0.490857907057593
15.6935533074437 0.463109486120349
15.7110956793015 0.434899427575793
15.7286380511593 0.406255851823789
15.7461804230171 0.377207311403577
15.7637227948749 0.347782762531982
15.7812651667327 0.318011536239237
15.7988075385905 0.287923309131167
15.8163499104482 0.257548073806896
15.833892282306 0.226916108961589
15.8514346541638 0.196057949203979
15.8689770260216 0.165004354618798
15.8865193978794 0.13378628010448
15.9040617697372 0.102434844516613
15.921604141595 0.0709812996480153
15.9391465134528 0.0394569990762536
15.9566888853106 0.00789336690971289
15.9742312571683 -0.0236781335366221
15.9917736290261 -0.0552260311045075
16.0093160008839 -0.0867188781635523
16.0268583727417 -0.11812528195891
16.0444007445995 -0.149413935904264
16.0619431164573 -0.1805536507889
16.0794854883151 -0.211513385867818
16.0970278601729 -0.242262279803784
16.1145702320307 -0.272769681430604
16.1321126038884 -0.303005180306875
16.1496549757462 -0.332938637029759
16.167197347604 -0.362540213278623
16.1847397194618 -0.391780401558494
16.2022820913196 -0.420630054613786
16.2198244631774 -0.449060414482922
16.2373668350352 -0.477043141164887
16.254909206893 -0.504550340869176
16.2724515787508 -0.531554593820901
16.2899939506085 -0.558028981593441
16.3075363224663 -0.583947113941307
16.3250786943241 -0.609283155106514
16.3426210661819 -0.634011849572237
16.3601634380397 -0.658108547238037
16.3777058098975 -0.681549227991635
16.3952481817553 -0.704310525652674
16.4127905536131 -0.726369751264637
16.4303329254709 -0.747704915711707
16.4478752973286 -0.76829475163797
16.4654176691864 -0.788118734647193
16.4829600410442 -0.807157103761986
16.500502412902 -0.825390881121974
16.5180447847598 -0.842801890901349
16.5355871566176 -0.859372777426911
16.5531295284754 -0.875087022478594
16.5706719003332 -0.889928961755181
16.588214272191 -0.903883800488824
16.6057566440487 -0.916937628192787
16.6232990159065 -0.92907743252773
16.6408413877643 -0.940291112272675
16.6583837596221 -0.950567489387783
16.6759261314799 -0.959896320156857
16.6934685033377 -0.968268305398508
16.7110108751955 -0.975675099735773
16.7285532470533 -0.98210931991498
16.7460956189111 -0.987564552165524
16.7636379907688 -0.992035358593258
16.7811803626266 -0.995517282601106
16.7987227344844 -0.998006853331493
16.8162651063422 -0.999501589126174
16.8338074782 -1
16.8405027082533 -0.999501589126174
16.8471979383065 -0.998006853331494
16.8538931683598 -0.995517282601106
16.8605883984131 -0.992035358593259
16.8672836284663 -0.987564552165524
16.8739788585196 -0.98210931991498
16.8806740885729 -0.975675099735775
16.8873693186261 -0.968268305398507
16.8940645486794 -0.959896320156855
16.9007597787327 -0.950567489387784
16.9074550087859 -0.940291112272675
16.9141502388392 -0.929077432527734
16.9208454688925 -0.916937628192789
16.9275406989457 -0.903883800488822
16.934235928999 -0.889928961755183
16.9409311590523 -0.875087022478593
16.9476263891055 -0.859372777426909
16.9543216191588 -0.842801890901353
16.9610168492121 -0.825390881121975
16.9677120792653 -0.80715710376199
16.9744073093186 -0.788118734647193
16.9811025393719 -0.768294751637968
16.9877977694251 -0.747704915711713
16.9944929994784 -0.726369751264639
17.0011882295317 -0.704310525652667
17.0078834595849 -0.681549227991636
17.0145786896382 -0.658108547238035
17.0212739196915 -0.634011849572244
17.0279691497447 -0.609283155106518
17.034664379798 -0.583947113941302
17.0413596098513 -0.558028981593445
17.0480548399045 -0.531554593820901
17.0547500699578 -0.504550340869171
17.0614453000111 -0.477043141164892
17.0681405300643 -0.449060414482917
17.0748357601176 -0.420630054613791
17.0815309901709 -0.391780401558494
17.0882262202241 -0.36254021327862
17.0949214502774 -0.332938637029766
17.1016166803307 -0.303005180306872
17.1083119103839 -0.272769681430596
17.1150071404372 -0.242262279803786
17.1217023704905 -0.211513385867816
17.1283976005437 -0.180553650788909
17.135092830597 -0.149413935904262
17.1417880606503 -0.118125281958903
17.1484832907035 -0.0867188781635556
17.1551785207568 -0.0552260311045066
17.1618737508101 -0.0236781335366161
17.1685689808633 0.00789336690971087
17.1752642109166 0.0394569990762565
17.1819594409698 0.0709812996480091
17.1886546710231 0.102434844516613
17.1953499010764 0.133786280104485
17.2020451311296 0.165004354618795
17.2087403611829 0.19605794920398
17.2154355912362 0.226916108961598
17.2221308212894 0.257548073806894
17.2288260513427 0.28792330913117
17.235521281396 0.318011536239232
17.2422165114492 0.347782762531982
17.2489117415025 0.377207311403581
17.2556069715558 0.406255851823785
17.262302201609 0.434899427575795
17.2689974316623 0.463109486120355
17.2756926617156 0.490857907057592
17.2823878917688 0.518117030158081
17.2890831218221 0.544859682935065
17.2957783518754 0.571059207730695
17.3024735819286 0.596689488288861
17.3091688119819 0.621724975788492
17.3158640420352 0.646140714311211
17.3225592720884 0.669912365717849
17.3292545021417 0.69301623390933
17.335949732195 0.715429288447374
17.3426449622482 0.737129187511775
17.3493401923015 0.758094300171246
17.3560354223548 0.778303727945534
17.362730652408 0.797737325637517
17.3694258824613 0.8163757214144
17.3761211125146 0.834200336117913
17.3828163425678 0.851193401784494
17.3895115726211 0.867337979356717
17.3962068026744 0.882617975568544
17.4029020327276 0.897018158987464
17.4095972627809 0.910524175197465
17.4162924928342 0.923122561107859
17.4229877228874 0.934800758373599
17.4296829529407 0.945547125913665
17.436378182994 0.955350951515194
17.4430734130472 0.964202462511613
17.4497686431005 0.972092835524256
17.4564638731538 0.979014205257715
17.463159103207 0.984959672340112
17.4698543332603 0.989923310200557
17.4765495633136 0.993900170976888
17.4832447933668 0.996886290447793
17.4899400234201 0.998878691984444
17.4966352534734 0.999875389517657
17.5033304835266 0.999875389517657
17.5100257135799 0.998878691984444
17.5167209436332 0.996886290447793
17.5234161736864 0.993900170976888
17.5301114037397 0.989923310200557
17.536806633793 0.984959672340112
17.5435018638462 0.979014205257715
17.5501970938995 0.972092835524256
17.5568923239528 0.964202462511613
17.563587554006 0.955350951515194
17.5702827840593 0.945547125913665
17.5769780141126 0.934800758373599
17.5836732441658 0.923122561107859
17.5903684742191 0.910524175197465
17.5970637042724 0.897018158987464
17.6037589343256 0.882617975568544
17.6104541643789 0.867337979356717
17.6171493944322 0.851193401784494
17.6238446244854 0.834200336117913
17.6305398545387 0.816375721414401
17.637235084592 0.797737325637517
17.6439303146452 0.778303727945534
17.6506255446985 0.758094300171246
17.6573207747518 0.737129187511775
17.664016004805 0.715429288447375
17.6707112348583 0.69301623390933
17.6774064649116 0.669912365717849
17.6841016949648 0.646140714311211
17.6907969250181 0.621724975788493
17.6974921550714 0.596689488288861
17.7041873851246 0.571059207730695
17.7108826151779 0.544859682935066
17.7175778452312 0.518117030158081
17.7242730752844 0.490857907057592
17.7309683053377 0.46310948612034
17.737663535391 0.434899427575795
17.7443587654442 0.406255851823785
17.7510539954975 0.377207311403582
17.7577492255508 0.347782762531982
17.764444455604 0.318011536239232
17.7711396856573 0.287923309131171
17.7778349157106 0.257548073806895
17.7845301457638 0.226916108961598
17.7912253758171 0.19605794920398
17.7979206058704 0.165004354618795
17.8046158359236 0.133786280104485
17.8113110659769 0.102434844516613
17.8180062960302 0.0709812996480092
17.8247015260834 0.0394569990762563
17.8313967561367 0.00789336690971111
17.83809198619 -0.0236781335366327
17.8447872162432 -0.0552260311045066
17.8514824462965 -0.0867188781635558
17.8581776763497 -0.118125281958902
17.864872906403 -0.149413935904261
17.8715681364563 -0.180553650788909
17.8782633665095 -0.211513385867815
17.8849585965628 -0.242262279803786
17.8916538266161 -0.272769681430595
17.8983490566693 -0.303005180306871
17.9050442867226 -0.332938637029765
17.9117395167759 -0.36254021327862
17.9184347468291 -0.391780401558494
17.9251299768824 -0.420630054613791
17.9318252069357 -0.449060414482917
17.9385204369889 -0.477043141164893
17.9452156670422 -0.504550340869171
17.9519108970955 -0.531554593820901
17.9586061271487 -0.558028981593445
17.965301357202 -0.583947113941302
17.9719965872553 -0.609283155106517
17.9786918173085 -0.634011849572244
17.9853870473618 -0.658108547238035
17.9920822774151 -0.681549227991636
17.9987775074683 -0.704310525652667
18.0054727375216 -0.726369751264639
18.0121679675749 -0.747704915711712
18.0188631976281 -0.768294751637968
18.0255584276814 -0.788118734647193
18.0322536577347 -0.80715710376198
18.0389488877879 -0.825390881121975
18.0456441178412 -0.842801890901353
18.0523393478945 -0.859372777426908
18.0590345779477 -0.875087022478593
18.065729808001 -0.889928961755183
18.0724250380543 -0.903883800488821
18.0791202681075 -0.916937628192789
18.0858154981608 -0.929077432527733
18.0925107282141 -0.940291112272675
18.0992059582673 -0.950567489387784
18.1059011883206 -0.959896320156855
18.1125964183739 -0.968268305398507
18.1192916484271 -0.975675099735775
18.1259868784804 -0.98210931991498
18.1326821085337 -0.987564552165524
18.1393773385869 -0.992035358593257
18.1460725686402 -0.995517282601106
18.1527677986935 -0.998006853331494
18.1594630287467 -0.999501589126174
18.1661582588 -1
18.1849634275025 -0.999501589126174
18.203768596205 -0.998006853331494
18.2225737649075 -0.995517282601106
18.2413789336101 -0.992035358593258
18.2601841023126 -0.987564552165524
18.2789892710151 -0.982109319914981
18.2977944397176 -0.975675099735773
18.3165996084201 -0.968268305398508
18.3354047771226 -0.959896320156857
18.3542099458251 -0.950567489387783
18.3730151145276 -0.940291112272675
18.3918202832301 -0.929077432527731
18.4106254519327 -0.916937628192788
18.4294306206352 -0.903883800488822
18.4482357893377 -0.889928961755181
18.4670409580402 -0.875087022478593
18.4858461267427 -0.859372777426911
18.5046512954452 -0.842801890901352
18.5234564641477 -0.825390881121976
18.5422616328503 -0.807157103761984
18.5610668015528 -0.788118734647194
18.5798719702553 -0.768294751637971
18.5986771389578 -0.747704915711708
18.6174823076603 -0.726369751264641
18.6362874763628 -0.704310525652673
18.6550926450653 -0.681549227991633
18.6738978137678 -0.65810854723804
18.6927029824704 -0.634011849572239
18.7115081511729 -0.609283155106516
18.7303133198754 -0.583947113941304
18.7491184885779 -0.558028981593441
18.7679236572804 -0.531554593820901
18.7867288259829 -0.504550340869175
18.8055339946854 -0.477043141164891
18.8243391633879 -0.44906041448292
18.8431443320905 -0.420630054613782
18.861949500793 -0.391780401558495
18.8807546694955 -0.362540213278624
18.899559838198 -0.332938637029759
18.9183650069005 -0.303005180306875
18.937170175603 -0.272769681430603
18.9559753443055 -0.242262279803782
18.974780513008 -0.211513385867821
18.9935856817106 -0.180553650788903
19.0123908504131 -0.14941393590426
19.0311960191156 -0.118125281958911
19.0500011878181 -0.0867188781635516
19.0688063565206 -0.0552260311045071
19.0876115252231 -0.023678133536621
19.1064166939256 0.00789336690971198
19.1252218626281 0.0394569990762536
19.1440270313307 0.0709812996480187
19.1628322000332 0.102434844516612
19.1816373687357 0.13378628010448
19.2004425374382 0.165004354618802
19.2192477061407 0.196057949203976
19.2380528748432 0.22691610896159
19.2568580435457 0.257548073806899
19.2756632122482 0.287923309131165
19.2944683809508 0.318011536239238
19.3132735496533 0.347782762531984
19.3320787183558 0.377207311403574
19.3508838870583 0.406255851823789
19.3696890557608 0.434899427575794
19.3884942244633 0.463109486120345
19.4072993931658 0.490857907057593
19.4261045618683 0.518117030158078
19.4449097305709 0.544859682935068
19.4637148992734 0.571059207730694
19.4825200679759 0.596689488288857
19.5013252366784 0.621724975788497
19.5201304053809 0.646140714311209
19.5389355740834 0.669912365717856
19.5577407427859 0.693016233909334
19.5765459114884 0.71542928844737
19.595351080191 0.737129187511779
19.6141562488935 0.758094300171247
19.632961417596 0.778303727945529
19.6517665862985 0.797737325637519
19.670571755001 0.8163757214144
19.6893769237035 0.834200336117916
19.708182092406 0.851193401784494
19.7269872611085 0.867337979356715
19.7457924298111 0.882617975568546
19.7645975985136 0.897018158987463
19.7834027672161 0.910524175197463
19.8022079359186 0.923122561107862
19.8210131046211 0.934800758373598
19.8398182733236 0.945547125913667
19.8586234420261 0.955350951515194
19.8774286107286 0.964202462511611
19.8962337794312 0.972092835524257
19.9150389481337 0.979014205257715
19.9338441168362 0.98495967234011
19.9526492855387 0.989923310200557
19.9714544542412 0.993900170976888
19.9902596229437 0.996886290447793
20.0090647916462 0.998878691984444
20.0278699603487 0.999875389517657
20.0466751290513 0.999875389517657
20.0654802977538 0.998878691984444
20.0842854664563 0.996886290447793
20.1030906351588 0.993900170976888
20.1218958038613 0.989923310200557
20.1407009725638 0.98495967234011
20.1595061412663 0.979014205257715
20.1783113099688 0.972092835524257
20.1971164786714 0.964202462511611
20.2159216473739 0.955350951515196
20.2347268160764 0.945547125913668
20.2535319847789 0.934800758373598
20.2723371534814 0.92312256110786
20.2911423221839 0.910524175197463
20.3099474908864 0.897018158987463
20.3287526595889 0.882617975568549
20.3475578282915 0.867337979356716
20.366362996994 0.851193401784495
20.3851681656965 0.834200336117917
20.403973334399 0.8163757214144
20.4227785031015 0.79773732563752
20.441583671804 0.778303727945529
20.4603888405065 0.758094300171247
20.479194009209 0.737129187511779
20.4979991779116 0.715429288447371
20.5168043466141 0.69301623390933
20.5356095153166 0.669912365717856
20.5544146840191 0.646140714311209
20.5732198527216 0.621724975788498
20.5920250214241 0.596689488288857
20.6108301901266 0.571059207730694
20.6296353588291 0.544859682935068
20.6484405275317 0.518117030158079
20.6672456962342 0.490857907057593
20.6860508649367 0.463109486120346
20.7048560336392 0.434899427575794
20.7236612023417 0.406255851823789
20.7424663710442 0.377207311403574
20.7612715397467 0.347782762531984
20.7800767084492 0.318011536239238
20.7988818771518 0.287923309131165
20.8176870458543 0.257548073806899
20.8364922145568 0.22691610896159
20.8552973832593 0.196057949203977
20.8741025519618 0.165004354618802
20.8929077206643 0.13378628010448
20.9117128893668 0.102434844516612
20.9305180580693 0.0709812996480189
20.9493232267719 0.0394569990762545
20.9681283954744 0.007893366909712
20.9869335641769 -0.0236781335366265
21.0057387328794 -0.0552260311045075
21.0245439015819 -0.0867188781635514
21.0433490702844 -0.118125281958904
21.0621542389869 -0.14941393590426
21.0809594076894 -0.180553650788902
21.099764576392 -0.211513385867821
21.1185697450945 -0.242262279803781
21.137374913797 -0.272769681430603
21.1561800824995 -0.303005180306874
21.174985251202 -0.332938637029759
21.1937904199045 -0.362540213278624
21.212595588607 -0.391780401558494
21.2314007573095 -0.420630054613782
21.2502059260121 -0.449060414482919
21.2690110947146 -0.477043141164891
21.2878162634171 -0.504550340869175
21.3066214321196 -0.531554593820901
21.3254266008221 -0.558028981593441
21.3442317695246 -0.583947113941309
21.3630369382271 -0.609283155106516
21.3818421069296 -0.634011849572239
21.4006472756322 -0.658108547238039
21.4194524443347 -0.681549227991633
21.4382576130372 -0.704310525652672
21.4570627817397 -0.726369751264641
21.4758679504422 -0.747704915711707
21.4946731191447 -0.768294751637971
21.5134782878472 -0.788118734647194
21.5322834565497 -0.807157103761984
21.5510886252523 -0.825390881121976
21.5698937939548 -0.842801890901352
21.5886989626573 -0.859372777426911
21.6075041313598 -0.875087022478593
21.6263093000623 -0.889928961755181
21.6451144687648 -0.903883800488822
21.6639196374673 -0.916937628192789
21.6827248061699 -0.929077432527731
21.7015299748724 -0.940291112272674
21.7203351435749 -0.950567489387782
21.7391403122774 -0.959896320156857
21.7579454809799 -0.968268305398508
21.7767506496824 -0.975675099735773
21.7955558183849 -0.98210931991498
21.8143609870874 -0.987564552165524
21.83316615579 -0.992035358593258
21.8519713244925 -0.995517282601106
21.870776493195 -0.998006853331494
21.8895816618975 -0.999501589126174
21.9083868306 -1
21.9178041740809 -0.999501589126174
21.9272215175618 -0.998006853331493
21.9366388610427 -0.995517282601105
21.9460562045236 -0.992035358593258
21.9554735480045 -0.987564552165524
21.9648908914854 -0.982109319914981
21.9743082349663 -0.975675099735773
21.9837255784472 -0.968268305398507
21.9931429219281 -0.959896320156856
22.002560265409 -0.950567489387784
22.0119776088899 -0.940291112272677
22.0213949523709 -0.929077432527731
22.0308122958518 -0.916937628192789
22.0402296393327 -0.903883800488823
22.0496469828136 -0.889928961755178
22.0590643262945 -0.875087022478591
22.0684816697754 -0.859372777426914
22.0778990132563 -0.842801890901352
22.0873163567372 -0.825390881121977
22.0967337002181 -0.807157103761985
22.106151043699 -0.78811873464719
22.1155683871799 -0.768294751637967
22.1249857306608 -0.747704915711712
22.1344030741417 -0.726369751264642
22.1438204176226 -0.704310525652673
22.1532377611035 -0.681549227991633
22.1626551045844 -0.658108547238036
22.1720724480653 -0.634011849572235
22.1814897915462 -0.609283155106521
22.1909071350271 -0.583947113941309
22.200324478508 -0.558028981593442
22.2097418219889 -0.531554593820902
22.2191591654699 -0.504550340869176
22.2285765089508 -0.477043141164886
22.2379938524317 -0.449060414482915
22.2474111959126 -0.420630054613789
22.2568285393935 -0.391780401558496
22.2662458828744 -0.362540213278626
22.2756632263553 -0.33293863702976
22.2850805698362 -0.30300518030687
22.2944979133171 -0.272769681430599
22.303915256798 -0.242262279803789
22.3133326002789 -0.211513385867823
22.3227499437598 -0.180553650788904
22.3321672872407 -0.149413935904261
22.3415846307216 -0.118125281958906
22.3510019742025 -0.086718878163547
22.3604193176834 -0.0552260311045026
22.3698366611643 -0.0236781335366283
22.3792540046452 0.00789336690971087
22.3886713481261 0.039456999076252
22.398088691607 0.0709812996480171
22.4075060350879 0.102434844516616
22.4169233785688 0.133786280104484
22.4263407220497 0.165004354618794
22.4357580655307 0.196057949203975
22.4451754090116 0.226916108961589
22.4545927524925 0.257548073806897
22.4640100959734 0.287923309131169
22.4734274394543 0.318011536239242
22.4828447829352 0.347782762531977
22.4922621264161 0.377207311403572
22.501679469897 0.406255851823787
22.5110968133779 0.434899427575793
22.5205141568588 0.463109486120349
22.5299315003397 0.490857907057597
22.5393488438206 0.518117030158082
22.5487661873015 0.544859682935066
22.5581835307824 0.571059207730692
22.5676008742633 0.596689488288855
22.5770182177442 0.621724975788496
22.5864355612251 0.646140714311212
22.595852904706 0.669912365717859
22.6052702481869 0.693016233909328
22.6146875916678 0.715429288447369
22.6241049351487 0.737129187511777
22.6335222786296 0.758094300171245
22.6429396221106 0.778303727945531
22.6523569655915 0.797737325637522
22.6617743090724 0.816375721414402
22.6711916525533 0.834200336117915
22.6806089960342 0.851193401784493
22.6900263395151 0.867337979356714
22.699443682996 0.882617975568547
22.7088610264769 0.897018158987465
22.7182783699578 0.910524175197464
22.7276957134387 0.923122561107859
22.7371130569196 0.934800758373597
22.7465304004005 0.945547125913667
22.7559477438814 0.955350951515195
22.7653650873623 0.964202462511612
22.7747824308432 0.972092835524258
22.7841997743241 0.979014205257716
22.793617117805 0.98495967234011
22.8030344612859 0.989923310200557
22.8124518047668 0.993900170976888
22.8218691482477 0.996886290447793
22.8312864917286 0.998878691984444
22.8407038352095 0.999875389517657
22.8501211786905 0.999875389517657
22.8595385221714 0.998878691984444
22.8689558656523 0.996886290447793
22.8783732091332 0.993900170976888
22.8877905526141 0.989923310200557
22.897207896095 0.98495967234011
22.9066252395759 0.979014205257716
22.9160425830568 0.972092835524258
22.9254599265377 0.964202462511612
22.9348772700186 0.955350951515195
22.9442946134995 0.945547125913667
22.9537119569804 0.934800758373597
22.9631293004613 0.923122561107859
22.9725466439422 0.910524175197464
22.9819639874231 0.897018158987465
22.991381330904 0.882617975568547
23.0007986743849 0.867337979356714
23.0102160178658 0.851193401784493
23.0196333613467 0.834200336117915
23.0290507048276 0.816375721414402
23.0384680483085 0.797737325637522
23.0478853917894 0.778303727945531
23.0573027352704 0.758094300171246
23.0667200787513 0.737129187511778
23.0761374222322 0.715429288447369
23.0855547657131 0.693016233909336
23.094972109194 0.669912365717859
23.1043894526749 0.646140714311211
23.1138067961558 0.621724975788496
23.1232241396367 0.596689488288855
23.1326414831176 0.571059207730693
23.1420588265985 0.544859682935067
23.1514761700794 0.518117030158082
23.1608935135603 0.490857907057597
23.1703108570412 0.463109486120349
23.1797282005221 0.434899427575792
23.189145544003 0.406255851823787
23.1985628874839 0.377207311403572
23.2079802309648 0.347782762531988
23.2173975744457 0.318011536239242
23.2268149179266 0.287923309131169
23.2362322614075 0.257548073806897
23.2456496048884 0.226916108961589
23.2550669483693 0.196057949203975
23.2644842918503 0.165004354618795
23.2739016353312 0.133786280104484
23.2833189788121 0.102434844516617
23.292736322293 0.0709812996480171
23.3021536657739 0.0394569990762518
23.3115710092548 0.00789336690971022
23.3209883527357 -0.0236781335366274
23.3304056962166 -0.055226031104503
23.3398230396975 -0.0867188781635461
23.3492403831784 -0.118125281958905
23.3586577266593 -0.14941393590426
23.3680750701402 -0.180553650788904
23.3774924136211 -0.211513385867822
23.386909757102 -0.242262279803788
23.3963271005829 -0.272769681430598
23.4057444440638 -0.30300518030687
23.4151617875447 -0.33293863702976
23.4245791310256 -0.362540213278626
23.4339964745065 -0.391780401558495
23.4434138179874 -0.420630054613788
23.4528311614683 -0.449060414482915
23.4622485049492 -0.477043141164886
23.4716658484301 -0.504550340869176
23.4810831919111 -0.531554593820901
23.490500535392 -0.558028981593442
23.4999178788729 -0.583947113941309
23.5093352223538 -0.609283155106522
23.5187525658347 -0.634011849572235
23.5281699093156 -0.658108547238036
23.5375872527965 -0.681549227991633
23.5470045962774 -0.704310525652672
23.5564219397583 -0.726369751264641
23.5658392832392 -0.747704915711712
23.5752566267201 -0.768294751637967
23.584673970201 -0.78811873464719
23.5940913136819 -0.807157103761984
23.6035086571628 -0.825390881121976
23.6129260006437 -0.842801890901352
23.6223433441246 -0.859372777426914
23.6317606876055 -0.875087022478596
23.6411780310864 -0.889928961755178
23.6505953745673 -0.903883800488822
23.6600127180482 -0.916937628192789
23.6694300615291 -0.929077432527731
23.67884740501 -0.940291112272677
23.688264748491 -0.950567489387784
23.6976820919719 -0.959896320156856
23.7070994354528 -0.968268305398506
23.7165167789337 -0.975675099735773
23.7259341224146 -0.982109319914981
23.7353514658955 -0.987564552165524
23.7447688093764 -0.992035358593258
23.7541861528573 -0.995517282601105
23.7636034963382 -0.998006853331493
23.7730208398191 -0.999501589126174
23.7824381833 -1
23.7986068356452 -0.999501589126174
23.8147754879904 -0.998006853331494
23.8309441403357 -0.995517282601106
23.8471127926809 -0.992035358593258
23.8632814450261 -0.987564552165524
23.8794500973714 -0.982109319914981
23.8956187497166 -0.975675099735773
23.9117874020618 -0.968268305398507
23.927956054407 -0.959896320156857
23.9441247067523 -0.950567489387783
23.9602933590975 -0.940291112272677
23.9764620114427 -0.92907743252773
23.9926306637879 -0.916937628192788
24.0087993161332 -0.903883800488824
24.0249679684784 -0.889928961755181
24.0411366208236 -0.875087022478592
24.0573052731688 -0.859372777426911
24.0734739255141 -0.842801890901351
24.0896425778593 -0.825390881121977
24.1058112302045 -0.807157103761987
24.1219798825497 -0.788118734647191
24.138148534895 -0.76829475163797
24.1543171872402 -0.747704915711709
24.1704858395854 -0.726369751264641
24.1866544919307 -0.70431052565267
24.2028231442759 -0.681549227991633
24.2189917966211 -0.658108547238037
24.2351604489663 -0.63401184957224
24.2513291013116 -0.609283155106519
24.2674977536568 -0.583947113941304
24.283666406002 -0.558028981593439
24.2998350583472 -0.531554593820902
24.3160037106925 -0.504550340869179
24.3321723630377 -0.477043141164893
24.3483410153829 -0.449060414482919
24.3645096677281 -0.420630054613784
24.3806783200734 -0.391780401558494
24.3968469724186 -0.362540213278627
24.4130156247638 -0.332938637029759
24.429184277109 -0.303005180306872
24.4453529294543 -0.272769681430604
24.4615215817995 -0.242262279803785
24.4776902341447 -0.211513385867816
24.4938588864899 -0.1805536507889
24.5100275388352 -0.149413935904261
24.5261961911804 -0.118125281958909
24.5423648435256 -0.0867188781635536
24.5585334958709 -0.0552260311045055
24.5747021482161 -0.0236781335366228
24.5908708005613 0.00789336690971287
24.6070394529065 0.0394569990762507
24.6232081052518 0.0709812996480124
24.639376757597 0.102434844516615
24.6555454099422 0.133786280104479
24.6717140622874 0.165004354618798
24.6878827146327 0.196057949203975
24.7040513669779 0.226916108961593
24.7202200193231 0.257548073806898
24.7363886716683 0.287923309131166
24.7525573240136 0.318011536239236
24.7687259763588 0.347782762531986
24.784894628704 0.377207311403578
24.8010632810492 0.406255851823789
24.8172319333945 0.434899427575792
24.8334005857397 0.463109486120345
24.8495692380849 0.490857907057596
24.8657378904302 0.518117030158078
24.8819065427754 0.54485968293507
24.8980751951206 0.571059207730693
24.9142438474658 0.596689488288853
24.9304124998111 0.621724975788497
24.9465811521563 0.64614071431121
24.9627498045015 0.669912365717854
24.9789184568467 0.69301623390933
24.995087109192 0.715429288447373
25.0112557615372 0.73712918751178
25.0274244138824 0.758094300171245
25.0435930662276 0.778303727945529
25.0597617185729 0.797737325637522
25.0759303709181 0.8163757214144
25.0920990232633 0.834200336117918
25.1082676756085 0.851193401784494
25.1244363279538 0.867337979356713
25.140604980299 0.882617975568548
25.1567736326442 0.897018158987464
25.1729422849894 0.910524175197462
25.1891109373347 0.92312256110786
25.2052795896799 0.934800758373597
25.2214482420251 0.945547125913668
25.2376168943704 0.955350951515195
25.2537855467156 0.964202462511611
25.2699541990608 0.972092835524256
25.286122851406 0.979014205257715
25.3022915037513 0.984959672340111
25.3184601560965 0.989923310200557
25.3346288084417 0.993900170976888
25.3507974607869 0.996886290447793
25.3669661131322 0.998878691984444
25.3831347654774 0.999875389517657
25.3993034178226 0.999875389517657
25.4154720701678 0.998878691984444
25.4316407225131 0.996886290447793
25.4478093748583 0.993900170976888
25.4639780272035 0.989923310200557
25.4801466795487 0.984959672340111
25.496315331894 0.979014205257715
25.5124839842392 0.972092835524257
25.5286526365844 0.964202462511612
25.5448212889296 0.955350951515195
25.5609899412749 0.945547125913668
25.5771585936201 0.9348007583736
25.5933272459653 0.92312256110786
25.6094958983106 0.910524175197462
25.6256645506558 0.897018158987464
25.641833203001 0.882617975568548
25.6580018553462 0.867337979356714
25.6741705076915 0.851193401784494
25.6903391600367 0.834200336117918
25.7065078123819 0.816375721414401
25.7226764647271 0.797737325637517
25.7388451170724 0.778303727945529
25.7550137694176 0.758094300171246
25.7711824217628 0.73712918751178
25.787351074108 0.715429288447374
25.8035197264533 0.69301623390933
25.8196883787985 0.669912365717855
25.8358570311437 0.646140714311211
25.8520256834889 0.621724975788497
25.8681943358342 0.596689488288859
25.8843629881794 0.571059207730694
25.9005316405246 0.54485968293507
25.9167002928698 0.518117030158079
25.9328689452151 0.490857907057596
25.9490375975603 0.463109486120346
25.9652062499055 0.434899427575792
25.9813749022508 0.40625585182379
25.997543554596 0.377207311403578
26.0137122069412 0.347782762531979
26.0298808592864 0.318011536239237
26.0460495116317 0.287923309131166
26.0622181639769 0.257548073806898
26.0783868163221 0.226916108961593
26.0945554686673 0.196057949203975
26.1107241210126 0.165004354618798
26.1268927733578 0.13378628010448
26.143061425703 0.102434844516616
26.1592300780482 0.0709812996480198
26.1753987303935 0.0394569990762509
26.1915673827387 0.00789336690971289
26.2077360350839 -0.023678133536623
26.2239046874291 -0.0552260311045057
26.2400733397744 -0.0867188781635531
26.2562419921196 -0.118125281958909
26.2724106444648 -0.14941393590426
26.28857929681 -0.1805536507889
26.3047479491553 -0.211513385867823
26.3209166015005 -0.242262279803785
26.3370852538457 -0.272769681430604
26.353253906191 -0.303005180306871
26.3694225585362 -0.332938637029759
26.3855912108814 -0.362540213278626
26.4017598632266 -0.391780401558494
26.4179285155719 -0.420630054613784
26.4340971679171 -0.449060414482918
26.4502658202623 -0.477043141164887
26.4664344726075 -0.504550340869179
26.4826031249528 -0.531554593820902
26.498771777298 -0.558028981593439
26.5149404296432 -0.583947113941304
26.5311090819884 -0.609283155106519
26.5472777343337 -0.63401184957224
26.5634463866789 -0.658108547238037
26.5796150390241 -0.681549227991633
26.5957836913693 -0.704310525652674
26.6119523437146 -0.726369751264641
26.6281209960598 -0.747704915711709
26.644289648405 -0.768294751637969
26.6604583007502 -0.788118734647191
26.6766269530955 -0.807157103761987
26.6927956054407 -0.825390881121977
26.7089642577859 -0.84280189090135
26.7251329101312 -0.859372777426911
26.7413015624764 -0.875087022478592
26.7574702148216 -0.889928961755181
26.7736388671668 -0.903883800488824
26.7898075195121 -0.916937628192788
26.8059761718573 -0.929077432527729
26.8221448242025 -0.940291112272676
26.8383134765477 -0.950567489387783
26.854482128893 -0.959896320156857
26.8706507812382 -0.968268305398507
26.8868194335834 -0.975675099735774
26.9029880859286 -0.982109319914981
26.9191567382739 -0.987564552165524
26.9353253906191 -0.992035358593258
26.9514940429643 -0.995517282601106
26.9676626953095 -0.998006853331494
26.9838313476548 -0.999501589126174
27 -1
