0 -1
0.015098296698995 -0.999501589126174
0.0301965933979899 -0.998006853331493
0.0452948900969849 -0.995517282601106
0.0603931867959799 -0.992035358593258
0.0754914834949749 -0.987564552165524
0.0905897801939698 -0.98210931991498
0.105688076892965 -0.975675099735774
0.12078637359196 -0.968268305398507
0.135884670290955 -0.959896320156857
0.15098296698995 -0.950567489387783
0.166081263688945 -0.940291112272676
0.18117956038794 -0.929077432527731
0.196277857086935 -0.916937628192789
0.21137615378593 -0.903883800488824
0.226474450484925 -0.88992896175518
0.24157274718392 -0.875087022478594
0.256671043882915 -0.859372777426912
0.27176934058191 -0.842801890901351
0.286867637280904 -0.825390881121976
0.3019659339799 -0.807157103761985
0.317064230678894 -0.788118734647192
0.332162527377889 -0.768294751637971
0.347260824076884 -0.747704915711709
0.362359120775879 -0.726369751264639
0.377457417474874 -0.704310525652672
0.392555714173869 -0.681549227991634
0.407654010872864 -0.658108547238038
0.422752307571859 -0.634011849572239
0.437850604270854 -0.609283155106517
0.452948900969849 -0.583947113941306
0.468047197668844 -0.55802898159344
0.483145494367839 -0.531554593820901
0.498243791066834 -0.504550340869177
0.513342087765829 -0.47704314116489
0.528440384464824 -0.44906041448292
0.543538681163819 -0.420630054613784
0.558636977862814 -0.391780401558493
0.573735274561809 -0.362540213278625
0.588833571260804 -0.332938637029761
0.603931867959799 -0.303005180306873
0.619030164658794 -0.272769681430603
0.634128461357789 -0.242262279803783
0.649226758056784 -0.211513385867819
0.664325054755779 -0.180553650788902
0.679423351454774 -0.149413935904261
0.694521648153769 -0.118125281958908
0.709619944852764 -0.0867188781635509
0.724718241551759 -0.0552260311045084
0.739816538250754 -0.0236781335366241
0.754914834949749 0.00789336690971331
0.770013131648744 0.0394569990762525
0.785111428347739 0.0709812996480158
0.800209725046734 0.102434844516613
0.815308021745729 0.133786280104479
0.830406318444724 0.165004354618799
0.845504615143719 0.196057949203978
0.860602911842714 0.22691610896159
0.875701208541708 0.257548073806896
0.890799505240704 0.287923309131166
0.905897801939698 0.318011536239238
0.920996098638693 0.347782762531982
0.936094395337688 0.377207311403576
0.951192692036683 0.406255851823789
0.966290988735678 0.434899427575793
0.981389285434673 0.463109486120348
0.996487582133668 0.490857907057594
1.01158587883266 0.518117030158078
1.02668417553166 0.54485968293507
1.04178247223065 0.571059207730695
1.05688076892965 0.596689488288856
1.07197906562864 0.621724975788495
1.08707736232764 0.64614071431121
1.10217565902663 0.669912365717855
1.11727395572563 0.693016233909332
1.13237225242462 0.715429288447371
1.14747054912362 0.737129187511779
1.16256884582261 0.758094300171246
1.17766714252161 0.77830372794553
1.1927654392206 0.797737325637519
1.2078637359196 0.816375721414399
1.22296203261859 0.834200336117917
1.23806032931759 0.851193401784495
1.25315862601658 0.867337979356715
1.26825692271558 0.882617975568547
1.28335521941457 0.897018158987463
1.29845351611357 0.910524175197462
1.31355181281256 0.923122561107861
1.32865010951156 0.934800758373598
1.34374840621055 0.945547125913667
1.35884670290955 0.955350951515195
1.37394499960854 0.964202462511612
1.38904329630754 0.972092835524257
1.40414159300653 0.979014205257714
1.41923988970553 0.98495967234011
1.43433818640452 0.989923310200557
1.44943648310352 0.993900170976888
1.46453477980251 0.996886290447793
1.47963307650151 0.998878691984444
1.4947313732005 0.999875389517657
1.5098296698995 0.999875389517657
1.52492796659849 0.998878691984444
1.54002626329749 0.996886290447793
1.55512455999648 0.993900170976888
1.57022285669548 0.989923310200557
1.58532115339447 0.984959672340111
1.60041945009347 0.979014205257715
1.61551774679246 0.972092835524257
1.63061604349146 0.964202462511612
1.64571434019045 0.955350951515195
1.66081263688945 0.945547125913667
1.67591093358844 0.934800758373598
1.69100923028744 0.923122561107861
1.70610752698643 0.910524175197462
1.72120582368543 0.897018158987463
1.73630412038442 0.882617975568547
1.75140241708342 0.867337979356715
1.76650071378241 0.851193401784495
1.78159901048141 0.834200336117918
1.7966973071804 0.816375721414399
1.8117956038794 0.797737325637519
1.82689390057839 0.77830372794553
1.84199219727739 0.758094300171246
1.85709049397638 0.737129187511779
1.87218879067538 0.715429288447371
1.88728708737437 0.693016233909332
1.90238538407337 0.669912365717855
1.91748368077236 0.64614071431121
1.93258197747136 0.621724975788495
1.94768027417035 0.596689488288856
1.96277857086935 0.571059207730694
1.97787686756834 0.54485968293507
1.99297516426734 0.518117030158078
2.00807346096633 0.490857907057594
2.02317175766533 0.463109486120348
2.03827005436432 0.434899427575792
2.05336835106332 0.40625585182379
2.06846664776231 0.377207311403576
2.08356494446131 0.347782762531982
2.0986632411603 0.318011536239238
2.1137615378593 0.287923309131167
2.12885983455829 0.257548073806897
2.14395813125729 0.22691610896159
2.15905642795628 0.196057949203978
2.17415472465528 0.165004354618799
2.18925302135427 0.133786280104478
2.20435131805327 0.102434844516614
2.21944961475226 0.0709812996480162
2.23454791145126 0.0394569990762527
2.24964620815025 0.00789336690971378
2.26474450484925 -0.0236781335366239
2.27984280154824 -0.0552260311045084
2.29494109824724 -0.0867188781635496
2.31003939494623 -0.118125281958907
2.32513769164523 -0.149413935904261
2.34023598834422 -0.180553650788902
2.35533428504322 -0.211513385867818
2.37043258174221 -0.242262279803783
2.38553087844121 -0.272769681430602
2.4006291751402 -0.303005180306873
2.4157274718392 -0.332938637029762
2.43082576853819 -0.362540213278624
2.44592406523719 -0.391780401558493
2.46102236193618 -0.420630054613784
2.47612065863518 -0.44906041448292
2.49121895533417 -0.477043141164889
2.50631725203317 -0.504550340869177
2.52141554873216 -0.531554593820901
2.53651384543116 -0.558028981593439
2.55161214213015 -0.583947113941306
2.56671043882915 -0.609283155106516
2.58180873552814 -0.634011849572239
2.59690703222714 -0.658108547238037
2.61200532892613 -0.681549227991633
2.62710362562513 -0.704310525652672
2.64220192232412 -0.726369751264639
2.65730021902312 -0.747704915711709
2.67239851572211 -0.76829475163797
2.68749681242111 -0.788118734647193
2.7025951091201 -0.807157103761985
2.7176934058191 -0.825390881121976
2.73279170251809 -0.842801890901351
2.74788999921709 -0.859372777426912
2.76298829591608 -0.875087022478593
2.77808659261507 -0.88992896175518
2.79318488931407 -0.903883800488823
2.80828318601307 -0.916937628192789
2.82338148271206 -0.92907743252773
2.83847977941106 -0.940291112272675
2.85357807611005 -0.950567489387783
2.86867637280905 -0.959896320156857
2.88377466950804 -0.968268305398507
2.89887296620703 -0.975675099735773
2.91397126290603 -0.98210931991498
2.92906955960502 -0.987564552165524
2.94416785630402 -0.992035358593258
2.95926615300301 -0.995517282601106
2.97436444970201 -0.998006853331493
2.98946274640101 -0.999501589126174
3.0045610431 -1
3.01171372783166 -0.999501589126174
3.01886641256332 -0.998006853331493
3.02601909729497 -0.995517282601106
3.03317178202663 -0.992035358593258
3.04032446675829 -0.987564552165524
3.04747715148995 -0.98210931991498
3.05462983622161 -0.975675099735774
3.06178252095327 -0.968268305398507
3.06893520568492 -0.959896320156857
3.07608789041658 -0.950567489387783
3.08324057514824 -0.940291112272676
3.0903932598799 -0.92907743252773
3.09754594461156 -0.916937628192789
3.10469862934322 -0.903883800488824
3.11185131407487 -0.88992896175518
3.11900399880653 -0.875087022478594
3.12615668353819 -0.859372777426912
3.13330936826985 -0.842801890901351
3.14046205300151 -0.825390881121976
3.14761473773317 -0.807157103761986
3.15476742246482 -0.788118734647192
3.16192010719648 -0.768294751637971
3.16907279192814 -0.747704915711708
3.1762254766598 -0.726369751264639
3.18337816139146 -0.704310525652673
3.19053084612312 -0.681549227991634
3.19768353085477 -0.658108547238038
3.20483621558643 -0.634011849572238
3.21198890031809 -0.609283155106517
3.21914158504975 -0.583947113941306
3.22629426978141 -0.55802898159344
3.23344695451307 -0.531554593820901
3.24059963924472 -0.504550340869177
3.24775232397638 -0.477043141164889
3.25490500870804 -0.44906041448292
3.2620576934397 -0.420630054613785
3.26921037817136 -0.391780401558493
3.27636306290301 -0.362540213278625
3.28351574763467 -0.332938637029761
3.29066843236633 -0.303005180306873
3.29782111709799 -0.272769681430603
3.30497380182965 -0.242262279803784
3.31212648656131 -0.211513385867818
3.31927917129296 -0.180553650788903
3.32643185602462 -0.14941393590426
3.33358454075628 -0.118125281958908
3.34073722548794 -0.0867188781635518
3.3478899102196 -0.0552260311045079
3.35504259495126 -0.023678133536623
3.36219527968291 0.00789336690971353
3.36934796441457 0.039456999076252
3.37650064914623 0.0709812996480164
3.38365333387789 0.102434844516613
3.39080601860955 0.13378628010448
3.39795870334121 0.165004354618799
3.40511138807286 0.196057949203979
3.41226407280452 0.22691610896159
3.41941675753618 0.257548073806898
3.42656944226784 0.287923309131166
3.4337221269995 0.318011536239239
3.44087481173116 0.347782762531983
3.44802749646281 0.377207311403575
3.45518018119447 0.406255851823789
3.46233286592613 0.434899427575792
3.46948555065779 0.463109486120348
3.47663823538945 0.490857907057594
3.48379092012111 0.518117030158078
3.49094360485276 0.54485968293507
3.49809628958442 0.571059207730696
3.50524897431608 0.596689488288856
3.51240165904774 0.621724975788496
3.5195543437794 0.64614071431121
3.52670702851105 0.669912365717855
3.53385971324271 0.693016233909332
3.54101239797437 0.715429288447371
3.54816508270603 0.737129187511779
3.55531776743769 0.758094300171245
3.56247045216935 0.77830372794553
3.569623136901 0.797737325637519
3.57677582163266 0.816375721414398
3.58392850636432 0.834200336117917
3.59108119109598 0.851193401784495
3.59823387582764 0.867337979356715
3.6053865605593 0.882617975568546
3.61253924529095 0.897018158987464
3.61969193002261 0.910524175197462
3.62684461475427 0.923122561107861
3.63399729948593 0.934800758373598
3.64114998421759 0.945547125913667
3.64830266894925 0.955350951515195
3.6554553536809 0.964202462511611
3.66260803841256 0.972092835524257
3.66976072314422 0.979014205257715
3.67691340787588 0.98495967234011
3.68406609260754 0.989923310200557
3.6912187773392 0.993900170976888
3.69837146207085 0.996886290447793
3.70552414680251 0.998878691984444
3.71267683153417 0.999875389517657
3.71982951626583 0.999875389517657
3.72698220099749 0.998878691984444
3.73413488572915 0.996886290447793
3.7412875704608 0.993900170976888
3.74844025519246 0.989923310200557
3.75559293992412 0.984959672340111
3.76274562465578 0.979014205257715
3.76989830938744 0.972092835524257
3.7770509941191 0.964202462511612
3.78420367885075 0.955350951515195
3.79135636358241 0.945547125913667
3.79850904831407 0.934800758373598
3.80566173304573 0.92312256110786
3.81281441777739 0.910524175197463
3.81996710250904 0.897018158987464
3.8271197872407 0.882617975568547
3.83427247197236 0.867337979356715
3.84142515670402 0.851193401784495
3.84857784143568 0.834200336117918
3.85573052616734 0.816375721414399
3.86288321089899 0.797737325637519
3.87003589563065 0.77830372794553
3.87718858036231 0.758094300171245
3.88434126509397 0.737129187511779
3.89149394982563 0.715429288447371
3.89864663455729 0.693016233909332
3.90579931928894 0.669912365717855
3.9129520040206 0.64614071431121
3.92010468875226 0.621724975788497
3.92725737348392 0.596689488288856
3.93441005821558 0.571059207730694
3.94156274294724 0.54485968293507
3.94871542767889 0.518117030158078
3.95586811241055 0.490857907057594
3.96302079714221 0.463109486120347
3.97017348187387 0.434899427575795
3.97732616660553 0.40625585182379
3.98447885133719 0.377207311403576
3.99163153606884 0.347782762531982
3.9987842208005 0.318011536239238
4.00593690553216 0.287923309131167
4.01308959026382 0.257548073806896
4.02024227499548 0.226916108961592
4.02739495972714 0.196057949203979
4.03454764445879 0.1650043546188
4.04170032919045 0.133786280104482
4.04885301392211 0.102434844516615
4.05600569865377 0.0709812996480162
4.06315838338543 0.0394569990762518
4.07031106811709 0.007893366909712
4.07746375284874 -0.023678133536623
4.0846164375804 -0.0552260311045075
4.09176912231206 -0.0867188781635514
4.09892180704372 -0.118125281958905
4.10607449177538 -0.14941393590426
4.11322717650703 -0.180553650788902
4.12037986123869 -0.21151338586782
4.12753254597035 -0.242262279803786
4.13468523070201 -0.272769681430602
4.14183791543367 -0.303005180306873
4.14899060016533 -0.332938637029762
4.15614328489698 -0.362540213278623
4.16329596962864 -0.391780401558493
4.1704486543603 -0.420630054613785
4.17760133909196 -0.449060414482918
4.18475402382362 -0.477043141164889
4.19190670855528 -0.504550340869178
4.19905939328693 -0.531554593820899
4.20621207801859 -0.558028981593439
4.21336476275025 -0.583947113941305
4.22051744748191 -0.609283155106517
4.22767013221357 -0.63401184957224
4.23482281694523 -0.658108547238037
4.24197550167688 -0.681549227991633
4.24912818640854 -0.704310525652672
4.2562808711402 -0.726369751264638
4.26343355587186 -0.747704915711708
4.27058624060352 -0.768294751637971
4.27773892533518 -0.788118734647193
4.28489161006683 -0.807157103761987
4.29204429479849 -0.825390881121976
4.29919697953015 -0.842801890901351
4.30634966426181 -0.859372777426913
4.31350234899347 -0.875087022478593
4.32065503372513 -0.88992896175518
4.32780771845678 -0.903883800488824
4.33496040318844 -0.916937628192789
4.3421130879201 -0.929077432527731
4.34926577265176 -0.940291112272675
4.35641845738342 -0.950567489387782
4.36357114211507 -0.959896320156856
4.37072382684673 -0.968268305398507
4.37787651157839 -0.975675099735774
4.38502919631005 -0.982109319914981
4.39218188104171 -0.987564552165524
4.39933456577337 -0.992035358593258
4.40648725050502 -0.995517282601106
4.41363993523668 -0.998006853331493
4.42079261996834 -0.999501589126174
4.4279453047 -1
4.4444025002804 -0.999501589126174
4.4608596958608 -0.998006853331493
4.47731689144121 -0.995517282601106
4.49377408702161 -0.992035358593258
4.51023128260201 -0.987564552165524
4.52668847818241 -0.98210931991498
4.54314567376281 -0.975675099735774
4.55960286934322 -0.968268305398507
4.57606006492362 -0.959896320156857
4.59251726050402 -0.950567489387783
4.60897445608442 -0.940291112272676
4.62543165166482 -0.92907743252773
4.64188884724523 -0.916937628192789
4.65834604282563 -0.903883800488823
4.67480323840603 -0.88992896175518
4.69126043398643 -0.875087022478593
4.70771762956683 -0.859372777426912
4.72417482514724 -0.842801890901351
4.74063202072764 -0.825390881121976
4.75708921630804 -0.807157103761986
4.77354641188844 -0.788118734647192
4.79000360746884 -0.768294751637971
4.80646080304925 -0.747704915711709
4.82291799862965 -0.72636975126464
4.83937519421005 -0.704310525652672
4.85583238979045 -0.681549227991634
4.87228958537085 -0.658108547238037
4.88874678095126 -0.634011849572239
4.90520397653166 -0.609283155106516
4.92166117211206 -0.583947113941306
4.93811836769246 -0.55802898159344
4.95457556327286 -0.531554593820901
4.97103275885327 -0.504550340869178
4.98748995443367 -0.47704314116489
5.00394715001407 -0.449060414482921
5.02040434559447 -0.420630054613784
5.03686154117487 -0.391780401558494
5.05331873675528 -0.362540213278624
5.06977593233568 -0.332938637029761
5.08623312791608 -0.303005180306872
5.10269032349648 -0.272769681430604
5.11914751907688 -0.242262279803783
5.13560471465729 -0.211513385867819
5.15206191023769 -0.180553650788901
5.16851910581809 -0.149413935904261
5.18497630139849 -0.118125281958907
5.20143349697889 -0.0867188781635507
5.2178906925593 -0.055226031104509
5.2343478881397 -0.0236781335366239
5.2508050837201 0.00789336690971264
5.2672622793005 0.0394569990762529
5.2837194748809 0.0709812996480153
5.30017667046131 0.102434844516614
5.31663386604171 0.133786280104479
5.33309106162211 0.1650043546188
5.34954825720251 0.196057949203978
5.36600545278291 0.226916108961591
5.38246264836332 0.257548073806896
5.39891984394372 0.287923309131167
5.41537703952412 0.318011536239238
5.43183423510452 0.347782762531983
5.44829143068492 0.377207311403576
5.46474862626533 0.406255851823788
5.48120582184573 0.434899427575793
5.49766301742613 0.463109486120348
5.51412021300653 0.490857907057594
5.53057740858693 0.518117030158077
5.54703460416734 0.54485968293507
5.56349179974774 0.571059207730694
5.57994899532814 0.596689488288856
5.59640619090854 0.621724975788495
5.61286338648894 0.64614071431121
5.62932058206935 0.669912365717855
5.64577777764975 0.693016233909331
5.66223497323015 0.715429288447371
5.67869216881055 0.737129187511779
5.69514936439095 0.758094300171245
5.71160655997136 0.778303727945529
5.72806375555176 0.797737325637519
5.74452095113216 0.8163757214144
5.76097814671256 0.834200336117917
5.77743534229296 0.851193401784494
5.79389253787337 0.867337979356715
5.81034973345377 0.882617975568546
5.82680692903417 0.897018158987464
5.84326412461457 0.910524175197462
5.85972132019497 0.923122561107861
5.87617851577538 0.934800758373598
5.89263571135578 0.945547125913667
5.90909290693618 0.955350951515195
5.92555010251658 0.964202462511612
5.94200729809698 0.972092835524257
5.95846449367739 0.979014205257714
5.97492168925779 0.984959672340111
5.99137888483819 0.989923310200557
6.00783608041859 0.993900170976888
6.02429327599899 0.996886290447793
6.0407504715794 0.998878691984444
6.0572076671598 0.999875389517657
6.0736648627402 0.999875389517657
6.0901220583206 0.998878691984444
6.10657925390101 0.996886290447793
6.12303644948141 0.993900170976888
6.13949364506181 0.989923310200557
6.15595084064221 0.984959672340111
6.17240803622261 0.979014205257714
6.18886523180301 0.972092835524257
6.20532242738342 0.964202462511612
6.22177962296382 0.955350951515195
6.23823681854422 0.945547125913667
6.25469401412462 0.934800758373598
6.27115120970502 0.923122561107861
6.28760840528543 0.910524175197462
6.30406560086583 0.897018158987463
6.32052279644623 0.882617975568547
6.33697999202663 0.867337979356715
6.35343718760704 0.851193401784494
6.36989438318744 0.834200336117918
6.38635157876784 0.816375721414399
6.40280877434824 0.79773732563752
6.41926596992864 0.77830372794553
6.43572316550904 0.758094300171246
6.45218036108945 0.73712918751178
6.46863755666985 0.715429288447371
6.48509475225025 0.693016233909331
6.50155194783065 0.669912365717855
6.51800914341105 0.64614071431121
6.53446633899146 0.621724975788495
6.55092353457186 0.596689488288855
6.56738073015226 0.571059207730695
6.58383792573266 0.544859682935071
6.60029512131307 0.518117030158077
6.61675231689347 0.490857907057595
6.63320951247387 0.463109486120349
6.64966670805427 0.434899427575793
6.66612390363467 0.406255851823789
6.68258109921508 0.377207311403576
6.69903829479548 0.347782762531983
6.71549549037588 0.318011536239239
6.73195268595628 0.287923309131166
6.74840988153668 0.257548073806896
6.76486707711708 0.226916108961591
6.78132427269749 0.196057949203978
6.79778146827789 0.165004354618798
6.81423866385829 0.133786280104479
6.83069585943869 0.102434844516614
6.8471530550191 0.0709812996480153
6.8636102505995 0.0394569990762536
6.8800674461799 0.00789336690971467
6.8965246417603 -0.0236781335366239
6.9129818373407 -0.0552260311045084
6.92943903292111 -0.0867188781635505
6.94589622850151 -0.118125281958907
6.96235342408191 -0.14941393590426
6.97881061966231 -0.180553650788902
6.99526781524271 -0.211513385867819
7.01172501082312 -0.242262279803783
7.02818220640352 -0.272769681430602
7.04463940198392 -0.303005180306873
7.06109659756432 -0.332938637029761
7.07755379314472 -0.362540213278623
7.09401098872513 -0.391780401558493
7.11046818430553 -0.420630054613784
7.12692537988593 -0.449060414482921
7.14338257546633 -0.477043141164889
7.15983977104673 -0.504550340869178
7.17629696662714 -0.531554593820901
7.19275416220754 -0.558028981593439
7.20921135778794 -0.583947113941306
7.22566855336834 -0.609283155106517
7.24212574894874 -0.634011849572237
7.25858294452915 -0.658108547238037
7.27504014010955 -0.681549227991634
7.29149733568995 -0.704310525652672
7.30795453127035 -0.726369751264638
7.32441172685075 -0.747704915711709
7.34086892243116 -0.768294751637971
7.35732611801156 -0.788118734647192
7.37378331359196 -0.807157103761986
7.39024050917236 -0.825390881121976
7.40669770475276 -0.842801890901351
7.42315490033317 -0.859372777426912
7.43961209591357 -0.875087022478593
7.45606929149397 -0.88992896175518
7.47252648707437 -0.903883800488824
7.48898368265477 -0.916937628192789
7.50544087823518 -0.92907743252773
7.52189807381558 -0.940291112272676
7.53835526939598 -0.950567489387783
7.55481246497638 -0.959896320156857
7.57126966055678 -0.968268305398507
7.58772685613719 -0.975675099735774
7.60418405171759 -0.98210931991498
7.62064124729799 -0.987564552165524
7.63709844287839 -0.992035358593258
7.65355563845879 -0.995517282601106
7.6700128340392 -0.998006853331493
7.6864700296196 -0.999501589126174
7.7029272252 -1
7.7197990932794 -0.999501589126174
7.73667096135879 -0.998006853331493
7.75354282943819 -0.995517282601106
7.77041469751759 -0.992035358593258
7.78728656559699 -0.987564552165524
7.80415843367638 -0.98210931991498
7.82103030175578 -0.975675099735773
7.83790216983518 -0.968268305398507
7.85477403791457 -0.959896320156857
7.87164590599397 -0.950567489387783
7.88851777407337 -0.940291112272676
7.90538964215276 -0.929077432527731
7.92226151023216 -0.916937628192789
7.93913337831156 -0.903883800488823
7.95600524639095 -0.88992896175518
7.97287711447035 -0.875087022478593
7.98974898254975 -0.859372777426912
8.00662085062915 -0.842801890901351
8.02349271870854 -0.825390881121976
8.04036458678794 -0.807157103761986
8.05723645486734 -0.788118734647193
8.07410832294673 -0.768294751637971
8.09098019102613 -0.74770491571171
8.10785205910553 -0.72636975126464
8.12472392718492 -0.704310525652673
8.14159579526432 -0.681549227991635
8.15846766334372 -0.658108547238039
8.17533953142312 -0.634011849572238
8.19221139950251 -0.609283155106516
8.20908326758191 -0.583947113941305
8.22595513566131 -0.558028981593439
8.2428270037407 -0.531554593820901
8.2596988718201 -0.504550340869177
8.2765707398995 -0.477043141164889
8.29344260797889 -0.44906041448292
8.31031447605829 -0.420630054613784
8.32718634413769 -0.391780401558493
8.34405821221709 -0.362540213278625
8.36093008029648 -0.332938637029762
8.37780194837588 -0.303005180306873
8.39467381645528 -0.272769681430604
8.41154568453467 -0.242262279803784
8.42841755261407 -0.21151338586782
8.44528942069347 -0.180553650788904
8.46216128877287 -0.149413935904259
8.47903315685226 -0.118125281958907
8.49590502493166 -0.0867188781635494
8.51277689301106 -0.0552260311045071
8.52964876109045 -0.0236781335366232
8.54652062916985 0.00789336690971398
8.56339249724925 0.0394569990762531
8.58026436532864 0.0709812996480162
8.59713623340804 0.102434844516613
8.61400810148744 0.133786280104479
8.63087996956683 0.165004354618799
8.64775183764623 0.196057949203978
8.66462370572563 0.226916108961589
8.68149557380502 0.257548073806896
8.69836744188442 0.287923309131166
8.71523930996382 0.318011536239237
8.73211117804322 0.347782762531981
8.74898304612261 0.377207311403575
8.76585491420201 0.406255851823787
8.78272678228141 0.434899427575794
8.7995986503608 0.463109486120349
8.8164705184402 0.490857907057595
8.8333423865196 0.518117030158078
8.850214254599 0.544859682935071
8.86708612267839 0.571059207730695
8.88395799075779 0.596689488288856
8.90082985883719 0.621724975788495
8.91770172691658 0.64614071431121
8.93457359499598 0.669912365717855
8.95144546307538 0.693016233909331
8.96831733115477 0.715429288447371
8.98518919923417 0.737129187511779
9.00206106731357 0.758094300171245
9.01893293539296 0.778303727945529
9.03580480347236 0.797737325637519
9.05267667155176 0.816375721414398
9.06954853963116 0.834200336117918
9.08642040771055 0.851193401784494
9.10329227578995 0.867337979356715
9.12016414386935 0.882617975568547
9.13703601194874 0.897018158987464
9.15390788002814 0.910524175197463
9.17077974810754 0.923122561107861
9.18765161618694 0.934800758373599
9.20452348426633 0.945547125913667
9.22139535234573 0.955350951515195
9.23826722042513 0.964202462511612
9.25513908850452 0.972092835524257
9.27201095658392 0.979014205257714
9.28888282466332 0.98495967234011
9.30575469274271 0.989923310200557
9.32262656082211 0.993900170976888
9.33949842890151 0.996886290447793
9.3563702969809 0.998878691984444
9.3732421650603 0.999875389517657
9.3901140331397 0.999875389517657
9.4069859012191 0.998878691984444
9.42385776929849 0.996886290447793
9.44072963737789 0.993900170976888
9.45760150545729 0.989923310200557
9.47447337353668 0.98495967234011
9.49134524161608 0.979014205257715
9.50821710969548 0.972092835524257
9.52508897777487 0.964202462511612
9.54196084585427 0.955350951515195
9.55883271393367 0.945547125913667
9.57570458201307 0.934800758373598
9.59257645009246 0.923122561107861
9.60944831817186 0.910524175197463
9.62632018625126 0.897018158987464
9.64319205433065 0.882617975568547
9.66006392241005 0.867337979356715
9.67693579048945 0.851193401784494
9.69380765856884 0.834200336117918
9.71067952664824 0.816375721414398
9.72755139472764 0.797737325637519
9.74442326280704 0.77830372794553
9.76129513088643 0.758094300171245
9.77816699896583 0.737129187511779
9.79503886704523 0.715429288447371
9.81191073512462 0.693016233909332
9.82878260320402 0.669912365717855
9.84565447128342 0.64614071431121
9.86252633936281 0.621724975788495
9.87939820744221 0.596689488288856
9.89627007552161 0.571059207730696
9.913141943601 0.544859682935071
9.9300138116804 0.518117030158079
9.9468856797598 0.490857907057595
9.9637575478392 0.463109486120346
9.98062941591859 0.434899427575795
9.99750128399799 0.406255851823787
10.0143731520774 0.377207311403575
10.0312450201568 0.347782762531982
10.0481168882362 0.31801153623924
10.0649887563156 0.287923309131166
10.081860624395 0.257548073806896
10.0987324924744 0.22691610896159
10.1156043605538 0.196057949203978
10.1324762286332 0.165004354618799
10.1493480967126 0.133786280104479
10.166219964792 0.102434844516614
10.1830918328714 0.0709812996480171
10.1999637009508 0.0394569990762536
10.2168355690302 0.00789336690971467
10.2337074371095 -0.023678133536623
10.2505793051889 -0.0552260311045075
10.2674511732683 -0.0867188781635496
10.2843230413477 -0.118125281958909
10.3011949094271 -0.149413935904263
10.3180667775065 -0.180553650788904
10.3349386455859 -0.211513385867817
10.3518105136653 -0.242262279803784
10.3686823817447 -0.272769681430601
10.3855542498241 -0.303005180306873
10.4024261179035 -0.332938637029761
10.4192979859829 -0.362540213278624
10.4361698540623 -0.391780401558494
10.4530417221417 -0.420630054613784
10.4699135902211 -0.44906041448292
10.4867854583005 -0.47704314116489
10.5036573263799 -0.504550340869177
10.5205291944593 -0.531554593820901
10.5374010625387 -0.558028981593439
10.5542729306181 -0.583947113941305
10.5711447986975 -0.609283155106518
10.5880166667769 -0.634011849572238
10.6048885348563 -0.658108547238039
10.6217604029357 -0.681549227991635
10.6386322710151 -0.704310525652673
10.6555041390945 -0.726369751264638
10.6723760071739 -0.74770491571171
10.6892478752533 -0.768294751637971
10.7061197433327 -0.788118734647193
10.7229916114121 -0.807157103761985
10.7398634794915 -0.825390881121976
10.7567353475709 -0.84280189090135
10.7736072156503 -0.859372777426912
10.7904790837296 -0.875087022478593
10.807350951809 -0.88992896175518
10.8242228198884 -0.903883800488823
10.8410946879678 -0.916937628192788
10.8579665560472 -0.92907743252773
10.8748384241266 -0.940291112272675
10.891710292206 -0.950567489387783
10.9085821602854 -0.959896320156857
10.9254540283648 -0.968268305398508
10.9423258964442 -0.975675099735773
10.9591977645236 -0.98210931991498
10.976069632603 -0.987564552165524
10.9929415006824 -0.992035358593258
11.0098133687618 -0.995517282601106
11.0266852368412 -0.998006853331493
11.0435571049206 -0.999501589126174
11.060428973 -1
11.0664036913668 -0.999501589126174
11.0723784097337 -0.998006853331493
11.0783531281005 -0.995517282601106
11.0843278464673 -0.992035358593258
11.0903025648342 -0.987564552165523
11.096277283201 -0.98210931991498
11.1022520015678 -0.975675099735774
11.1082267199347 -0.968268305398507
11.1142014383015 -0.959896320156856
11.1201761566683 -0.950567489387781
11.1261508750352 -0.940291112272676
11.132125593402 -0.929077432527731
11.1381003117688 -0.916937628192788
11.1440750301357 -0.903883800488822
11.1500497485025 -0.889928961755182
11.1560244668693 -0.875087022478594
11.1619991852362 -0.859372777426911
11.167973903603 -0.842801890901348
11.1739486219698 -0.825390881121978
11.1799233403367 -0.807157103761986
11.1858980587035 -0.788118734647191
11.1918727770704 -0.768294751637968
11.1978474954372 -0.747704915711711
11.203822213804 -0.72636975126464
11.2097969321709 -0.704310525652671
11.2157716505377 -0.681549227991631
11.2217463689045 -0.65810854723804
11.2277210872714 -0.63401184957224
11.2336958056382 -0.609283155106516
11.239670524005 -0.583947113941303
11.2456452423719 -0.558028981593443
11.2516199607387 -0.531554593820902
11.2575946791055 -0.504550340869176
11.2635693974724 -0.477043141164887
11.2695441158392 -0.449060414482923
11.275518834206 -0.420630054613785
11.2814935525729 -0.391780401558492
11.2874682709397 -0.362540213278621
11.2934429893065 -0.332938637029765
11.2994177076734 -0.303005180306874
11.3053924260402 -0.272769681430602
11.311367144407 -0.24226227980378
11.3173418627739 -0.211513385867823
11.3233165811407 -0.180553650788904
11.3292912995075 -0.14941393590426
11.3352660178744 -0.118125281958905
11.3412407362412 -0.0867188781635549
11.347215454608 -0.0552260311045099
11.3531901729749 -0.0236781335366234
11.3591648913417 0.0078933669097162
11.3651396097085 0.0394569990762485
11.3711143280754 0.070981299648014
11.3770890464422 0.102434844516614
11.383063764809 0.133786280104482
11.3890384831759 0.165004354618795
11.3950132015427 0.196057949203976
11.4009879199095 0.22691610896159
11.4069626382764 0.257548073806899
11.4129373566432 0.287923309131162
11.4189120750101 0.318011536239236
11.4248867933769 0.347782762531982
11.4308615117437 0.377207311403578
11.4368362301106 0.406255851823785
11.4428109484774 0.434899427575791
11.4487856668442 0.463109486120348
11.4547603852111 0.490857907057596
11.4607351035779 0.518117030158073
11.4667098219447 0.544859682935068
11.4726845403116 0.571059207730694
11.4786592586784 0.596689488288858
11.4846339770452 0.621724975788499
11.4906086954121 0.646140714311208
11.4965834137789 0.669912365717855
11.5025581321457 0.693016233909333
11.5085328505126 0.715429288447368
11.5145075688794 0.737129187511777
11.5204822872462 0.758094300171245
11.5264570056131 0.778303727945531
11.5324317239799 0.797737325637522
11.5384064423467 0.816375721414398
11.5443811607136 0.834200336117917
11.5503558790804 0.851193401784495
11.5563305974472 0.867337979356716
11.5623053158141 0.882617975568545
11.5682800341809 0.897018158987463
11.5742547525477 0.910524175197463
11.5802294709146 0.923122561107862
11.5862041892814 0.934800758373597
11.5921789076482 0.945547125913667
11.5981536260151 0.955350951515195
11.6041283443819 0.964202462511613
11.6101030627487 0.972092835524256
11.6160777811156 0.979014205257714
11.6220524994824 0.984959672340111
11.6280272178492 0.989923310200558
11.6340019362161 0.993900170976887
11.6399766545829 0.996886290447793
11.6459513729497 0.998878691984444
11.6519260913166 0.999875389517657
11.6579008096834 0.999875389517657
11.6638755280503 0.998878691984444
11.6698502464171 0.996886290447793
11.6758249647839 0.993900170976887
11.6817996831508 0.989923310200558
11.6877744015176 0.984959672340111
11.6937491198844 0.979014205257714
11.6997238382513 0.972092835524256
11.7056985566181 0.964202462511613
11.7116732749849 0.955350951515195
11.7176479933518 0.945547125913667
11.7236227117186 0.934800758373597
11.7295974300854 0.923122561107863
11.7355721484523 0.910524175197463
11.7415468668191 0.897018158987463
11.7475215851859 0.882617975568545
11.7534963035528 0.867337979356717
11.7594710219196 0.851193401784496
11.7654457402864 0.834200336117917
11.7714204586533 0.816375721414398
11.7773951770201 0.797737325637522
11.7833698953869 0.778303727945531
11.7893446137538 0.758094300171246
11.7953193321206 0.737129187511777
11.8012940504874 0.715429288447374
11.8072687688543 0.693016233909333
11.8132434872211 0.669912365717855
11.8192182055879 0.646140714311208
11.8251929239548 0.621724975788499
11.8311676423216 0.596689488288858
11.8371423606884 0.571059207730695
11.8431170790553 0.544859682935068
11.8490917974221 0.518117030158073
11.8550665157889 0.490857907057596
11.8610412341558 0.463109486120348
11.8670159525226 0.434899427575791
11.8729906708894 0.406255851823794
11.8789653892563 0.377207311403579
11.8849401076231 0.347782762531983
11.89091482599 0.318011536239237
11.8968895443568 0.287923309131162
11.9028642627236 0.257548073806899
11.9088389810905 0.22691610896159
11.9148136994573 0.196057949203976
11.9207884178241 0.165004354618795
11.926763136191 0.133786280104482
11.9327378545578 0.102434844516614
11.9387125729246 0.0709812996480145
11.9446872912915 0.0394569990762492
11.9506620096583 0.00789336690971644
11.9566367280251 -0.023678133536623
11.962611446392 -0.0552260311045101
11.9685861647588 -0.0867188781635549
11.9745608831256 -0.118125281958904
11.9805356014925 -0.14941393590426
11.9865103198593 -0.180553650788904
11.9924850382261 -0.211513385867823
11.998459756593 -0.242262279803779
12.0044344749598 -0.272769681430601
12.0104091933266 -0.303005180306874
12.0163839116935 -0.332938637029764
12.0223586300603 -0.362540213278621
12.0283333484271 -0.391780401558492
12.034308066794 -0.420630054613785
12.0402827851608 -0.449060414482923
12.0462575035276 -0.477043141164886
12.0522322218945 -0.504550340869176
12.0582069402613 -0.531554593820902
12.0641816586281 -0.558028981593442
12.070156376995 -0.583947113941303
12.0761310953618 -0.609283155106516
12.0821058137286 -0.63401184957224
12.0880805320955 -0.65810854723804
12.0940552504623 -0.681549227991631
12.1000299688291 -0.704310525652671
12.106004687196 -0.72636975126464
12.1119794055628 -0.747704915711711
12.1179541239296 -0.768294751637968
12.1239288422965 -0.788118734647191
12.1299035606633 -0.807157103761986
12.1358782790302 -0.825390881121978
12.141852997397 -0.842801890901348
12.1478277157638 -0.859372777426911
12.1538024341307 -0.875087022478594
12.1597771524975 -0.889928961755181
12.1657518708643 -0.903883800488825
12.1717265892312 -0.916937628192788
12.177701307598 -0.92907743252773
12.1836760259648 -0.940291112272676
12.1896507443317 -0.950567489387782
12.1956254626985 -0.959896320156857
12.2016001810653 -0.968268305398507
12.2075748994322 -0.975675099735774
12.213549617799 -0.982109319914981
12.2195243361658 -0.987564552165523
12.2254990545327 -0.992035358593258
12.2314737728995 -0.995517282601106
12.2374484912663 -0.998006853331493
12.2434232096332 -0.999501589126174
12.249397928 -1
12.2670419277663 -0.999501589126174
12.2846859275327 -0.998006853331493
12.302329927299 -0.995517282601106
12.3199739270653 -0.992035358593258
12.3376179268317 -0.987564552165524
12.355261926598 -0.982109319914981
12.3729059263643 -0.975675099735774
12.3905499261307 -0.968268305398508
12.408193925897 -0.959896320156857
12.4258379256633 -0.950567489387783
12.4434819254296 -0.940291112272676
12.461125925196 -0.92907743252773
12.4787699249623 -0.916937628192788
12.4964139247286 -0.903883800488823
12.514057924495 -0.88992896175518
12.5317019242613 -0.875087022478593
12.5493459240276 -0.859372777426912
12.566989923794 -0.84280189090135
12.5846339235603 -0.825390881121976
12.6022779233266 -0.807157103761985
12.619921923093 -0.788118734647192
12.6375659228593 -0.768294751637971
12.6552099226256 -0.747704915711709
12.672853922392 -0.72636975126464
12.6904979221583 -0.704310525652672
12.7081419219246 -0.681549227991634
12.725785921691 -0.658108547238038
12.7434299214573 -0.634011849572239
12.7610739212236 -0.609283155106517
12.7787179209899 -0.583947113941307
12.7963619207563 -0.558028981593441
12.8140059205226 -0.531554593820903
12.8316499202889 -0.504550340869176
12.8492939200553 -0.477043141164888
12.8669379198216 -0.449060414482919
12.8845819195879 -0.420630054613783
12.9022259193543 -0.391780401558492
12.9198699191206 -0.362540213278624
12.9375139188869 -0.332938637029761
12.9551579186533 -0.303005180306872
12.9728019184196 -0.272769681430603
12.9904459181859 -0.242262279803783
13.0080899179523 -0.211513385867819
13.0257339177186 -0.180553650788902
13.0433779174849 -0.149413935904261
13.0610219172513 -0.118125281958908
13.0786659170176 -0.0867188781635512
13.0963099167839 -0.0552260311045086
13.1139539165503 -0.0236781335366248
13.1315979163166 0.00789336690971242
13.1492419160829 0.0394569990762518
13.1668859158492 0.0709812996480147
13.1845299156156 0.102434844516612
13.2021739153819 0.133786280104477
13.2198179151482 0.165004354618798
13.2374619149146 0.196057949203976
13.2551059146809 0.226916108961591
13.2727499144472 0.257548073806898
13.2903939142136 0.287923309131167
13.3080379139799 0.318011536239239
13.3256819137462 0.347782762531983
13.3433259135126 0.377207311403576
13.3609699132789 0.406255851823789
13.3786139130452 0.434899427575793
13.3962579128116 0.463109486120348
13.4139019125779 0.490857907057594
13.4315459123442 0.518117030158077
13.4491899121106 0.54485968293507
13.4668339118769 0.571059207730694
13.4844779116432 0.596689488288855
13.5021219114095 0.621724975788495
13.5197659111759 0.646140714311209
13.5374099109422 0.669912365717855
13.5550539107085 0.693016233909331
13.5726979104749 0.71542928844737
13.5903419102412 0.737129187511778
13.6079859100075 0.758094300171247
13.6256299097739 0.778303727945531
13.6432739095402 0.79773732563752
13.6609179093065 0.8163757214144
13.6785619090729 0.834200336117918
13.6962059088392 0.851193401784495
13.7138499086055 0.867337979356715
13.7314939083719 0.882617975568547
13.7491379081382 0.897018158987464
13.7667819079045 0.910524175197462
13.7844259076709 0.923122561107861
13.8020699074372 0.934800758373598
13.8197139072035 0.945547125913667
13.8373579069698 0.955350951515195
13.8550019067362 0.964202462511612
13.8726459065025 0.972092835524257
13.8902899062688 0.979014205257714
13.9079339060352 0.98495967234011
13.9255779058015 0.989923310200557
13.9432219055678 0.993900170976888
13.9608659053342 0.996886290447793
13.9785099051005 0.998878691984444
13.9961539048668 0.999875389517657
14.0137979046332 0.999875389517657
14.0314419043995 0.998878691984444
14.0490859041658 0.996886290447793
14.0667299039322 0.993900170976888
14.0843739036985 0.989923310200557
14.1020179034648 0.98495967234011
14.1196619032312 0.979014205257714
14.1373059029975 0.972092835524257
14.1549499027638 0.964202462511612
14.1725939025302 0.955350951515195
14.1902379022965 0.945547125913667
14.2078819020628 0.934800758373598
14.2255259018291 0.923122561107861
14.2431699015955 0.910524175197462
14.2608139013618 0.897018158987464
14.2784579011281 0.882617975568547
14.2961019008945 0.867337979356715
14.3137459006608 0.851193401784495
14.3313899004271 0.834200336117916
14.3490339001935 0.8163757214144
14.3666778999598 0.797737325637518
14.3843218997261 0.778303727945529
14.4019658994925 0.758094300171244
14.4196098992588 0.737129187511778
14.4372538990251 0.715429288447371
14.4548978987915 0.693016233909331
14.4725418985578 0.669912365717855
14.4901858983241 0.646140714311209
14.5078298980905 0.621724975788495
14.5254738978568 0.596689488288856
14.5431178976231 0.571059207730694
14.5607618973894 0.54485968293507
14.5784058971558 0.518117030158077
14.5960498969221 0.490857907057594
14.6136938966884 0.463109486120348
14.6313378964548 0.434899427575794
14.6489818962211 0.40625585182379
14.6666258959874 0.377207311403577
14.6842698957538 0.347782762531983
14.7019138955201 0.31801153623924
14.7195578952864 0.287923309131167
14.7372018950528 0.257548073806898
14.7548458948191 0.226916108961591
14.7724898945854 0.19605794920398
14.7901338943518 0.165004354618802
14.8077778941181 0.133786280104481
14.8254218938844 0.102434844516612
14.8430658936508 0.0709812996480145
14.8607098934171 0.0394569990762545
14.8783538931834 0.007893366909712
14.8959978929497 -0.0236781335366247
14.9136418927161 -0.0552260311045093
14.9312858924824 -0.0867188781635505
14.9489298922487 -0.118125281958908
14.9665738920151 -0.14941393590426
14.9842178917814 -0.180553650788901
15.0018618915477 -0.211513385867818
15.0195058913141 -0.242262279803782
15.0371498910804 -0.272769681430602
15.0547938908467 -0.303005180306871
15.0724378906131 -0.332938637029763
15.0900818903794 -0.362540213278623
15.1077258901457 -0.391780401558492
15.1253698899121 -0.420630054613786
15.1430138896784 -0.449060414482919
15.1606578894447 -0.477043141164891
15.1783018892111 -0.504550340869178
15.1959458889774 -0.531554593820903
15.2135898887437 -0.558028981593441
15.2312338885101 -0.583947113941307
15.2488778882764 -0.609283155106517
15.2665218880427 -0.63401184957224
15.284165887809 -0.658108547238038
15.3018098875754 -0.681549227991635
15.3194538873417 -0.704310525652672
15.337097887108 -0.726369751264639
15.3547418868744 -0.747704915711709
15.3723858866407 -0.76829475163797
15.390029886407 -0.788118734647192
15.4076738861734 -0.807157103761985
15.4253178859397 -0.825390881121976
15.442961885706 -0.84280189090135
15.4606058854724 -0.859372777426911
15.4782498852387 -0.875087022478593
15.495893885005 -0.88992896175518
15.5135378847714 -0.903883800488823
15.5311818845377 -0.916937628192788
15.548825884304 -0.92907743252773
15.5664698840704 -0.940291112272675
15.5841138838367 -0.950567489387783
15.601757883603 -0.959896320156857
15.6194018833693 -0.968268305398508
15.6370458831357 -0.975675099735774
15.654689882902 -0.98210931991498
15.6723338826683 -0.987564552165524
15.6899778824347 -0.992035358593258
15.707621882201 -0.995517282601106
15.7252658819673 -0.998006853331493
15.7429098817337 -0.999501589126174
15.7605538815 -1
15.7759509383648 -0.999501589126174
15.7913479952296 -0.998006853331493
15.8067450520945 -0.995517282601106
15.8221421089593 -0.992035358593258
15.8375391658241 -0.987564552165524
15.8529362226889 -0.982109319914981
15.8683332795538 -0.975675099735774
15.8837303364186 -0.968268305398508
15.8991273932834 -0.959896320156857
15.9145244501482 -0.950567489387783
15.9299215070131 -0.940291112272676
15.9453185638779 -0.929077432527731
15.9607156207427 -0.916937628192789
15.9761126776075 -0.903883800488823
15.9915097344724 -0.889928961755179
16.0069067913372 -0.875087022478593
16.022303848202 -0.859372777426911
16.0377009050668 -0.84280189090135
16.0530979619317 -0.825390881121976
16.0684950187965 -0.807157103761985
16.0838920756613 -0.788118734647192
16.0992891325261 -0.76829475163797
16.114686189391 -0.747704915711709
16.1300832462558 -0.726369751264639
16.1454803031206 -0.704310525652672
16.1608773599854 -0.681549227991634
16.1762744168503 -0.658108547238038
16.1916714737151 -0.634011849572239
16.2070685305799 -0.609283155106517
16.2224655874447 -0.583947113941306
16.2378626443095 -0.55802898159344
16.2532597011744 -0.531554593820902
16.2686567580392 -0.504550340869178
16.284053814904 -0.47704314116489
16.2994508717688 -0.449060414482921
16.3148479286337 -0.420630054613785
16.3302449854985 -0.391780401558494
16.3456420423633 -0.362540213278626
16.3610390992281 -0.332938637029762
16.376436156093 -0.303005180306874
16.3918332129578 -0.272769681430605
16.4072302698226 -0.242262279803785
16.4226273266874 -0.211513385867821
16.4380243835523 -0.180553650788904
16.4534214404171 -0.149413935904263
16.4688184972819 -0.11812528195891
16.4842155541467 -0.0867188781635534
16.4996126110116 -0.0552260311045108
16.5150096678764 -0.0236781335366268
16.5304067247412 0.00789336690971065
16.545803781606 0.0394569990762498
16.5612008384709 0.0709812996480129
16.5765978953357 0.10243484451661
16.5919949522005 0.133786280104476
16.6073920090653 0.165004354618796
16.6227890659301 0.196057949203975
16.638186122795 0.226916108961594
16.6535831796598 0.2575480738069
16.6689802365246 0.28792330913117
16.6843772933894 0.318011536239241
16.6997743502543 0.347782762531985
16.7151714071191 0.377207311403579
16.7305684639839 0.406255851823791
16.7459655208487 0.434899427575795
16.7613625777136 0.46310948612035
16.7767596345784 0.490857907057596
16.7921566914432 0.518117030158079
16.807553748308 0.544859682935072
16.8229508051729 0.571059207730697
16.8383478620377 0.596689488288858
16.8537449189025 0.621724975788496
16.8691419757673 0.646140714311211
16.8845390326322 0.669912365717856
16.899936089497 0.693016233909333
16.9153331463618 0.715429288447372
16.9307302032266 0.73712918751178
16.9461272600915 0.758094300171246
16.9615243169563 0.77830372794553
16.9769213738211 0.79773732563752
16.9923184306859 0.816375721414399
17.0077154875508 0.834200336117918
17.0231125444156 0.851193401784495
17.0385096012804 0.867337979356715
17.0539066581452 0.882617975568547
17.0693037150101 0.897018158987464
17.0847007718749 0.910524175197462
17.1000978287397 0.923122561107861
17.1154948856045 0.934800758373598
17.1308919424693 0.945547125913667
17.1462889993342 0.955350951515195
17.161686056199 0.964202462511611
17.1770831130638 0.972092835524257
17.1924801699286 0.979014205257714
17.2078772267935 0.98495967234011
17.2232742836583 0.989923310200557
17.2386713405231 0.993900170976888
17.2540683973879 0.996886290447793
17.2694654542528 0.998878691984444
17.2848625111176 0.999875389517657
17.3002595679824 0.999875389517657
17.3156566248472 0.998878691984444
17.3310536817121 0.996886290447793
17.3464507385769 0.993900170976888
17.3618477954417 0.989923310200557
17.3772448523065 0.984959672340111
17.3926419091714 0.979014205257715
17.4080389660362 0.972092835524258
17.423436022901 0.964202462511613
17.4388330797658 0.955350951515196
17.4542301366307 0.945547125913668
17.4696271934955 0.934800758373599
17.4850242503603 0.923122561107859
17.5004213072251 0.910524175197464
17.51581836409 0.897018158987462
17.5312154209548 0.882617975568549
17.5466124778196 0.867337979356713
17.5620095346844 0.851193401784493
17.5774065915492 0.834200336117916
17.5928036484141 0.816375721414398
17.6082007052789 0.797737325637518
17.6235977621437 0.778303727945528
17.6389948190085 0.758094300171244
17.6543918758734 0.737129187511777
17.6697889327382 0.71542928844737
17.685185989603 0.69301623390933
17.7005830464678 0.669912365717854
17.7159801033327 0.646140714311208
17.7313771601975 0.621724975788494
17.7467742170623 0.596689488288854
17.7621712739271 0.571059207730694
17.777568330792 0.54485968293507
17.7929653876568 0.518117030158076
17.8083624445216 0.490857907057593
17.8237595013864 0.463109486120348
17.8391565582513 0.434899427575792
17.8545536151161 0.406255851823789
17.8699506719809 0.377207311403576
17.8853477288457 0.347782762531982
17.9007447857106 0.318011536239238
17.9161418425754 0.287923309131166
17.9315388994402 0.257548073806896
17.946935956305 0.22691610896159
17.9623330131699 0.196057949203978
17.9777300700347 0.1650043546188
17.9931271268995 0.13378628010448
18.0085241837643 0.102434844516614
18.0239212406291 0.0709812996480171
18.039318297494 0.0394569990762536
18.0547153543588 0.00789336690971467
18.0701124112236 -0.023678133536623
18.0855094680884 -0.0552260311045066
18.1009065249533 -0.0867188781635496
18.1163035818181 -0.118125281958906
18.1317006386829 -0.14941393590426
18.1470976955477 -0.1805536507889
18.1624947524126 -0.211513385867817
18.1778918092774 -0.242262279803781
18.1932888661422 -0.272769681430601
18.208685923007 -0.303005180306871
18.2240829798719 -0.332938637029759
18.2394800367367 -0.362540213278622
18.2548770936015 -0.39178040155849
18.2702741504663 -0.420630054613782
18.2856712073312 -0.449060414482917
18.301068264196 -0.477043141164887
18.3164653210608 -0.504550340869175
18.3318623779256 -0.531554593820905
18.3472594347905 -0.558028981593437
18.3626564916553 -0.583947113941303
18.3780535485201 -0.609283155106514
18.3934506053849 -0.634011849572242
18.4088476622497 -0.658108547238034
18.4242447191146 -0.681549227991636
18.4396417759794 -0.704310525652669
18.4550388328442 -0.726369751264641
18.470435889709 -0.747704915711711
18.4858329465739 -0.768294751637972
18.5012300034387 -0.788118734647194
18.5166270603035 -0.807157103761987
18.5320241171683 -0.825390881121978
18.5474211740332 -0.842801890901351
18.562818230898 -0.859372777426913
18.5782152877628 -0.875087022478595
18.5936123446276 -0.889928961755181
18.6090094014925 -0.903883800488824
18.6244064583573 -0.916937628192789
18.6398035152221 -0.929077432527731
18.6552005720869 -0.940291112272676
18.6705976289518 -0.950567489387783
18.6859946858166 -0.959896320156857
18.7013917426814 -0.968268305398507
18.7167887995462 -0.975675099735774
18.7321858564111 -0.982109319914981
18.7475829132759 -0.987564552165524
18.7629799701407 -0.992035358593258
18.7783770270055 -0.995517282601106
18.7937740838704 -0.998006853331493
18.8091711407352 -0.999501589126174
18.8245681976 -1
18.8403997487322 -0.999501589126174
18.8562312998643 -0.998006853331493
18.8720628509965 -0.995517282601106
18.8878944021286 -0.992035358593258
18.9037259532608 -0.987564552165523
18.919557504393 -0.982109319914981
18.9353890555251 -0.975675099735773
18.9512206066573 -0.968268305398508
18.9670521577894 -0.959896320156856
18.9828837089216 -0.950567489387783
18.9987152600538 -0.940291112272675
19.0145468111859 -0.929077432527731
19.0303783623181 -0.916937628192788
19.0462099134503 -0.903883800488824
19.0620414645824 -0.88992896175518
19.0778730157146 -0.875087022478595
19.0937045668467 -0.859372777426911
19.1095361179789 -0.842801890901352
19.1253676691111 -0.825390881121976
19.1411992202432 -0.807157103761987
19.1570307713754 -0.788118734647192
19.1728623225075 -0.768294751637972
19.1886938736397 -0.747704915711709
19.2045254247719 -0.726369751264641
19.220356975904 -0.704310525652672
19.2361885270362 -0.681549227991636
19.2520200781683 -0.658108547238037
19.2678516293005 -0.634011849572241
19.2836831804327 -0.609283155106517
19.2995147315648 -0.583947113941304
19.315346282697 -0.55802898159344
19.3311778338291 -0.531554593820899
19.3470093849613 -0.504550340869178
19.3628409360935 -0.477043141164887
19.3786724872256 -0.449060414482921
19.3945040383578 -0.420630054613782
19.41033558949 -0.391780401558494
19.4261671406221 -0.362540213278622
19.4419986917543 -0.332938637029762
19.4578302428864 -0.303005180306871
19.4736617940186 -0.272769681430604
19.4894933451508 -0.242262279803781
19.5053248962829 -0.211513385867821
19.5211564474151 -0.180553650788901
19.5369879985472 -0.149413935904263
19.5528195496794 -0.118125281958907
19.5686511008116 -0.0867188781635529
19.5844826519437 -0.0552260311045071
19.6003142030759 -0.0236781335366265
19.616145754208 0.00789336690971398
19.6319773053402 0.03945699907625
19.6478088564724 0.0709812996480164
19.6636404076045 0.10243484451661
19.6794719587367 0.133786280104479
19.6953035098688 0.165004354618796
19.711135061001 0.196057949203978
19.7269666121332 0.226916108961594
19.7427981632653 0.257548073806896
19.7586297143975 0.28792330913117
19.7744612655296 0.318011536239238
19.7902928166618 0.347782762531985
19.806124367794 0.377207311403575
19.8219559189261 0.406255851823791
19.8377874700583 0.434899427575792
19.8536190211905 0.46310948612035
19.8694505723226 0.490857907057593
19.8852821234548 0.518117030158079
19.9011136745869 0.544859682935069
19.9169452257191 0.571059207730697
19.9327767768513 0.596689488288854
19.9486083279834 0.621724975788496
19.9644398791156 0.646140714311208
19.9802714302477 0.669912365717856
19.9961029813799 0.69301623390933
20.0119345325121 0.715429288447372
20.0277660836442 0.737129187511777
20.0435976347764 0.758094300171246
20.0594291859085 0.778303727945528
20.0752607370407 0.79773732563752
20.0910922881729 0.816375721414397
20.106923839305 0.834200336117918
20.1227553904372 0.851193401784493
20.1385869415693 0.867337979356715
20.1544184927015 0.882617975568545
20.1702500438337 0.897018158987464
20.1860815949658 0.910524175197461
20.201913146098 0.923122561107861
20.2177446972302 0.934800758373599
20.2335762483623 0.945547125913667
20.2494077994945 0.955350951515196
20.2652393506266 0.964202462511612
20.2810709017588 0.972092835524258
20.296902452891 0.979014205257714
20.3127340040231 0.984959672340111
20.3285655551553 0.989923310200557
20.3443971062874 0.993900170976888
20.3602286574196 0.996886290447793
20.3760602085518 0.998878691984444
20.3918917596839 0.999875389517657
20.4077233108161 0.999875389517657
20.4235548619482 0.998878691984444
20.4393864130804 0.996886290447793
20.4552179642126 0.993900170976888
20.4710495153447 0.989923310200557
20.4868810664769 0.984959672340111
20.502712617609 0.979014205257714
20.5185441687412 0.972092835524258
20.5343757198734 0.964202462511612
20.5502072710055 0.955350951515196
20.5660388221377 0.945547125913667
20.5818703732698 0.934800758373599
20.597701924402 0.923122561107861
20.6135334755342 0.910524175197464
20.6293650266663 0.897018158987464
20.6451965777985 0.882617975568545
20.6610281289307 0.867337979356715
20.6768596800628 0.851193401784493
20.692691231195 0.834200336117918
20.7085227823271 0.816375721414398
20.7243543334593 0.79773732563752
20.7401858845915 0.778303727945528
20.7560174357236 0.758094300171246
20.7718489868558 0.737129187511777
20.7876805379879 0.715429288447372
20.8035120891201 0.69301623390933
20.8193436402523 0.669912365717856
20.8351751913844 0.646140714311209
20.8510067425166 0.621724975788497
20.8668382936487 0.596689488288855
20.8826698447809 0.571059207730696
20.8985013959131 0.54485968293507
20.9143329470452 0.518117030158079
20.9301644981774 0.490857907057593
20.9459960493095 0.46310948612035
20.9618276004417 0.434899427575792
20.9776591515739 0.406255851823792
20.993490702706 0.377207311403576
21.0093222538382 0.347782762531986
21.0251538049704 0.318011536239238
21.0409853561025 0.28792330913117
21.0568169072347 0.257548073806896
21.0726484583668 0.226916108961587
21.088480009499 0.196057949203979
21.1043115606312 0.165004354618803
21.1201431117633 0.13378628010448
21.1359746628955 0.10243484451661
21.1518062140276 0.0709812996480171
21.1676377651598 0.0394569990762501
21.183469316292 0.00789336690971467
21.1993008674241 -0.0236781335366265
21.2151324185563 -0.0552260311045066
21.2309639696884 -0.0867188781635531
21.2467955208206 -0.118125281958906
21.2626270719528 -0.149413935904263
21.2784586230849 -0.1805536507889
21.2942901742171 -0.211513385867821
21.3101217253492 -0.242262279803781
21.3259532764814 -0.272769681430605
21.3417848276136 -0.303005180306871
21.3576163787457 -0.332938637029763
21.3734479298779 -0.362540213278622
21.38927948101 -0.391780401558495
21.4051110321422 -0.420630054613782
21.4209425832744 -0.449060414482921
21.4367741344065 -0.477043141164887
21.4526056855387 -0.504550340869178
21.4684372366709 -0.531554593820899
21.484268787803 -0.55802898159344
21.5001003389352 -0.583947113941309
21.5159318900673 -0.609283155106517
21.5317634411995 -0.634011849572236
21.5475949923317 -0.658108547238037
21.5634265434638 -0.681549227991636
21.579258094596 -0.704310525652672
21.5950896457281 -0.726369751264641
21.6109211968603 -0.747704915711709
21.6267527479925 -0.768294751637972
21.6425842991246 -0.788118734647192
21.6584158502568 -0.807157103761987
21.6742474013889 -0.825390881121976
21.6900789525211 -0.842801890901352
21.7059105036533 -0.859372777426911
21.7217420547854 -0.875087022478595
21.7375736059176 -0.889928961755179
21.7534051570497 -0.903883800488824
21.7692367081819 -0.916937628192788
21.7850682593141 -0.929077432527731
21.8008998104462 -0.940291112272675
21.8167313615784 -0.950567489387783
21.8325629127106 -0.959896320156856
21.8483944638427 -0.968268305398507
21.8642260149749 -0.975675099735773
21.880057566107 -0.98210931991498
21.8958891172392 -0.987564552165523
21.9117206683714 -0.992035358593258
21.9275522195035 -0.995517282601106
21.9433837706357 -0.998006853331493
21.9592153217678 -0.999501589126174
21.9750468729 -1
21.9839334904794 -0.999501589126174
21.9928201080588 -0.998006853331493
22.0017067256382 -0.995517282601106
22.0105933432176 -0.992035358593258
22.019479960797 -0.987564552165525
22.0283665783764 -0.98210931991498
22.0372531959558 -0.975675099735773
22.0461398135352 -0.968268305398508
22.0550264311146 -0.959896320156859
22.063913048694 -0.950567489387782
22.0727996662734 -0.940291112272676
22.0816862838528 -0.929077432527732
22.0905729014322 -0.916937628192787
22.0994595190116 -0.903883800488823
22.108346136591 -0.889928961755181
22.1172327541703 -0.875087022478596
22.1261193717497 -0.85937277742691
22.1350059893291 -0.84280189090135
22.1438926069085 -0.825390881121978
22.1527792244879 -0.807157103761982
22.1616658420673 -0.788118734647191
22.1705524596467 -0.768294751637971
22.1794390772261 -0.747704915711712
22.1883256948055 -0.726369751264636
22.1972123123849 -0.704310525652671
22.2060989299643 -0.681549227991636
22.2149855475437 -0.658108547238042
22.2238721651231 -0.634011849572236
22.2327587827025 -0.609283155106517
22.2416454002819 -0.583947113941309
22.2505320178613 -0.558028981593436
22.2594186354407 -0.5315545938209
22.2683052530201 -0.504550340869179
22.2771918705995 -0.477043141164894
22.2860784881789 -0.449060414482917
22.2949651057583 -0.420630054613784
22.3038517233377 -0.391780401558496
22.3127383409171 -0.362540213278619
22.3216249584965 -0.332938637029759
22.3305115760759 -0.303005180306874
22.3393981936553 -0.272769681430607
22.3482848112347 -0.242262279803778
22.3571714288141 -0.211513385867818
22.3660580463935 -0.180553650788904
22.3749446639729 -0.149413935904266
22.3838312815523 -0.118125281958904
22.3927178991317 -0.0867188781635505
22.4016045167111 -0.0552260311045117
22.4104911342905 -0.0236781335366183
22.4193777518698 0.00789336690971553
22.4282643694492 0.0394569990762516
22.4371509870286 0.0709812996480114
22.446037604608 0.102434844516618
22.4549242221874 0.13378628010448
22.4638108397668 0.165004354618797
22.4726974573462 0.196057949203972
22.4815840749256 0.226916108961593
22.490470692505 0.257548073806896
22.4993573100844 0.287923309131163
22.5082439276638 0.318011536239243
22.5171305452432 0.347782762531984
22.5260171628226 0.377207311403574
22.534903780402 0.406255851823784
22.5437903979814 0.434899427575797
22.5526770155608 0.463109486120348
22.5615636331402 0.490857907057591
22.5704502507196 0.518117030158083
22.579336868299 0.544859682935073
22.5882234858784 0.571059207730694
22.5971101034578 0.596689488288852
22.6059967210372 0.621724975788499
22.6148833386166 0.646140714311211
22.623769956196 0.669912365717854
22.6326565737754 0.693016233909328
22.6415431913548 0.715429288447374
22.6504298089342 0.737129187511779
22.6593164265136 0.758094300171243
22.668203044093 0.778303727945533
22.6770896616724 0.797737325637521
22.6859762792518 0.816375721414398
22.6948628968312 0.834200336117915
22.7037495144106 0.851193401784497
22.7126361319899 0.867337979356715
22.7215227495693 0.882617975568545
22.7304093671487 0.897018158987461
22.7392959847281 0.910524175197463
22.7481826023075 0.923122561107861
22.7570692198869 0.934800758373597
22.7659558374663 0.945547125913669
22.7748424550457 0.955350951515195
22.7837290726251 0.964202462511611
22.7926156902045 0.972092835524256
22.8015023077839 0.979014205257715
22.8103889253633 0.984959672340111
22.8192755429427 0.989923310200557
22.8281621605221 0.993900170976888
22.8370487781015 0.996886290447793
22.8459353956809 0.998878691984444
22.8548220132603 0.999875389517657
22.8637086308397 0.999875389517657
22.8725952484191 0.998878691984444
22.8814818659985 0.996886290447793
22.8903684835779 0.993900170976888
22.8992551011573 0.989923310200557
22.9081417187367 0.984959672340111
22.9170283363161 0.979014205257715
22.9259149538955 0.972092835524256
22.9348015714749 0.964202462511611
22.9436881890543 0.955350951515195
22.9525748066337 0.945547125913669
22.9614614242131 0.934800758373597
22.9703480417925 0.923122561107861
22.9792346593719 0.910524175197464
22.9881212769513 0.897018158987466
22.9970078945307 0.882617975568546
23.00589451211 0.867337979356715
23.0147811296894 0.851193401784497
23.0236677472688 0.834200336117915
23.0325543648482 0.816375721414398
23.0414409824276 0.797737325637521
23.050327600007 0.778303727945534
23.0592142175864 0.758094300171243
23.0681008351658 0.737129187511779
23.0769874527452 0.715429288447374
23.0858740703246 0.693016233909328
23.094760687904 0.669912365717854
23.1036473054834 0.646140714311211
23.1125339230628 0.621724975788499
23.1214205406422 0.596689488288853
23.1303071582216 0.571059207730694
23.139193775801 0.544859682935073
23.1480803933804 0.518117030158072
23.1569670109598 0.490857907057591
23.1658536285392 0.463109486120348
23.1747402461186 0.434899427575796
23.183626863698 0.406255851823784
23.1925134812774 0.377207311403575
23.2014000988568 0.347782762531984
23.2102867164362 0.318011536239244
23.2191733340156 0.287923309131163
23.228059951595 0.257548073806896
23.2369465691744 0.226916108961593
23.2458331867538 0.196057949203973
23.2547198043332 0.165004354618797
23.2636064219126 0.133786280104481
23.272493039492 0.102434844516618
23.2813796570714 0.0709812996480109
23.2902662746508 0.0394569990762518
23.2991528922302 0.00789336690971555
23.3080395098095 -0.0236781335366176
23.3169261273889 -0.055226031104511
23.3258127449683 -0.0867188781635505
23.3346993625477 -0.118125281958904
23.3435859801271 -0.149413935904266
23.3524725977065 -0.180553650788905
23.3613592152859 -0.211513385867818
23.3702458328653 -0.242262279803779
23.3791324504447 -0.272769681430607
23.3880190680241 -0.303005180306873
23.3969056856035 -0.332938637029758
23.4057923031829 -0.362540213278619
23.4146789207623 -0.391780401558495
23.4235655383417 -0.420630054613784
23.4324521559211 -0.449060414482917
23.4413387735005 -0.477043141164894
23.4502253910799 -0.504550340869178
23.4591120086593 -0.5315545938209
23.4679986262387 -0.558028981593435
23.4768852438181 -0.583947113941309
23.4857718613975 -0.609283155106517
23.4946584789769 -0.634011849572236
23.5035450965563 -0.658108547238042
23.5124317141357 -0.681549227991636
23.5213183317151 -0.704310525652671
23.5302049492945 -0.726369751264636
23.5390915668739 -0.747704915711712
23.5479781844533 -0.768294751637971
23.5568648020327 -0.78811873464719
23.5657514196121 -0.807157103761989
23.5746380371915 -0.825390881121978
23.5835246547709 -0.84280189090135
23.5924112723503 -0.85937277742691
23.6012978899297 -0.875087022478596
23.610184507509 -0.889928961755181
23.6190711250884 -0.903883800488823
23.6279577426678 -0.916937628192786
23.6368443602472 -0.929077432527732
23.6457309778266 -0.940291112272676
23.654617595406 -0.950567489387782
23.6635042129854 -0.959896320156859
23.6723908305648 -0.968268305398508
23.6812774481442 -0.975675099735773
23.6901640657236 -0.982109319914979
23.699050683303 -0.987564552165524
23.7079373008824 -0.992035358593258
23.7168239184618 -0.995517282601106
23.7257105360412 -0.998006853331493
23.7345971536206 -0.999501589126174
23.7434837712 -1
23.7598481743598 -0.999501589126174
23.7762125775196 -0.998006853331494
23.7925769806794 -0.995517282601106
23.8089413838392 -0.992035358593258
23.825305786999 -0.987564552165524
23.8416701901588 -0.982109319914981
23.8580345933186 -0.975675099735774
23.8743989964784 -0.968268305398507
23.8907633996382 -0.959896320156857
23.907127802798 -0.950567489387783
23.9234922059578 -0.940291112272676
23.9398566091176 -0.929077432527732
23.9562210122774 -0.916937628192788
23.9725854154372 -0.903883800488823
23.988949818597 -0.889928961755181
24.0053142217568 -0.875087022478595
24.0216786249166 -0.859372777426914
24.0380430280764 -0.842801890901349
24.0544074312362 -0.825390881121976
24.070771834396 -0.807157103761986
24.0871362375558 -0.788118734647194
24.1035006407156 -0.768294751637969
24.1198650438754 -0.747704915711708
24.1362294470352 -0.726369751264639
24.152593850195 -0.704310525652673
24.1689582533548 -0.681549227991636
24.1853226565146 -0.658108547238035
24.2016870596744 -0.634011849572237
24.2180514628342 -0.609283155106517
24.234415865994 -0.583947113941307
24.2507802691538 -0.558028981593442
24.2671446723136 -0.531554593820899
24.2835090754734 -0.504550340869176
24.2998734786332 -0.47704314116489
24.316237881793 -0.449060414482921
24.3326022849528 -0.420630054613787
24.3489666881126 -0.391780401558491
24.3653310912724 -0.362540213278624
24.3816954944322 -0.332938637029761
24.398059897592 -0.303005180306874
24.4144243007518 -0.272769681430606
24.4307887039116 -0.242262279803781
24.4471531070714 -0.211513385867818
24.4635175102312 -0.180553650788903
24.479881913391 -0.149413935904263
24.4962463165508 -0.118125281958911
24.5126107197106 -0.0867188781635485
24.5289751228704 -0.0552260311045075
24.5453395260302 -0.0236781335366248
24.5617039291899 0.00789336690971131
24.5780683323498 0.039456999076256
24.5944327355095 0.0709812996480178
24.6107971386693 0.102434844516614
24.6271615418291 0.133786280104478
24.6435259449889 0.165004354618797
24.6598903481487 0.196057949203981
24.6762547513085 0.226916108961592
24.6926191544683 0.257548073806897
24.7089835576281 0.287923309131165
24.7253479607879 0.318011536239236
24.7417123639477 0.347782762531985
24.7580767671075 0.377207311403577
24.7744411702673 0.406255851823789
24.7908055734271 0.434899427575792
24.8071699765869 0.463109486120345
24.8235343797467 0.490857907057596
24.8398987829065 0.518117030158079
24.8562631860663 0.54485968293507
24.8726275892261 0.571059207730693
24.8889919923859 0.596689488288854
24.9053563955457 0.621724975788497
24.9217207987055 0.646140714311211
24.9380852018653 0.669912365717855
24.9544496050251 0.69301623390933
24.9708140081849 0.715429288447369
24.9871784113447 0.73712918751178
25.0035428145045 0.758094300171246
25.0199072176643 0.77830372794553
25.0362716208241 0.797737325637518
25.0526360239839 0.816375721414401
25.0690004271437 0.834200336117919
25.0853648303035 0.851193401784495
25.1017292334633 0.867337979356714
25.1180936366231 0.882617975568546
25.1344580397829 0.897018158987462
25.1508224429427 0.910524175197463
25.1671868461025 0.923122561107861
25.1835512492623 0.934800758373598
25.1999156524221 0.945547125913666
25.2162800555819 0.955350951515196
25.2326444587417 0.964202462511612
25.2490088619015 0.972092835524257
25.2653732650613 0.979014205257714
25.2817376682211 0.98495967234011
25.2981020713809 0.989923310200558
25.3144664745407 0.993900170976888
25.3308308777005 0.996886290447793
25.3471952808603 0.998878691984444
25.3635596840201 0.999875389517657
25.3799240871799 0.999875389517657
25.3962884903397 0.998878691984444
25.4126528934995 0.996886290447793
25.4290172966593 0.993900170976888
25.4453816998191 0.989923310200558
25.4617461029789 0.98495967234011
25.4781105061387 0.979014205257714
25.4944749092985 0.972092835524257
25.5108393124583 0.964202462511612
25.5272037156181 0.955350951515196
25.5435681187779 0.945547125913666
25.5599325219377 0.934800758373598
25.5762969250975 0.923122561107861
25.5926613282573 0.910524175197463
25.6090257314171 0.897018158987465
25.6253901345769 0.882617975568546
25.6417545377367 0.867337979356714
25.6581189408965 0.851193401784495
25.6744833440563 0.834200336117919
25.6908477472161 0.816375721414397
25.7072121503759 0.797737325637518
25.7235765535357 0.77830372794553
25.7399409566955 0.758094300171246
25.7563053598553 0.737129187511781
25.7726697630151 0.715429288447369
25.7890341661749 0.693016233909331
25.8053985693347 0.669912365717855
25.8217629724945 0.646140714311211
25.8381273756543 0.621724975788497
25.8544917788141 0.596689488288854
25.8708561819739 0.571059207730694
25.8872205851337 0.54485968293507
25.9035849882935 0.518117030158079
25.9199493914533 0.490857907057596
25.9363137946131 0.463109486120345
25.9526781977729 0.434899427575792
25.9690426009327 0.40625585182379
25.9854070040925 0.377207311403578
26.0017714072523 0.347782762531979
26.0181358104121 0.318011536239236
26.0345002135719 0.287923309131166
26.0508646167317 0.257548073806897
26.0672290198915 0.226916108961592
26.0835934230513 0.196057949203982
26.0999578262111 0.165004354618797
26.1163222293709 0.133786280104478
26.1326866325307 0.102434844516614
26.1490510356905 0.070981299648018
26.1654154388503 0.0394569990762492
26.1817798420101 0.00789336690971111
26.1981442451698 -0.0236781335366247
26.2145086483296 -0.0552260311045075
26.2308730514894 -0.0867188781635478
26.2472374546492 -0.118125281958904
26.263601857809 -0.149413935904262
26.2799662609688 -0.180553650788902
26.2963306641286 -0.211513385867818
26.3126950672884 -0.24226227980378
26.3290594704482 -0.272769681430606
26.345423873608 -0.303005180306874
26.3617882767678 -0.332938637029761
26.3781526799276 -0.362540213278623
26.3945170830874 -0.391780401558491
26.4108814862472 -0.42063005461378
26.427245889407 -0.449060414482921
26.4436102925668 -0.47704314116489
26.4599746957266 -0.504550340869176
26.4763390988864 -0.531554593820899
26.4927035020462 -0.558028981593442
26.509067905206 -0.583947113941307
26.5254323083658 -0.609283155106517
26.5417967115256 -0.634011849572237
26.5581611146854 -0.658108547238035
26.5745255178452 -0.681549227991636
26.590889921005 -0.704310525652672
26.6072543241648 -0.726369751264639
26.6236187273246 -0.747704915711708
26.6399831304844 -0.768294751637968
26.6563475336442 -0.788118734647194
26.672711936804 -0.807157103761986
26.6890763399638 -0.825390881121976
26.7054407431236 -0.842801890901349
26.7218051462834 -0.85937277742691
26.7381695494432 -0.875087022478595
26.754533952603 -0.889928961755181
26.7708983557628 -0.903883800488823
26.7872627589226 -0.916937628192788
26.8036271620824 -0.929077432527732
26.8199915652422 -0.940291112272676
26.836355968402 -0.950567489387783
26.8527203715618 -0.959896320156857
26.8690847747216 -0.968268305398506
26.8854491778814 -0.975675099735773
26.9018135810412 -0.982109319914981
26.918177984201 -0.987564552165524
26.9345423873608 -0.992035358593258
26.9509067905206 -0.995517282601106
26.9672711936804 -0.998006853331494
26.9836355968402 -0.999501589126174
27 -1
