0 -1
0.0060353133879397 -0.999501589126174
0.0120706267758794 -0.998006853331493
0.0181059401638191 -0.995517282601106
0.0241412535517588 -0.992035358593258
0.0301765669396985 -0.987564552165524
0.0362118803276382 -0.98210931991498
0.0422471937155779 -0.975675099735774
0.0482825071035176 -0.968268305398507
0.0543178204914573 -0.959896320156857
0.060353133879397 -0.950567489387783
0.0663884472673367 -0.940291112272676
0.0724237606552764 -0.929077432527731
0.0784590740432161 -0.916937628192789
0.0844943874311558 -0.903883800488824
0.0905297008190955 -0.88992896175518
0.0965650142070352 -0.875087022478594
0.102600327594975 -0.859372777426912
0.108635640982915 -0.842801890901351
0.114670954370854 -0.825390881121976
0.120706267758794 -0.807157103761985
0.126741581146734 -0.788118734647192
0.132776894534673 -0.768294751637971
0.138812207922613 -0.747704915711709
0.144847521310553 -0.726369751264639
0.150882834698492 -0.704310525652672
0.156918148086432 -0.681549227991634
0.162953461474372 -0.658108547238038
0.168988774862312 -0.634011849572239
0.175024088250251 -0.609283155106517
0.181059401638191 -0.583947113941306
0.187094715026131 -0.55802898159344
0.19313002841407 -0.531554593820901
0.19916534180201 -0.504550340869177
0.20520065518995 -0.47704314116489
0.211235968577889 -0.44906041448292
0.217271281965829 -0.420630054613784
0.223306595353769 -0.391780401558493
0.229341908741709 -0.362540213278624
0.235377222129648 -0.332938637029761
0.241412535517588 -0.303005180306873
0.247447848905528 -0.272769681430603
0.253483162293467 -0.242262279803783
0.259518475681407 -0.211513385867819
0.265553789069347 -0.180553650788902
0.271589102457286 -0.149413935904261
0.277624415845226 -0.118125281958908
0.283659729233166 -0.0867188781635507
0.289695042621106 -0.0552260311045079
0.295730356009045 -0.0236781335366239
0.301765669396985 0.00789336690971309
0.307800982784925 0.0394569990762527
0.313836296172864 0.070981299648016
0.319871609560804 0.102434844516613
0.325906922948744 0.133786280104479
0.331942236336683 0.165004354618799
0.337977549724623 0.196057949203978
0.344012863112563 0.22691610896159
0.350048176500503 0.257548073806897
0.356083489888442 0.287923309131167
0.362118803276382 0.318011536239238
0.368154116664322 0.347782762531982
0.374189430052261 0.377207311403576
0.380224743440201 0.406255851823789
0.386260056828141 0.434899427575793
0.39229537021608 0.463109486120348
0.39833068360402 0.490857907057594
0.40436599699196 0.518117030158077
0.4104013103799 0.54485968293507
0.416436623767839 0.571059207730695
0.422471937155779 0.596689488288856
0.428507250543719 0.621724975788495
0.434542563931658 0.64614071431121
0.440577877319598 0.669912365717855
0.446613190707538 0.693016233909332
0.452648504095477 0.715429288447371
0.458683817483417 0.737129187511779
0.464719130871357 0.758094300171245
0.470754444259296 0.77830372794553
0.476789757647236 0.797737325637519
0.482825071035176 0.816375721414399
0.488860384423116 0.834200336117917
0.494895697811055 0.851193401784495
0.500931011198995 0.867337979356715
0.506966324586935 0.882617975568547
0.513001637974874 0.897018158987464
0.519036951362814 0.910524175197462
0.525072264750754 0.923122561107861
0.531107578138693 0.934800758373598
0.537142891526633 0.945547125913667
0.543178204914573 0.955350951515195
0.549213518302513 0.964202462511612
0.555248831690452 0.972092835524257
0.561284145078392 0.979014205257715
0.567319458466332 0.984959672340111
0.573354771854271 0.989923310200557
0.579390085242211 0.993900170976888
0.585425398630151 0.996886290447793
0.59146071201809 0.998878691984444
0.59749602540603 0.999875389517657
0.60353133879397 0.999875389517657
0.60956665218191 0.998878691984444
0.615601965569849 0.996886290447793
0.621637278957789 0.993900170976888
0.627672592345729 0.989923310200557
0.633707905733668 0.984959672340111
0.639743219121608 0.979014205257715
0.645778532509548 0.972092835524257
0.651813845897487 0.964202462511612
0.657849159285427 0.955350951515195
0.663884472673367 0.945547125913667
0.669919786061307 0.934800758373598
0.675955099449246 0.923122561107861
0.681990412837186 0.910524175197462
0.688025726225126 0.897018158987463
0.694061039613065 0.882617975568547
0.700096353001005 0.867337979356715
0.706131666388945 0.851193401784495
0.712166979776884 0.834200336117917
0.718202293164824 0.816375721414399
0.724237606552764 0.797737325637519
0.730272919940703 0.77830372794553
0.736308233328643 0.758094300171246
0.742343546716583 0.737129187511779
0.748378860104523 0.715429288447372
0.754414173492462 0.693016233909332
0.760449486880402 0.669912365717855
0.766484800268342 0.64614071431121
0.772520113656281 0.621724975788495
0.778555427044221 0.596689488288856
0.784590740432161 0.571059207730695
0.790626053820101 0.54485968293507
0.79666136720804 0.518117030158078
0.80269668059598 0.490857907057594
0.80873199398392 0.463109486120348
0.814767307371859 0.434899427575793
0.820802620759799 0.406255851823789
0.826837934147739 0.377207311403576
0.832873247535678 0.347782762531982
0.838908560923618 0.318011536239239
0.844943874311558 0.287923309131167
0.850979187699497 0.257548073806896
0.857014501087437 0.22691610896159
0.863049814475377 0.196057949203979
0.869085127863317 0.1650043546188
0.875120441251256 0.133786280104479
0.881155754639196 0.102434844516614
0.887191068027136 0.0709812996480162
0.893226381415075 0.0394569990762527
0.899261694803015 0.00789336690971289
0.905297008190955 -0.0236781335366239
0.911332321578895 -0.0552260311045084
0.917367634966834 -0.0867188781635514
0.923402948354774 -0.118125281958908
0.929438261742714 -0.14941393590426
0.935473575130653 -0.180553650788902
0.941508888518593 -0.211513385867818
0.947544201906533 -0.242262279803783
0.953579515294472 -0.272769681430602
0.959614828682412 -0.303005180306872
0.965650142070352 -0.332938637029761
0.971685455458291 -0.362540213278624
0.977720768846231 -0.391780401558493
0.983756082234171 -0.420630054613784
0.989791395622111 -0.449060414482921
0.99582670901005 -0.47704314116489
1.00186202239799 -0.504550340869177
1.00789733578593 -0.531554593820902
1.01393264917387 -0.55802898159344
1.01996796256181 -0.583947113941306
1.02600327594975 -0.609283155106517
1.03203858933769 -0.634011849572238
1.03807390272563 -0.658108547238038
1.04410921611357 -0.681549227991634
1.05014452950151 -0.704310525652672
1.05617984288945 -0.726369751264639
1.06221515627739 -0.747704915711709
1.06825046966533 -0.768294751637971
1.07428578305327 -0.788118734647193
1.08032109644121 -0.807157103761985
1.08635640982915 -0.825390881121976
1.09239172321709 -0.84280189090135
1.09842703660503 -0.859372777426911
1.10446234999296 -0.875087022478594
1.1104976633809 -0.88992896175518
1.11653297676884 -0.903883800488824
1.12256829015678 -0.916937628192789
1.12860360354472 -0.92907743252773
1.13463891693266 -0.940291112272676
1.1406742303206 -0.950567489387783
1.14670954370854 -0.959896320156857
1.15274485709648 -0.968268305398507
1.15878017048442 -0.975675099735774
1.16481548387236 -0.98210931991498
1.1708507972603 -0.987564552165524
1.17688611064824 -0.992035358593258
1.18292142403618 -0.995517282601106
1.18895673742412 -0.998006853331493
1.19499205081206 -0.999501589126174
1.2010273642 -1
1.2174414972995 -0.999501589126174
1.23385563039899 -0.998006853331493
1.25026976349849 -0.995517282601106
1.26668389659799 -0.992035358593258
1.28309802969749 -0.987564552165524
1.29951216279699 -0.98210931991498
1.31592629589648 -0.975675099735774
1.33234042899598 -0.968268305398507
1.34875456209548 -0.959896320156857
1.36516869519497 -0.950567489387783
1.38158282829447 -0.940291112272676
1.39799696139397 -0.929077432527731
1.41441109449347 -0.916937628192789
1.43082522759296 -0.903883800488823
1.44723936069246 -0.88992896175518
1.46365349379196 -0.875087022478594
1.48006762689146 -0.859372777426912
1.49648175999095 -0.842801890901351
1.51289589309045 -0.825390881121976
1.52931002618995 -0.807157103761985
1.54572415928945 -0.788118734647192
1.56213829238894 -0.768294751637971
1.57855242548844 -0.747704915711709
1.59496655858794 -0.726369751264639
1.61138069168744 -0.704310525652672
1.62779482478693 -0.681549227991634
1.64420895788643 -0.658108547238038
1.66062309098593 -0.634011849572239
1.67703722408543 -0.609283155106517
1.69345135718492 -0.583947113941306
1.70986549028442 -0.55802898159344
1.72627962338392 -0.531554593820902
1.74269375648342 -0.504550340869177
1.75910788958291 -0.47704314116489
1.77552202268241 -0.44906041448292
1.79193615578191 -0.420630054613784
1.80835028888141 -0.391780401558493
1.8247644219809 -0.362540213278625
1.8411785550804 -0.332938637029761
1.8575926881799 -0.303005180306873
1.8740068212794 -0.272769681430603
1.89042095437889 -0.242262279803784
1.90683508747839 -0.211513385867819
1.92324922057789 -0.180553650788902
1.93966335367739 -0.149413935904261
1.95607748677688 -0.118125281958908
1.97249161987638 -0.0867188781635507
1.98890575297588 -0.0552260311045084
2.00531988607538 -0.0236781335366243
2.02173401917487 0.00789336690971353
2.03814815227437 0.0394569990762525
2.05456228537387 0.0709812996480153
2.07097641847337 0.102434844516614
2.08739055157286 0.133786280104479
2.10380468467236 0.165004354618799
2.12021881777186 0.196057949203978
2.13663295087136 0.22691610896159
2.15304708397085 0.257548073806896
2.16946121707035 0.287923309131167
2.18587535016985 0.318011536239238
2.20228948326935 0.347782762531982
2.21870361636884 0.377207311403576
2.23511774946834 0.406255851823789
2.25153188256784 0.434899427575793
2.26794601566734 0.463109486120348
2.28436014876683 0.490857907057593
2.30077428186633 0.518117030158077
2.31718841496583 0.544859682935071
2.33360254806533 0.571059207730694
2.35001668116482 0.596689488288856
2.36643081426432 0.621724975788496
2.38284494736382 0.646140714311209
2.39925908046332 0.669912365717855
2.41567321356281 0.693016233909331
2.43208734666231 0.715429288447371
2.44850147976181 0.737129187511779
2.46491561286131 0.758094300171245
2.4813297459608 0.77830372794553
2.4977438790603 0.797737325637519
2.5141580121598 0.816375721414399
2.5305721452593 0.834200336117917
2.54698627835879 0.851193401784495
2.56340041145829 0.867337979356714
2.57981454455779 0.882617975568547
2.59622867765729 0.897018158987464
2.61264281075678 0.910524175197462
2.62905694385628 0.923122561107861
2.64547107695578 0.934800758373599
2.66188521005528 0.945547125913667
2.67829934315477 0.955350951515195
2.69471347625427 0.964202462511612
2.71112760935377 0.972092835524257
2.72754174245327 0.979014205257715
2.74395587555276 0.984959672340111
2.76037000865226 0.989923310200557
2.77678414175176 0.993900170976888
2.79319827485126 0.996886290447793
2.80961240795075 0.998878691984444
2.82602654105025 0.999875389517657
2.84244067414975 0.999875389517657
2.85885480724925 0.998878691984444
2.87526894034874 0.996886290447793
2.89168307344824 0.993900170976888
2.90809720654774 0.989923310200557
2.92451133964724 0.984959672340111
2.94092547274673 0.979014205257715
2.95733960584623 0.972092835524257
2.97375373894573 0.964202462511612
2.99016787204523 0.955350951515195
3.00658200514472 0.945547125913667
3.02299613824422 0.934800758373598
3.03941027134372 0.923122561107861
3.05582440444322 0.910524175197462
3.07223853754271 0.897018158987463
3.08865267064221 0.882617975568547
3.10506680374171 0.867337979356715
3.12148093684121 0.851193401784494
3.1378950699407 0.834200336117918
3.1543092030402 0.816375721414399
3.1707233361397 0.797737325637519
3.1871374692392 0.77830372794553
3.20355160233869 0.758094300171245
3.21996573543819 0.73712918751178
3.23637986853769 0.715429288447371
3.25279400163719 0.693016233909332
3.26920813473668 0.669912365717854
3.28562226783618 0.64614071431121
3.30203640093568 0.621724975788495
3.31845053403518 0.596689488288856
3.33486466713467 0.571059207730695
3.35127880023417 0.54485968293507
3.36769293333367 0.518117030158078
3.38410706643317 0.490857907057594
3.40052119953266 0.463109486120348
3.41693533263216 0.434899427575793
3.43334946573166 0.406255851823789
3.44976359883116 0.377207311403576
3.46617773193065 0.347782762531983
3.48259186503015 0.318011536239238
3.49900599812965 0.287923309131166
3.51542013122915 0.257548073806896
3.53183426432864 0.22691610896159
3.54824839742814 0.196057949203977
3.56466253052764 0.1650043546188
3.58107666362714 0.133786280104479
3.59749079672663 0.102434844516612
3.61390492982613 0.0709812996480162
3.63031906292563 0.0394569990762527
3.64673319602513 0.007893366909712
3.66314732912462 -0.0236781335366239
3.67956146222412 -0.0552260311045084
3.69597559532362 -0.0867188781635514
3.71238972842312 -0.118125281958908
3.72880386152261 -0.149413935904261
3.74521799462211 -0.180553650788901
3.76163212772161 -0.211513385867818
3.77804626082111 -0.242262279803784
3.7944603939206 -0.272769681430604
3.8108745270201 -0.303005180306873
3.8272886601196 -0.332938637029762
3.8437027932191 -0.362540213278626
3.86011692631859 -0.391780401558494
3.87653105941809 -0.420630054613784
3.89294519251759 -0.449060414482919
3.90935932561709 -0.47704314116489
3.92577345871658 -0.504550340869176
3.94218759181608 -0.531554593820901
3.95860172491558 -0.55802898159344
3.97501585801508 -0.583947113941307
3.99142999111457 -0.609283155106517
4.00784412421407 -0.634011849572239
4.02425825731357 -0.658108547238038
4.04067239041307 -0.681549227991633
4.05708652351256 -0.704310525652672
4.07350065661206 -0.726369751264639
4.08991478971156 -0.747704915711709
4.10632892281106 -0.768294751637971
4.12274305591055 -0.788118734647192
4.13915718901005 -0.807157103761985
4.15557132210955 -0.825390881121976
4.17198545520905 -0.842801890901351
4.18839958830854 -0.859372777426912
4.20481372140804 -0.875087022478594
4.22122785450754 -0.889928961755181
4.23764198760704 -0.903883800488824
4.25405612070653 -0.916937628192789
4.27047025380603 -0.92907743252773
4.28688438690553 -0.940291112272676
4.30329852000503 -0.950567489387783
4.31971265310452 -0.959896320156857
4.33612678620402 -0.968268305398507
4.35254091930352 -0.975675099735774
4.36895505240302 -0.982109319914981
4.38536918550251 -0.987564552165524
4.40178331860201 -0.992035358593258
4.41819745170151 -0.995517282601106
4.43461158480101 -0.998006853331493
4.4510257179005 -0.999501589126174
4.467439851 -1
4.48647093315327 -0.999501589126174
4.50550201530653 -0.998006853331493
4.5245330974598 -0.995517282601106
4.54356417961307 -0.992035358593258
4.56259526176633 -0.987564552165524
4.5816263439196 -0.98210931991498
4.60065742607286 -0.975675099735774
4.61968850822613 -0.968268305398507
4.6387195903794 -0.959896320156857
4.65775067253266 -0.950567489387783
4.67678175468593 -0.940291112272675
4.6958128368392 -0.92907743252773
4.71484391899246 -0.916937628192788
4.73387500114573 -0.903883800488824
4.75290608329899 -0.88992896175518
4.77193716545226 -0.875087022478594
4.79096824760553 -0.859372777426912
4.80999932975879 -0.842801890901351
4.82903041191206 -0.825390881121976
4.84806149406533 -0.807157103761985
4.86709257621859 -0.788118734647192
4.88612365837186 -0.768294751637971
4.90515474052513 -0.747704915711709
4.92418582267839 -0.72636975126464
4.94321690483166 -0.704310525652672
4.96224798698492 -0.681549227991634
4.98127906913819 -0.658108547238037
5.00031015129146 -0.634011849572238
5.01934123344472 -0.609283155106516
5.03837231559799 -0.583947113941307
5.05740339775126 -0.558028981593441
5.07643447990452 -0.531554593820902
5.09546556205779 -0.504550340869178
5.11449664421106 -0.47704314116489
5.13352772636432 -0.44906041448292
5.15255880851759 -0.420630054613784
5.17158989067085 -0.391780401558493
5.19062097282412 -0.362540213278624
5.20965205497739 -0.332938637029762
5.22868313713065 -0.303005180306873
5.24771421928392 -0.272769681430604
5.26674530143719 -0.242262279803784
5.28577638359045 -0.211513385867819
5.30480746574372 -0.180553650788902
5.32383854789698 -0.14941393590426
5.34286963005025 -0.118125281958907
5.36190071220352 -0.0867188781635501
5.38093179435678 -0.0552260311045088
5.39996287651005 -0.0236781335366245
5.41899395866332 0.00789336690971287
5.43802504081658 0.0394569990762527
5.45705612296985 0.070981299648016
5.47608720512312 0.102434844516614
5.49511828727638 0.133786280104479
5.51414936942965 0.165004354618798
5.53318045158291 0.196057949203979
5.55221153373618 0.226916108961589
5.57124261588945 0.257548073806896
5.59027369804271 0.287923309131166
5.60930478019598 0.318011536239238
5.62833586234925 0.347782762531982
5.64736694450251 0.377207311403576
5.66639802665578 0.406255851823789
5.68542910880904 0.434899427575792
5.70446019096231 0.463109486120348
5.72349127311558 0.490857907057593
5.74252235526884 0.518117030158077
5.76155343742211 0.54485968293507
5.78058451957538 0.571059207730695
5.79961560172864 0.596689488288856
5.81864668388191 0.621724975788495
5.83767776603518 0.64614071431121
5.85670884818844 0.669912365717855
5.87573993034171 0.693016233909331
5.89477101249497 0.715429288447371
5.91380209464824 0.737129187511779
5.93283317680151 0.758094300171245
5.95186425895477 0.77830372794553
5.97089534110804 0.797737325637519
5.98992642326131 0.816375721414399
6.00895750541457 0.834200336117918
6.02798858756784 0.851193401784494
6.0470196697211 0.867337979356714
6.06605075187437 0.882617975568546
6.08508183402764 0.897018158987463
6.1041129161809 0.910524175197462
6.12314399833417 0.923122561107861
6.14217508048744 0.934800758373598
6.1612061626407 0.945547125913667
6.18023724479397 0.955350951515195
6.19926832694724 0.964202462511611
6.2182994091005 0.972092835524257
6.23733049125377 0.979014205257714
6.25636157340703 0.98495967234011
6.2753926555603 0.989923310200557
6.29442373771357 0.993900170976888
6.31345481986683 0.996886290447793
6.3324859020201 0.998878691984444
6.35151698417337 0.999875389517657
6.37054806632663 0.999875389517657
6.3895791484799 0.998878691984444
6.40861023063317 0.996886290447793
6.42764131278643 0.993900170976888
6.4466723949397 0.989923310200557
6.46570347709296 0.984959672340111
6.48473455924623 0.979014205257714
6.5037656413995 0.972092835524257
6.52279672355276 0.964202462511612
6.54182780570603 0.955350951515195
6.5608588878593 0.945547125913667
6.57988997001256 0.934800758373598
6.59892105216583 0.923122561107861
6.6179521343191 0.910524175197462
6.63698321647236 0.897018158987463
6.65601429862563 0.882617975568547
6.67504538077889 0.867337979356715
6.69407646293216 0.851193401784494
6.71310754508543 0.834200336117918
6.73213862723869 0.816375721414399
6.75116970939196 0.79773732563752
6.77020079154523 0.77830372794553
6.78923187369849 0.758094300171246
6.80826295585176 0.737129187511779
6.82729403800503 0.715429288447371
6.84632512015829 0.693016233909333
6.86535620231156 0.669912365717854
6.88438728446482 0.64614071431121
6.90341836661809 0.621724975788496
6.92244944877136 0.596689488288856
6.94148053092462 0.571059207730695
6.96051161307789 0.54485968293507
6.97954269523116 0.518117030158077
6.99857377738442 0.490857907057593
7.01760485953769 0.463109486120348
7.03663594169095 0.434899427575792
7.05566702384422 0.40625585182379
7.07469810599749 0.377207311403576
7.09372918815075 0.347782762531982
7.11276027030402 0.31801153623924
7.13179135245729 0.287923309131167
7.15082243461055 0.257548073806896
7.16985351676382 0.22691610896159
7.18888459891708 0.196057949203979
7.20791568107035 0.165004354618799
7.22694676322362 0.13378628010448
7.24597784537688 0.102434844516614
7.26500892753015 0.0709812996480153
7.28404000968342 0.0394569990762545
7.30307109183668 0.00789336690971289
7.32210217398995 -0.0236781335366247
7.34113325614322 -0.0552260311045093
7.36016433829648 -0.0867188781635496
7.37919542044975 -0.118125281958907
7.39822650260301 -0.14941393590426
7.41725758475628 -0.180553650788902
7.43628866690955 -0.211513385867818
7.45531974906281 -0.242262279803782
7.47435083121608 -0.272769681430603
7.49338191336935 -0.303005180306873
7.51241299552261 -0.332938637029761
7.53144407767588 -0.362540213278624
7.55047515982915 -0.391780401558493
7.56950624198241 -0.420630054613784
7.58853732413568 -0.44906041448292
7.60756840628894 -0.47704314116489
7.62659948844221 -0.504550340869176
7.64563057059548 -0.531554593820902
7.66466165274874 -0.558028981593439
7.68369273490201 -0.583947113941307
7.70272381705528 -0.609283155106516
7.72175489920854 -0.634011849572238
7.74078598136181 -0.658108547238037
7.75981706351507 -0.681549227991633
7.77884814566834 -0.704310525652672
7.79787922782161 -0.726369751264639
7.81691030997487 -0.747704915711709
7.83594139212814 -0.76829475163797
7.85497247428141 -0.788118734647193
7.87400355643467 -0.807157103761985
7.89303463858794 -0.825390881121976
7.91206572074121 -0.84280189090135
7.93109680289447 -0.859372777426912
7.95012788504774 -0.875087022478594
7.969158967201 -0.889928961755179
7.98819004935427 -0.903883800488824
8.00722113150754 -0.916937628192789
8.0262522136608 -0.929077432527731
8.04528329581407 -0.940291112272675
8.06431437796734 -0.950567489387782
8.0833454601206 -0.959896320156857
8.10237654227387 -0.968268305398508
8.12140762442714 -0.975675099735774
8.1404387065804 -0.98210931991498
8.15946978873367 -0.987564552165524
8.17850087088693 -0.992035358593258
8.1975319530402 -0.995517282601106
8.21656303519347 -0.998006853331493
8.23559411734673 -0.999501589126174
8.2546251995 -1
8.26336934060201 -0.999501589126174
8.27211348170402 -0.998006853331493
8.28085762280603 -0.995517282601106
8.28960176390804 -0.992035358593258
8.29834590501005 -0.987564552165523
8.30709004611206 -0.98210931991498
8.31583418721407 -0.975675099735773
8.32457832831608 -0.968268305398506
8.33332246941809 -0.959896320156858
8.3420666105201 -0.950567489387784
8.35081075162211 -0.940291112272676
8.35955489272412 -0.929077432527731
8.36829903382613 -0.916937628192789
8.37704317492814 -0.903883800488824
8.38578731603015 -0.889928961755181
8.39453145713216 -0.875087022478594
8.40327559823417 -0.859372777426912
8.41201973933618 -0.84280189090135
8.42076388043819 -0.825390881121976
8.4295080215402 -0.807157103761985
8.43825216264221 -0.788118734647191
8.44699630374422 -0.768294751637969
8.45574044484623 -0.747704915711707
8.46448458594824 -0.726369751264637
8.47322872705025 -0.70431052565267
8.48197286815226 -0.681549227991636
8.49071700925427 -0.65810854723804
8.49946115035628 -0.63401184957224
8.50820529145829 -0.609283155106518
8.5169494325603 -0.583947113941307
8.52569357366231 -0.558028981593441
8.53443771476432 -0.531554593820902
8.54318185586633 -0.504550340869177
8.55192599696834 -0.477043141164889
8.56067013807035 -0.44906041448292
8.56941427917236 -0.420630054613783
8.57815842027437 -0.391780401558492
8.58690256137638 -0.362540213278623
8.59564670247839 -0.332938637029759
8.6043908435804 -0.30300518030687
8.61313498468241 -0.2727696814306
8.62187912578442 -0.242262279803786
8.63062326688643 -0.211513385867821
8.63936740798844 -0.180553650788905
8.64811154909045 -0.149413935904263
8.65685569019246 -0.118125281958909
8.66559983129447 -0.086718878163552
8.67434397239648 -0.0552260311045088
8.68308811349849 -0.0236781335366243
8.6918322546005 0.00789336690971331
8.70057639570251 0.0394569990762531
8.70932053680452 0.0709812996480167
8.71806467790653 0.102434844516615
8.72680881900854 0.133786280104481
8.73555296011055 0.165004354618801
8.74429710121256 0.19605794920398
8.75304124231457 0.226916108961593
8.76178538341658 0.2575480738069
8.77052952451859 0.287923309131164
8.7792736656206 0.318011536239236
8.78801780672261 0.34778276253198
8.79676194782462 0.377207311403574
8.80550608892663 0.406255851823788
8.81425023002864 0.434899427575792
8.82299437113065 0.463109486120347
8.83173851223266 0.490857907057594
8.84048265333467 0.518117030158078
8.84922679443668 0.544859682935071
8.85797093553869 0.571059207730696
8.8667150766407 0.596689488288857
8.87545921774271 0.621724975788496
8.88420335884472 0.646140714311212
8.89294749994673 0.669912365717857
8.90169164104874 0.693016233909334
8.91043578215075 0.715429288447369
8.91917992325276 0.737129187511777
8.92792406435477 0.758094300171244
8.93666820545678 0.778303727945529
8.94541234655879 0.797737325637518
8.9541564876608 0.816375721414398
8.96290062876281 0.834200336117917
8.97164476986482 0.851193401784495
8.98038891096683 0.867337979356715
8.98913305206884 0.882617975568547
8.99787719317085 0.897018158987464
9.00662133427286 0.910524175197463
9.01536547537487 0.923122561107861
9.02410961647688 0.934800758373599
9.03285375757889 0.945547125913668
9.04159789868091 0.955350951515196
9.05034203978292 0.964202462511613
9.05908618088492 0.972092835524256
9.06783032198693 0.979014205257714
9.07657446308894 0.98495967234011
9.08531860419095 0.989923310200557
9.09406274529296 0.993900170976888
9.10280688639497 0.996886290447793
9.11155102749698 0.998878691984444
9.12029516859899 0.999875389517657
9.129039309701 0.999875389517657
9.13778345080302 0.998878691984444
9.14652759190503 0.996886290447793
9.15527173300704 0.993900170976888
9.16401587410905 0.989923310200557
9.17276001521106 0.98495967234011
9.18150415631307 0.979014205257714
9.19024829741508 0.972092835524256
9.19899243851708 0.964202462511613
9.20773657961909 0.955350951515196
9.2164807207211 0.945547125913668
9.22522486182311 0.934800758373599
9.23396900292513 0.923122561107861
9.24271314402714 0.910524175197463
9.25145728512915 0.897018158987464
9.26020142623116 0.882617975568547
9.26894556733317 0.867337979356715
9.27768970843518 0.851193401784495
9.28643384953719 0.834200336117917
9.2951779906392 0.816375721414398
9.30392213174121 0.797737325637518
9.31266627284322 0.778303727945529
9.32141041394523 0.758094300171244
9.33015455504724 0.737129187511777
9.33889869614925 0.715429288447369
9.34764283725126 0.693016233909334
9.35638697835327 0.669912365717857
9.36513111945528 0.646140714311211
9.37387526055729 0.621724975788497
9.3826194016593 0.596689488288857
9.39136354276131 0.571059207730696
9.40010768386332 0.544859682935071
9.40885182496533 0.518117030158078
9.41759596606734 0.490857907057594
9.42634010716935 0.463109486120348
9.43508424827136 0.434899427575792
9.44382838937337 0.406255851823788
9.45257253047538 0.377207311403575
9.46131667157739 0.347782762531981
9.4700608126794 0.318011536239236
9.47880495378141 0.28792330913117
9.48754909488342 0.2575480738069
9.49629323598543 0.226916108961593
9.50503737708744 0.196057949203981
9.51378151818945 0.165004354618802
9.52252565929146 0.133786280104481
9.53126980039347 0.102434844516615
9.54001394149548 0.0709812996480171
9.54875808259749 0.0394569990762536
9.5575022236995 0.00789336690971378
9.56624636480151 -0.0236781335366239
9.57499050590352 -0.0552260311045084
9.58373464700553 -0.0867188781635514
9.59247878810754 -0.11812528195891
9.60122292920955 -0.149413935904263
9.60996707031156 -0.180553650788905
9.61871121141357 -0.211513385867822
9.62745535251558 -0.242262279803786
9.63619949361759 -0.272769681430606
9.6449436347196 -0.30300518030687
9.65368777582161 -0.332938637029759
9.66243191692362 -0.362540213278622
9.67117605802563 -0.391780401558492
9.67992019912764 -0.420630054613784
9.68866434022965 -0.44906041448292
9.69740848133166 -0.47704314116489
9.70615262243367 -0.504550340869178
9.71489676353568 -0.531554593820902
9.72364090463769 -0.55802898159344
9.7323850457397 -0.583947113941307
9.74112918684171 -0.609283155106517
9.74987332794372 -0.63401184957224
9.75861746904573 -0.658108547238039
9.76736161014774 -0.681549227991631
9.77610575124975 -0.70431052565267
9.78484989235176 -0.726369751264638
9.79359403345377 -0.747704915711707
9.80233817455578 -0.768294751637969
9.81108231565779 -0.788118734647191
9.8198264567598 -0.807157103761984
9.82857059786181 -0.825390881121975
9.83731473896382 -0.84280189090135
9.84605888006583 -0.859372777426912
9.85480302116784 -0.875087022478594
9.86354716226985 -0.889928961755181
9.87229130337186 -0.903883800488824
9.88103544447387 -0.916937628192789
9.88977958557588 -0.929077432527731
9.89852372667789 -0.940291112272676
9.9072678677799 -0.950567489387784
9.91601200888191 -0.959896320156858
9.92475614998392 -0.968268305398508
9.93350029108593 -0.975675099735773
9.94224443218794 -0.98210931991498
9.95098857328995 -0.987564552165523
9.95973271439196 -0.992035358593258
9.96847685549397 -0.995517282601106
9.97722099659598 -0.998006853331493
9.98596513769799 -0.999501589126174
9.9947092788 -1
10.0116885756151 -0.999501589126174
10.0286678724302 -0.998006853331493
10.0456471692452 -0.995517282601106
10.0626264660603 -0.992035358593258
10.0796057628754 -0.987564552165524
10.0965850596905 -0.98210931991498
10.1135643565055 -0.975675099735774
10.1305436533206 -0.968268305398507
10.1475229501357 -0.959896320156857
10.1645022469508 -0.950567489387783
10.1814815437658 -0.940291112272676
10.1984608405809 -0.92907743252773
10.215440137396 -0.916937628192789
10.2324194342111 -0.903883800488824
10.2493987310261 -0.88992896175518
10.2663780278412 -0.875087022478594
10.2833573246563 -0.859372777426912
10.3003366214714 -0.84280189090135
10.3173159182864 -0.825390881121976
10.3342952151015 -0.807157103761986
10.3512745119166 -0.788118734647192
10.3682538087317 -0.76829475163797
10.3852331055467 -0.747704915711709
10.4022124023618 -0.726369751264641
10.4191916991769 -0.704310525652672
10.436170995992 -0.681549227991634
10.453150292807 -0.658108547238039
10.4701295896221 -0.634011849572238
10.4871088864372 -0.609283155106517
10.5040881832523 -0.583947113941307
10.5210674800673 -0.558028981593439
10.5380467768824 -0.531554593820901
10.5550260736975 -0.504550340869178
10.5720053705126 -0.477043141164888
10.5889846673276 -0.44906041448292
10.6059639641427 -0.420630054613785
10.6229432609578 -0.391780401558492
10.6399225577729 -0.362540213278624
10.6569018545879 -0.332938637029761
10.673881151403 -0.303005180306874
10.6908604482181 -0.272769681430603
10.7078397450332 -0.242262279803783
10.7248190418482 -0.21151338586782
10.7417983386633 -0.180553650788901
10.7587776354784 -0.149413935904261
10.7757569322935 -0.118125281958909
10.7927362291085 -0.0867188781635498
10.8097155259236 -0.0552260311045079
10.8266948227387 -0.0236781335366248
10.8436741195538 0.00789336690971464
10.8606534163688 0.0394569990762529
10.8776327131839 0.0709812996480153
10.894612009999 0.102434844516612
10.9115913068141 0.133786280104479
10.9285706036291 0.165004354618799
10.9455499004442 0.196057949203976
10.9625291972593 0.226916108961591
10.9795084940744 0.257548073806896
10.9964877908894 0.287923309131165
11.0134670877045 0.318011536239239
11.0304463845196 0.347782762531982
11.0474256813347 0.377207311403575
11.0644049781497 0.40625585182379
11.0813842749648 0.434899427575793
11.0983635717799 0.463109486120347
11.115342868595 0.490857907057595
11.1323221654101 0.518117030158078
11.1493014622251 0.54485968293507
11.1662807590402 0.571059207730696
11.1832600558553 0.596689488288857
11.2002393526704 0.621724975788495
11.2172186494854 0.646140714311209
11.2341979463005 0.669912365717856
11.2511772431156 0.693016233909331
11.2681565399307 0.71542928844737
11.2851358367457 0.73712918751178
11.3021151335608 0.758094300171245
11.3190944303759 0.778303727945529
11.336073727191 0.797737325637518
11.353053024006 0.816375721414399
11.3700323208211 0.834200336117917
11.3870116176362 0.851193401784495
11.4039909144513 0.867337979356715
11.4209702112663 0.882617975568547
11.4379495080814 0.897018158987463
11.4549288048965 0.910524175197463
11.4719081017116 0.923122561107861
11.4888873985266 0.934800758373598
11.5058666953417 0.945547125913667
11.5228459921568 0.955350951515195
11.5398252889719 0.964202462511611
11.5568045857869 0.972092835524257
11.573783882602 0.979014205257715
11.5907631794171 0.98495967234011
11.6077424762322 0.989923310200557
11.6247217730472 0.993900170976888
11.6417010698623 0.996886290447793
11.6586803666774 0.998878691984444
11.6756596634925 0.999875389517657
11.6926389603075 0.999875389517657
11.7096182571226 0.998878691984444
11.7265975539377 0.996886290447793
11.7435768507528 0.993900170976888
11.7605561475678 0.989923310200557
11.7775354443829 0.98495967234011
11.794514741198 0.979014205257715
11.8114940380131 0.972092835524257
11.8284733348281 0.964202462511612
11.8454526316432 0.955350951515195
11.8624319284583 0.945547125913667
11.8794112252734 0.934800758373599
11.8963905220884 0.923122561107861
11.9133698189035 0.910524175197462
11.9303491157186 0.897018158987463
11.9473284125337 0.882617975568547
11.9643077093487 0.867337979356715
11.9812870061638 0.851193401784496
11.9982663029789 0.834200336117917
12.015245599794 0.816375721414399
12.032224896609 0.79773732563752
12.0492041934241 0.778303727945529
12.0661834902392 0.758094300171246
12.0831627870543 0.73712918751178
12.1001420838693 0.715429288447371
12.1171213806844 0.693016233909332
12.1341006774995 0.669912365717856
12.1510799743146 0.646140714311209
12.1680592711296 0.621724975788495
12.1850385679447 0.596689488288856
12.2020178647598 0.571059207730694
12.2189971615749 0.54485968293507
12.2359764583899 0.518117030158078
12.252955755205 0.490857907057592
12.2699350520201 0.463109486120347
12.2869143488352 0.434899427575793
12.3038936456503 0.40625585182379
12.3208729424653 0.377207311403575
12.3378522392804 0.347782762531982
12.3548315360955 0.31801153623924
12.3718108329106 0.287923309131169
12.3887901297256 0.257548073806896
12.4057694265407 0.226916108961591
12.4227487233558 0.196057949203981
12.4397280201709 0.165004354618799
12.4567073169859 0.13378628010448
12.473686613801 0.102434844516615
12.4906659106161 0.0709812996480153
12.5076452074312 0.0394569990762536
12.5246245042462 0.00789336690971467
12.5416038010613 -0.0236781335366247
12.5585830978764 -0.0552260311045075
12.5755623946915 -0.0867188781635496
12.5925416915065 -0.118125281958909
12.6095209883216 -0.14941393590426
12.6265002851367 -0.180553650788901
12.6434795819518 -0.21151338586782
12.6604588787668 -0.242262279803783
12.6774381755819 -0.272769681430602
12.694417472397 -0.303005180306874
12.7113967692121 -0.332938637029761
12.7283760660271 -0.362540213278624
12.7453553628422 -0.391780401558495
12.7623346596573 -0.420630054613784
12.7793139564724 -0.44906041448292
12.7962932532874 -0.477043141164891
12.8132725501025 -0.504550340869178
12.8302518469176 -0.531554593820901
12.8472311437327 -0.558028981593442
12.8642104405477 -0.583947113941304
12.8811897373628 -0.609283155106517
12.8981690341779 -0.634011849572238
12.915148330993 -0.658108547238039
12.932127627808 -0.681549227991634
12.9491069246231 -0.704310525652672
12.9660862214382 -0.726369751264638
12.9830655182533 -0.747704915711709
13.0000448150683 -0.768294751637971
13.0170241118834 -0.788118734647191
13.0340034086985 -0.807157103761986
13.0509827055136 -0.825390881121976
13.0679620023286 -0.842801890901349
13.0849412991437 -0.859372777426912
13.1019205959588 -0.875087022478594
13.1188998927739 -0.88992896175518
13.1358791895889 -0.903883800488824
13.152858486404 -0.916937628192789
13.1698377832191 -0.92907743252773
13.1868170800342 -0.940291112272676
13.2037963768492 -0.950567489387783
13.2207756736643 -0.959896320156857
13.2377549704794 -0.968268305398507
13.2547342672945 -0.975675099735774
13.2717135641095 -0.98210931991498
13.2886928609246 -0.987564552165524
13.3056721577397 -0.992035358593258
13.3226514545548 -0.995517282601106
13.3396307513698 -0.998006853331493
13.3566100481849 -0.999501589126174
13.373589345 -1
13.3823858312447 -0.999501589126174
13.3911823174894 -0.998006853331493
13.3999788037342 -0.995517282601106
13.4087752899789 -0.992035358593257
13.4175717762236 -0.987564552165524
13.4263682624683 -0.982109319914981
13.4351647487131 -0.975675099735773
13.4439612349578 -0.968268305398507
13.4527577212025 -0.959896320156858
13.4615542074472 -0.950567489387782
13.470350693692 -0.940291112272676
13.4791471799367 -0.929077432527729
13.4879436661814 -0.916937628192788
13.4967401524261 -0.903883800488824
13.5055366386709 -0.889928961755179
13.5143331249156 -0.875087022478594
13.5231296111603 -0.859372777426913
13.531926097405 -0.84280189090135
13.5407225836497 -0.825390881121977
13.5495190698945 -0.807157103761984
13.5583155561392 -0.788118734647192
13.5671120423839 -0.768294751637972
13.5759085286286 -0.747704915711708
13.5847050148734 -0.72636975126464
13.5935015011181 -0.704310525652674
13.6022979873628 -0.681549227991633
13.6110944736075 -0.658108547238039
13.6198909598523 -0.634011849572237
13.628687446097 -0.609283155106516
13.6374839323417 -0.583947113941308
13.6462804185864 -0.558028981593439
13.6550769048312 -0.531554593820902
13.6638733910759 -0.50455034086918
13.6726698773206 -0.477043141164889
13.6814663635653 -0.449060414482921
13.6902628498101 -0.420630054613782
13.6990593360548 -0.391780401558493
13.7078558222995 -0.362540213278627
13.7166523085442 -0.332938637029759
13.7254487947889 -0.303005180306873
13.7342452810337 -0.272769681430606
13.7430417672784 -0.242262279803782
13.7518382535231 -0.21151338586782
13.7606347397678 -0.1805536507889
13.7694312260126 -0.149413935904261
13.7782277122573 -0.11812528195891
13.787024198502 -0.0867188781635492
13.7958206847467 -0.0552260311045088
13.8046171709915 -0.0236781335366272
13.8134136572362 0.00789336690971442
13.8222101434809 0.0394569990762514
13.8310066297256 0.0709812996480184
13.8398031159704 0.102434844516614
13.8485996022151 0.133786280104477
13.8573960884598 0.165004354618801
13.8661925747045 0.196057949203977
13.8749890609492 0.226916108961593
13.883785547194 0.257548073806897
13.8925820334387 0.287923309131165
13.9013785196834 0.318011536239241
13.9101750059281 0.347782762531982
13.9189714921729 0.377207311403574
13.9277679784176 0.40625585182379
13.9365644646623 0.434899427575792
13.945360950907 0.463109486120345
13.9541574371518 0.490857907057594
13.9629539233965 0.518117030158076
13.9717504096412 0.544859682935072
13.9805468958859 0.571059207730695
13.9893433821307 0.596689488288854
13.9981398683754 0.621724975788496
14.0069363546201 0.646140714311209
14.0157328408648 0.669912365717857
14.0245293271095 0.693016233909332
14.0333258133543 0.71542928844737
14.042122299599 0.73712918751178
14.0509187858437 0.758094300171245
14.0597152720884 0.778303727945528
14.0685117583332 0.79773732563752
14.0773082445779 0.816375721414399
14.0861047308226 0.834200336117916
14.0949012170673 0.851193401784495
14.1036977033121 0.867337979356714
14.1124941895568 0.882617975568548
14.1212906758015 0.897018158987463
14.1300871620462 0.910524175197461
14.138883648291 0.923122561107861
14.1476801345357 0.934800758373598
14.1564766207804 0.945547125913668
14.1652731070251 0.955350951515195
14.1740695932698 0.964202462511611
14.1828660795146 0.972092835524258
14.1916625657593 0.979014205257714
14.200459052004 0.98495967234011
14.2092555382487 0.989923310200557
14.2180520244935 0.993900170976888
14.2268485107382 0.996886290447793
14.2356449969829 0.998878691984444
14.2444414832276 0.999875389517657
14.2532379694724 0.999875389517657
14.2620344557171 0.998878691984444
14.2708309419618 0.996886290447793
14.2796274282065 0.993900170976888
14.2884239144513 0.989923310200557
14.297220400696 0.98495967234011
14.3060168869407 0.979014205257714
14.3148133731854 0.972092835524258
14.3236098594302 0.964202462511611
14.3324063456749 0.955350951515195
14.3412028319196 0.945547125913668
14.3499993181643 0.934800758373598
14.358795804409 0.923122561107861
14.3675922906538 0.910524175197461
14.3763887768985 0.897018158987463
14.3851852631432 0.882617975568548
14.3939817493879 0.867337979356714
14.4027782356327 0.851193401784495
14.4115747218774 0.834200336117919
14.4203712081221 0.816375721414399
14.4291676943668 0.79773732563752
14.4379641806116 0.778303727945528
14.4467606668563 0.758094300171246
14.455557153101 0.737129187511781
14.4643536393457 0.71542928844737
14.4731501255905 0.693016233909333
14.4819466118352 0.669912365717853
14.4907430980799 0.646140714311209
14.4995395843246 0.621724975788497
14.5083360705693 0.596689488288854
14.5171325568141 0.571059207730695
14.5259290430588 0.544859682935073
14.5347255293035 0.518117030158076
14.5435220155482 0.490857907057595
14.552318501793 0.463109486120351
14.5611149880377 0.434899427575792
14.5699114742824 0.40625585182379
14.5787079605271 0.377207311403574
14.5875044467719 0.347782762531982
14.5963009330166 0.318011536239241
14.6050974192613 0.287923309131165
14.613893905506 0.257548073806897
14.6226903917508 0.226916108961587
14.6314868779955 0.196057949203977
14.6402833642402 0.165004354618801
14.6490798504849 0.133786280104478
14.6578763367296 0.102434844516614
14.6666728229744 0.0709812996480189
14.6754693092191 0.0394569990762518
14.6842657954638 0.00789336690971467
14.6930622817085 -0.0236781335366274
14.7018587679533 -0.0552260311045093
14.710655254198 -0.0867188781635487
14.7194517404427 -0.11812528195891
14.7282482266874 -0.14941393590426
14.7370447129322 -0.180553650788899
14.7458411991769 -0.21151338586782
14.7546376854216 -0.242262279803781
14.7634341716663 -0.272769681430606
14.7722306579111 -0.303005180306873
14.7810271441558 -0.332938637029759
14.7898236304005 -0.362540213278626
14.7986201166452 -0.391780401558493
14.80741660289 -0.420630054613787
14.8162130891347 -0.449060414482921
14.8250095753794 -0.477043141164888
14.8338060616241 -0.504550340869174
14.8426025478688 -0.531554593820902
14.8513990341136 -0.558028981593439
14.8601955203583 -0.583947113941308
14.868992006603 -0.609283155106516
14.8777884928477 -0.634011849572236
14.8865849790925 -0.658108547238038
14.8953814653372 -0.681549227991633
14.9041779515819 -0.704310525652674
14.9129744378266 -0.72636975126464
14.9217709240714 -0.747704915711708
14.9305674103161 -0.768294751637972
14.9393638965608 -0.788118734647192
14.9481603828055 -0.807157103761987
14.9569568690503 -0.825390881121977
14.965753355295 -0.84280189090135
14.9745498415397 -0.859372777426913
14.9833463277844 -0.875087022478593
14.9921428140291 -0.889928961755179
15.0009393002739 -0.903883800488824
15.0097357865186 -0.916937628192789
15.0185322727633 -0.929077432527729
15.027328759008 -0.940291112272676
15.0361252452528 -0.950567489387782
15.0449217314975 -0.959896320156858
15.0537182177422 -0.968268305398507
15.0625147039869 -0.975675099735773
15.0713111902317 -0.982109319914981
15.0801076764764 -0.987564552165524
15.0889041627211 -0.992035358593258
15.0977006489658 -0.995517282601106
15.1064971352106 -0.998006853331493
15.1152936214553 -0.999501589126174
15.1240901077 -1
15.1437187155754 -0.999501589126174
15.1633473234508 -0.998006853331493
15.1829759313261 -0.995517282601106
15.2026045392015 -0.992035358593258
15.2222331470769 -0.987564552165524
15.2418617549523 -0.98210931991498
15.2614903628276 -0.975675099735774
15.281118970703 -0.968268305398507
15.3007475785784 -0.959896320156857
15.3203761864538 -0.950567489387783
15.3400047943291 -0.940291112272675
15.3596334022045 -0.929077432527731
15.3792620100799 -0.916937628192789
15.3988906179553 -0.903883800488823
15.4185192258307 -0.88992896175518
15.438147833706 -0.875087022478593
15.4577764415814 -0.859372777426912
15.4774050494568 -0.842801890901351
15.4970336573322 -0.825390881121976
15.5166622652075 -0.807157103761986
15.5362908730829 -0.788118734647192
15.5559194809583 -0.768294751637971
15.5755480888337 -0.747704915711709
15.595176696709 -0.726369751264639
15.6148053045844 -0.704310525652672
15.6344339124598 -0.681549227991633
15.6540625203352 -0.658108547238039
15.6736911282106 -0.634011849572239
15.6933197360859 -0.609283155106516
15.7129483439613 -0.583947113941307
15.7325769518367 -0.55802898159344
15.7522055597121 -0.531554593820903
15.7718341675874 -0.504550340869178
15.7914627754628 -0.477043141164889
15.8110913833382 -0.449060414482921
15.8307199912136 -0.420630054613784
15.8503485990889 -0.391780401558492
15.8699772069643 -0.362540213278625
15.8896058148397 -0.33293863702976
15.9092344227151 -0.303005180306874
15.9288630305905 -0.272769681430603
15.9484916384658 -0.242262279803782
15.9681202463412 -0.21151338586782
15.9877488542166 -0.180553650788902
16.007377462092 -0.149413935904262
16.0270060699673 -0.118125281958911
16.0466346778427 -0.0867188781635496
16.0662632857181 -0.0552260311045086
16.0858918935935 -0.0236781335366263
16.1055205014688 0.00789336690971486
16.1251491093442 0.0394569990762527
16.1447777172196 0.0709812996480142
16.164406325095 0.102434844516615
16.1840349329704 0.133786280104479
16.2036635408457 0.165004354618798
16.2232921487211 0.196057949203981
16.2429207565965 0.226916108961591
16.2625493644719 0.257548073806896
16.2821779723472 0.287923309131164
16.3018065802226 0.31801153623924
16.321435188098 0.347782762531982
16.3410637959734 0.377207311403574
16.3606924038487 0.406255851823791
16.3803210117241 0.434899427575793
16.3999496195995 0.463109486120347
16.4195782274749 0.490857907057595
16.4392068353503 0.518117030158078
16.4588354432256 0.54485968293507
16.478464051101 0.571059207730693
16.4980926589764 0.596689488288857
16.5177212668518 0.621724975788495
16.5373498747271 0.646140714311208
16.5569784826025 0.669912365717856
16.5766070904779 0.693016233909332
16.5962356983533 0.71542928844737
16.6158643062286 0.73712918751178
16.635492914104 0.758094300171246
16.6551215219794 0.778303727945529
16.6747501298548 0.797737325637517
16.6943787377302 0.8163757214144
16.7140073456055 0.834200336117917
16.7336359534809 0.851193401784493
16.7532645613563 0.867337979356715
16.7728931692317 0.882617975568547
16.792521777107 0.897018158987463
16.8121503849824 0.910524175197463
16.8317789928578 0.923122561107861
16.8514076007332 0.934800758373598
16.8710362086085 0.945547125913668
16.8906648164839 0.955350951515195
16.9102934243593 0.964202462511611
16.9299220322347 0.972092835524256
16.9495506401101 0.979014205257715
16.9691792479854 0.98495967234011
16.9888078558608 0.989923310200557
17.0084364637362 0.993900170976888
17.0280650716116 0.996886290447793
17.0476936794869 0.998878691984443
17.0673222873623 0.999875389517657
17.0869508952377 0.999875389517657
17.1065795031131 0.998878691984444
17.1262081109884 0.996886290447793
17.1458367188638 0.993900170976888
17.1654653267392 0.989923310200557
17.1850939346146 0.984959672340111
17.20472254249 0.979014205257714
17.2243511503653 0.972092835524257
17.2439797582407 0.964202462511612
17.2636083661161 0.955350951515194
17.2832369739915 0.945547125913667
17.3028655818668 0.934800758373599
17.3224941897422 0.92312256110786
17.3421227976176 0.910524175197462
17.361751405493 0.897018158987464
17.3813800133683 0.882617975568548
17.4010086212437 0.867337979356714
17.4206372291191 0.851193401784495
17.4402658369945 0.834200336117919
17.4598944448698 0.816375721414398
17.4795230527452 0.79773732563752
17.4991516606206 0.778303727945531
17.518780268496 0.758094300171244
17.5384088763714 0.737129187511779
17.5580374842467 0.715429288447372
17.5776660921221 0.693016233909334
17.5972946999975 0.669912365717854
17.6169233078729 0.64614071431121
17.6365519157482 0.621724975788497
17.6561805236236 0.596689488288855
17.675809131499 0.571059207730695
17.6954377393744 0.544859682935073
17.7150663472497 0.518117030158076
17.7346949551251 0.490857907057594
17.7543235630005 0.463109486120349
17.7739521708759 0.434899427575791
17.7935807787513 0.406255851823788
17.8132093866266 0.377207311403577
17.832837994502 0.347782762531985
17.8524666023774 0.318011536239237
17.8720952102528 0.287923309131167
17.8917238181281 0.257548073806899
17.9113524260035 0.226916108961588
17.9309810338789 0.196057949203978
17.9506096417543 0.165004354618801
17.9702382496296 0.133786280104478
17.989866857505 0.102434844516613
18.0094954653804 0.0709812996480171
18.0291240732558 0.0394569990762501
18.0487526811312 0.007893366909712
18.0683812890065 -0.0236781335366239
18.0880098968819 -0.0552260311045057
18.1076385047573 -0.0867188781635523
18.1272671126327 -0.118125281958907
18.146895720508 -0.149413935904259
18.1665243283834 -0.180553650788905
18.1861529362588 -0.211513385867819
18.2057815441342 -0.242262279803782
18.2254101520095 -0.2727696814306
18.2450387598849 -0.303005180306873
18.2646673677603 -0.33293863702976
18.2842959756357 -0.362540213278621
18.3039245835111 -0.391780401558494
18.3235531913864 -0.420630054613784
18.3431817992618 -0.449060414482918
18.3628104071372 -0.477043141164891
18.3824390150126 -0.504550340869178
18.4020676228879 -0.5315545938209
18.4216962307633 -0.558028981593442
18.4413248386387 -0.583947113941307
18.4609534465141 -0.609283155106516
18.4805820543894 -0.634011849572237
18.5002106622648 -0.658108547238038
18.5198392701402 -0.681549227991633
18.5394678780156 -0.704310525652671
18.559096485891 -0.72636975126464
18.5787250937663 -0.747704915711709
18.5983537016417 -0.768294751637969
18.6179823095171 -0.788118734647194
18.6376109173925 -0.807157103761986
18.6572395252678 -0.825390881121975
18.6768681331432 -0.842801890901352
18.6964967410186 -0.859372777426912
18.716125348894 -0.875087022478593
18.7357539567693 -0.889928961755179
18.7553825646447 -0.903883800488824
18.7750111725201 -0.916937628192789
18.7946397803955 -0.92907743252773
18.8142683882709 -0.940291112272676
18.8338969961462 -0.950567489387783
18.8535256040216 -0.959896320156857
18.873154211897 -0.968268305398506
18.8927828197724 -0.975675099735774
18.9124114276477 -0.98210931991498
18.9320400355231 -0.987564552165523
18.9516686433985 -0.992035358593258
18.9712972512739 -0.995517282601106
18.9909258591492 -0.998006853331493
19.0105544670246 -0.999501589126174
19.0301830749 -1
19.03939521391 -0.999501589126174
19.0486073529201 -0.998006853331494
19.0578194919302 -0.995517282601106
19.0670316309402 -0.992035358593258
19.0762437699502 -0.987564552165524
19.0854559089603 -0.982109319914981
19.0946680479704 -0.975675099735772
19.1038801869804 -0.968268305398507
19.1130923259905 -0.959896320156857
19.1223044650005 -0.950567489387784
19.1315166040105 -0.940291112272677
19.1407287430206 -0.929077432527729
19.1499408820307 -0.916937628192788
19.1591530210407 -0.903883800488824
19.1683651600508 -0.889928961755182
19.1775772990608 -0.875087022478591
19.1867894380709 -0.859372777426911
19.1960015770809 -0.84280189090135
19.205213716091 -0.825390881121978
19.214425855101 -0.807157103761988
19.2236379941111 -0.78811873464719
19.2328501331211 -0.76829475163797
19.2420622721312 -0.74770491571171
19.2512744111412 -0.726369751264642
19.2604865501513 -0.704310525652668
19.2696986891613 -0.681549227991632
19.2789108281714 -0.658108547238037
19.2881229671814 -0.63401184957224
19.2973351061915 -0.609283155106521
19.3065472452015 -0.583947113941303
19.3157593842116 -0.558028981593439
19.3249715232216 -0.531554593820902
19.3341836622317 -0.504550340869181
19.3433958012417 -0.477043141164884
19.3526079402518 -0.449060414482917
19.3618200792618 -0.420630054613784
19.3710322182719 -0.391780401558495
19.3802443572819 -0.362540213278629
19.389456496292 -0.332938637029757
19.398668635302 -0.303005180306871
19.4078807743121 -0.272769681430604
19.4170929133221 -0.242262279803787
19.4263050523322 -0.211513385867813
19.4355171913422 -0.180553650788899
19.4447293303523 -0.14941393590426
19.4539414693623 -0.11812528195891
19.4631536083724 -0.0867188781635556
19.4723657473824 -0.0552260311045035
19.4815778863925 -0.0236781335366221
19.4907900254025 0.00789336690971264
19.5000021644126 0.0394569990762491
19.5092143034226 0.0709812996480098
19.5184264424327 0.102434844516617
19.5276385814427 0.13378628010448
19.5368507204528 0.165004354618797
19.5460628594628 0.196057949203973
19.5552749984729 0.226916108961595
19.5644871374829 0.257548073806899
19.573699276493 0.287923309131166
19.582911415503 0.318011536239235
19.5921235545131 0.347782762531988
19.6013356935231 0.377207311403579
19.6105478325332 0.40625585182379
19.6197599715432 0.434899427575791
19.6289721105533 0.463109486120344
19.6381842495633 0.490857907057598
19.6473963885734 0.518117030158079
19.6566085275834 0.54485968293507
19.6658206665935 0.571059207730692
19.6750328056035 0.596689488288851
19.6842449446136 0.621724975788498
19.6934570836236 0.646140714311211
19.7026692226337 0.669912365717854
19.7118813616437 0.693016233909329
19.7210935006538 0.715429288447375
19.7303056396638 0.73712918751178
19.7395177786739 0.758094300171245
19.7487299176839 0.778303727945528
19.757942056694 0.797737325637516
19.767154195704 0.816375721414401
19.7763663347141 0.834200336117918
19.7855784737241 0.851193401784494
19.7947906127342 0.867337979356712
19.8040027517442 0.882617975568549
19.8132148907543 0.897018158987465
19.8224270297643 0.910524175197462
19.8316391687744 0.92312256110786
19.8408513077844 0.934800758373596
19.8500634467945 0.945547125913668
19.8592755858045 0.955350951515195
19.8684877248146 0.964202462511611
19.8776998638246 0.972092835524256
19.8869120028347 0.979014205257716
19.8961241418447 0.984959672340111
19.9053362808548 0.989923310200557
19.9145484198648 0.993900170976888
19.9237605588749 0.996886290447793
19.9329726978849 0.998878691984444
19.942184836895 0.999875389517657
19.951396975905 0.999875389517657
19.9606091149151 0.998878691984444
19.9698212539251 0.996886290447793
19.9790333929352 0.993900170976888
19.9882455319452 0.989923310200557
19.9974576709553 0.984959672340111
20.0066698099653 0.979014205257716
20.0158819489754 0.972092835524256
20.0250940879854 0.964202462511611
20.0343062269955 0.955350951515195
20.0435183660055 0.945547125913669
20.0527305050156 0.934800758373596
20.0619426440256 0.92312256110786
20.0711547830357 0.910524175197462
20.0803669220457 0.897018158987465
20.0895790610558 0.882617975568549
20.0987912000658 0.867337979356713
20.1080033390759 0.851193401784494
20.1172154780859 0.834200336117918
20.126427617096 0.816375721414402
20.135639756106 0.797737325637516
20.1448518951161 0.778303727945528
20.1540640341261 0.758094300171246
20.1632761731362 0.737129187511781
20.1724883121462 0.715429288447375
20.1817004511563 0.693016233909329
20.1909125901663 0.669912365717854
20.2001247291764 0.646140714311211
20.2093368681864 0.621724975788498
20.2185490071965 0.596689488288861
20.2277611462065 0.571059207730693
20.2369732852166 0.54485968293507
20.2461854242266 0.518117030158079
20.2553975632367 0.490857907057598
20.2646097022467 0.463109486120344
20.2738218412568 0.434899427575792
20.2830339802668 0.40625585182379
20.2922461192769 0.37720731140358
20.3014582582869 0.347782762531977
20.310670397297 0.318011536239235
20.319882536307 0.287923309131166
20.3290946753171 0.257548073806899
20.3383068143271 0.226916108961596
20.3475189533372 0.196057949203974
20.3567310923472 0.165004354618797
20.3659432313573 0.13378628010448
20.3751553703673 0.102434844516617
20.3843675093774 0.0709812996480216
20.3935796483874 0.0394569990762501
20.4027917873975 0.00789336690971289
20.4120039264075 -0.0236781335366221
20.4212160654176 -0.055226031104503
20.4304282044276 -0.0867188781635549
20.4396403434377 -0.11812528195891
20.4488524824477 -0.14941393590426
20.4580646214578 -0.180553650788899
20.4672767604678 -0.211513385867825
20.4764888994779 -0.242262279803786
20.4857010384879 -0.272769681430603
20.494913177498 -0.303005180306871
20.504125316508 -0.332938637029756
20.5133374555181 -0.362540213278629
20.5225495945281 -0.391780401558495
20.5317617335382 -0.420630054613784
20.5409738725482 -0.449060414482917
20.5501860115583 -0.477043141164885
20.5593981505683 -0.50455034086918
20.5686102895784 -0.531554593820902
20.5778224285884 -0.558028981593439
20.5870345675985 -0.583947113941302
20.5962467066085 -0.60928315510652
20.6054588456186 -0.63401184957224
20.6146709846286 -0.658108547238037
20.6238831236387 -0.681549227991631
20.6330952626487 -0.704310525652668
20.6423074016588 -0.726369751264642
20.6515195406688 -0.747704915711709
20.6607316796789 -0.768294751637969
20.6699438186889 -0.788118734647189
20.679155957699 -0.807157103761988
20.688368096709 -0.825390881121978
20.6975802357191 -0.84280189090135
20.7067923747291 -0.859372777426911
20.7160045137392 -0.875087022478591
20.7252166527492 -0.889928961755182
20.7344287917593 -0.903883800488824
20.7436409307693 -0.916937628192788
20.7528530697794 -0.929077432527729
20.7620652087894 -0.940291112272677
20.7712773477995 -0.950567489387784
20.7804894868095 -0.959896320156857
20.7897016258196 -0.968268305398506
20.7989137648296 -0.975675099735772
20.8081259038397 -0.982109319914981
20.8173380428497 -0.987564552165524
20.8265501818598 -0.992035358593258
20.8357623208698 -0.995517282601106
20.8449744598799 -0.998006853331494
20.8541865988899 -0.999501589126174
20.8633987379 -1
20.8791293950638 -0.999501589126174
20.8948600522276 -0.998006853331493
20.9105907093915 -0.995517282601106
20.9263213665553 -0.992035358593258
20.9420520237191 -0.987564552165524
20.9577826808829 -0.98210931991498
20.9735133380467 -0.975675099735774
20.9892439952106 -0.968268305398508
21.0049746523744 -0.959896320156856
21.0207053095382 -0.950567489387783
21.036435966702 -0.940291112272676
21.0521666238658 -0.929077432527729
21.0678972810296 -0.916937628192788
21.0836279381935 -0.903883800488824
21.0993585953573 -0.889928961755182
21.1150892525211 -0.875087022478593
21.1308199096849 -0.859372777426912
21.1465505668487 -0.842801890901352
21.1622812240126 -0.825390881121975
21.1780118811764 -0.807157103761985
21.1937425383402 -0.788118734647193
21.209473195504 -0.768294751637968
21.2252038526678 -0.747704915711708
21.2409345098317 -0.72636975126464
21.2566651669955 -0.704310525652674
21.2723958241593 -0.681549227991632
21.2881264813231 -0.658108547238038
21.3038571384869 -0.63401184957224
21.3195877956508 -0.609283155106514
21.3353184528146 -0.583947113941306
21.3510491099784 -0.558028981593441
21.3667797671422 -0.531554593820898
21.382510424306 -0.504550340869176
21.3982410814698 -0.47704314116489
21.4139717386337 -0.449060414482923
21.4297023957975 -0.420630054613782
21.4454330529613 -0.391780401558493
21.4611637101251 -0.362540213278626
21.4768943672889 -0.332938637029758
21.4926250244528 -0.303005180306872
21.5083556816166 -0.272769681430604
21.5240863387804 -0.242262279803786
21.5398169959442 -0.211513385867817
21.555547653108 -0.180553650788903
21.5712783102719 -0.149413935904263
21.5870089674357 -0.118125281958905
21.6027396245995 -0.0867188781635505
21.6184702817633 -0.0552260311045097
21.6342009389271 -0.0236781335366208
21.649931596091 0.00789336690971442
21.6656622532548 0.039456999076252
21.6813929104186 0.0709812996480129
21.6971235675824 0.102434844516615
21.7128542247462 0.133786280104479
21.72858488191 0.165004354618797
21.7443155390739 0.196057949203981
21.7600461962377 0.226916108961591
21.7757768534015 0.257548073806895
21.7915075105653 0.287923309131163
21.8072381677291 0.31801153623924
21.822968824893 0.347782762531982
21.8386994820568 0.377207311403573
21.8544301392206 0.406255851823791
21.8701607963844 0.434899427575793
21.8858914535482 0.463109486120346
21.9016221107121 0.490857907057596
21.9173527678759 0.518117030158078
21.9330834250397 0.544859682935069
21.9488140822035 0.571059207730692
21.9645447393673 0.596689488288857
21.9802753965312 0.621724975788495
21.996006053695 0.646140714311208
22.0117367108588 0.669912365717857
22.0274673680226 0.693016233909332
22.0431980251864 0.71542928844737
22.0589286823503 0.737129187511781
22.0746593395141 0.758094300171246
22.0903899966779 0.778303727945529
22.1061206538417 0.797737325637517
22.1218513110055 0.8163757214144
22.1375819681693 0.834200336117917
22.1533126253332 0.851193401784493
22.169043282497 0.867337979356716
22.1847739396608 0.882617975568547
22.2005045968246 0.897018158987463
22.2162352539884 0.910524175197464
22.2319659111523 0.923122561107861
22.2476965683161 0.934800758373598
22.2634272254799 0.945547125913666
22.2791578826437 0.955350951515195
22.2948885398075 0.964202462511612
22.3106191969714 0.972092835524257
22.3263498541352 0.979014205257715
22.342080511299 0.984959672340111
22.3578111684628 0.989923310200557
22.3735418256266 0.993900170976887
22.3892724827905 0.996886290447793
22.4050031399543 0.998878691984444
22.4207337971181 0.999875389517657
22.4364644542819 0.999875389517657
22.4521951114457 0.998878691984444
22.4679257686095 0.996886290447793
22.4836564257734 0.993900170976887
22.4993870829372 0.989923310200557
22.515117740101 0.984959672340111
22.5308483972648 0.979014205257715
22.5465790544286 0.972092835524257
22.5623097115925 0.964202462511612
22.5780403687563 0.955350951515196
22.5937710259201 0.945547125913666
22.6095016830839 0.934800758373598
22.6252323402477 0.923122561107861
22.6409629974116 0.910524175197464
22.6566936545754 0.897018158987463
22.6724243117392 0.882617975568547
22.688154968903 0.867337979356716
22.7038856260668 0.851193401784493
22.7196162832307 0.834200336117918
22.7353469403945 0.8163757214144
22.7510775975583 0.797737325637517
22.7668082547221 0.778303727945529
22.7825389118859 0.758094300171246
22.7982695690497 0.737129187511781
22.8140002262136 0.71542928844737
22.8297308833774 0.693016233909332
22.8454615405412 0.669912365717857
22.861192197705 0.646140714311208
22.8769228548688 0.621724975788495
22.8926535120327 0.596689488288858
22.9083841691965 0.571059207730692
22.9241148263603 0.54485968293507
22.9398454835241 0.518117030158079
22.9555761406879 0.490857907057597
22.9713067978518 0.463109486120346
22.9870374550156 0.434899427575793
23.0027681121794 0.406255851823791
23.0184987693432 0.377207311403574
23.034229426507 0.347782762531982
23.0499600836709 0.31801153623924
23.0656907408347 0.287923309131163
23.0814213979985 0.257548073806896
23.0971520551623 0.226916108961591
23.1128827123261 0.196057949203982
23.12861336949 0.165004354618797
23.1443440266538 0.133786280104479
23.1600746838176 0.102434844516616
23.1758053409814 0.0709812996480136
23.1915359981452 0.0394569990762518
23.207266655309 0.00789336690971467
23.2229973124729 -0.0236781335366203
23.2387279696367 -0.0552260311045093
23.2544586268005 -0.0867188781635496
23.2701892839643 -0.118125281958905
23.2859199411281 -0.149413935904263
23.301650598292 -0.180553650788902
23.3173812554558 -0.211513385867818
23.3331119126196 -0.242262279803786
23.3488425697834 -0.272769681430604
23.3645732269472 -0.303005180306871
23.3803038841111 -0.332938637029759
23.3960345412749 -0.362540213278626
23.4117651984387 -0.391780401558492
23.4274958556025 -0.420630054613782
23.4432265127663 -0.449060414482923
23.4589571699302 -0.47704314116489
23.474687827094 -0.504550340869176
23.4904184842578 -0.531554593820898
23.5061491414216 -0.558028981593441
23.5218797985854 -0.583947113941306
23.5376104557492 -0.609283155106514
23.5533411129131 -0.63401184957224
23.5690717700769 -0.658108547238037
23.5848024272407 -0.681549227991632
23.6005330844045 -0.704310525652674
23.6162637415683 -0.72636975126464
23.6319943987322 -0.747704915711707
23.647725055896 -0.768294751637973
23.6634557130598 -0.788118734647194
23.6791863702236 -0.807157103761985
23.6949170273874 -0.825390881121975
23.7106476845513 -0.842801890901352
23.7263783417151 -0.859372777426912
23.7421089988789 -0.875087022478592
23.7578396560427 -0.889928961755179
23.7735703132065 -0.903883800488824
23.7893009703704 -0.916937628192788
23.8050316275342 -0.929077432527729
23.820762284698 -0.940291112272676
23.8364929418618 -0.950567489387783
23.8522235990256 -0.959896320156857
23.8679542561894 -0.968268305398508
23.8836849133533 -0.975675099735774
23.8994155705171 -0.98210931991498
23.9151462276809 -0.987564552165524
23.9308768848447 -0.992035358593258
23.9466075420085 -0.995517282601106
23.9623381991724 -0.998006853331493
23.9780688563362 -0.999501589126174
23.9937995135 -1
24.008906048608 -0.999501589126174
24.0240125837161 -0.998006853331493
24.0391191188241 -0.995517282601106
24.0542256539322 -0.992035358593258
24.0693321890402 -0.987564552165523
24.0844387241482 -0.98210931991498
24.0995452592563 -0.975675099735774
24.1146517943643 -0.968268305398506
24.1297583294724 -0.959896320156857
24.1448648645804 -0.950567489387783
24.1599713996884 -0.940291112272674
24.1750779347965 -0.92907743252773
24.1901844699045 -0.916937628192789
24.2052910050126 -0.903883800488825
24.2203975401206 -0.88992896175518
24.2355040752286 -0.875087022478594
24.2506106103367 -0.859372777426914
24.2657171454447 -0.84280189090135
24.2808236805528 -0.825390881121977
24.2959302156608 -0.807157103761987
24.3110367507688 -0.788118734647191
24.3261432858769 -0.768294751637971
24.3412498209849 -0.747704915711711
24.356356356093 -0.726369751264638
24.371462891201 -0.704310525652672
24.386569426309 -0.681549227991636
24.4016759614171 -0.658108547238036
24.4167824965251 -0.634011849572239
24.4318890316332 -0.609283155106519
24.4469955667412 -0.583947113941304
24.4621021018492 -0.55802898159344
24.4772086369573 -0.531554593820903
24.4923151720653 -0.504550340869175
24.5074217071734 -0.477043141164889
24.5225282422814 -0.449060414482922
24.5376347773894 -0.420630054613782
24.5527413124975 -0.391780401558493
24.5678478476055 -0.362540213278626
24.5829543827136 -0.332938637029758
24.5980609178216 -0.303005180306872
24.6131674529296 -0.272769681430604
24.6282739880377 -0.24226227980378
24.6433805231457 -0.211513385867818
24.6584870582538 -0.180553650788903
24.6735935933618 -0.149413935904264
24.6887001284699 -0.118125281958907
24.7038066635779 -0.0867188781635516
24.7189131986859 -0.0552260311045115
24.734019733794 -0.0236781335366221
24.749126268902 0.00789336690971242
24.76423280401 0.0394569990762496
24.7793393391181 0.0709812996480178
24.7944458742261 0.102434844516613
24.8095524093342 0.133786280104476
24.8246589444422 0.165004354618802
24.8397654795503 0.196057949203978
24.8548720146583 0.226916108961588
24.8699785497663 0.257548073806899
24.8850850848744 0.287923309131167
24.9001916199824 0.318011536239236
24.9152981550905 0.347782762531985
24.9304046901985 0.377207311403576
24.9455112253065 0.406255851823787
24.9606177604146 0.434899427575796
24.9757242955226 0.463109486120348
24.9908308306307 0.490857907057592
25.0059373657387 0.51811703015808
25.0210439008467 0.544859682935071
25.0361504359548 0.571059207730693
25.0512569710628 0.596689488288853
25.0663635061709 0.621724975788496
25.0814700412789 0.646140714311209
25.0965765763869 0.669912365717858
25.111683111495 0.693016233909333
25.126789646603 0.715429288447371
25.1418961817111 0.737129187511777
25.1570027168191 0.758094300171246
25.1721092519271 0.778303727945529
25.1872157870352 0.797737325637517
25.2023223221432 0.8163757214144
25.2174288572513 0.834200336117917
25.2325353923593 0.851193401784493
25.2476419274673 0.867337979356716
25.2627484625754 0.882617975568547
25.2778549976834 0.897018158987462
25.2929615327915 0.910524175197463
25.3080680678995 0.923122561107861
25.3231746030075 0.934800758373598
25.3382811381156 0.945547125913668
25.3533876732236 0.955350951515195
25.3684942083317 0.964202462511611
25.3836007434397 0.972092835524258
25.3987072785477 0.979014205257715
25.4138138136558 0.98495967234011
25.4289203487638 0.989923310200558
25.4440268838719 0.993900170976888
25.4591334189799 0.996886290447793
25.4742399540879 0.998878691984444
25.489346489196 0.999875389517657
25.504453024304 0.999875389517657
25.5195595594121 0.998878691984444
25.5346660945201 0.996886290447793
25.5497726296281 0.993900170976888
25.5648791647362 0.989923310200558
25.5799856998442 0.98495967234011
25.5950922349523 0.979014205257715
25.6101987700603 0.972092835524258
25.6253053051683 0.964202462511611
25.6404118402764 0.955350951515195
25.6555183753844 0.945547125913668
25.6706249104925 0.934800758373598
25.6857314456005 0.923122561107861
25.7008379807085 0.910524175197463
25.7159445158166 0.897018158987462
25.7310510509246 0.882617975568547
25.7461575860327 0.867337979356716
25.7612641211407 0.851193401784493
25.7763706562487 0.834200336117917
25.7914771913568 0.816375721414401
25.8065837264648 0.797737325637518
25.8216902615729 0.77830372794553
25.8367967966809 0.758094300171247
25.8519033317889 0.737129187511777
25.867009866897 0.715429288447371
25.882116402005 0.693016233909333
25.8972229371131 0.669912365717858
25.9123294722211 0.646140714311209
25.9274360073291 0.621724975788497
25.9425425424372 0.596689488288853
25.9576490775452 0.571059207730694
25.9727556126533 0.544859682935071
25.9878621477613 0.51811703015808
26.0029686828693 0.490857907057592
26.0180752179774 0.463109486120348
26.0331817530854 0.434899427575796
26.0482882881935 0.406255851823787
26.0633948233015 0.377207311403576
26.0785013584095 0.347782762531986
26.0936078935176 0.318011536239236
26.1087144286256 0.287923309131167
26.1238209637337 0.2575480738069
26.1389274988417 0.226916108961588
26.1540340339497 0.196057949203978
26.1691405690578 0.165004354618802
26.1842471041658 0.133786280104477
26.1993536392739 0.102434844516613
26.2144601743819 0.070981299648018
26.22956670949 0.0394569990762501
26.244673244598 0.00789336690971289
26.259779779706 -0.0236781335366221
26.2748863148141 -0.0552260311045039
26.2899928499221 -0.0867188781635514
26.3050993850302 -0.118125281958906
26.3202059201382 -0.149413935904264
26.3353124552462 -0.180553650788903
26.3504189903543 -0.211513385867818
26.3655255254623 -0.242262279803779
26.3806320605704 -0.272769681430604
26.3957385956784 -0.303005180306871
26.4108451307864 -0.332938637029764
26.4259516658945 -0.362540213278626
26.4410582010025 -0.391780401558492
26.4561647361106 -0.420630054613781
26.4712712712186 -0.449060414482921
26.4863778063266 -0.477043141164889
26.5014843414347 -0.504550340869175
26.5165908765427 -0.531554593820903
26.5316974116508 -0.55802898159344
26.5468039467588 -0.583947113941304
26.5619104818668 -0.609283155106518
26.5770170169749 -0.634011849572238
26.5921235520829 -0.658108547238036
26.607230087191 -0.681549227991636
26.622336622299 -0.704310525652672
26.637443157407 -0.726369751264638
26.6525496925151 -0.747704915711711
26.6676562276231 -0.768294751637971
26.6827627627312 -0.788118734647191
26.6978692978392 -0.807157103761987
26.7129758329472 -0.825390881121976
26.7280823680553 -0.842801890901349
26.7431889031633 -0.859372777426914
26.7582954382714 -0.875087022478594
26.7734019733794 -0.889928961755179
26.7885085084874 -0.903883800488822
26.8036150435955 -0.916937628192789
26.8187215787035 -0.92907743252773
26.8338281138116 -0.940291112272674
26.8489346489196 -0.950567489387783
26.8640411840276 -0.959896320156857
26.8791477191357 -0.968268305398506
26.8942542542437 -0.975675099735774
26.9093607893518 -0.98210931991498
26.9244673244598 -0.987564552165523
26.9395738595678 -0.992035358593258
26.9546803946759 -0.995517282601106
26.9697869297839 -0.998006853331493
26.984893464892 -0.999501589126174
27 -1
