0 -1
0.00825548142060302 -0.999501589126174
0.016510962841206 -0.998006853331493
0.024766444261809 -0.995517282601106
0.0330219256824121 -0.992035358593258
0.0412774071030151 -0.987564552165524
0.0495328885236181 -0.98210931991498
0.0577883699442211 -0.975675099735774
0.0660438513648241 -0.968268305398507
0.0742993327854271 -0.959896320156857
0.0825548142060302 -0.950567489387783
0.0908102956266332 -0.940291112272676
0.0990657770472362 -0.929077432527731
0.107321258467839 -0.916937628192789
0.115576739888442 -0.903883800488824
0.123832221309045 -0.88992896175518
0.132087702729648 -0.875087022478594
0.140343184150251 -0.859372777426912
0.148598665570854 -0.842801890901351
0.156854146991457 -0.825390881121976
0.16510962841206 -0.807157103761985
0.173365109832663 -0.788118734647192
0.181620591253266 -0.768294751637971
0.189876072673869 -0.747704915711709
0.198131554094472 -0.726369751264639
0.206387035515075 -0.704310525652672
0.214642516935678 -0.681549227991634
0.222897998356281 -0.658108547238038
0.231153479776884 -0.634011849572239
0.239408961197487 -0.609283155106517
0.24766444261809 -0.583947113941306
0.255919924038693 -0.55802898159344
0.264175405459297 -0.531554593820901
0.2724308868799 -0.504550340869177
0.280686368300503 -0.47704314116489
0.288941849721106 -0.44906041448292
0.297197331141709 -0.420630054613784
0.305452812562312 -0.391780401558493
0.313708293982915 -0.362540213278625
0.321963775403518 -0.332938637029761
0.330219256824121 -0.303005180306873
0.338474738244724 -0.272769681430603
0.346730219665327 -0.242262279803783
0.35498570108593 -0.211513385867819
0.363241182506533 -0.180553650788902
0.371496663927136 -0.149413935904261
0.379752145347739 -0.118125281958908
0.388007626768342 -0.0867188781635507
0.396263108188945 -0.0552260311045082
0.404518589609548 -0.0236781335366239
0.412774071030151 0.00789336690971331
0.421029552450754 0.0394569990762525
0.429285033871357 0.070981299648016
0.43754051529196 0.102434844516614
0.445795996712563 0.133786280104479
0.454051478133166 0.165004354618799
0.462306959553769 0.196057949203978
0.470562440974372 0.22691610896159
0.478817922394975 0.257548073806896
0.487073403815578 0.287923309131167
0.495328885236181 0.318011536239238
0.503584366656784 0.347782762531982
0.511839848077387 0.377207311403576
0.52009532949799 0.406255851823789
0.528350810918593 0.434899427575793
0.536606292339196 0.463109486120348
0.544861773759799 0.490857907057594
0.553117255180402 0.518117030158077
0.561372736601005 0.54485968293507
0.569628218021608 0.571059207730694
0.577883699442211 0.596689488288856
0.586139180862814 0.621724975788495
0.594394662283417 0.64614071431121
0.60265014370402 0.669912365717855
0.610905625124623 0.693016233909332
0.619161106545226 0.715429288447371
0.627416587965829 0.737129187511779
0.635672069386432 0.758094300171245
0.643927550807035 0.77830372794553
0.652183032227638 0.797737325637519
0.660438513648241 0.816375721414399
0.668693995068844 0.834200336117918
0.676949476489447 0.851193401784495
0.68520495791005 0.867337979356715
0.693460439330653 0.882617975568547
0.701715920751256 0.897018158987464
0.709971402171859 0.910524175197462
0.718226883592462 0.923122561107861
0.726482365013065 0.934800758373598
0.734737846433668 0.945547125913667
0.742993327854271 0.955350951515195
0.751248809274874 0.964202462511612
0.759504290695477 0.972092835524257
0.76775977211608 0.979014205257715
0.776015253536684 0.984959672340111
0.784270734957286 0.989923310200557
0.792526216377889 0.993900170976888
0.800781697798492 0.996886290447793
0.809037179219096 0.998878691984444
0.817292660639699 0.999875389517657
0.825548142060302 0.999875389517657
0.833803623480905 0.998878691984444
0.842059104901508 0.996886290447793
0.850314586322111 0.993900170976888
0.858570067742714 0.989923310200557
0.866825549163317 0.984959672340111
0.87508103058392 0.979014205257714
0.883336512004523 0.972092835524257
0.891591993425126 0.964202462511612
0.899847474845729 0.955350951515195
0.908102956266332 0.945547125913667
0.916358437686935 0.934800758373598
0.924613919107538 0.923122561107861
0.932869400528141 0.910524175197462
0.941124881948744 0.897018158987463
0.949380363369347 0.882617975568547
0.95763584478995 0.867337979356715
0.965891326210553 0.851193401784495
0.974146807631156 0.834200336117917
0.982402289051759 0.816375721414399
0.990657770472362 0.79773732563752
0.998913251892965 0.77830372794553
1.00716873331357 0.758094300171246
1.01542421473417 0.737129187511779
1.02367969615477 0.715429288447371
1.03193517757538 0.693016233909332
1.04019065899598 0.669912365717855
1.04844614041658 0.64614071431121
1.05670162183719 0.621724975788495
1.06495710325779 0.596689488288856
1.07321258467839 0.571059207730695
1.081468066099 0.54485968293507
1.0897235475196 0.518117030158077
1.0979790289402 0.490857907057594
1.1062345103608 0.463109486120348
1.11448999178141 0.434899427575793
1.12274547320201 0.406255851823789
1.13100095462261 0.377207311403576
1.13925643604322 0.347782762531983
1.14751191746382 0.318011536239238
1.15576739888442 0.287923309131167
1.16402288030503 0.257548073806897
1.17227836172563 0.226916108961591
1.18053384314623 0.196057949203977
1.18878932456683 0.1650043546188
1.19704480598744 0.133786280104479
1.20530028740804 0.102434844516613
1.21355576882864 0.0709812996480162
1.22181125024925 0.0394569990762527
1.23006673166985 0.00789336690971378
1.23832221309045 -0.0236781335366239
1.24657769451106 -0.0552260311045084
1.25483317593166 -0.0867188781635505
1.26308865735226 -0.118125281958907
1.27134413877286 -0.14941393590426
1.27959962019347 -0.180553650788902
1.28785510161407 -0.211513385867819
1.29611058303467 -0.242262279803784
1.30436606445528 -0.272769681430603
1.31262154587588 -0.303005180306873
1.32087702729648 -0.33293863702976
1.32913250871709 -0.362540213278623
1.33738799013769 -0.391780401558494
1.34564347155829 -0.420630054613785
1.35389895297889 -0.44906041448292
1.3621544343995 -0.477043141164889
1.3704099158201 -0.504550340869177
1.3786653972407 -0.531554593820901
1.38692087866131 -0.558028981593439
1.39517636008191 -0.583947113941306
1.40343184150251 -0.609283155106517
1.41168732292312 -0.634011849572238
1.41994280434372 -0.658108547238037
1.42819828576432 -0.681549227991633
1.43645376718492 -0.704310525652672
1.44470924860553 -0.726369751264639
1.45296473002613 -0.747704915711709
1.46122021144673 -0.76829475163797
1.46947569286734 -0.788118734647193
1.47773117428794 -0.807157103761986
1.48598665570854 -0.825390881121976
1.49424213712915 -0.84280189090135
1.50249761854975 -0.859372777426911
1.51075309997035 -0.875087022478593
1.51900858139095 -0.88992896175518
1.52726406281156 -0.903883800488823
1.53551954423216 -0.916937628192789
1.54377502565276 -0.92907743252773
1.55203050707337 -0.940291112272676
1.56028598849397 -0.950567489387783
1.56854146991457 -0.959896320156857
1.57679695133518 -0.968268305398507
1.58505243275578 -0.975675099735774
1.59330791417638 -0.98210931991498
1.60156339559698 -0.987564552165524
1.60981887701759 -0.992035358593258
1.61807435843819 -0.995517282601106
1.62632983985879 -0.998006853331493
1.6345853212794 -0.999501589126174
1.6428408027 -1
1.65889941379196 -0.999501589126174
1.67495802488392 -0.998006853331493
1.69101663597588 -0.995517282601106
1.70707524706784 -0.992035358593258
1.7231338581598 -0.987564552165524
1.73919246925176 -0.98210931991498
1.75525108034372 -0.975675099735774
1.77130969143568 -0.968268305398507
1.78736830252764 -0.959896320156857
1.8034269136196 -0.950567489387783
1.81948552471156 -0.940291112272676
1.83554413580352 -0.929077432527731
1.85160274689548 -0.916937628192789
1.86766135798744 -0.903883800488824
1.8837199690794 -0.88992896175518
1.89977858017136 -0.875087022478594
1.91583719126332 -0.859372777426912
1.93189580235528 -0.842801890901351
1.94795441344724 -0.825390881121976
1.9640130245392 -0.807157103761985
1.98007163563116 -0.788118734647192
1.99613024672312 -0.768294751637971
2.01218885781508 -0.747704915711709
2.02824746890704 -0.726369751264639
2.044306079999 -0.704310525652672
2.06036469109095 -0.681549227991634
2.07642330218291 -0.658108547238038
2.09248191327487 -0.634011849572239
2.10854052436683 -0.609283155106517
2.12459913545879 -0.583947113941306
2.14065774655075 -0.55802898159344
2.15671635764271 -0.531554593820902
2.17277496873467 -0.504550340869177
2.18883357982663 -0.47704314116489
2.20489219091859 -0.44906041448292
2.22095080201055 -0.420630054613784
2.23700941310251 -0.391780401558493
2.25306802419447 -0.362540213278625
2.26912663528643 -0.332938637029761
2.28518524637839 -0.303005180306873
2.30124385747035 -0.272769681430603
2.31730246856231 -0.242262279803783
2.33336107965427 -0.211513385867819
2.34941969074623 -0.180553650788903
2.36547830183819 -0.149413935904261
2.38153691293015 -0.118125281958908
2.39759552402211 -0.0867188781635507
2.41365413511407 -0.0552260311045082
2.42971274620603 -0.0236781335366239
2.44577135729799 0.00789336690971353
2.46182996838995 0.039456999076252
2.47788857948191 0.070981299648016
2.49394719057387 0.102434844516613
2.51000580166583 0.133786280104479
2.52606441275779 0.165004354618799
2.54212302384975 0.196057949203978
2.55818163494171 0.22691610896159
2.57424024603367 0.257548073806897
2.59029885712563 0.287923309131166
2.60635746821759 0.318011536239238
2.62241607930955 0.347782762531982
2.63847469040151 0.377207311403576
2.65453330149347 0.406255851823789
2.67059191258543 0.434899427575793
2.68665052367739 0.463109486120348
2.70270913476935 0.490857907057593
2.71876774586131 0.518117030158078
2.73482635695327 0.54485968293507
2.75088496804523 0.571059207730694
2.76694357913719 0.596689488288856
2.78300219022915 0.621724975788495
2.79906080132111 0.64614071431121
2.81511941241307 0.669912365717855
2.83117802350503 0.693016233909332
2.84723663459698 0.715429288447371
2.86329524568894 0.737129187511779
2.8793538567809 0.758094300171246
2.89541246787286 0.77830372794553
2.91147107896482 0.797737325637519
2.92752969005678 0.816375721414399
2.94358830114874 0.834200336117917
2.9596469122407 0.851193401784495
2.97570552333266 0.867337979356715
2.99176413442462 0.882617975568547
3.00782274551658 0.897018158987464
3.02388135660854 0.910524175197462
3.0399399677005 0.923122561107861
3.05599857879246 0.934800758373598
3.07205718988442 0.945547125913667
3.08811580097638 0.955350951515195
3.10417441206834 0.964202462511612
3.1202330231603 0.972092835524257
3.13629163425226 0.979014205257715
3.15235024534422 0.98495967234011
3.16840885643618 0.989923310200557
3.18446746752814 0.993900170976888
3.2005260786201 0.996886290447793
3.21658468971206 0.998878691984444
3.23264330080402 0.999875389517657
3.24870191189598 0.999875389517657
3.26476052298794 0.998878691984444
3.2808191340799 0.996886290447793
3.29687774517186 0.993900170976888
3.31293635626382 0.989923310200557
3.32899496735578 0.984959672340111
3.34505357844774 0.979014205257714
3.3611121895397 0.972092835524257
3.37717080063166 0.964202462511612
3.39322941172362 0.955350951515195
3.40928802281558 0.945547125913667
3.42534663390754 0.934800758373598
3.4414052449995 0.923122561107861
3.45746385609146 0.910524175197462
3.47352246718342 0.897018158987464
3.48958107827538 0.882617975568547
3.50563968936734 0.867337979356715
3.5216983004593 0.851193401784494
3.53775691155126 0.834200336117917
3.55381552264322 0.816375721414399
3.56987413373518 0.79773732563752
3.58593274482714 0.77830372794553
3.6019913559191 0.758094300171246
3.61804996701105 0.737129187511779
3.63410857810301 0.715429288447372
3.65016718919497 0.693016233909332
3.66622580028693 0.669912365717856
3.68228441137889 0.646140714311209
3.69834302247085 0.621724975788496
3.71440163356281 0.596689488288857
3.73046024465477 0.571059207730695
3.74651885574673 0.544859682935071
3.76257746683869 0.518117030158078
3.77863607793065 0.490857907057595
3.79469468902261 0.463109486120348
3.81075330011457 0.434899427575794
3.82681191120653 0.406255851823789
3.84287052229849 0.377207311403576
3.85892913339045 0.347782762531984
3.87498774448241 0.318011536239239
3.89104635557437 0.287923309131167
3.90710496666633 0.257548073806897
3.92316357775829 0.226916108961591
3.93922218885025 0.196057949203979
3.95528079994221 0.165004354618801
3.97133941103417 0.133786280104479
3.98739802212613 0.102434844516614
4.00345663321809 0.0709812996480162
4.01951524431005 0.0394569990762536
4.03557385540201 0.00789336690971289
4.05163246649397 -0.023678133536623
4.06769107758593 -0.0552260311045066
4.08374968867789 -0.0867188781635505
4.09980829976985 -0.118125281958909
4.11586691086181 -0.14941393590426
4.13192552195377 -0.1805536507889
4.14798413304573 -0.211513385867818
4.16404274413769 -0.242262279803782
4.18010135522965 -0.272769681430603
4.19615996632161 -0.303005180306872
4.21221857741357 -0.332938637029762
4.22827718850553 -0.362540213278624
4.24433579959749 -0.391780401558491
4.26039441068945 -0.420630054613783
4.27645302178141 -0.44906041448292
4.29251163287337 -0.47704314116489
4.30857024396533 -0.504550340869178
4.32462885505729 -0.531554593820901
4.34068746614925 -0.55802898159344
4.35674607724121 -0.583947113941306
4.37280468833317 -0.609283155106515
4.38886329942513 -0.634011849572238
4.40492191051708 -0.658108547238037
4.42098052160904 -0.681549227991634
4.437039132701 -0.704310525652671
4.45309774379296 -0.726369751264639
4.46915635488492 -0.747704915711708
4.48521496597688 -0.768294751637971
4.50127357706884 -0.788118734647192
4.5173321881608 -0.807157103761984
4.53339079925276 -0.825390881121976
4.54944941034472 -0.84280189090135
4.56550802143668 -0.859372777426912
4.58156663252864 -0.875087022478593
4.5976252436206 -0.88992896175518
4.61368385471256 -0.903883800488824
4.62974246580452 -0.916937628192789
4.64580107689648 -0.92907743252773
4.66185968798844 -0.940291112272676
4.6779182990804 -0.950567489387782
4.69397691017236 -0.959896320156857
4.71003552126432 -0.968268305398507
4.72609413235628 -0.975675099735774
4.74215274344824 -0.98210931991498
4.7582113545402 -0.987564552165524
4.77426996563216 -0.992035358593258
4.79032857672412 -0.995517282601106
4.80638718781608 -0.998006853331493
4.82244579890804 -0.999501589126174
4.83850441 -1
4.85623704987538 -0.999501589126174
4.87396968975075 -0.998006853331493
4.89170232962613 -0.995517282601106
4.90943496950151 -0.992035358593258
4.92716760937688 -0.987564552165524
4.94490024925226 -0.98210931991498
4.96263288912764 -0.975675099735774
4.98036552900301 -0.968268305398507
4.99809816887839 -0.959896320156857
5.01583080875377 -0.950567489387783
5.03356344862915 -0.940291112272676
5.05129608850452 -0.92907743252773
5.0690287283799 -0.916937628192789
5.08676136825528 -0.903883800488823
5.10449400813065 -0.88992896175518
5.12222664800603 -0.875087022478594
5.13995928788141 -0.859372777426912
5.15769192775678 -0.842801890901351
5.17542456763216 -0.825390881121976
5.19315720750754 -0.807157103761985
5.21088984738291 -0.788118734647193
5.22862248725829 -0.768294751637971
5.24635512713367 -0.747704915711709
5.26408776700904 -0.72636975126464
5.28182040688442 -0.704310525652672
5.2995530467598 -0.681549227991633
5.31728568663518 -0.658108547238038
5.33501832651055 -0.634011849572239
5.35275096638593 -0.609283155106516
5.37048360626131 -0.583947113941306
5.38821624613668 -0.55802898159344
5.40594888601206 -0.531554593820902
5.42368152588744 -0.504550340869177
5.44141416576281 -0.477043141164889
5.45914680563819 -0.449060414482921
5.47687944551357 -0.420630054613784
5.49461208538894 -0.391780401558494
5.51234472526432 -0.362540213278625
5.5300773651397 -0.332938637029761
5.54781000501508 -0.303005180306872
5.56554264489045 -0.272769681430603
5.58327528476583 -0.242262279803783
5.60100792464121 -0.21151338586782
5.61874056451658 -0.180553650788902
5.63647320439196 -0.14941393590426
5.65420584426734 -0.118125281958909
5.67193848414271 -0.0867188781635507
5.68967112401809 -0.0552260311045075
5.70740376389347 -0.0236781335366245
5.72513640376884 0.00789336690971331
5.74286904364422 0.0394569990762536
5.7606016835196 0.0709812996480156
5.77833432339497 0.102434844516614
5.79606696327035 0.133786280104478
5.81379960314573 0.165004354618799
5.83153224302111 0.196057949203978
5.84926488289648 0.226916108961591
5.86699752277186 0.257548073806896
5.88473016264724 0.287923309131167
5.90246280252261 0.318011536239238
5.92019544239799 0.347782762531982
5.93792808227337 0.377207311403575
5.95566072214874 0.406255851823788
5.97339336202412 0.434899427575793
5.9911260018995 0.463109486120347
6.00885864177487 0.490857907057594
6.02659128165025 0.518117030158078
6.04432392152563 0.54485968293507
6.062056561401 0.571059207730695
6.07978920127638 0.596689488288856
6.09752184115176 0.621724975788495
6.11525448102714 0.64614071431121
6.13298712090251 0.669912365717856
6.15071976077789 0.693016233909331
6.16845240065327 0.715429288447371
6.18618504052864 0.737129187511779
6.20391768040402 0.758094300171245
6.2216503202794 0.77830372794553
6.23938296015477 0.79773732563752
6.25711560003015 0.816375721414399
6.27484823990553 0.834200336117917
6.2925808797809 0.851193401784494
6.31031351965628 0.867337979356715
6.32804615953166 0.882617975568547
6.34577879940703 0.897018158987463
6.36351143928241 0.910524175197462
6.38124407915779 0.923122561107861
6.39897671903317 0.934800758373598
6.41670935890854 0.945547125913667
6.43444199878392 0.955350951515195
6.4521746386593 0.964202462511612
6.46990727853467 0.972092835524257
6.48763991841005 0.979014205257714
6.50537255828543 0.984959672340111
6.5231051981608 0.989923310200557
6.54083783803618 0.993900170976888
6.55857047791156 0.996886290447793
6.57630311778694 0.998878691984444
6.59403575766231 0.999875389517657
6.61176839753769 0.999875389517657
6.62950103741307 0.998878691984444
6.64723367728844 0.996886290447793
6.66496631716382 0.993900170976888
6.6826989570392 0.989923310200557
6.70043159691457 0.984959672340111
6.71816423678995 0.979014205257714
6.73589687666533 0.972092835524257
6.7536295165407 0.964202462511612
6.77136215641608 0.955350951515195
6.78909479629146 0.945547125913667
6.80682743616683 0.934800758373598
6.82456007604221 0.923122561107861
6.84229271591759 0.910524175197462
6.86002535579297 0.897018158987463
6.87775799566834 0.882617975568547
6.89549063554372 0.867337979356715
6.9132232754191 0.851193401784495
6.93095591529447 0.834200336117918
6.94868855516985 0.816375721414399
6.96642119504523 0.797737325637519
6.9841538349206 0.77830372794553
7.00188647479598 0.758094300171246
7.01961911467136 0.737129187511779
7.03735175454673 0.715429288447372
7.05508439442211 0.693016233909332
7.07281703429749 0.669912365717854
7.09054967417286 0.64614071431121
7.10828231404824 0.621724975788496
7.12601495392362 0.596689488288855
7.143747593799 0.571059207730695
7.16148023367437 0.544859682935071
7.17921287354975 0.518117030158077
7.19694551342513 0.490857907057594
7.2146781533005 0.463109486120349
7.23241079317588 0.434899427575793
7.25014343305126 0.406255851823789
7.26787607292663 0.377207311403576
7.28560871280201 0.347782762531982
7.30334135267739 0.318011536239238
7.32107399255276 0.287923309131167
7.33880663242814 0.257548073806897
7.35653927230352 0.22691610896159
7.37427191217889 0.196057949203978
7.39200455205427 0.165004354618799
7.40973719192965 0.133786280104479
7.42746983180503 0.102434844516614
7.4452024716804 0.070981299648018
7.46293511155578 0.0394569990762536
7.48066775143116 0.00789336690971289
7.49840039130653 -0.023678133536623
7.51613303118191 -0.0552260311045093
7.53386567105729 -0.0867188781635505
7.55159831093266 -0.118125281958908
7.56933095080804 -0.149413935904262
7.58706359068342 -0.180553650788902
7.60479623055879 -0.211513385867818
7.62252887043417 -0.242262279803783
7.64026151030955 -0.272769681430603
7.65799415018492 -0.303005180306871
7.6757267900603 -0.332938637029762
7.69345942993568 -0.362540213278624
7.71119206981106 -0.391780401558492
7.72892470968643 -0.420630054613784
7.74665734956181 -0.449060414482921
7.76438998943719 -0.47704314116489
7.78212262931256 -0.504550340869177
7.79985526918794 -0.531554593820902
7.81758790906332 -0.558028981593439
7.83532054893869 -0.583947113941306
7.85305318881407 -0.609283155106515
7.87078582868945 -0.634011849572238
7.88851846856482 -0.658108547238037
7.9062511084402 -0.681549227991634
7.92398374831558 -0.704310525652672
7.94171638819096 -0.72636975126464
7.95944902806633 -0.747704915711709
7.97718166794171 -0.768294751637971
7.99491430781709 -0.788118734647191
8.01264694769246 -0.807157103761986
8.03037958756784 -0.825390881121976
8.04811222744322 -0.84280189090135
8.06584486731859 -0.859372777426913
8.08357750719397 -0.875087022478594
8.10131014706935 -0.88992896175518
8.11904278694472 -0.903883800488824
8.1367754268201 -0.916937628192789
8.15450806669548 -0.92907743252773
8.17224070657085 -0.940291112272675
8.18997334644623 -0.950567489387783
8.20770598632161 -0.959896320156857
8.22543862619699 -0.968268305398508
8.24317126607236 -0.975675099735774
8.26090390594774 -0.98210931991498
8.27863654582312 -0.987564552165523
8.29636918569849 -0.992035358593258
8.31410182557387 -0.995517282601106
8.33183446544925 -0.998006853331493
8.34956710532462 -0.999501589126174
8.3672997452 -1
8.37626989817588 -0.999501589126174
8.38524005115176 -0.998006853331493
8.39421020412764 -0.995517282601106
8.40318035710352 -0.992035358593258
8.4121505100794 -0.987564552165523
8.42112066305528 -0.982109319914981
8.43009081603116 -0.975675099735774
8.43906096900704 -0.968268305398507
8.44803112198291 -0.959896320156857
8.45700127495879 -0.950567489387784
8.46597142793467 -0.940291112272675
8.47494158091055 -0.929077432527731
8.48391173388643 -0.916937628192788
8.49288188686231 -0.903883800488823
8.50185203983819 -0.889928961755181
8.51082219281407 -0.875087022478592
8.51979234578995 -0.859372777426912
8.52876249876583 -0.842801890901351
8.53773265174171 -0.825390881121975
8.54670280471759 -0.807157103761985
8.55567295769347 -0.788118734647193
8.56464311066935 -0.768294751637969
8.57361326364523 -0.747704915711709
8.58258341662111 -0.726369751264641
8.59155356959699 -0.704310525652671
8.60052372257286 -0.681549227991634
8.60949387554874 -0.658108547238039
8.61846402852462 -0.634011849572237
8.6274341815005 -0.609283155106517
8.63640433447638 -0.583947113941308
8.64537448745226 -0.558028981593439
8.65434464042814 -0.531554593820902
8.66331479340402 -0.50455034086918
8.6722849463799 -0.477043141164889
8.68125509935578 -0.449060414482921
8.69022525233166 -0.420630054613787
8.69919540530754 -0.391780401558492
8.70816555828342 -0.362540213278626
8.7171357112593 -0.332938637029764
8.72610586423518 -0.303005180306872
8.73507601721106 -0.272769681430604
8.74404617018694 -0.242262279803781
8.75301632316281 -0.211513385867818
8.76198647613869 -0.180553650788904
8.77095662911457 -0.149413935904259
8.77992678209045 -0.118125281958908
8.78889693506633 -0.0867188781635527
8.79786708804221 -0.0552260311045059
8.80683724101809 -0.0236781335366239
8.81580739399397 0.00789336690971109
8.82477754696985 0.0394569990762547
8.83374769994573 0.0709812996480156
8.84271785292161 0.102434844516611
8.85168800589749 0.133786280104481
8.86065815887337 0.165004354618799
8.86962831184925 0.196057949203975
8.87859846482513 0.226916108961592
8.887568617801 0.257548073806896
8.89653877077688 0.287923309131164
8.90550892375276 0.318011536239239
8.91447907672864 0.347782762531982
8.92344922970452 0.377207311403579
8.9324193826804 0.40625585182379
8.94138953565628 0.434899427575792
8.95035968863216 0.46310948612035
8.95932984160804 0.490857907057594
8.96829999458392 0.518117030158076
8.9772701475598 0.544859682935072
8.98624030053568 0.571059207730695
8.99521045351156 0.596689488288854
9.00418060648744 0.621724975788497
9.01315075946332 0.64614071431121
9.0221209124392 0.669912365717854
9.03109106541508 0.693016233909333
9.04006121839095 0.715429288447371
9.04903137136683 0.737129187511777
9.05800152434271 0.758094300171247
9.06697167731859 0.77830372794553
9.07594183029447 0.797737325637518
9.08491198327035 0.8163757214144
9.09388213624623 0.834200336117917
9.10285228922211 0.851193401784493
9.11182244219799 0.867337979356715
9.12079259517387 0.882617975568546
9.12976274814975 0.897018158987462
9.13873290112563 0.910524175197463
9.14770305410151 0.92312256110786
9.15667320707739 0.934800758373597
9.16564336005327 0.945547125913667
9.17461351302915 0.955350951515194
9.18358366600503 0.964202462511612
9.1925538189809 0.972092835524257
9.20152397195678 0.979014205257714
9.21049412493266 0.984959672340111
9.21946427790854 0.989923310200557
9.22843443088442 0.993900170976888
9.2374045838603 0.996886290447793
9.24637473683618 0.998878691984444
9.25534488981206 0.999875389517657
9.26431504278794 0.999875389517657
9.27328519576382 0.998878691984444
9.2822553487397 0.996886290447793
9.29122550171558 0.993900170976888
9.30019565469146 0.989923310200557
9.30916580766734 0.984959672340111
9.31813596064322 0.979014205257714
9.3271061136191 0.972092835524257
9.33607626659497 0.964202462511612
9.34504641957085 0.955350951515194
9.35401657254673 0.945547125913667
9.36298672552261 0.9348007583736
9.37195687849849 0.92312256110786
9.38092703147437 0.910524175197463
9.38989718445025 0.897018158987462
9.39886733742613 0.882617975568547
9.40783749040201 0.867337979356716
9.41680764337789 0.851193401784493
9.42577779635377 0.834200336117917
9.43474794932965 0.8163757214144
9.44371810230553 0.797737325637518
9.45268825528141 0.77830372794553
9.46165840825729 0.758094300171247
9.47062856123317 0.737129187511777
9.47959871420904 0.715429288447371
9.48856886718492 0.693016233909333
9.4975390201608 0.669912365717854
9.50650917313668 0.64614071431121
9.51547932611256 0.621724975788497
9.52444947908844 0.596689488288855
9.53341963206432 0.571059207730696
9.5423897850402 0.544859682935073
9.55135993801608 0.518117030158076
9.56033009099196 0.490857907057595
9.56930024396784 0.463109486120351
9.57827039694372 0.434899427575792
9.5872405499196 0.40625585182379
9.59621070289548 0.377207311403579
9.60518085587136 0.347782762531982
9.61415100884724 0.31801153623924
9.62312116182311 0.28792330913117
9.63209131479899 0.257548073806896
9.64106146777487 0.226916108961592
9.65003162075075 0.196057949203976
9.65900177372663 0.1650043546188
9.66797192670251 0.133786280104481
9.67694207967839 0.10243484451661
9.68591223265427 0.0709812996480162
9.69488238563015 0.0394569990762554
9.70385253860603 0.00789336690971111
9.71282269158191 -0.0236781335366239
9.72179284455779 -0.0552260311045066
9.73076299753367 -0.0867188781635523
9.73973315050955 -0.118125281958908
9.74870330348543 -0.149413935904259
9.75767345646131 -0.180553650788904
9.76664360943719 -0.211513385867818
9.77561376241306 -0.24226227980378
9.78458391538894 -0.272769681430604
9.79355406836482 -0.303005180306871
9.8025242213407 -0.332938637029764
9.81149437431658 -0.362540213278626
9.82046452729246 -0.391780401558492
9.82943468026834 -0.420630054613787
9.83840483324422 -0.449060414482921
9.8473749862201 -0.477043141164888
9.85634513919598 -0.504550340869179
9.86531529217186 -0.531554593820901
9.87428544514774 -0.558028981593438
9.88325559812362 -0.583947113941309
9.8922257510995 -0.609283155106517
9.90119590407538 -0.634011849572237
9.91016605705126 -0.658108547238039
9.91913621002714 -0.681549227991634
9.92810636300301 -0.704310525652671
9.93707651597889 -0.726369751264641
9.94604666895477 -0.747704915711709
9.95501682193065 -0.768294751637969
9.96398697490653 -0.788118734647194
9.97295712788241 -0.807157103761985
9.98192728085829 -0.825390881121975
9.99089743383417 -0.842801890901351
9.99986758681005 -0.859372777426911
10.0088377397859 -0.875087022478592
10.0178078927618 -0.889928961755181
10.0267780457377 -0.903883800488823
10.0357481987136 -0.916937628192787
10.0447183516894 -0.929077432527731
10.0536885046653 -0.940291112272675
10.0626586576412 -0.950567489387782
10.0716288106171 -0.959896320156857
10.080598963593 -0.968268305398507
10.0895691165688 -0.975675099735774
10.0985392695447 -0.982109319914981
10.1075094225206 -0.987564552165523
10.1164795754965 -0.992035358593258
10.1254497284724 -0.995517282601106
10.1344198814482 -0.998006853331493
10.1433900344241 -0.999501589126174
10.1523601874 -1
10.1695251616236 -0.999501589126174
10.1866901358472 -0.998006853331493
10.2038551100709 -0.995517282601106
10.2210200842945 -0.992035358593258
10.2381850585181 -0.987564552165524
10.2553500327417 -0.98210931991498
10.2725150069653 -0.975675099735773
10.2896799811889 -0.968268305398507
10.3068449554126 -0.959896320156857
10.3240099296362 -0.950567489387783
10.3411749038598 -0.940291112272676
10.3583398780834 -0.92907743252773
10.375504852307 -0.916937628192788
10.3926698265307 -0.903883800488823
10.4098348007543 -0.889928961755181
10.4269997749779 -0.875087022478594
10.4441647492015 -0.859372777426912
10.4613297234251 -0.84280189090135
10.4784946976487 -0.825390881121976
10.4956596718724 -0.807157103761985
10.512824646096 -0.788118734647193
10.5299896203196 -0.768294751637971
10.5471545945432 -0.747704915711709
10.5643195687668 -0.726369751264639
10.5814845429905 -0.704310525652672
10.5986495172141 -0.681549227991633
10.6158144914377 -0.658108547238039
10.6329794656613 -0.634011849572239
10.6501444398849 -0.609283155106517
10.6673094141085 -0.583947113941306
10.6844743883322 -0.558028981593439
10.7016393625558 -0.5315545938209
10.7188043367794 -0.504550340869178
10.735969311003 -0.47704314116489
10.7531342852266 -0.44906041448292
10.7702992594503 -0.420630054613784
10.7874642336739 -0.391780401558492
10.8046292078975 -0.362540213278623
10.8217941821211 -0.332938637029762
10.8389591563447 -0.303005180306873
10.8561241305683 -0.272769681430603
10.873289104792 -0.242262279803783
10.8904540790156 -0.211513385867818
10.9076190532392 -0.180553650788904
10.9247840274628 -0.149413935904262
10.9419490016864 -0.118125281958908
10.95911397591 -0.0867188781635507
10.9762789501337 -0.0552260311045075
10.9934439243573 -0.0236781335366228
11.0106088985809 0.00789336690971486
11.0277738728045 0.0394569990762518
11.0449388470281 0.0709812996480153
11.0621038212518 0.102434844516614
11.0792687954754 0.13378628010448
11.096433769699 0.1650043546188
11.1135987439226 0.196057949203976
11.1307637181462 0.226916108961589
11.1479286923698 0.257548073806896
11.1650936665935 0.287923309131167
11.1822586408171 0.318011536239239
11.1994236150407 0.347782762531984
11.2165885892643 0.377207311403575
11.2337535634879 0.406255851823788
11.2509185377116 0.434899427575793
11.2680835119352 0.463109486120348
11.2852484861588 0.490857907057594
11.3024134603824 0.518117030158079
11.319578434606 0.544859682935069
11.3367434088296 0.571059207730694
11.3539083830533 0.596689488288856
11.3710733572769 0.621724975788495
11.3882383315005 0.646140714311211
11.4054033057241 0.669912365717856
11.4225682799477 0.693016233909331
11.4397332541714 0.715429288447371
11.456898228395 0.737129187511779
11.4740632026186 0.758094300171246
11.4912281768422 0.778303727945531
11.5083931510658 0.79773732563752
11.5255581252894 0.816375721414398
11.5427230995131 0.834200336117917
11.5598880737367 0.851193401784495
11.5770530479603 0.867337979356715
11.5942180221839 0.882617975568547
11.6113829964075 0.897018158987464
11.6285479706312 0.910524175197462
11.6457129448548 0.923122561107861
11.6628779190784 0.934800758373598
11.680042893302 0.945547125913667
11.6972078675256 0.955350951515195
11.7143728417492 0.964202462511611
11.7315378159729 0.972092835524257
11.7487027901965 0.979014205257714
11.7658677644201 0.984959672340111
11.7830327386437 0.989923310200557
11.8001977128673 0.993900170976888
11.817362687091 0.996886290447793
11.8345276613146 0.998878691984444
11.8516926355382 0.999875389517657
11.8688576097618 0.999875389517657
11.8860225839854 0.998878691984444
11.903187558209 0.996886290447793
11.9203525324327 0.993900170976888
11.9375175066563 0.989923310200557
11.9546824808799 0.984959672340111
11.9718474551035 0.979014205257714
11.9890124293271 0.972092835524257
12.0061774035508 0.964202462511611
12.0233423777744 0.955350951515195
12.040507351998 0.945547125913667
12.0576723262216 0.934800758373598
12.0748373004452 0.923122561107861
12.0920022746688 0.910524175197462
12.1091672488925 0.897018158987464
12.1263322231161 0.882617975568547
12.1434971973397 0.867337979356715
12.1606621715633 0.851193401784495
12.1778271457869 0.834200336117917
12.1949921200106 0.816375721414399
12.2121570942342 0.797737325637518
12.2293220684578 0.77830372794553
12.2464870426814 0.758094300171246
12.263652016905 0.737129187511779
12.2808169911286 0.715429288447371
12.2979819653523 0.693016233909331
12.3151469395759 0.669912365717856
12.3323119137995 0.646140714311211
12.3494768880231 0.621724975788496
12.3666418622467 0.596689488288856
12.3838068364704 0.571059207730694
12.400971810694 0.54485968293507
12.4181367849176 0.518117030158076
12.4353017591412 0.490857907057595
12.4524667333648 0.463109486120348
12.4696317075884 0.434899427575793
12.4867966818121 0.406255851823788
12.5039616560357 0.377207311403578
12.5211266302593 0.347782762531984
12.5382916044829 0.318011536239239
12.5554565787065 0.287923309131167
12.5726215529302 0.257548073806896
12.5897865271538 0.22691610896159
12.6069515013774 0.196057949203976
12.624116475601 0.165004354618797
12.6412814498246 0.13378628010448
12.6584464240482 0.102434844516614
12.6756113982719 0.0709812996480153
12.6927763724955 0.0394569990762518
12.7099413467191 0.00789336690971467
12.7271063209427 -0.023678133536623
12.7442712951663 -0.0552260311045075
12.76143626939 -0.0867188781635505
12.7786012436136 -0.118125281958908
12.7957662178372 -0.149413935904261
12.8129311920608 -0.180553650788904
12.8300961662844 -0.211513385867818
12.847261140508 -0.242262279803782
12.8644261147317 -0.272769681430602
12.8815910889553 -0.303005180306873
12.8987560631789 -0.332938637029762
12.9159210374025 -0.362540213278622
12.9330860116261 -0.391780401558491
12.9502509858497 -0.420630054613784
12.9674159600734 -0.449060414482921
12.984580934297 -0.47704314116489
13.0017459085206 -0.504550340869178
13.0189108827442 -0.531554593820903
13.0360758569678 -0.558028981593442
13.0532408311915 -0.583947113941306
13.0704058054151 -0.609283155106517
13.0875707796387 -0.634011849572239
13.1047357538623 -0.658108547238038
13.1219007280859 -0.681549227991633
13.1390657023095 -0.704310525652671
13.1562306765332 -0.726369751264639
13.1733956507568 -0.747704915711709
13.1905606249804 -0.768294751637971
13.207725599204 -0.788118734647194
13.2248905734276 -0.807157103761987
13.2420555476513 -0.825390881121976
13.2592205218749 -0.84280189090135
13.2763854960985 -0.859372777426912
13.2935504703221 -0.875087022478594
13.3107154445457 -0.889928961755179
13.3278804187693 -0.903883800488823
13.345045392993 -0.916937628192789
13.3622103672166 -0.92907743252773
13.3793753414402 -0.940291112272676
13.3965403156638 -0.950567489387783
13.4137052898874 -0.959896320156857
13.4308702641111 -0.968268305398507
13.4480352383347 -0.975675099735773
13.4652002125583 -0.98210931991498
13.4823651867819 -0.987564552165524
13.4995301610055 -0.992035358593258
13.5166951352291 -0.995517282601106
13.5338601094528 -0.998006853331493
13.5510250836764 -0.999501589126174
13.5681900579 -1
13.5772934732101 -0.999501589126174
13.5863968885201 -0.998006853331494
13.5955003038302 -0.995517282601106
13.6046037191402 -0.992035358593257
13.6137071344503 -0.987564552165524
13.6228105497603 -0.98210931991498
13.6319139650704 -0.975675099735773
13.6410173803804 -0.968268305398508
13.6501207956905 -0.959896320156857
13.6592242110005 -0.950567489387784
13.6683276263106 -0.940291112272676
13.6774310416206 -0.92907743252773
13.6865344569307 -0.91693762819279
13.6956378722407 -0.903883800488824
13.7047412875508 -0.889928961755179
13.7138447028608 -0.875087022478595
13.7229481181709 -0.859372777426912
13.7320515334809 -0.842801890901349
13.741154948791 -0.825390881121977
13.750258364101 -0.807157103761985
13.7593617794111 -0.788118734647194
13.7684651947211 -0.768294751637971
13.7775686100312 -0.747704915711708
13.7866720253412 -0.726369751264641
13.7957754406513 -0.704310525652672
13.8048788559613 -0.681549227991633
13.8139822712714 -0.658108547238039
13.8230856865814 -0.634011849572239
13.8321891018915 -0.609283155106515
13.8412925172015 -0.583947113941308
13.8503959325116 -0.55802898159344
13.8594993478216 -0.531554593820899
13.8686027631317 -0.504550340869179
13.8777061784417 -0.477043141164889
13.8868095937518 -0.449060414482917
13.8959130090618 -0.420630054613785
13.9050164243719 -0.391780401558492
13.9141198396819 -0.362540213278627
13.923223254992 -0.332938637029762
13.932326670302 -0.303005180306871
13.9414300856121 -0.272769681430606
13.9505335009221 -0.242262279803783
13.9596369162322 -0.211513385867817
13.9687403315422 -0.180553650788904
13.9778437468523 -0.149413935904261
13.9869471621623 -0.118125281958906
13.9960505774724 -0.0867188781635523
14.0051539927824 -0.0552260311045073
14.0142574080925 -0.0236781335366272
14.0233608234025 0.0078933669097122
14.0324642387126 0.0394569990762538
14.0415676540226 0.0709812996480131
14.0506710693327 0.102434844516613
14.0597744846427 0.133786280104481
14.0688778999528 0.165004354618797
14.0779813152628 0.196057949203978
14.0870847305729 0.226916108961592
14.0961881458829 0.257548073806895
14.105291561193 0.287923309131167
14.114394976503 0.318011536239241
14.1234983918131 0.347782762531981
14.1326018071231 0.377207311403577
14.1417052224332 0.406255851823792
14.1508086377432 0.434899427575792
14.1599120530533 0.463109486120349
14.1690154683633 0.490857907057591
14.1781188836734 0.518117030158077
14.1872222989834 0.544859682935072
14.1963257142935 0.571059207730693
14.2054291296035 0.596689488288856
14.2145325449136 0.621724975788497
14.2236359602236 0.646140714311208
14.2327393755337 0.669912365717855
14.2418427908437 0.693016233909333
14.2509462061538 0.71542928844737
14.2600496214638 0.737129187511779
14.2691530367739 0.758094300171243
14.2782564520839 0.778303727945529
14.287359867394 0.79773732563752
14.296463282704 0.816375721414398
14.3055666980141 0.834200336117917
14.3146701133241 0.851193401784495
14.3237735286342 0.867337979356713
14.3328769439442 0.882617975568547
14.3419803592543 0.897018158987464
14.3510837745643 0.910524175197461
14.3601871898744 0.923122561107861
14.3692906051844 0.934800758373599
14.3783940204945 0.945547125913667
14.3874974358045 0.955350951515195
14.3966008511146 0.964202462511613
14.4057042664246 0.972092835524257
14.4148076817347 0.979014205257715
14.4239110970447 0.98495967234011
14.4330145123548 0.989923310200557
14.4421179276648 0.993900170976888
14.4512213429749 0.996886290447793
14.4603247582849 0.998878691984444
14.469428173595 0.999875389517657
14.478531588905 0.999875389517657
14.4876350042151 0.998878691984444
14.4967384195251 0.996886290447793
14.5058418348352 0.993900170976888
14.5149452501452 0.989923310200557
14.5240486654553 0.98495967234011
14.5331520807653 0.979014205257715
14.5422554960754 0.972092835524257
14.5513589113854 0.964202462511611
14.5604623266955 0.955350951515195
14.5695657420055 0.945547125913667
14.5786691573156 0.934800758373599
14.5877725726256 0.923122561107861
14.5968759879357 0.910524175197461
14.6059794032457 0.897018158987464
14.6150828185558 0.882617975568547
14.6241862338658 0.867337979356714
14.6332896491759 0.851193401784496
14.6423930644859 0.834200336117917
14.651496479796 0.816375721414398
14.660599895106 0.79773732563752
14.6697033104161 0.778303727945529
14.6788067257261 0.758094300171247
14.6879101410362 0.73712918751178
14.6970135563462 0.71542928844737
14.7061169716563 0.693016233909334
14.7152203869663 0.669912365717855
14.7243238022764 0.646140714311209
14.7334272175864 0.621724975788497
14.7425306328965 0.596689488288856
14.7516340482065 0.571059207730693
14.7607374635166 0.544859682935072
14.7698408788266 0.518117030158077
14.7789442941367 0.490857907057591
14.7880477094467 0.463109486120349
14.7971511247568 0.434899427575792
14.8062545400668 0.406255851823792
14.8153579553769 0.377207311403577
14.8244613706869 0.347782762531981
14.833564785997 0.31801153623924
14.842668201307 0.287923309131167
14.8517716166171 0.257548073806895
14.8608750319271 0.226916108961593
14.8699784472372 0.196057949203978
14.8790818625472 0.165004354618803
14.8881852778573 0.13378628010448
14.8972886931673 0.102434844516613
14.9063921084774 0.0709812996480136
14.9154955237874 0.0394569990762536
14.9245989390975 0.00789336690971289
14.9337023544075 -0.0236781335366212
14.9428057697176 -0.0552260311045075
14.9519091850276 -0.0867188781635523
14.9610126003377 -0.118125281958911
14.9701160156477 -0.14941393590426
14.9792194309578 -0.180553650788904
14.9883228462678 -0.211513385867817
14.9974262615779 -0.242262279803783
15.0065296768879 -0.272769681430605
15.015633092198 -0.303005180306871
15.024736507508 -0.332938637029761
15.0338399228181 -0.362540213278627
15.0429433381281 -0.391780401558491
15.0520467534382 -0.420630054613784
15.0611501687482 -0.449060414482923
15.0702535840583 -0.477043141164889
15.0793569993683 -0.504550340869178
15.0884604146784 -0.531554593820899
15.0975638299884 -0.55802898159344
15.1066672452985 -0.583947113941307
15.1157706606085 -0.609283155106515
15.1248740759186 -0.634011849572239
15.1339774912286 -0.658108547238039
15.1430809065387 -0.681549227991633
15.1521843218487 -0.704310525652672
15.1612877371588 -0.726369751264641
15.1703911524688 -0.747704915711708
15.1794945677789 -0.768294751637971
15.1885979830889 -0.788118734647191
15.197701398399 -0.807157103761985
15.206804813709 -0.825390881121977
15.2159082290191 -0.842801890901349
15.2250116443291 -0.859372777426912
15.2341150596392 -0.875087022478594
15.2432184749492 -0.889928961755179
15.2523218902593 -0.903883800488824
15.2614253055693 -0.916937628192789
15.2705287208794 -0.92907743252773
15.2796321361894 -0.940291112272676
15.2887355514995 -0.950567489387784
15.2978389668095 -0.959896320156857
15.3069423821196 -0.968268305398507
15.3160457974296 -0.975675099735774
15.3251492127397 -0.98210931991498
15.3342526280497 -0.987564552165524
15.3433560433598 -0.992035358593258
15.3524594586698 -0.995517282601106
15.3615628739799 -0.998006853331493
15.3706662892899 -0.999501589126174
15.3797697046 -1
15.396138853107 -0.999501589126174
15.4125080016141 -0.998006853331493
15.4288771501211 -0.995517282601106
15.4452462986281 -0.992035358593258
15.4616154471352 -0.987564552165524
15.4779845956422 -0.98210931991498
15.4943537441492 -0.975675099735774
15.5107228926563 -0.968268305398507
15.5270920411633 -0.959896320156857
15.5434611896704 -0.950567489387783
15.5598303381774 -0.940291112272675
15.5761994866844 -0.92907743252773
15.5925686351915 -0.916937628192789
15.6089377836985 -0.903883800488823
15.6253069322055 -0.88992896175518
15.6416760807126 -0.875087022478594
15.6580452292196 -0.859372777426912
15.6744143777266 -0.84280189090135
15.6907835262337 -0.825390881121976
15.7071526747407 -0.807157103761985
15.7235218232477 -0.788118734647192
15.7398909717548 -0.768294751637971
15.7562601202618 -0.747704915711709
15.7726292687688 -0.726369751264639
15.7889984172759 -0.704310525652672
15.8053675657829 -0.681549227991634
15.8217367142899 -0.658108547238037
15.838105862797 -0.634011849572238
15.854475011304 -0.609283155106516
15.8708441598111 -0.583947113941306
15.8872133083181 -0.55802898159344
15.9035824568251 -0.531554593820901
15.9199516053322 -0.504550340869177
15.9363207538392 -0.477043141164889
15.9526899023462 -0.44906041448292
15.9690590508533 -0.420630054613784
15.9854281993603 -0.391780401558493
16.0017973478673 -0.362540213278627
16.0181664963744 -0.332938637029764
16.0345356448814 -0.303005180306875
16.0509047933884 -0.272769681430606
16.0672739418955 -0.242262279803786
16.0836430904025 -0.211513385867822
16.1000122389095 -0.180553650788905
16.1163813874166 -0.149413935904264
16.1327505359236 -0.11812528195891
16.1491196844307 -0.0867188781635534
16.1654888329377 -0.0552260311045108
16.1818579814447 -0.0236781335366265
16.1982271299518 0.00789336690971065
16.2145962784588 0.03945699907625
16.2309654269658 0.0709812996480136
16.2473345754729 0.102434844516611
16.2637037239799 0.133786280104477
16.2800728724869 0.165004354618797
16.296442020994 0.196057949203976
16.312811169501 0.226916108961588
16.329180318008 0.257548073806894
16.3455494665151 0.287923309131164
16.3619186150221 0.318011536239236
16.3782877635291 0.34778276253198
16.3946569120362 0.377207311403574
16.4110260605432 0.406255851823787
16.4273952090502 0.434899427575791
16.4437643575573 0.463109486120346
16.4601335060643 0.490857907057592
16.4765026545714 0.518117030158075
16.4928718030784 0.544859682935069
16.5092409515854 0.571059207730693
16.5256101000925 0.596689488288854
16.5419792485995 0.621724975788493
16.5583483971065 0.646140714311208
16.5747175456136 0.669912365717853
16.5910866941206 0.69301623390933
16.6074558426276 0.71542928844737
16.6238249911347 0.737129187511777
16.6401941396417 0.758094300171244
16.6565632881487 0.778303727945529
16.6729324366558 0.797737325637518
16.6893015851628 0.816375721414398
16.7056707336698 0.834200336117916
16.7220398821769 0.851193401784493
16.7384090306839 0.867337979356713
16.754778179191 0.882617975568546
16.771147327698 0.897018158987463
16.787516476205 0.910524175197461
16.8038856247121 0.92312256110786
16.8202547732191 0.934800758373598
16.8366239217261 0.945547125913666
16.8529930702332 0.955350951515194
16.8693622187402 0.964202462511611
16.8857313672472 0.972092835524257
16.9021005157543 0.979014205257714
16.9184696642613 0.98495967234011
16.9348388127683 0.989923310200557
16.9512079612754 0.993900170976888
16.9675771097824 0.996886290447793
16.9839462582894 0.998878691984444
17.0003154067965 0.999875389517657
17.0166845553035 0.999875389517657
17.0330537038106 0.998878691984444
17.0494228523176 0.996886290447793
17.0657920008246 0.993900170976888
17.0821611493317 0.989923310200557
17.0985302978387 0.984959672340111
17.1148994463457 0.979014205257715
17.1312685948528 0.972092835524257
17.1476377433598 0.964202462511612
17.1640068918668 0.955350951515195
17.1803760403739 0.945547125913668
17.1967451888809 0.934800758373599
17.2131143373879 0.923122561107861
17.229483485895 0.910524175197463
17.245852634402 0.897018158987464
17.262221782909 0.882617975568547
17.2785909314161 0.867337979356715
17.2949600799231 0.851193401784495
17.3113292284302 0.834200336117918
17.3276983769372 0.8163757214144
17.3440675254442 0.79773732563752
17.3604366739513 0.778303727945531
17.3768058224583 0.758094300171246
17.3931749709653 0.73712918751178
17.4095441194724 0.715429288447372
17.4259132679794 0.693016233909333
17.4422824164864 0.669912365717856
17.4586515649935 0.646140714311211
17.4750207135005 0.621724975788496
17.4913898620075 0.596689488288857
17.5077590105146 0.571059207730696
17.5241281590216 0.544859682935072
17.5404973075286 0.518117030158079
17.5568664560357 0.490857907057595
17.5732356045427 0.463109486120349
17.5896047530497 0.434899427575794
17.6059739015568 0.40625585182379
17.6223430500638 0.377207311403577
17.6387121985709 0.347782762531984
17.6550813470779 0.318011536239239
17.6714504955849 0.287923309131167
17.687819644092 0.257548073806897
17.704188792599 0.226916108961591
17.720557941106 0.196057949203979
17.7369270896131 0.165004354618801
17.7532962381201 0.13378628010448
17.7696653866271 0.102434844516614
17.7860345351342 0.0709812996480171
17.8024036836412 0.0394569990762536
17.8187728321482 0.00789336690971467
17.8351419806553 -0.023678133536623
17.8515111291623 -0.0552260311045075
17.8678802776693 -0.0867188781635496
17.8842494261764 -0.118125281958907
17.9006185746834 -0.14941393590426
17.9169877231905 -0.180553650788901
17.9333568716975 -0.211513385867818
17.9497260202045 -0.242262279803783
17.9660951687116 -0.272769681430602
17.9824643172186 -0.303005180306872
17.9988334657256 -0.33293863702976
18.0152026142327 -0.362540213278624
18.0315717627397 -0.391780401558492
18.0479409112467 -0.420630054613784
18.0643100597538 -0.449060414482919
18.0806792082608 -0.477043141164889
18.0970483567678 -0.504550340869177
18.1134175052749 -0.531554593820901
18.1297866537819 -0.558028981593439
18.1461558022889 -0.583947113941306
18.162524950796 -0.609283155106516
18.178894099303 -0.634011849572238
18.1952632478101 -0.658108547238037
18.2116323963171 -0.681549227991633
18.2280015448241 -0.704310525652671
18.2443706933312 -0.726369751264639
18.2607398418382 -0.747704915711709
18.2771089903452 -0.76829475163797
18.2934781388523 -0.788118734647192
18.3098472873593 -0.807157103761985
18.3262164358663 -0.825390881121976
18.3425855843734 -0.84280189090135
18.3589547328804 -0.859372777426912
18.3753238813874 -0.875087022478593
18.3916930298945 -0.88992896175518
18.4080621784015 -0.903883800488823
18.4244313269085 -0.916937628192789
18.4408004754156 -0.92907743252773
18.4571696239226 -0.940291112272675
18.4735387724296 -0.950567489387782
18.4899079209367 -0.959896320156857
18.5062770694437 -0.968268305398507
18.5226462179508 -0.975675099735774
18.5390153664578 -0.98210931991498
18.5553845149648 -0.987564552165524
18.5717536634719 -0.992035358593258
18.5881228119789 -0.995517282601106
18.6044919604859 -0.998006853331493
18.620861108993 -0.999501589126174
18.6372302575 -1
18.653795912796 -0.999501589126174
18.670361568092 -0.998006853331494
18.6869272233879 -0.995517282601106
18.7034928786839 -0.992035358593258
18.7200585339799 -0.987564552165524
18.7366241892759 -0.982109319914981
18.7531898445719 -0.975675099735773
18.7697554998678 -0.968268305398507
18.7863211551638 -0.959896320156858
18.8028868104598 -0.950567489387783
18.8194524657558 -0.940291112272675
18.8360181210518 -0.929077432527731
18.8525837763477 -0.916937628192789
18.8691494316437 -0.903883800488823
18.8857150869397 -0.889928961755182
18.9022807422357 -0.875087022478594
18.9188463975317 -0.859372777426912
18.9354120528276 -0.842801890901349
18.9519777081236 -0.825390881121977
18.9685433634196 -0.807157103761985
18.9851090187156 -0.788118734647191
19.0016746740116 -0.768294751637972
19.0182403293075 -0.747704915711709
19.0348059846035 -0.726369751264638
19.0513716398995 -0.704310525652674
19.0679372951955 -0.681549227991635
19.0845029504915 -0.658108547238037
19.1010686057874 -0.634011849572236
19.1176342610834 -0.609283155106518
19.1341999163794 -0.583947113941306
19.1507655716754 -0.558028981593438
19.1673312269714 -0.531554593820904
19.1838968822673 -0.504550340869178
19.2004625375633 -0.477043141164888
19.2170281928593 -0.449060414482923
19.2335938481553 -0.420630054613785
19.2501595034513 -0.391780401558492
19.2667251587472 -0.362540213278622
19.2832908140432 -0.332938637029763
19.2998564693392 -0.303005180306873
19.3164221246352 -0.272769681430601
19.3329877799312 -0.242262279803786
19.3495534352271 -0.21151338586782
19.3661190905231 -0.1805536507889
19.3826847458191 -0.149413935904264
19.3992504011151 -0.118125281958909
19.4158160564111 -0.0867188781635498
19.432381711707 -0.0552260311045048
19.448947367003 -0.0236781335366257
19.465513022299 0.00789336690971375
19.482078677595 0.0394569990762551
19.498644332891 0.0709812996480136
19.5152099881869 0.102434844516613
19.5317756434829 0.133786280104481
19.5483412987789 0.165004354618796
19.5649069540749 0.196057949203977
19.5814726093709 0.226916108961591
19.5980382646668 0.2575480738069
19.6146039199628 0.287923309131165
19.6311695752588 0.318011536239239
19.6477352305548 0.347782762531985
19.6643008858508 0.377207311403574
19.6808665411467 0.406255851823789
19.6974321964427 0.434899427575795
19.7139978517387 0.463109486120345
19.7305635070347 0.490857907057593
19.7471291623307 0.518117030158079
19.7636948176266 0.544859682935073
19.7802604729226 0.571059207730694
19.7968261282186 0.596689488288857
19.8133917835146 0.621724975788498
19.8299574388106 0.646140714311208
19.8465230941065 0.669912365717855
19.8630887494025 0.693016233909333
19.8796544046985 0.715429288447369
19.8962200599945 0.737129187511779
19.9127857152905 0.758094300171246
19.9293513705864 0.778303727945528
19.9459170258824 0.797737325637519
19.9624826811784 0.816375721414399
19.9790483364744 0.834200336117919
19.9956139917704 0.851193401784494
20.0121796470663 0.867337979356715
20.0287453023623 0.882617975568548
20.0453109576583 0.897018158987462
20.0618766129543 0.910524175197462
20.0784422682503 0.923122561107861
20.0950079235462 0.934800758373597
20.1115735788422 0.945547125913667
20.1281392341382 0.955350951515195
20.1447048894342 0.964202462511612
20.1612705447302 0.972092835524257
20.1778362000261 0.979014205257715
20.1944018553221 0.984959672340111
20.2109675106181 0.989923310200557
20.2275331659141 0.993900170976888
20.2440988212101 0.996886290447793
20.260664476506 0.998878691984443
20.277230131802 0.999875389517657
20.293795787098 0.999875389517657
20.310361442394 0.998878691984443
20.3269270976899 0.996886290447793
20.3434927529859 0.993900170976888
20.3600584082819 0.989923310200557
20.3766240635779 0.984959672340111
20.3931897188739 0.979014205257715
20.4097553741699 0.972092835524257
20.4263210294658 0.964202462511612
20.4428866847618 0.955350951515195
20.4594523400578 0.945547125913667
20.4760179953538 0.934800758373597
20.4925836506497 0.923122561107861
20.5091493059457 0.910524175197462
20.5257149612417 0.897018158987462
20.5422806165377 0.882617975568548
20.5588462718337 0.867337979356715
20.5754119271297 0.851193401784494
20.5919775824256 0.834200336117919
20.6085432377216 0.816375721414399
20.6251088930176 0.797737325637519
20.6416745483136 0.778303727945532
20.6582402036095 0.758094300171246
20.6748058589055 0.737129187511779
20.6913715142015 0.71542928844737
20.7079371694975 0.693016233909333
20.7245028247935 0.669912365717855
20.7410684800894 0.646140714311209
20.7576341353854 0.621724975788497
20.7741997906814 0.596689488288856
20.7907654459774 0.571059207730694
20.8073311012734 0.544859682935067
20.8238967565693 0.518117030158079
20.8404624118653 0.490857907057593
20.8570280671613 0.463109486120345
20.8735937224573 0.434899427575795
20.8901593777533 0.406255851823789
20.9067250330492 0.377207311403574
20.9232906883452 0.347782762531985
20.9398563436412 0.318011536239239
20.9564219989372 0.287923309131165
20.9729876542332 0.2575480738069
20.9895533095291 0.226916108961591
21.0061189648251 0.196057949203977
21.0226846201211 0.165004354618796
21.0392502754171 0.133786280104481
21.0558159307131 0.102434844516614
21.072381586009 0.0709812996480136
21.088947241305 0.0394569990762554
21.105512896601 0.00789336690971378
21.122078551897 -0.0236781335366256
21.138644207193 -0.0552260311045119
21.1552098624889 -0.0867188781635496
21.1717755177849 -0.118125281958909
21.1883411730809 -0.149413935904264
21.2049068283769 -0.180553650788899
21.2214724836729 -0.211513385867819
21.2380381389688 -0.242262279803786
21.2546037942648 -0.272769681430601
21.2711694495608 -0.303005180306872
21.2877351048568 -0.332938637029762
21.3043007601528 -0.362540213278622
21.3208664154487 -0.391780401558492
21.3374320707447 -0.420630054613785
21.3539977260407 -0.449060414482917
21.3705633813367 -0.477043141164888
21.3871290366327 -0.504550340869177
21.4036946919286 -0.531554593820904
21.4202603472246 -0.558028981593438
21.4368260025206 -0.583947113941306
21.4533916578166 -0.609283155106518
21.4699573131126 -0.634011849572236
21.4865229684085 -0.658108547238036
21.5030886237045 -0.681549227991635
21.5196542790005 -0.704310525652674
21.5362199342965 -0.726369751264638
21.5527855895925 -0.747704915711709
21.5693512448884 -0.768294751637972
21.5859169001844 -0.788118734647191
21.6024825554804 -0.807157103761985
21.6190482107764 -0.825390881121977
21.6356138660724 -0.842801890901349
21.6521795213683 -0.859372777426911
21.6687451766643 -0.875087022478594
21.6853108319603 -0.889928961755179
21.7018764872563 -0.903883800488823
21.7184421425523 -0.916937628192789
21.7350077978482 -0.929077432527731
21.7515734531442 -0.940291112272675
21.7681391084402 -0.950567489387783
21.7847047637362 -0.959896320156858
21.8012704190322 -0.968268305398507
21.8178360743281 -0.975675099735773
21.8344017296241 -0.982109319914981
21.8509673849201 -0.987564552165524
21.8675330402161 -0.992035358593258
21.8840986955121 -0.995517282601106
21.900664350808 -0.998006853331494
21.917230006104 -0.999501589126174
21.9337956614 -1
21.9431465177075 -0.999501589126174
21.9524973740151 -0.998006853331493
21.9618482303226 -0.995517282601105
21.9711990866302 -0.992035358593258
21.9805499429377 -0.987564552165524
21.9899007992452 -0.982109319914981
21.9992516555528 -0.975675099735774
22.0086025118603 -0.968268305398507
22.0179533681678 -0.959896320156856
22.0273042244754 -0.950567489387781
22.0366550807829 -0.940291112272677
22.0460059370905 -0.929077432527732
22.055356793398 -0.91693762819279
22.0647076497055 -0.903883800488824
22.0740585060131 -0.88992896175518
22.0834093623206 -0.875087022478592
22.0927602186281 -0.85937277742691
22.1021110749357 -0.842801890901354
22.1114619312432 -0.825390881121978
22.1208127875508 -0.807157103761987
22.1301636438583 -0.788118734647193
22.1395145001658 -0.76829475163797
22.1488653564734 -0.747704915711707
22.1582162127809 -0.726369751264636
22.1675670690884 -0.704310525652676
22.176917925396 -0.681549227991637
22.1862687817035 -0.65810854723804
22.1956196380111 -0.634011849572239
22.2049704943186 -0.609283155106516
22.2143213506261 -0.583947113941304
22.2236722069337 -0.558028981593437
22.2330230632412 -0.531554593820907
22.2423739195487 -0.504550340869181
22.2517247758563 -0.477043141164892
22.2610756321638 -0.449060414482921
22.2704264884714 -0.420630054613784
22.2797773447789 -0.391780401558491
22.2891282010864 -0.362540213278621
22.298479057394 -0.332938637029767
22.3078299137015 -0.303005180306877
22.317180770009 -0.272769681430606
22.3265316263166 -0.242262279803784
22.3358824826241 -0.211513385867818
22.3452333389317 -0.1805536507889
22.3545841952392 -0.149413935904257
22.3639350515467 -0.118125281958902
22.3732859078543 -0.0867188781635556
22.3826367641618 -0.0552260311045113
22.3919876204693 -0.0236781335366252
22.4013384767769 0.00789336690971375
22.4106893330844 0.0394569990762547
22.420040189392 0.0709812996480195
22.4293910456995 0.102434844516619
22.438741902007 0.133786280104474
22.4480927583146 0.165004354618796
22.4574436146221 0.196057949203977
22.4667944709296 0.22691610896159
22.4761453272372 0.257548073806898
22.4854961835447 0.28792330913117
22.4948470398523 0.318011536239243
22.5041978961598 0.347782762531978
22.5135487524673 0.377207311403573
22.5228996087749 0.406255851823787
22.5322504650824 0.434899427575793
22.54160132139 0.463109486120349
22.5509521776975 0.490857907057597
22.560303034005 0.518117030158082
22.5696538903126 0.544859682935066
22.5790047466201 0.571059207730692
22.5883556029276 0.596689488288854
22.5977064592352 0.621724975788495
22.6070573155427 0.646140714311211
22.6164081718503 0.669912365717858
22.6257590281578 0.693016233909335
22.6351098844653 0.715429288447368
22.6444607407729 0.737129187511776
22.6538115970804 0.758094300171244
22.6631624533879 0.77830372794553
22.6725133096955 0.79773732563752
22.681864166003 0.816375721414401
22.6912150223106 0.83420033611792
22.7005658786181 0.851193401784491
22.7099167349256 0.867337979356713
22.7192675912332 0.882617975568546
22.7286184475407 0.897018158987463
22.7379693038482 0.910524175197463
22.7473201601558 0.923122561107862
22.7566710164633 0.9348007583736
22.7660218727709 0.945547125913665
22.7753727290784 0.955350951515193
22.7847235853859 0.964202462511611
22.7940744416935 0.972092835524257
22.803425298001 0.979014205257715
22.8127761543085 0.984959672340111
22.8221270106161 0.989923310200558
22.8314778669236 0.993900170976888
22.8408287232312 0.996886290447793
22.8501795795387 0.998878691984443
22.8595304358462 0.999875389517657
22.8688812921538 0.999875389517657
22.8782321484613 0.998878691984443
22.8875830047688 0.996886290447793
22.8969338610764 0.993900170976887
22.9062847173839 0.989923310200558
22.9156355736915 0.984959672340111
22.924986429999 0.979014205257715
22.9343372863065 0.972092835524257
22.9436881426141 0.964202462511611
22.9530389989216 0.955350951515194
22.9623898552291 0.945547125913665
22.9717407115367 0.9348007583736
22.9810915678442 0.923122561107862
22.9904424241518 0.910524175197463
22.9997932804593 0.897018158987463
23.0091441367668 0.882617975568546
23.0184949930744 0.867337979356713
23.0278458493819 0.851193401784492
23.0371967056894 0.83420033611792
23.046547561997 0.816375721414401
23.0558984183045 0.79773732563752
23.0652492746121 0.77830372794553
23.0746001309196 0.758094300171244
23.0839509872271 0.737129187511777
23.0933018435347 0.715429288447367
23.1026526998422 0.693016233909335
23.1120035561497 0.669912365717858
23.1213544124573 0.646140714311211
23.1307052687648 0.621724975788495
23.1400561250724 0.596689488288854
23.1494069813799 0.571059207730692
23.1587578376874 0.544859682935066
23.168108693995 0.518117030158082
23.1774595503025 0.490857907057597
23.18681040661 0.463109486120349
23.1961612629176 0.434899427575793
23.2055121192251 0.406255851823787
23.2148629755327 0.377207311403573
23.2242138318402 0.347782762531978
23.2335646881477 0.318011536239243
23.2429155444553 0.287923309131171
23.2522664007628 0.257548073806899
23.2616172570704 0.22691610896159
23.2709681133779 0.196057949203977
23.2803189696854 0.165004354618796
23.289669825993 0.133786280104475
23.2990206823005 0.102434844516619
23.308371538608 0.0709812996480207
23.3177223949156 0.0394569990762554
23.3270732512231 0.00789336690971378
23.3364241075307 -0.0236781335366247
23.3457749638382 -0.055226031104511
23.3551258201457 -0.0867188781635549
23.3644766764533 -0.118125281958902
23.3738275327608 -0.149413935904257
23.3831783890683 -0.180553650788899
23.3925292453759 -0.211513385867818
23.4018801016834 -0.242262279803784
23.411230957991 -0.272769681430606
23.4205818142985 -0.303005180306877
23.429932670606 -0.332938637029755
23.4392835269136 -0.362540213278621
23.4486343832211 -0.39178040155849
23.4579852395286 -0.420630054613784
23.4673360958362 -0.449060414482921
23.4766869521437 -0.477043141164892
23.4860378084513 -0.504550340869181
23.4953886647588 -0.531554593820907
23.5047395210663 -0.558028981593437
23.5140903773739 -0.583947113941304
23.5234412336814 -0.609283155106516
23.5327920899889 -0.634011849572239
23.5421429462965 -0.658108547238039
23.551493802604 -0.681549227991637
23.5608446589116 -0.704310525652667
23.5701955152191 -0.726369751264636
23.5795463715266 -0.747704915711707
23.5888972278342 -0.76829475163797
23.5982480841417 -0.788118734647193
23.6075989404492 -0.807157103761987
23.6169497967568 -0.825390881121978
23.6263006530643 -0.842801890901354
23.6356515093719 -0.85937277742691
23.6450023656794 -0.875087022478592
23.6543532219869 -0.88992896175518
23.6637040782945 -0.903883800488824
23.673054934602 -0.91693762819279
23.6824057909095 -0.929077432527732
23.6917566472171 -0.940291112272673
23.7011075035246 -0.950567489387781
23.7104583598322 -0.959896320156856
23.7198092161397 -0.968268305398507
23.7291600724472 -0.975675099735774
23.7385109287548 -0.982109319914981
23.7478617850623 -0.987564552165524
23.7572126413699 -0.992035358593258
23.7665634976774 -0.995517282601106
23.7759143539849 -0.998006853331493
23.7852652102925 -0.999501589126174
23.7946160666 -1
23.8107235235518 -0.999501589126174
23.8268309805035 -0.998006853331494
23.8429384374553 -0.995517282601106
23.859045894407 -0.992035358593258
23.8751533513588 -0.987564552165524
23.8912608083106 -0.982109319914981
23.9073682652623 -0.975675099735774
23.9234757222141 -0.968268305398507
23.9395831791658 -0.959896320156857
23.9556906361176 -0.950567489387783
23.9717980930693 -0.940291112272676
23.9879055500211 -0.929077432527732
24.0040130069729 -0.916937628192788
24.0201204639246 -0.903883800488823
24.0362279208764 -0.88992896175518
24.0523353778281 -0.875087022478594
24.0684428347799 -0.859372777426913
24.0845502917317 -0.842801890901349
24.1006577486834 -0.825390881121975
24.1167652056352 -0.807157103761985
24.1328726625869 -0.788118734647193
24.1489801195387 -0.768294751637973
24.1650875764905 -0.747704915711707
24.1811950334422 -0.726369751264639
24.197302490394 -0.704310525652672
24.2134099473457 -0.681549227991635
24.2295174042975 -0.65810854723804
24.2456248612492 -0.634011849572237
24.261732318201 -0.609283155106516
24.2778397751528 -0.583947113941306
24.2939472321045 -0.558028981593441
24.3100546890563 -0.531554593820904
24.326162146008 -0.504550340869175
24.3422696029598 -0.477043141164889
24.3583770599116 -0.44906041448292
24.3744845168633 -0.420630054613786
24.3905919738151 -0.391780401558496
24.4066994307668 -0.362540213278622
24.4228068877186 -0.33293863702976
24.4389143446704 -0.303005180306873
24.4550218016221 -0.272769681430605
24.4711292585739 -0.242262279803786
24.4872367155256 -0.211513385867817
24.5033441724774 -0.180553650788901
24.5194516294291 -0.149413935904261
24.5355590863809 -0.11812528195891
24.5516665433327 -0.086718878163554
24.5677740002844 -0.0552260311045057
24.5838814572362 -0.023678133536623
24.5999889141879 0.00789336690971287
24.6160963711397 0.0394569990762509
24.6322038280915 0.0709812996480127
24.6483112850432 0.102434844516615
24.664418741995 0.13378628010448
24.6805261989467 0.165004354618799
24.6966336558985 0.196057949203976
24.7127411128502 0.226916108961587
24.728848569802 0.257548073806899
24.7449560267538 0.287923309131167
24.7610634837055 0.318011536239238
24.7771709406573 0.347782762531981
24.793278397609 0.377207311403573
24.8093858545608 0.406255851823791
24.8254933115126 0.434899427575794
24.8416007684643 0.463109486120347
24.8577082254161 0.490857907057592
24.8738156823678 0.518117030158075
24.8899231393196 0.544859682935072
24.9060305962714 0.571059207730696
24.9221380532231 0.596689488288855
24.9382455101749 0.621724975788494
24.9543529671266 0.646140714311207
24.9704604240784 0.669912365717857
24.9865678810302 0.693016233909332
25.0026753379819 0.715429288447371
25.0187827949337 0.737129187511778
25.0348902518854 0.758094300171248
25.0509977088372 0.778303727945531
25.0671051657889 0.79773732563752
25.0832126227407 0.816375721414399
25.0993200796925 0.834200336117916
25.1154275366442 0.851193401784493
25.131534993596 0.867337979356716
25.1476424505477 0.882617975568547
25.1637499074995 0.897018158987463
25.1798573644513 0.910524175197461
25.195964821403 0.92312256110786
25.2120722783548 0.934800758373599
25.2281797353065 0.945547125913667
25.2442871922583 0.955350951515195
25.26039464921 0.964202462511611
25.2765021061618 0.972092835524256
25.2926095631136 0.979014205257715
25.3087170200653 0.984959672340111
25.3248244770171 0.989923310200557
25.3409319339688 0.993900170976888
25.3570393909206 0.996886290447793
25.3731468478724 0.998878691984444
25.3892543048241 0.999875389517657
25.4053617617759 0.999875389517657
25.4214692187276 0.998878691984444
25.4375766756794 0.996886290447793
25.4536841326312 0.993900170976888
25.4697915895829 0.989923310200557
25.4858990465347 0.984959672340111
25.5020065034864 0.979014205257715
25.5181139604382 0.972092835524256
25.53422141739 0.964202462511611
25.5503288743417 0.955350951515195
25.5664363312935 0.945547125913667
25.5825437882452 0.934800758373599
25.598651245197 0.923122561107862
25.6147587021487 0.910524175197461
25.6308661591005 0.897018158987463
25.6469736160523 0.882617975568547
25.663081073004 0.867337979356716
25.6791885299558 0.851193401784493
25.6952959869075 0.834200336117917
25.7114034438593 0.816375721414399
25.7275109008111 0.79773732563752
25.7436183577628 0.778303727945532
25.7597258147146 0.758094300171243
25.7758332716663 0.737129187511777
25.7919407286181 0.715429288447371
25.8080481855698 0.693016233909333
25.8241556425216 0.669912365717857
25.8402630994734 0.646140714311207
25.8563705564251 0.621724975788494
25.8724780133769 0.596689488288856
25.8885854703286 0.571059207730696
25.9046929272804 0.544859682935073
25.9208003842322 0.518117030158081
25.9369078411839 0.490857907057592
25.9530152981357 0.463109486120348
25.9691227550874 0.434899427575794
25.9852302120392 0.406255851823791
26.001337668991 0.377207311403573
26.0174451259427 0.347782762531981
26.0335525828945 0.318011536239238
26.0496600398462 0.287923309131167
26.065767496798 0.257548073806899
26.0818749537497 0.226916108961594
26.0979824107015 0.196057949203976
26.1140898676533 0.165004354618799
26.130197324605 0.13378628010448
26.1463047815568 0.102434844516616
26.1624122385085 0.0709812996480127
26.1785196954603 0.0394569990762509
26.1946271524121 0.00789336690971289
26.2107346093638 -0.023678133536623
26.2268420663156 -0.0552260311045057
26.2429495232673 -0.0867188781635469
26.2590569802191 -0.118125281958909
26.2751644371709 -0.149413935904261
26.2912718941226 -0.180553650788901
26.3073793510744 -0.211513385867817
26.3234868080261 -0.242262279803786
26.3395942649779 -0.272769681430605
26.3557017219296 -0.303005180306872
26.3718091788814 -0.332938637029759
26.3879166358332 -0.362540213278621
26.4040240927849 -0.391780401558496
26.4201315497367 -0.420630054613786
26.4362390066884 -0.449060414482921
26.4523464636402 -0.477043141164889
26.468453920592 -0.504550340869175
26.4845613775437 -0.531554593820904
26.5006688344955 -0.558028981593442
26.5167762914472 -0.583947113941307
26.532883748399 -0.609283155106516
26.5489912053508 -0.634011849572237
26.5650986623025 -0.658108547238035
26.5812061192543 -0.681549227991635
26.597313576206 -0.704310525652672
26.6134210331578 -0.726369751264638
26.6295284901095 -0.747704915711707
26.6456359470613 -0.768294751637972
26.6617434040131 -0.788118734647193
26.6778508609648 -0.807157103761985
26.6939583179166 -0.825390881121975
26.7100657748683 -0.842801890901349
26.7261732318201 -0.85937277742691
26.7422806887719 -0.875087022478595
26.7583881457236 -0.889928961755181
26.7744956026754 -0.903883800488823
26.7906030596271 -0.916937628192787
26.8067105165789 -0.929077432527731
26.8228179735307 -0.940291112272676
26.8389254304824 -0.950567489387783
26.8550328874342 -0.959896320156857
26.8711403443859 -0.968268305398507
26.8872478013377 -0.975675099735774
26.9033552582894 -0.982109319914981
26.9194627152412 -0.987564552165524
26.935570172193 -0.992035358593258
26.9516776291447 -0.995517282601106
26.9677850860965 -0.998006853331494
26.9838925430482 -0.999501589126174
27 -1
