0 -1
0.00585042203869347 -0.999501589126174
0.0117008440773869 -0.998006853331493
0.0175512661160804 -0.995517282601106
0.0234016881547739 -0.992035358593258
0.0292521101934673 -0.987564552165524
0.0351025322321608 -0.98210931991498
0.0409529542708543 -0.975675099735774
0.0468033763095477 -0.968268305398507
0.0526537983482412 -0.959896320156857
0.0585042203869347 -0.950567489387783
0.0643546424256281 -0.940291112272676
0.0702050644643216 -0.929077432527731
0.0760554865030151 -0.916937628192789
0.0819059085417085 -0.903883800488824
0.087756330580402 -0.88992896175518
0.0936067526190955 -0.875087022478594
0.0994571746577889 -0.859372777426912
0.105307596696482 -0.842801890901351
0.111158018735176 -0.825390881121976
0.117008440773869 -0.807157103761985
0.122858862812563 -0.788118734647192
0.128709284851256 -0.768294751637971
0.13455970688995 -0.747704915711709
0.140410128928643 -0.726369751264639
0.146260550967337 -0.704310525652672
0.15211097300603 -0.681549227991634
0.157961395044724 -0.658108547238038
0.163811817083417 -0.634011849572239
0.169662239122111 -0.609283155106517
0.175512661160804 -0.583947113941306
0.181363083199497 -0.55802898159344
0.187213505238191 -0.531554593820901
0.193063927276884 -0.504550340869177
0.198914349315578 -0.47704314116489
0.204764771354271 -0.44906041448292
0.210615193392965 -0.420630054613784
0.216465615431658 -0.391780401558493
0.222316037470352 -0.362540213278625
0.228166459509045 -0.332938637029761
0.234016881547739 -0.303005180306873
0.239867303586432 -0.272769681430603
0.245717725625126 -0.242262279803783
0.251568147663819 -0.211513385867819
0.257418569702513 -0.180553650788902
0.263268991741206 -0.149413935904261
0.2691194137799 -0.118125281958908
0.274969835818593 -0.0867188781635507
0.280820257857286 -0.0552260311045084
0.28667067989598 -0.0236781335366241
0.292521101934673 0.00789336690971331
0.298371523973367 0.0394569990762527
0.30422194601206 0.0709812996480158
0.310072368050754 0.102434844516614
0.315922790089447 0.133786280104479
0.321773212128141 0.165004354618799
0.327623634166834 0.196057949203978
0.333474056205528 0.22691610896159
0.339324478244221 0.257548073806897
0.345174900282915 0.287923309131166
0.351025322321608 0.318011536239238
0.356875744360302 0.347782762531982
0.362726166398995 0.377207311403576
0.368576588437688 0.406255851823789
0.374427010476382 0.434899427575793
0.380277432515075 0.463109486120348
0.386127854553769 0.490857907057594
0.391978276592462 0.518117030158078
0.397828698631156 0.54485968293507
0.403679120669849 0.571059207730695
0.409529542708543 0.596689488288856
0.415379964747236 0.621724975788495
0.42123038678593 0.64614071431121
0.427080808824623 0.669912365717855
0.432931230863317 0.693016233909332
0.43878165290201 0.715429288447372
0.444632074940704 0.737129187511779
0.450482496979397 0.758094300171245
0.45633291901809 0.77830372794553
0.462183341056784 0.797737325637519
0.468033763095477 0.816375721414399
0.473884185134171 0.834200336117917
0.479734607172864 0.851193401784495
0.485585029211558 0.867337979356715
0.491435451250251 0.882617975568547
0.497285873288945 0.897018158987463
0.503136295327638 0.910524175197462
0.508986717366332 0.923122561107861
0.514837139405025 0.934800758373598
0.520687561443719 0.945547125913667
0.526537983482412 0.955350951515195
0.532388405521105 0.964202462511612
0.538238827559799 0.972092835524257
0.544089249598492 0.979014205257714
0.549939671637186 0.984959672340111
0.555790093675879 0.989923310200557
0.561640515714573 0.993900170976888
0.567490937753266 0.996886290447793
0.57334135979196 0.998878691984444
0.579191781830653 0.999875389517657
0.585042203869347 0.999875389517657
0.59089262590804 0.998878691984444
0.596743047946734 0.996886290447793
0.602593469985427 0.993900170976888
0.608443892024121 0.989923310200557
0.614294314062814 0.984959672340111
0.620144736101508 0.979014205257714
0.625995158140201 0.972092835524257
0.631845580178894 0.964202462511612
0.637696002217588 0.955350951515195
0.643546424256281 0.945547125913667
0.649396846294975 0.934800758373598
0.655247268333668 0.923122561107861
0.661097690372362 0.910524175197462
0.666948112411055 0.897018158987463
0.672798534449749 0.882617975568547
0.678648956488442 0.867337979356715
0.684499378527136 0.851193401784495
0.690349800565829 0.834200336117918
0.696200222604523 0.816375721414399
0.702050644643216 0.79773732563752
0.707901066681909 0.77830372794553
0.713751488720603 0.758094300171246
0.719601910759296 0.737129187511779
0.72545233279799 0.715429288447371
0.731302754836683 0.693016233909332
0.737153176875377 0.669912365717855
0.74300359891407 0.64614071431121
0.748854020952764 0.621724975788495
0.754704442991457 0.596689488288856
0.760554865030151 0.571059207730695
0.766405287068844 0.544859682935071
0.772255709107538 0.518117030158078
0.778106131146231 0.490857907057594
0.783956553184925 0.463109486120348
0.789806975223618 0.434899427575792
0.795657397262312 0.406255851823789
0.801507819301005 0.377207311403576
0.807358241339698 0.347782762531982
0.813208663378392 0.318011536239238
0.819059085417085 0.287923309131167
0.824909507455779 0.257548073806896
0.830759929494472 0.22691610896159
0.836610351533166 0.196057949203978
0.842460773571859 0.1650043546188
0.848311195610553 0.13378628010448
0.854161617649246 0.102434844516613
0.86001203968794 0.0709812996480162
0.865862461726633 0.0394569990762527
0.871712883765327 0.00789336690971289
0.87756330580402 -0.0236781335366247
0.883413727842713 -0.0552260311045075
0.889264149881407 -0.0867188781635505
0.8951145719201 -0.118125281958908
0.900964993958794 -0.14941393590426
0.906815415997487 -0.180553650788902
0.912665838036181 -0.211513385867818
0.918516260074874 -0.242262279803784
0.924366682113568 -0.272769681430602
0.930217104152261 -0.303005180306872
0.936067526190955 -0.332938637029761
0.941917948229648 -0.362540213278625
0.947768370268342 -0.391780401558493
0.953618792307035 -0.420630054613784
0.959469214345729 -0.449060414482921
0.965319636384422 -0.477043141164889
0.971170058423116 -0.504550340869178
0.977020480461809 -0.531554593820901
0.982870902500502 -0.558028981593439
0.988721324539196 -0.583947113941306
0.994571746577889 -0.609283155106516
1.00042216861658 -0.634011849572238
1.00627259065528 -0.658108547238037
1.01212301269397 -0.681549227991634
1.01797343473266 -0.704310525652672
1.02382385677136 -0.726369751264639
1.02967427881005 -0.747704915711709
1.03552470084874 -0.768294751637971
1.04137512288744 -0.788118734647193
1.04722554492613 -0.807157103761985
1.05307596696482 -0.825390881121976
1.05892638900352 -0.842801890901351
1.06477681104221 -0.859372777426911
1.0706272330809 -0.875087022478593
1.0764776551196 -0.88992896175518
1.08232807715829 -0.903883800488824
1.08817849919698 -0.916937628192789
1.09402892123568 -0.929077432527731
1.09987934327437 -0.940291112272676
1.10572976531307 -0.950567489387782
1.11158018735176 -0.959896320156857
1.11743060939045 -0.968268305398507
1.12328103142915 -0.975675099735773
1.12913145346784 -0.98210931991498
1.13498187550653 -0.987564552165524
1.14083229754523 -0.992035358593258
1.14668271958392 -0.995517282601106
1.15253314162261 -0.998006853331493
1.15838356366131 -0.999501589126174
1.1642339857 -1
1.18146729162362 -0.999501589126174
1.19870059754724 -0.998006853331493
1.21593390347085 -0.995517282601106
1.23316720939447 -0.992035358593258
1.25040051531809 -0.987564552165524
1.26763382124171 -0.98210931991498
1.28486712716533 -0.975675099735774
1.30210043308894 -0.968268305398507
1.31933373901256 -0.959896320156857
1.33656704493618 -0.950567489387783
1.3538003508598 -0.940291112272676
1.37103365678342 -0.929077432527731
1.38826696270703 -0.916937628192789
1.40550026863065 -0.903883800488823
1.42273357455427 -0.88992896175518
1.43996688047789 -0.875087022478594
1.45720018640151 -0.859372777426912
1.47443349232513 -0.842801890901351
1.49166679824874 -0.825390881121976
1.50890010417236 -0.807157103761985
1.52613341009598 -0.788118734647192
1.5433667160196 -0.768294751637971
1.56060002194322 -0.747704915711709
1.57783332786683 -0.726369751264639
1.59506663379045 -0.704310525652672
1.61229993971407 -0.681549227991634
1.62953324563769 -0.658108547238038
1.64676655156131 -0.634011849572239
1.66399985748492 -0.609283155106517
1.68123316340854 -0.583947113941306
1.69846646933216 -0.55802898159344
1.71569977525578 -0.531554593820901
1.7329330811794 -0.504550340869177
1.75016638710301 -0.47704314116489
1.76739969302663 -0.44906041448292
1.78463299895025 -0.420630054613784
1.80186630487387 -0.391780401558493
1.81909961079749 -0.362540213278625
1.83633291672111 -0.332938637029761
1.85356622264472 -0.303005180306873
1.87079952856834 -0.272769681430603
1.88803283449196 -0.242262279803783
1.90526614041558 -0.211513385867819
1.9224994463392 -0.180553650788903
1.93973275226281 -0.149413935904261
1.95696605818643 -0.118125281958908
1.97419936411005 -0.0867188781635509
1.99143267003367 -0.0552260311045079
2.00866597595729 -0.0236781335366239
2.0258992818809 0.00789336690971331
2.04313258780452 0.0394569990762527
2.06036589372814 0.0709812996480156
2.07759919965176 0.102434844516613
2.09483250557538 0.133786280104479
2.11206581149899 0.165004354618799
2.12929911742261 0.196057949203978
2.14653242334623 0.22691610896159
2.16376572926985 0.257548073806897
2.18099903519347 0.287923309131166
2.19823234111709 0.318011536239238
2.2154656470407 0.347782762531982
2.23269895296432 0.377207311403576
2.24993225888794 0.406255851823789
2.26716556481156 0.434899427575793
2.28439887073518 0.463109486120348
2.30163217665879 0.490857907057594
2.31886548258241 0.518117030158078
2.33609878850603 0.544859682935071
2.35333209442965 0.571059207730695
2.37056540035327 0.596689488288856
2.38779870627688 0.621724975788495
2.4050320122005 0.64614071431121
2.42226531812412 0.669912365717855
2.43949862404774 0.693016233909331
2.45673192997136 0.715429288447371
2.47396523589497 0.737129187511779
2.49119854181859 0.758094300171245
2.50843184774221 0.778303727945529
2.52566515366583 0.797737325637519
2.54289845958945 0.816375721414399
2.56013176551307 0.834200336117917
2.57736507143668 0.851193401784494
2.5945983773603 0.867337979356715
2.61183168328392 0.882617975568547
2.62906498920754 0.897018158987464
2.64629829513116 0.910524175197462
2.66353160105477 0.923122561107861
2.68076490697839 0.934800758373598
2.69799821290201 0.945547125913667
2.71523151882563 0.955350951515195
2.73246482474925 0.964202462511612
2.74969813067286 0.972092835524257
2.76693143659648 0.979014205257715
2.7841647425201 0.984959672340111
2.80139804844372 0.989923310200557
2.81863135436734 0.993900170976888
2.83586466029095 0.996886290447793
2.85309796621457 0.998878691984444
2.87033127213819 0.999875389517657
2.88756457806181 0.999875389517657
2.90479788398543 0.998878691984444
2.92203118990904 0.996886290447793
2.93926449583266 0.993900170976888
2.95649780175628 0.989923310200557
2.9737311076799 0.984959672340111
2.99096441360352 0.979014205257714
3.00819771952714 0.972092835524257
3.02543102545075 0.964202462511612
3.04266433137437 0.955350951515195
3.05989763729799 0.945547125913667
3.07713094322161 0.934800758373598
3.09436424914523 0.923122561107861
3.11159755506884 0.910524175197462
3.12883086099246 0.897018158987464
3.14606416691608 0.882617975568547
3.1632974728397 0.867337979356715
3.18053077876332 0.851193401784495
3.19776408468693 0.834200336117918
3.21499739061055 0.816375721414399
3.23223069653417 0.79773732563752
3.24946400245779 0.77830372794553
3.26669730838141 0.758094300171246
3.28393061430502 0.73712918751178
3.30116392022864 0.715429288447372
3.31839722615226 0.693016233909333
3.33563053207588 0.669912365717856
3.3528638379995 0.646140714311211
3.37009714392312 0.621724975788495
3.38733044984673 0.596689488288856
3.40456375577035 0.571059207730694
3.42179706169397 0.54485968293507
3.43903036761759 0.518117030158078
3.45626367354121 0.490857907057594
3.47349697946482 0.463109486120348
3.49073028538844 0.434899427575793
3.50796359131206 0.40625585182379
3.52519689723568 0.377207311403576
3.5424302031593 0.347782762531983
3.55966350908291 0.318011536239239
3.57689681500653 0.287923309131167
3.59413012093015 0.257548073806897
3.61136342685377 0.226916108961591
3.62859673277739 0.196057949203979
3.645830038701 0.1650043546188
3.66306334462462 0.13378628010448
3.68029665054824 0.102434844516614
3.69752995647186 0.0709812996480171
3.71476326239548 0.0394569990762545
3.7319965683191 0.00789336690971289
3.74922987424271 -0.0236781335366239
3.76646318016633 -0.0552260311045084
3.78369648608995 -0.0867188781635505
3.80092979201357 -0.118125281958906
3.81816309793719 -0.14941393590426
3.8353964038608 -0.180553650788902
3.85262970978442 -0.211513385867818
3.86986301570804 -0.242262279803783
3.88709632163166 -0.272769681430602
3.90432962755528 -0.303005180306872
3.92156293347889 -0.33293863702976
3.93879623940251 -0.362540213278624
3.95602954532613 -0.391780401558492
3.97326285124975 -0.420630054613784
3.99049615717337 -0.44906041448292
4.00772946309699 -0.47704314116489
4.0249627690206 -0.504550340869177
4.04219607494422 -0.531554593820901
4.05942938086784 -0.558028981593439
4.07666268679146 -0.583947113941307
4.09389599271508 -0.609283155106517
4.11112929863869 -0.634011849572238
4.12836260456231 -0.658108547238037
4.14559591048593 -0.681549227991634
4.16282921640955 -0.704310525652672
4.18006252233317 -0.726369751264639
4.19729582825678 -0.747704915711708
4.2145291341804 -0.768294751637971
4.23176244010402 -0.788118734647193
4.24899574602764 -0.807157103761985
4.26622905195126 -0.825390881121976
4.28346235787487 -0.84280189090135
4.30069566379849 -0.859372777426912
4.31792896972211 -0.875087022478593
4.33516227564573 -0.88992896175518
4.35239558156935 -0.903883800488823
4.36962888749296 -0.916937628192789
4.38686219341658 -0.92907743252773
4.4040954993402 -0.940291112272675
4.42132880526382 -0.950567489387782
4.43856211118744 -0.959896320156857
4.45579541711105 -0.968268305398507
4.47302872303467 -0.975675099735774
4.49026202895829 -0.98210931991498
4.50749533488191 -0.987564552165524
4.52472864080553 -0.992035358593258
4.54196194672915 -0.995517282601106
4.55919525265276 -0.998006853331493
4.57642855857638 -0.999501589126174
4.5936618645 -1
4.61149014990402 -0.999501589126174
4.62931843530804 -0.998006853331493
4.64714672071206 -0.995517282601106
4.66497500611608 -0.992035358593258
4.6828032915201 -0.987564552165524
4.70063157692412 -0.98210931991498
4.71845986232814 -0.975675099735773
4.73628814773216 -0.968268305398507
4.75411643313618 -0.959896320156857
4.7719447185402 -0.950567489387783
4.78977300394422 -0.940291112272676
4.80760128934824 -0.929077432527731
4.82542957475226 -0.916937628192789
4.84325786015628 -0.903883800488824
4.8610861455603 -0.88992896175518
4.87891443096432 -0.875087022478594
4.89674271636834 -0.859372777426912
4.91457100177236 -0.842801890901351
4.93239928717638 -0.825390881121976
4.9502275725804 -0.807157103761985
4.96805585798442 -0.788118734647192
4.98588414338844 -0.768294751637971
5.00371242879246 -0.747704915711709
5.02154071419648 -0.726369751264639
5.0393689996005 -0.704310525652672
5.05719728500452 -0.681549227991633
5.07502557040854 -0.658108547238037
5.09285385581256 -0.634011849572238
5.11068214121658 -0.609283155106517
5.1285104266206 -0.583947113941307
5.14633871202462 -0.558028981593441
5.16416699742864 -0.531554593820902
5.18199528283266 -0.504550340869178
5.19982356823668 -0.47704314116489
5.2176518536407 -0.44906041448292
5.23548013904472 -0.420630054613785
5.25330842444874 -0.391780401558493
5.27113670985276 -0.362540213278625
5.28896499525678 -0.332938637029761
5.3067932806608 -0.303005180306873
5.32462156606482 -0.272769681430603
5.34244985146884 -0.242262279803783
5.36027813687286 -0.211513385867819
5.37810642227688 -0.180553650788902
5.3959347076809 -0.149413935904261
5.41376299308492 -0.118125281958908
5.43159127848894 -0.0867188781635503
5.44941956389297 -0.0552260311045075
5.46724784929699 -0.0236781335366234
5.485076134701 0.00789336690971242
5.50290442010503 0.0394569990762536
5.52073270550904 0.0709812996480153
5.53856099091306 0.102434844516613
5.55638927631709 0.133786280104479
5.57421756172111 0.165004354618799
5.59204584712513 0.196057949203978
5.60987413252915 0.22691610896159
5.62770241793317 0.257548073806896
5.64553070333719 0.287923309131166
5.66335898874121 0.318011536239238
5.68118727414523 0.347782762531982
5.69901555954925 0.377207311403576
5.71684384495327 0.406255851823789
5.73467213035729 0.434899427575793
5.75250041576131 0.463109486120348
5.77032870116533 0.490857907057593
5.78815698656935 0.518117030158078
5.80598527197337 0.54485968293507
5.82381355737739 0.571059207730694
5.84164184278141 0.596689488288855
5.85947012818543 0.621724975788495
5.87729841358945 0.646140714311209
5.89512669899347 0.669912365717855
5.91295498439749 0.693016233909331
5.93078326980151 0.715429288447371
5.94861155520553 0.737129187511779
5.96643984060955 0.758094300171245
5.98426812601357 0.77830372794553
6.00209641141759 0.797737325637519
6.01992469682161 0.816375721414399
6.03775298222563 0.834200336117917
6.05558126762965 0.851193401784495
6.07340955303367 0.867337979356715
6.09123783843769 0.882617975568547
6.10906612384171 0.897018158987464
6.12689440924573 0.910524175197462
6.14472269464975 0.923122561107861
6.16255098005377 0.934800758373598
6.18037926545779 0.945547125913667
6.19820755086181 0.955350951515195
6.21603583626583 0.964202462511612
6.23386412166985 0.972092835524257
6.25169240707387 0.979014205257715
6.26952069247789 0.98495967234011
6.28734897788191 0.989923310200557
6.30517726328593 0.993900170976888
6.32300554868995 0.996886290447793
6.34083383409397 0.998878691984444
6.35866211949799 0.999875389517657
6.37649040490201 0.999875389517657
6.39431869030603 0.998878691984444
6.41214697571005 0.996886290447793
6.42997526111407 0.993900170976888
6.44780354651809 0.989923310200557
6.46563183192211 0.984959672340111
6.48346011732613 0.979014205257715
6.50128840273015 0.972092835524257
6.51911668813417 0.964202462511612
6.53694497353819 0.955350951515195
6.55477325894221 0.945547125913667
6.57260154434623 0.934800758373599
6.59042982975025 0.923122561107861
6.60825811515427 0.910524175197462
6.62608640055829 0.897018158987464
6.64391468596231 0.882617975568547
6.66174297136633 0.867337979356715
6.67957125677035 0.851193401784495
6.69739954217437 0.834200336117918
6.71522782757839 0.816375721414399
6.73305611298241 0.79773732563752
6.75088439838643 0.77830372794553
6.76871268379045 0.758094300171246
6.78654096919447 0.737129187511779
6.80436925459849 0.715429288447371
6.82219754000251 0.693016233909331
6.84002582540653 0.669912365717855
6.85785411081055 0.646140714311209
6.87568239621457 0.621724975788495
6.89351068161859 0.596689488288855
6.91133896702261 0.571059207730694
6.92916725242663 0.54485968293507
6.94699553783065 0.518117030158078
6.96482382323467 0.490857907057593
6.98265210863869 0.463109486120347
7.00048039404271 0.434899427575792
7.01830867944673 0.40625585182379
7.03613696485075 0.377207311403576
7.05396525025477 0.347782762531982
7.07179353565879 0.318011536239239
7.08962182106281 0.287923309131167
7.10745010646683 0.257548073806896
7.12527839187085 0.22691610896159
7.14310667727487 0.196057949203978
7.16093496267889 0.1650043546188
7.17876324808292 0.133786280104478
7.19659153348693 0.102434844516615
7.21441981889096 0.0709812996480153
7.23224810429497 0.0394569990762536
7.25007638969899 0.00789336690971467
7.26790467510301 -0.023678133536623
7.28573296050704 -0.0552260311045066
7.30356124591106 -0.0867188781635505
7.32138953131508 -0.118125281958907
7.3392178167191 -0.14941393590426
7.35704610212312 -0.180553650788901
7.37487438752714 -0.211513385867819
7.39270267293116 -0.242262279803783
7.41053095833518 -0.272769681430602
7.4283592437392 -0.303005180306872
7.44618752914322 -0.332938637029761
7.46401581454724 -0.362540213278625
7.48184409995126 -0.391780401558493
7.49967238535528 -0.420630054613784
7.5175006707593 -0.449060414482921
7.53532895616332 -0.47704314116489
7.55315724156734 -0.504550340869178
7.57098552697136 -0.531554593820901
7.58881381237538 -0.558028981593439
7.6066420977794 -0.583947113941307
7.62447038318342 -0.609283155106517
7.64229866858744 -0.634011849572239
7.66012695399146 -0.658108547238038
7.67795523939548 -0.681549227991633
7.6957835247995 -0.704310525652673
7.71361181020352 -0.726369751264639
7.73144009560754 -0.747704915711709
7.74926838101156 -0.768294751637972
7.76709666641558 -0.788118734647192
7.7849249518196 -0.807157103761986
7.80275323722362 -0.825390881121976
7.82058152262764 -0.84280189090135
7.83840980803166 -0.859372777426911
7.85623809343568 -0.875087022478593
7.8740663788397 -0.889928961755181
7.89189466424372 -0.903883800488823
7.90972294964774 -0.916937628192789
7.92755123505176 -0.92907743252773
7.94537952045578 -0.940291112272675
7.9632078058598 -0.950567489387782
7.98103609126382 -0.959896320156857
7.99886437666784 -0.968268305398507
8.01669266207186 -0.975675099735773
8.03452094747588 -0.98210931991498
8.0523492328799 -0.987564552165524
8.07017751828392 -0.992035358593258
8.08800580368794 -0.995517282601106
8.10583408909196 -0.998006853331493
8.12366237449598 -0.999501589126174
8.1414906599 -1
8.14907415198241 -0.999501589126174
8.15665764406483 -0.998006853331493
8.16424113614724 -0.995517282601106
8.17182462822965 -0.992035358593258
8.17940812031206 -0.987564552165523
8.18699161239447 -0.98210931991498
8.19457510447688 -0.975675099735774
8.2021585965593 -0.968268305398507
8.20974208864171 -0.959896320156857
8.21732558072412 -0.950567489387782
8.22490907280653 -0.940291112272676
8.23249256488895 -0.929077432527731
8.24007605697136 -0.916937628192788
8.24765954905377 -0.903883800488822
8.25524304113618 -0.889928961755181
8.26282653321859 -0.875087022478594
8.27041002530101 -0.859372777426911
8.27799351738342 -0.842801890901349
8.28557700946583 -0.825390881121978
8.29316050154824 -0.807157103761986
8.30074399363065 -0.788118734647192
8.30832748571307 -0.768294751637969
8.31591097779548 -0.747704915711711
8.32349446987789 -0.72636975126464
8.3310779619603 -0.704310525652671
8.33866145404271 -0.681549227991632
8.34624494612513 -0.65810854723804
8.35382843820754 -0.634011849572239
8.36141193028995 -0.609283155106516
8.36899542237236 -0.583947113941304
8.37657891445477 -0.558028981593442
8.38416240653719 -0.531554593820902
8.3917458986196 -0.504550340869177
8.39932939070201 -0.477043141164887
8.40691288278442 -0.449060414482923
8.41449637486683 -0.420630054613785
8.42207986694925 -0.391780401558493
8.42966335903166 -0.362540213278622
8.43724685111407 -0.332938637029764
8.44483034319648 -0.303005180306874
8.45241383527889 -0.272769681430603
8.45999732736131 -0.242262279803781
8.46758081944372 -0.211513385867822
8.47516431152613 -0.180553650788903
8.48274780360854 -0.14941393590426
8.49033129569096 -0.118125281958906
8.49791478777337 -0.086718878163554
8.50549827985578 -0.0552260311045095
8.51308177193819 -0.0236781335366237
8.5206652640206 0.00789336690971575
8.52824875610301 0.0394569990762494
8.53583224818543 0.0709812996480142
8.54341574026784 0.102434844516614
8.55099923235025 0.133786280104481
8.55858272443266 0.165004354618796
8.56616621651508 0.196057949203976
8.57374970859749 0.22691610896159
8.5813332006799 0.257548073806899
8.58891669276231 0.287923309131163
8.59650018484472 0.318011536239236
8.60408367692714 0.347782762531983
8.61166716900955 0.377207311403578
8.61925066109196 0.406255851823792
8.62683415317437 0.434899427575791
8.63441764525678 0.463109486120348
8.6420011373392 0.490857907057595
8.64958462942161 0.518117030158074
8.65716812150402 0.544859682935069
8.66475161358643 0.571059207730695
8.67233510566884 0.596689488288857
8.67991859775126 0.621724975788498
8.68750208983367 0.646140714311208
8.69508558191608 0.669912365717855
8.70266907399849 0.693016233909333
8.71025256608091 0.715429288447373
8.71783605816332 0.737129187511778
8.72541955024573 0.758094300171245
8.73300304232814 0.778303727945531
8.74058653441055 0.797737325637521
8.74817002649296 0.816375721414398
8.75575351857538 0.834200336117917
8.76333701065779 0.851193401784495
8.7709205027402 0.867337979356716
8.77850399482261 0.882617975568546
8.78608748690502 0.897018158987463
8.79367097898744 0.910524175197463
8.80125447106985 0.923122561107862
8.80883796315226 0.934800758373597
8.81642145523467 0.945547125913667
8.82400494731709 0.955350951515195
8.8315884393995 0.964202462511613
8.83917193148191 0.972092835524256
8.84675542356432 0.979014205257714
8.85433891564673 0.984959672340111
8.86192240772915 0.989923310200558
8.86950589981156 0.993900170976888
8.87708939189397 0.996886290447793
8.88467288397638 0.998878691984444
8.89225637605879 0.999875389517657
8.89983986814121 0.999875389517657
8.90742336022362 0.998878691984444
8.91500685230603 0.996886290447793
8.92259034438844 0.993900170976887
8.93017383647085 0.989923310200558
8.93775732855327 0.984959672340111
8.94534082063568 0.979014205257714
8.95292431271809 0.972092835524256
8.9605078048005 0.964202462511612
8.96809129688291 0.955350951515195
8.97567478896533 0.945547125913667
8.98325828104774 0.934800758373598
8.99084177313015 0.923122561107862
8.99842526521256 0.910524175197463
9.00600875729497 0.897018158987463
9.01359224937739 0.882617975568546
9.0211757414598 0.867337979356716
9.02875923354221 0.851193401784496
9.03634272562462 0.834200336117917
9.04392621770704 0.816375721414398
9.05150970978945 0.797737325637522
9.05909320187186 0.778303727945531
9.06667669395427 0.758094300171245
9.07426018603668 0.737129187511777
9.0818436781191 0.715429288447369
9.08942717020151 0.693016233909333
9.09701066228392 0.669912365717855
9.10459415436633 0.646140714311209
9.11217764644874 0.621724975788498
9.11976113853115 0.596689488288858
9.12734463061357 0.571059207730695
9.13492812269598 0.544859682935069
9.14251161477839 0.518117030158074
9.1500951068608 0.490857907057596
9.15767859894322 0.463109486120348
9.16526209102563 0.434899427575792
9.17284558310804 0.406255851823792
9.18042907519045 0.377207311403578
9.18801256727286 0.347782762531982
9.19559605935528 0.318011536239237
9.20317955143769 0.287923309131163
9.2107630435201 0.257548073806899
9.21834653560251 0.22691610896159
9.22593002768492 0.196057949203977
9.23351351976734 0.165004354618803
9.24109701184975 0.133786280104482
9.24868050393216 0.102434844516614
9.25626399601457 0.0709812996480145
9.26384748809699 0.0394569990762501
9.2714309801794 0.00789336690971555
9.27901447226181 -0.0236781335366239
9.28659796434422 -0.0552260311045093
9.29418145642663 -0.086718878163554
9.30176494850904 -0.118125281958905
9.30934844059146 -0.14941393590426
9.31693193267387 -0.180553650788903
9.32451542475628 -0.211513385867822
9.33209891683869 -0.24226227980378
9.3396824089211 -0.272769681430602
9.34726590100352 -0.303005180306874
9.35484939308593 -0.332938637029764
9.36243288516834 -0.362540213278621
9.37001637725075 -0.391780401558492
9.37759986933317 -0.420630054613785
9.38518336141558 -0.449060414482922
9.39276685349799 -0.477043141164887
9.4003503455804 -0.504550340869176
9.40793383766281 -0.531554593820902
9.41551732974523 -0.558028981593442
9.42310082182764 -0.583947113941303
9.43068431391005 -0.609283155106516
9.43826780599246 -0.63401184957224
9.44585129807487 -0.658108547238039
9.45343479015729 -0.681549227991632
9.4610182822397 -0.704310525652671
9.46860177432211 -0.72636975126464
9.47618526640452 -0.74770491571171
9.48376875848694 -0.768294751637973
9.49135225056935 -0.788118734647191
9.49893574265176 -0.807157103761986
9.50651923473417 -0.825390881121978
9.51410272681658 -0.842801890901349
9.52168621889899 -0.859372777426911
9.52926971098141 -0.875087022478594
9.53685320306382 -0.889928961755181
9.54443669514623 -0.903883800488822
9.55202018722864 -0.916937628192788
9.55960367931105 -0.92907743252773
9.56718717139347 -0.940291112272676
9.57477066347588 -0.950567489387782
9.58235415555829 -0.959896320156857
9.5899376476407 -0.968268305398507
9.59752113972312 -0.975675099735774
9.60510463180553 -0.982109319914981
9.61268812388794 -0.987564552165523
9.62027161597035 -0.992035358593258
9.62785510805276 -0.995517282601106
9.63543860013517 -0.998006853331493
9.64302209221759 -0.999501589126174
9.6506055843 -1
9.66900060056734 -0.999501589126174
9.68739561683467 -0.998006853331493
9.70579063310201 -0.995517282601106
9.72418564936935 -0.992035358593258
9.74258066563668 -0.987564552165524
9.76097568190402 -0.98210931991498
9.77937069817136 -0.975675099735774
9.79776571443869 -0.968268305398507
9.81616073070603 -0.959896320156857
9.83455574697337 -0.950567489387783
9.8529507632407 -0.940291112272676
9.87134577950804 -0.92907743252773
9.88974079577538 -0.916937628192789
9.90813581204271 -0.903883800488823
9.92653082831005 -0.88992896175518
9.94492584457739 -0.875087022478594
9.96332086084472 -0.859372777426912
9.98171587711206 -0.842801890901351
10.0001108933794 -0.825390881121976
10.0185059096467 -0.807157103761986
10.0369009259141 -0.788118734647192
10.0552959421814 -0.768294751637971
10.0736909584487 -0.747704915711709
10.0920859747161 -0.72636975126464
10.1104809909834 -0.704310525652671
10.1288760072508 -0.681549227991634
10.1472710235181 -0.658108547238037
10.1656660397854 -0.634011849572239
10.1840610560528 -0.609283155106516
10.2024560723201 -0.583947113941306
10.2208510885874 -0.558028981593439
10.2392461048548 -0.531554593820901
10.2576411211221 -0.504550340869178
10.2760361373894 -0.477043141164889
10.2944311536568 -0.449060414482921
10.3128261699241 -0.420630054613784
10.3312211861915 -0.391780401558494
10.3496162024588 -0.362540213278624
10.3680112187261 -0.332938637029762
10.3864062349935 -0.303005180306872
10.4048012512608 -0.272769681430604
10.4231962675281 -0.242262279803782
10.4415912837955 -0.211513385867819
10.4599863000628 -0.180553650788901
10.4783813163302 -0.149413935904261
10.4967763325975 -0.118125281958907
10.5151713488648 -0.0867188781635507
10.5335663651322 -0.0552260311045095
10.5519613813995 -0.0236781335366237
10.5703563976668 0.0078933669097122
10.5887514139342 0.0394569990762531
10.6071464302015 0.0709812996480151
10.6255414464688 0.102434844516614
10.6439364627362 0.133786280104478
10.6623314790035 0.1650043546188
10.6807264952709 0.196057949203977
10.6991215115382 0.226916108961591
10.7175165278055 0.257548073806896
10.7359115440729 0.287923309131168
10.7543065603402 0.318011536239238
10.7727015766075 0.347782762531984
10.7910965928749 0.377207311403576
10.8094916091422 0.406255851823788
10.8278866254095 0.434899427575793
10.8462816416769 0.463109486120347
10.8646766579442 0.490857907057594
10.8830716742116 0.518117030158076
10.9014666904789 0.544859682935071
10.9198617067462 0.571059207730694
10.9382567230136 0.596689488288857
10.9566517392809 0.621724975788495
10.9750467555482 0.64614071431121
10.9934417718156 0.669912365717855
11.0118367880829 0.69301623390933
11.0302318043503 0.715429288447371
11.0486268206176 0.73712918751178
11.0670218368849 0.758094300171246
11.0854168531523 0.778303727945529
11.1038118694196 0.797737325637519
11.1222068856869 0.816375721414398
11.1406019019543 0.834200336117918
11.1589969182216 0.851193401784494
11.1773919344889 0.867337979356715
11.1957869507563 0.882617975568546
11.2141819670236 0.897018158987464
11.232576983291 0.910524175197462
11.2509719995583 0.923122561107861
11.2693670158256 0.934800758373598
11.287762032093 0.945547125913667
11.3061570483603 0.955350951515195
11.3245520646276 0.964202462511612
11.342947080895 0.972092835524257
11.3613420971623 0.979014205257714
11.3797371134296 0.984959672340111
11.398132129697 0.989923310200557
11.4165271459643 0.993900170976888
11.4349221622317 0.996886290447793
11.453317178499 0.998878691984444
11.4717121947663 0.999875389517657
11.4901072110337 0.999875389517657
11.508502227301 0.998878691984444
11.5268972435683 0.996886290447793
11.5452922598357 0.993900170976888
11.563687276103 0.989923310200557
11.5820822923704 0.984959672340111
11.6004773086377 0.979014205257714
11.618872324905 0.972092835524257
11.6372673411724 0.964202462511612
11.6556623574397 0.955350951515195
11.674057373707 0.945547125913667
11.6924523899744 0.934800758373598
11.7108474062417 0.923122561107861
11.729242422509 0.910524175197462
11.7476374387764 0.897018158987464
11.7660324550437 0.882617975568547
11.7844274713111 0.867337979356715
11.8028224875784 0.851193401784494
11.8212175038457 0.834200336117918
11.8396125201131 0.816375721414398
11.8580075363804 0.79773732563752
11.8764025526477 0.778303727945529
11.8947975689151 0.758094300171246
11.9131925851824 0.73712918751178
11.9315876014497 0.715429288447371
11.9499826177171 0.693016233909331
11.9683776339844 0.669912365717855
11.9867726502518 0.646140714311211
12.0051676665191 0.621724975788495
12.0235626827864 0.596689488288856
12.0419576990538 0.571059207730694
12.0603527153211 0.544859682935071
12.0787477315884 0.518117030158077
12.0971427478558 0.490857907057594
12.1155377641231 0.463109486120347
12.1339327803905 0.434899427575793
12.1523277966578 0.406255851823788
12.1707228129251 0.377207311403576
12.1891178291925 0.347782762531984
12.2075128454598 0.318011536239239
12.2259078617271 0.287923309131164
12.2443028779945 0.257548073806896
12.2626978942618 0.226916108961591
12.2810929105291 0.196057949203978
12.2994879267965 0.165004354618801
12.3178829430638 0.133786280104478
12.3362779593312 0.102434844516614
12.3546729755985 0.0709812996480153
12.3730679918658 0.0394569990762536
12.3914630081332 0.00789336690971555
12.4098580244005 -0.0236781335366239
12.4282530406678 -0.0552260311045093
12.4466480569352 -0.0867188781635505
12.4650430732025 -0.118125281958909
12.4834380894698 -0.149413935904261
12.5018331057372 -0.180553650788904
12.5202281220045 -0.211513385867819
12.5386231382719 -0.242262279803782
12.5570181545392 -0.272769681430603
12.5754131708065 -0.303005180306872
12.5938081870739 -0.332938637029762
12.6122032033412 -0.362540213278624
12.6305982196085 -0.391780401558494
12.6489932358759 -0.420630054613784
12.6673882521432 -0.449060414482918
12.6857832684106 -0.477043141164889
12.7041782846779 -0.504550340869178
12.7225733009452 -0.531554593820901
12.7409683172126 -0.558028981593439
12.7593633334799 -0.583947113941306
12.7777583497472 -0.609283155106517
12.7961533660146 -0.634011849572238
12.8145483822819 -0.658108547238037
12.8329433985492 -0.681549227991634
12.8513384148166 -0.704310525652671
12.8697334310839 -0.726369751264639
12.8881284473513 -0.747704915711708
12.9065234636186 -0.768294751637971
12.9249184798859 -0.788118734647192
12.9433134961533 -0.807157103761984
12.9617085124206 -0.825390881121976
12.9801035286879 -0.842801890901351
12.9984985449553 -0.859372777426912
13.0168935612226 -0.875087022478593
13.03528857749 -0.88992896175518
13.0536835937573 -0.903883800488824
13.0720786100246 -0.916937628192789
13.090473626292 -0.92907743252773
13.1088686425593 -0.940291112272676
13.1272636588266 -0.950567489387784
13.145658675094 -0.959896320156857
13.1640536913613 -0.968268305398507
13.1824487076286 -0.975675099735774
13.200843723896 -0.98210931991498
13.2192387401633 -0.987564552165523
13.2376337564307 -0.992035358593258
13.256028772698 -0.995517282601106
13.2744237889653 -0.998006853331493
13.2928188052327 -0.999501589126174
13.3112138215 -1
13.3167661626151 -0.999501589126174
13.3223185037302 -0.998006853331493
13.3278708448452 -0.995517282601106
13.3334231859603 -0.992035358593257
13.3389755270754 -0.987564552165523
13.3445278681905 -0.982109319914981
13.3500802093055 -0.975675099735774
13.3556325504206 -0.968268305398508
13.3611848915357 -0.959896320156858
13.3667372326508 -0.950567489387783
13.3722895737658 -0.940291112272676
13.3778419148809 -0.92907743252773
13.383394255996 -0.916937628192788
13.3889465971111 -0.903883800488823
13.3944989382261 -0.889928961755179
13.4000512793412 -0.875087022478592
13.4056036204563 -0.85937277742691
13.4111559615714 -0.842801890901353
13.4167083026864 -0.825390881121978
13.4222606438015 -0.807157103761987
13.4278129849166 -0.788118734647194
13.4333653260317 -0.768294751637972
13.4389176671467 -0.747704915711709
13.4444700082618 -0.726369751264639
13.4500223493769 -0.704310525652671
13.455574690492 -0.681549227991632
13.461127031607 -0.658108547238035
13.4666793727221 -0.634011849572236
13.4722317138372 -0.609283155106513
13.4777840549523 -0.58394711394131
13.4833363960673 -0.558028981593443
13.4888887371824 -0.531554593820904
13.4944410782975 -0.504550340869179
13.4999934194126 -0.477043141164891
13.5055457605276 -0.44906041448292
13.5110981016427 -0.420630054613784
13.5166504427578 -0.391780401558491
13.5222027838729 -0.362540213278622
13.5277551249879 -0.332938637029758
13.533307466103 -0.303005180306869
13.5388598072181 -0.272769681430598
13.5444121483332 -0.242262279803787
13.5499644894482 -0.211513385867822
13.5555168305633 -0.180553650788905
13.5610691716784 -0.149413935904263
13.5666215127935 -0.118125281958909
13.5721738539085 -0.0867188781635507
13.5777261950236 -0.0552260311045073
13.5832785361387 -0.0236781335366221
13.5888308772538 0.00789336690971598
13.5943832183688 0.0394569990762565
13.5999355594839 0.0709812996480202
13.605487900599 0.102434844516608
13.6110402417141 0.133786280104475
13.6165925828291 0.165004354618796
13.6221449239442 0.196057949203976
13.6276972650593 0.226916108961589
13.6332496061744 0.257548073806896
13.6388019472894 0.287923309131167
13.6443542884045 0.318011536239239
13.6499066295196 0.347782762531984
13.6554589706347 0.377207311403579
13.6610113117497 0.406255851823792
13.6665636528648 0.434899427575797
13.6721159939799 0.463109486120344
13.677668335095 0.49085790705759
13.6832206762101 0.518117030158075
13.6887730173251 0.544859682935069
13.6943253584402 0.571059207730694
13.6998776995553 0.596689488288856
13.7054300406704 0.621724975788496
13.7109823817854 0.646140714311211
13.7165347229005 0.669912365717857
13.7220870640156 0.693016233909334
13.7276394051307 0.715429288447374
13.7331917462457 0.737129187511782
13.7387440873608 0.758094300171243
13.7442964284759 0.778303727945528
13.749848769591 0.797737325637518
13.755401110706 0.816375721414398
13.7609534518211 0.834200336117917
13.7665057929362 0.851193401784495
13.7720581340513 0.867337979356715
13.7776104751663 0.882617975568548
13.7831628162814 0.897018158987465
13.7887151573965 0.910524175197464
13.7942674985116 0.923122561107862
13.7998198396266 0.934800758373596
13.8053721807417 0.945547125913666
13.8109245218568 0.955350951515194
13.8164768629719 0.964202462511611
13.8220292040869 0.972092835524257
13.827581545202 0.979014205257714
13.8331338863171 0.984959672340111
13.8386862274322 0.989923310200557
13.8442385685472 0.993900170976888
13.8497909096623 0.996886290447793
13.8553432507774 0.998878691984444
13.8608955918925 0.999875389517657
13.8664479330075 0.999875389517657
13.8720002741226 0.998878691984444
13.8775526152377 0.996886290447793
13.8831049563528 0.993900170976888
13.8886572974678 0.989923310200557
13.8942096385829 0.984959672340111
13.899761979698 0.979014205257714
13.9053143208131 0.972092835524257
13.9108666619281 0.964202462511611
13.9164190030432 0.955350951515194
13.9219713441583 0.945547125913666
13.9275236852734 0.934800758373597
13.9330760263884 0.923122561107863
13.9386283675035 0.910524175197464
13.9441807086186 0.897018158987465
13.9497330497337 0.882617975568548
13.9552853908487 0.867337979356715
13.9608377319638 0.851193401784495
13.9663900730789 0.834200336117917
13.971942414194 0.816375721414398
13.977494755309 0.797737325637518
13.9830470964241 0.778303727945528
13.9885994375392 0.758094300171243
13.9941517786543 0.737129187511782
13.9997041197693 0.715429288447374
14.0052564608844 0.693016233909334
14.0108088019995 0.669912365717857
14.0163611431146 0.646140714311211
14.0219134842296 0.621724975788496
14.0274658253447 0.596689488288856
14.0330181664598 0.571059207730694
14.0385705075749 0.544859682935069
14.04412284869 0.518117030158076
14.049675189805 0.490857907057591
14.0552275309201 0.463109486120344
14.0607798720352 0.434899427575798
14.0663322131503 0.406255851823793
14.0718845542653 0.377207311403579
14.0774368953804 0.347782762531985
14.0829892364955 0.31801153623924
14.0885415776106 0.287923309131167
14.0940939187256 0.257548073806896
14.0996462598407 0.226916108961589
14.1051986009558 0.196057949203976
14.1107509420709 0.165004354618796
14.1163032831859 0.133786280104475
14.121855624301 0.102434844516609
14.1274079654161 0.0709812996480207
14.1329603065312 0.0394569990762563
14.1385126476462 0.00789336690971644
14.1440649887613 -0.0236781335366221
14.1496173298764 -0.0552260311045075
14.1551696709915 -0.0867188781635505
14.1607220121065 -0.118125281958909
14.1662743532216 -0.149413935904262
14.1718266943367 -0.180553650788904
14.1773790354518 -0.211513385867822
14.1829313765668 -0.242262279803786
14.1884837176819 -0.272769681430598
14.194036058797 -0.303005180306869
14.1995883999121 -0.332938637029758
14.2051407410271 -0.362540213278622
14.2106930821422 -0.391780401558491
14.2162454232573 -0.420630054613783
14.2217977643724 -0.44906041448292
14.2273501054874 -0.47704314116489
14.2329024466025 -0.504550340869178
14.2384547877176 -0.531554593820904
14.2440071288327 -0.558028981593443
14.2495594699477 -0.583947113941309
14.2551118110628 -0.609283155106521
14.2606641521779 -0.634011849572235
14.266216493293 -0.658108547238035
14.271768834408 -0.681549227991632
14.2773211755231 -0.704310525652671
14.2828735166382 -0.726369751264639
14.2884258577533 -0.747704915711709
14.2939781988683 -0.768294751637971
14.2995305399834 -0.788118734647194
14.3050828810985 -0.807157103761987
14.3106352222136 -0.825390881121978
14.3161875633286 -0.842801890901353
14.3217399044437 -0.85937277742691
14.3272922455588 -0.875087022478592
14.3328445866739 -0.889928961755179
14.3383969277889 -0.903883800488823
14.343949268904 -0.916937628192788
14.3495016100191 -0.92907743252773
14.3550539511342 -0.940291112272676
14.3606062922492 -0.950567489387783
14.3661586333643 -0.959896320156858
14.3717109744794 -0.968268305398508
14.3772633155945 -0.975675099735774
14.3828156567095 -0.982109319914979
14.3883679978246 -0.987564552165523
14.3939203389397 -0.992035358593257
14.3994726800548 -0.995517282601106
14.4050250211698 -0.998006853331493
14.4105773622849 -0.999501589126174
14.4161297034 -1
14.435391411699 -0.999501589126174
14.454653119998 -0.998006853331493
14.473914828297 -0.995517282601106
14.493176536596 -0.992035358593258
14.512438244895 -0.987564552165524
14.531699953194 -0.98210931991498
14.550961661493 -0.975675099735773
14.570223369792 -0.968268305398507
14.589485078091 -0.959896320156857
14.6087467863899 -0.950567489387783
14.6280084946889 -0.940291112272676
14.6472702029879 -0.929077432527731
14.6665319112869 -0.916937628192788
14.6857936195859 -0.903883800488823
14.7050553278849 -0.88992896175518
14.7243170361839 -0.875087022478594
14.7435787444829 -0.859372777426912
14.7628404527819 -0.842801890901351
14.7821021610809 -0.825390881121977
14.8013638693799 -0.807157103761986
14.8206255776789 -0.788118734647192
14.8398872859779 -0.76829475163797
14.8591489942769 -0.747704915711709
14.8784107025759 -0.726369751264639
14.8976724108749 -0.704310525652672
14.9169341191739 -0.681549227991634
14.9361958274729 -0.658108547238038
14.9554575357719 -0.63401184957224
14.9747192440709 -0.609283155106516
14.9939809523698 -0.583947113941305
15.0132426606688 -0.55802898159344
15.0325043689678 -0.531554593820901
15.0517660772668 -0.504550340869177
15.0710277855658 -0.47704314116489
15.0902894938648 -0.449060414482921
15.1095512021638 -0.420630054613785
15.1288129104628 -0.391780401558494
15.1480746187618 -0.362540213278624
15.1673363270608 -0.33293863702976
15.1865980353598 -0.303005180306872
15.2058597436588 -0.272769681430603
15.2251214519578 -0.242262279803784
15.2443831602568 -0.21151338586782
15.2636448685558 -0.180553650788903
15.2829065768548 -0.149413935904262
15.3021682851538 -0.118125281958907
15.3214299934528 -0.0867188781635498
15.3406917017518 -0.0552260311045077
15.3599534100508 -0.0236781335366237
15.3792151183497 0.00789336690971309
15.3984768266487 0.0394569990762523
15.4177385349477 0.0709812996480149
15.4370002432467 0.102434844516612
15.4562619515457 0.133786280104477
15.4755236598447 0.1650043546188
15.4947853681437 0.196057949203979
15.5140470764427 0.22691610896159
15.5333087847417 0.257548073806897
15.5525704930407 0.287923309131166
15.5718322013397 0.318011536239238
15.5910939096387 0.347782762531981
15.6103556179377 0.377207311403577
15.6296173262367 0.40625585182379
15.6488790345357 0.434899427575794
15.6681407428347 0.463109486120348
15.6874024511337 0.490857907057594
15.7066641594327 0.518117030158077
15.7259258677317 0.54485968293507
15.7451875760307 0.571059207730694
15.7644492843296 0.596689488288855
15.7837109926286 0.621724975788494
15.8029727009276 0.646140714311211
15.8222344092266 0.669912365717856
15.8414961175256 0.693016233909332
15.8607578258246 0.715429288447371
15.8800195341236 0.737129187511779
15.8992812424226 0.758094300171245
15.9185429507216 0.778303727945529
15.9378046590206 0.79773732563752
15.9570663673196 0.8163757214144
15.9763280756186 0.834200336117918
15.9955897839176 0.851193401784495
16.0148514922166 0.867337979356715
16.0341132005156 0.882617975568546
16.0533749088146 0.897018158987463
16.0726366171136 0.910524175197462
16.0918983254126 0.92312256110786
16.1111600337116 0.934800758373598
16.1304217420106 0.945547125913666
16.1496834503095 0.955350951515194
16.1689451586085 0.964202462511613
16.1882068669075 0.972092835524258
16.2074685752065 0.979014205257715
16.2267302835055 0.984959672340111
16.2459919918045 0.989923310200557
16.2652537001035 0.993900170976888
16.2845154084025 0.996886290447793
16.3037771167015 0.998878691984444
16.3230388250005 0.999875389517657
16.3423005332995 0.999875389517657
16.3615622415985 0.998878691984444
16.3808239498975 0.996886290447793
16.4000856581965 0.993900170976888
16.4193473664955 0.989923310200557
16.4386090747945 0.984959672340111
16.4578707830935 0.979014205257715
16.4771324913925 0.972092835524258
16.4963941996915 0.964202462511611
16.5156559079905 0.955350951515194
16.5349176162894 0.945547125913667
16.5541793245884 0.934800758373598
16.5734410328874 0.92312256110786
16.5927027411864 0.910524175197462
16.6119644494854 0.897018158987463
16.6312261577844 0.882617975568547
16.6504878660834 0.867337979356715
16.6697495743824 0.851193401784495
16.6890112826814 0.834200336117918
16.7082729909804 0.8163757214144
16.7275346992794 0.79773732563752
16.7467964075784 0.778303727945531
16.7660581158774 0.758094300171247
16.7853198241764 0.737129187511777
16.8045815324754 0.715429288447373
16.8238432407744 0.69301623390933
16.8431049490734 0.669912365717854
16.8623666573724 0.646140714311209
16.8816283656714 0.621724975788494
16.9008900739704 0.596689488288855
16.9201517822693 0.571059207730694
16.9394134905683 0.54485968293507
16.9586751988673 0.518117030158078
16.9779369071663 0.490857907057594
16.9971986154653 0.463109486120348
17.0164603237643 0.434899427575794
17.0357220320633 0.40625585182379
17.0549837403623 0.377207311403577
17.0742454486613 0.347782762531984
17.0935071569603 0.31801153623924
17.1127688652593 0.287923309131169
17.1320305735583 0.2575480738069
17.1512922818573 0.226916108961588
17.1705539901563 0.196057949203975
17.1898156984553 0.165004354618797
17.2090774067543 0.133786280104478
17.2283391150533 0.102434844516612
17.2476008233523 0.0709812996480153
17.2668625316513 0.0394569990762527
17.2861242399503 0.00789336690971289
17.3053859482492 -0.0236781335366239
17.3246476565482 -0.0552260311045075
17.3439093648472 -0.0867188781635496
17.3631710731462 -0.118125281958906
17.3824327814452 -0.149413935904259
17.4016944897442 -0.180553650788899
17.4209561980432 -0.211513385867816
17.4402179063422 -0.24226227980378
17.4594796146412 -0.2727696814306
17.4787413229402 -0.303005180306875
17.4980030312392 -0.332938637029763
17.5172647395382 -0.362540213278626
17.5365264478372 -0.391780401558495
17.5557881561362 -0.420630054613785
17.5750498644352 -0.449060414482921
17.5943115727342 -0.47704314116489
17.6135732810332 -0.504550340869177
17.6328349893322 -0.531554593820901
17.6520966976312 -0.558028981593439
17.6713584059301 -0.583947113941304
17.6906201142291 -0.609283155106516
17.7098818225281 -0.634011849572238
17.7291435308271 -0.658108547238036
17.7484052391261 -0.681549227991632
17.7676669474251 -0.70431052565267
17.7869286557241 -0.726369751264637
17.8061903640231 -0.74770491571171
17.8254520723221 -0.768294751637972
17.8447137806211 -0.788118734647193
17.8639754889201 -0.807157103761986
17.8832371972191 -0.825390881121976
17.9024989055181 -0.84280189090135
17.9217606138171 -0.859372777426912
17.9410223221161 -0.875087022478594
17.9602840304151 -0.88992896175518
17.9795457387141 -0.903883800488823
17.9988074470131 -0.916937628192788
18.0180691553121 -0.92907743252773
18.0373308636111 -0.940291112272675
18.05659257191 -0.950567489387782
18.075854280209 -0.959896320156856
18.095115988508 -0.968268305398508
18.114377696807 -0.975675099735774
18.133639405106 -0.982109319914981
18.152901113405 -0.987564552165524
18.172162821704 -0.992035358593258
18.191424530003 -0.995517282601106
18.210686238302 -0.998006853331493
18.229947946601 -0.999501589126174
18.2492096549 -1
18.2675409281663 -0.999501589126174
18.2858722014327 -0.998006853331493
18.304203474699 -0.995517282601106
18.3225347479653 -0.992035358593257
18.3408660212317 -0.987564552165524
18.359197294498 -0.982109319914981
18.3775285677643 -0.975675099735773
18.3958598410307 -0.968268305398507
18.414191114297 -0.959896320156858
18.4325223875633 -0.950567489387782
18.4508536608296 -0.940291112272676
18.469184934096 -0.929077432527729
18.4875162073623 -0.916937628192789
18.5058474806286 -0.903883800488824
18.524178753895 -0.889928961755179
18.5425100271613 -0.875087022478594
18.5608413004276 -0.859372777426913
18.579172573694 -0.84280189090135
18.5975038469603 -0.825390881121977
18.6158351202266 -0.807157103761984
18.634166393493 -0.788118734647192
18.6524976667593 -0.768294751637972
18.6708289400256 -0.747704915711708
18.689160213292 -0.72636975126464
18.7074914865583 -0.704310525652674
18.7258227598246 -0.681549227991633
18.744154033091 -0.658108547238039
18.7624853063573 -0.634011849572237
18.7808165796236 -0.609283155106516
18.7991478528899 -0.583947113941308
18.8174791261563 -0.558028981593439
18.8358103994226 -0.531554593820902
18.8541416726889 -0.50455034086918
18.8724729459553 -0.477043141164889
18.8908042192216 -0.449060414482921
18.9091354924879 -0.420630054613782
18.9274667657543 -0.391780401558493
18.9457980390206 -0.362540213278626
18.9641293122869 -0.332938637029759
18.9824605855533 -0.303005180306873
19.0007918588196 -0.272769681430606
19.0191231320859 -0.242262279803782
19.0374544053523 -0.21151338586782
19.0557856786186 -0.1805536507889
19.0741169518849 -0.149413935904261
19.0924482251513 -0.11812528195891
19.1107794984176 -0.0867188781635492
19.1291107716839 -0.0552260311045088
19.1474420449502 -0.0236781335366268
19.1657733182166 0.00789336690971398
19.1841045914829 0.0394569990762514
19.2024358647492 0.0709812996480182
19.2207671380156 0.102434844516614
19.2390984112819 0.133786280104477
19.2574296845482 0.165004354618801
19.2757609578146 0.196057949203977
19.2940922310809 0.226916108961587
19.3124235043472 0.257548073806897
19.3307547776136 0.287923309131165
19.3490860508799 0.31801153623924
19.3674173241462 0.347782762531982
19.3857485974126 0.377207311403574
19.4040798706789 0.40625585182379
19.4224111439452 0.434899427575792
19.4407424172116 0.46310948612035
19.4590736904779 0.490857907057594
19.4774049637442 0.518117030158076
19.4957362370106 0.544859682935072
19.5140675102769 0.571059207730695
19.5323987835432 0.596689488288854
19.5507300568095 0.621724975788496
19.5690613300759 0.646140714311209
19.5873926033422 0.669912365717853
19.6057238766085 0.693016233909332
19.6240551498749 0.71542928844737
19.6423864231412 0.73712918751178
19.6607176964075 0.758094300171245
19.6790489696739 0.778303727945528
19.6973802429402 0.79773732563752
19.7157115162065 0.816375721414399
19.7340427894729 0.834200336117919
19.7523740627392 0.851193401784495
19.7707053360055 0.867337979356714
19.7890366092719 0.882617975568548
19.8073678825382 0.897018158987463
19.8256991558045 0.910524175197461
19.8440304290709 0.923122561107861
19.8623617023372 0.934800758373598
19.8806929756035 0.945547125913668
19.8990242488698 0.955350951515195
19.9173555221362 0.964202462511611
19.9356867954025 0.972092835524258
19.9540180686688 0.979014205257714
19.9723493419352 0.98495967234011
19.9906806152015 0.989923310200557
20.0090118884678 0.993900170976888
20.0273431617342 0.996886290447793
20.0456744350005 0.998878691984444
20.0640057082668 0.999875389517657
20.0823369815332 0.999875389517657
20.1006682547995 0.998878691984444
20.1189995280658 0.996886290447793
20.1373308013322 0.993900170976888
20.1556620745985 0.989923310200557
20.1739933478648 0.98495967234011
20.1923246211312 0.979014205257714
20.2106558943975 0.972092835524258
20.2289871676638 0.964202462511611
20.2473184409302 0.955350951515195
20.2656497141965 0.945547125913668
20.2839809874628 0.934800758373598
20.3023122607291 0.923122561107861
20.3206435339955 0.910524175197461
20.3389748072618 0.897018158987463
20.3573060805281 0.882617975568548
20.3756373537945 0.867337979356714
20.3939686270608 0.851193401784495
20.4122999003271 0.834200336117919
20.4306311735935 0.816375721414398
20.4489624468598 0.79773732563752
20.4672937201261 0.778303727945528
20.4856249933925 0.758094300171246
20.5039562666588 0.737129187511781
20.5222875399251 0.71542928844737
20.5406188131915 0.693016233909332
20.5589500864578 0.669912365717853
20.5772813597241 0.646140714311209
20.5956126329905 0.621724975788497
20.6139439062568 0.596689488288854
20.6322751795231 0.571059207730695
20.6506064527894 0.544859682935073
20.6689377260558 0.518117030158076
20.6872689993221 0.490857907057595
20.7056002725884 0.463109486120351
20.7239315458548 0.434899427575792
20.7422628191211 0.40625585182379
20.7605940923874 0.377207311403574
20.7789253656538 0.347782762531982
20.7972566389201 0.31801153623924
20.8155879121864 0.287923309131166
20.8339191854528 0.257548073806898
20.8522504587191 0.226916108961587
20.8705817319854 0.196057949203978
20.8889130052518 0.165004354618802
20.9072442785181 0.133786280104477
20.9255755517844 0.102434844516613
20.9439068250508 0.0709812996480189
20.9622380983171 0.0394569990762509
20.9805693715834 0.00789336690971378
20.9989006448498 -0.0236781335366265
21.0172319181161 -0.0552260311045084
21.0355631913824 -0.0867188781635496
21.0538944646487 -0.11812528195891
21.0722257379151 -0.14941393590426
21.0905570111814 -0.180553650788906
21.1088882844477 -0.21151338586782
21.1272195577141 -0.242262279803782
21.1455508309804 -0.272769681430606
21.1638821042467 -0.303005180306873
21.1822133775131 -0.332938637029759
21.2005446507794 -0.362540213278626
21.2188759240457 -0.391780401558493
21.2372071973121 -0.420630054613782
21.2555384705784 -0.449060414482921
21.2738697438447 -0.477043141164888
21.2922010171111 -0.504550340869179
21.3105322903774 -0.531554593820901
21.3288635636437 -0.558028981593438
21.3471948369101 -0.583947113941307
21.3655261101764 -0.609283155106516
21.3838573834427 -0.634011849572241
21.402188656709 -0.658108547238038
21.4205199299754 -0.681549227991633
21.4388512032417 -0.704310525652674
21.457182476508 -0.726369751264639
21.4755137497744 -0.747704915711707
21.4938450230407 -0.768294751637972
21.512176296307 -0.788118734647192
21.5305075695734 -0.807157103761983
21.5488388428397 -0.825390881121977
21.567170116106 -0.84280189090135
21.5855013893724 -0.859372777426913
21.6038326626387 -0.875087022478594
21.622163935905 -0.889928961755179
21.6404952091714 -0.903883800488824
21.6588264824377 -0.916937628192789
21.677157755704 -0.929077432527732
21.6954890289704 -0.940291112272676
21.7138203022367 -0.950567489387782
21.732151575503 -0.959896320156858
21.7504828487693 -0.968268305398507
21.7688141220357 -0.975675099735773
21.787145395302 -0.982109319914981
21.8054766685683 -0.987564552165524
21.8238079418347 -0.992035358593257
21.842139215101 -0.995517282601106
21.8604704883673 -0.998006853331493
21.8788017616337 -0.999501589126174
21.8971330349 -1
21.9067610597226 -0.999501589126174
21.9163890845452 -0.998006853331494
21.9260171093678 -0.995517282601106
21.9356451341905 -0.992035358593257
21.9452731590131 -0.987564552165524
21.9549011838357 -0.98210931991498
21.9645292086583 -0.975675099735775
21.9741572334809 -0.968268305398507
21.9837852583035 -0.959896320156856
21.9934132831261 -0.950567489387784
22.0030413079487 -0.940291112272675
22.0126693327714 -0.929077432527729
22.022297357594 -0.91693762819279
22.0319253824166 -0.903883800488823
22.0415534072392 -0.889928961755183
22.0511814320618 -0.875087022478594
22.0608094568844 -0.85937277742691
22.070437481707 -0.842801890901352
22.0800655065296 -0.825390881121976
22.0896935313523 -0.807157103761982
22.0993215561749 -0.788118734647194
22.1089495809975 -0.768294751637969
22.1185776058201 -0.747704915711712
22.1282056306427 -0.72636975126464
22.1378336554653 -0.70431052565267
22.1474616802879 -0.681549227991637
22.1570897051106 -0.658108547238037
22.1667177299332 -0.634011849572235
22.1763457547558 -0.609283155106519
22.1859737795784 -0.583947113941305
22.195601804401 -0.558028981593445
22.2052298292236 -0.531554593820902
22.2148578540462 -0.504550340869175
22.2244858788688 -0.477043141164893
22.2341139036915 -0.44906041448292
22.2437419285141 -0.42063005461378
22.2533699533367 -0.391780401558496
22.2629979781593 -0.362540213278623
22.2726260029819 -0.332938637029767
22.2822540278045 -0.303005180306874
22.2918820526271 -0.2727696814306
22.3015100774497 -0.242262279803787
22.3111381022724 -0.211513385867819
22.320766127095 -0.180553650788898
22.3303941519176 -0.149413935904264
22.3400221767402 -0.118125281958907
22.3496502015628 -0.0867188781635454
22.3592782263854 -0.0552260311045099
22.368906251208 -0.0236781335366214
22.3785342760307 0.00789336690970843
22.3881623008533 0.0394569990762523
22.3977903256759 0.0709812996480198
22.4074183504985 0.10243484451661
22.4170463753211 0.13378628010448
22.4266744001437 0.165004354618804
22.4363024249663 0.196057949203976
22.4459304497889 0.226916108961592
22.4555584746116 0.257548073806892
22.4651864994342 0.287923309131166
22.4748145242568 0.318011536239241
22.4844425490794 0.347782762531979
22.494070573902 0.377207311403577
22.5036985987246 0.406255851823793
22.5133266235472 0.434899427575791
22.5229546483699 0.463109486120349
22.5325826731925 0.490857907057589
22.5422106980151 0.518117030158076
22.5518387228377 0.544859682935073
22.5614667476603 0.571059207730692
22.5710947724829 0.596689488288856
22.5807227973055 0.621724975788499
22.5903508221281 0.646140714311208
22.5999788469508 0.669912365717856
22.6096068717734 0.693016233909328
22.619234896596 0.71542928844737
22.6288629214186 0.737129187511781
22.6384909462412 0.758094300171242
22.6481189710638 0.77830372794553
22.6577469958864 0.797737325637522
22.667375020709 0.816375721414398
22.6770030455317 0.834200336117918
22.6866310703543 0.851193401784498
22.6962590951769 0.867337979356714
22.7058871199995 0.882617975568548
22.7155151448221 0.897018158987461
22.7251431696447 0.910524175197462
22.7347711944673 0.923122561107862
22.7443992192899 0.934800758373597
22.7540272441126 0.945547125913667
22.7636552689352 0.955350951515196
22.7732832937578 0.964202462511611
22.7829113185804 0.972092835524258
22.792539343403 0.979014205257713
22.8021673682256 0.98495967234011
22.8117953930482 0.989923310200558
22.8214234178709 0.993900170976887
22.8310514426935 0.996886290447793
22.8406794675161 0.998878691984444
22.8503074923387 0.999875389517657
22.8599355171613 0.999875389517657
22.8695635419839 0.998878691984444
22.8791915668065 0.996886290447793
22.8888195916291 0.993900170976887
22.8984476164518 0.989923310200558
22.9080756412744 0.98495967234011
22.917703666097 0.979014205257714
22.9273316909196 0.972092835524258
22.9369597157422 0.964202462511611
22.9465877405648 0.955350951515196
22.9562157653874 0.945547125913668
22.9658437902101 0.934800758373597
22.9754718150327 0.923122561107862
22.9850998398553 0.910524175197462
22.9947278646779 0.897018158987462
23.0043558895005 0.882617975568548
23.0139839143231 0.867337979356714
23.0236119391457 0.851193401784492
23.0332399639683 0.834200336117918
23.042867988791 0.816375721414397
23.0524960136136 0.797737325637522
23.0621240384362 0.77830372794553
23.0717520632588 0.758094300171243
23.0813800880814 0.737129187511781
23.091008112904 0.715429288447371
23.1006361377266 0.693016233909336
23.1102641625492 0.669912365717857
23.1198921873719 0.646140714311208
23.1295202121945 0.621724975788499
23.1391482370171 0.596689488288856
23.1487762618397 0.571059207730692
23.1584042866623 0.544859682935073
23.1680323114849 0.518117030158077
23.1776603363075 0.490857907057589
23.1872883611302 0.46310948612035
23.1969163859528 0.434899427575791
23.2065444107754 0.406255851823794
23.216172435598 0.377207311403576
23.2258004604206 0.347782762531979
23.2354284852432 0.318011536239242
23.2450565100658 0.287923309131166
23.2546845348884 0.257548073806892
23.2643125597111 0.226916108961592
23.2739405845337 0.196057949203976
23.2835686093563 0.165004354618804
23.2931966341789 0.133786280104481
23.3028246590015 0.10243484451661
23.3124526838241 0.0709812996480207
23.3220807086467 0.0394569990762527
23.3317087334693 0.00789336690970845
23.341336758292 -0.0236781335366212
23.3509647831146 -0.0552260311045093
23.3605928079372 -0.0867188781635452
23.3702208327598 -0.118125281958906
23.3798488575824 -0.149413935904264
23.389476882405 -0.180553650788898
23.3991049072276 -0.211513385867819
23.4087329320503 -0.242262279803788
23.4183609568729 -0.272769681430601
23.4279889816955 -0.303005180306874
23.4376170065181 -0.332938637029756
23.4472450313407 -0.362540213278623
23.4568730561633 -0.391780401558495
23.4665010809859 -0.42063005461378
23.4761291058085 -0.44906041448292
23.4857571306312 -0.477043141164893
23.4953851554538 -0.504550340869175
23.5050131802764 -0.531554593820902
23.514641205099 -0.558028981593445
23.5242692299216 -0.583947113941304
23.5338972547442 -0.609283155106519
23.5435252795668 -0.634011849572235
23.5531533043894 -0.658108547238037
23.5627813292121 -0.681549227991637
23.5724093540347 -0.704310525652669
23.5820373788573 -0.72636975126464
23.5916654036799 -0.747704915711712
23.6012934285025 -0.768294751637969
23.6109214533251 -0.788118734647194
23.6205494781477 -0.807157103761982
23.6301775029704 -0.825390881121975
23.639805527793 -0.842801890901352
23.6494335526156 -0.85937277742691
23.6590615774382 -0.875087022478594
23.6686896022608 -0.889928961755183
23.6783176270834 -0.903883800488822
23.687945651906 -0.91693762819279
23.6975736767286 -0.929077432527729
23.7072017015513 -0.940291112272675
23.7168297263739 -0.950567489387784
23.7264577511965 -0.959896320156856
23.7360857760191 -0.968268305398507
23.7457138008417 -0.975675099735775
23.7553418256643 -0.98210931991498
23.7649698504869 -0.987564552165524
23.7745978753095 -0.992035358593257
23.7842259001322 -0.995517282601106
23.7938539249548 -0.998006853331494
23.8034819497774 -0.999501589126174
23.8131099746 -1
23.8291244973407 -0.999501589126174
23.8451390200814 -0.998006853331493
23.8611535428221 -0.995517282601106
23.8771680655628 -0.992035358593258
23.8931825883035 -0.987564552165524
23.9091971110442 -0.98210931991498
23.9252116337849 -0.975675099735773
23.9412261565256 -0.968268305398508
23.9572406792663 -0.959896320156857
23.973255202007 -0.950567489387783
23.9892697247477 -0.940291112272675
24.0052842474884 -0.929077432527729
24.0212987702291 -0.91693762819279
24.0373132929698 -0.903883800488824
24.0533278157106 -0.88992896175518
24.0693423384513 -0.875087022478593
24.085356861192 -0.85937277742691
24.1013713839327 -0.842801890901352
24.1173859066734 -0.825390881121977
24.1334004294141 -0.807157103761985
24.1494149521548 -0.788118734647191
24.1654294748955 -0.768294751637973
24.1814439976362 -0.74770491571171
24.1974585203769 -0.72636975126464
24.2134730431176 -0.704310525652671
24.2294875658583 -0.681549227991632
24.245502088599 -0.65810854723804
24.2615166113397 -0.63401184957224
24.2775311340804 -0.609283155106517
24.2935456568211 -0.583947113941305
24.3095601795618 -0.558028981593438
24.3255747023025 -0.531554593820904
24.3415892250432 -0.504550340869179
24.3576037477839 -0.47704314116489
24.3736182705246 -0.449060414482919
24.3896327932653 -0.420630054613782
24.405647316006 -0.391780401558496
24.4216618387467 -0.362540213278626
24.4376763614874 -0.332938637029761
24.4536908842281 -0.303005180306871
24.4697054069688 -0.2727696814306
24.4857199297095 -0.242262279803786
24.5017344524503 -0.21151338586782
24.517748975191 -0.180553650788902
24.5337634979317 -0.149413935904259
24.5497780206724 -0.118125281958905
24.5657925434131 -0.0867188781635532
24.5818070661538 -0.055226031104509
24.5978215888945 -0.0236781335366234
24.6138361116352 0.00789336690971531
24.6298506343759 0.0394569990762491
24.6458651571166 0.0709812996480138
24.6618796798573 0.102434844516613
24.677894202598 0.13378628010448
24.6939087253387 0.165004354618802
24.7099232480794 0.196057949203975
24.7259377708201 0.226916108961588
24.7419522935608 0.257548073806896
24.7579668163015 0.287923309131167
24.7739813390422 0.318011536239241
24.7899958617829 0.347782762531979
24.8060103845236 0.377207311403574
24.8220249072643 0.406255851823789
24.838039430005 0.434899427575794
24.8540539527457 0.46310948612035
24.8700684754864 0.490857907057591
24.8860829982271 0.518117030158076
24.9020975209678 0.54485968293507
24.9181120437085 0.571059207730696
24.9341265664492 0.596689488288858
24.9501410891899 0.621724975788493
24.9661556119307 0.646140714311209
24.9821701346714 0.669912365717855
24.9981846574121 0.693016233909333
25.0141991801528 0.715429288447373
25.0302137028935 0.737129187511777
25.0462282256342 0.758094300171245
25.0622427483749 0.77830372794553
25.0782572711156 0.79773732563752
25.0942717938563 0.816375721414397
25.110286316597 0.834200336117916
25.1263008393377 0.851193401784494
25.1423153620784 0.867337979356715
25.1583298848191 0.882617975568548
25.1743444075598 0.897018158987465
25.1903589303005 0.910524175197461
25.2063734530412 0.923122561107861
25.2223879757819 0.934800758373599
25.2384024985226 0.945547125913668
25.2544170212633 0.955350951515194
25.270431544004 0.964202462511611
25.2864460667447 0.972092835524257
25.3024605894854 0.979014205257715
25.3184751122261 0.984959672340111
25.3344896349668 0.989923310200557
25.3505041577075 0.993900170976888
25.3665186804482 0.996886290447793
25.3825332031889 0.998878691984444
25.3985477259296 0.999875389517657
25.4145622486704 0.999875389517657
25.4305767714111 0.998878691984444
25.4465912941518 0.996886290447793
25.4626058168925 0.993900170976888
25.4786203396332 0.989923310200557
25.4946348623739 0.984959672340111
25.5106493851146 0.979014205257715
25.5266639078553 0.972092835524257
25.542678430596 0.964202462511611
25.5586929533367 0.955350951515194
25.5747074760774 0.945547125913668
25.5907219988181 0.934800758373599
25.6067365215588 0.92312256110786
25.6227510442995 0.910524175197462
25.6387655670402 0.897018158987462
25.6547800897809 0.882617975568548
25.6707946125216 0.867337979356715
25.6868091352623 0.851193401784494
25.702823658003 0.834200336117916
25.7188381807437 0.816375721414401
25.7348527034844 0.797737325637521
25.7508672262251 0.77830372794553
25.7668817489658 0.758094300171245
25.7828962717065 0.737129187511777
25.7989107944472 0.715429288447374
25.8149253171879 0.693016233909333
25.8309398399286 0.669912365717855
25.8469543626693 0.646140714311209
25.8629688854101 0.621724975788493
25.8789834081508 0.596689488288859
25.8949979308915 0.571059207730696
25.9110124536322 0.54485968293507
25.9270269763729 0.518117030158076
25.9430414991136 0.490857907057591
25.9590560218543 0.463109486120351
25.975070544595 0.434899427575795
25.9910850673357 0.406255851823789
26.0070995900764 0.377207311403575
26.0231141128171 0.347782762531987
26.0391286355578 0.31801153623924
26.0551431582985 0.287923309131167
26.0711576810392 0.257548073806896
26.0871722037799 0.226916108961589
26.1031867265206 0.196057949203975
26.1192012492613 0.165004354618802
26.135215772002 0.13378628010448
26.1512302947427 0.102434844516613
26.1672448174834 0.0709812996480145
26.1832593402241 0.0394569990762563
26.1992738629648 0.00789336690971555
26.2152883857055 -0.023678133536623
26.2313029084462 -0.0552260311045084
26.2473174311869 -0.0867188781635523
26.2633319539276 -0.118125281958912
26.2793464766683 -0.149413935904259
26.295360999409 -0.180553650788901
26.3113755221497 -0.21151338586782
26.3273900448905 -0.242262279803786
26.3434045676312 -0.2727696814306
26.3594190903719 -0.303005180306871
26.3754336131126 -0.332938637029761
26.3914481358533 -0.362540213278626
26.407462658594 -0.391780401558496
26.4234771813347 -0.420630054613788
26.4394917040754 -0.449060414482918
26.4555062268161 -0.477043141164889
26.4715207495568 -0.504550340869178
26.4875352722975 -0.531554593820904
26.5035497950382 -0.558028981593438
26.5195643177789 -0.583947113941305
26.5355788405196 -0.609283155106517
26.5515933632603 -0.63401184957224
26.567607886001 -0.658108547238039
26.5836224087417 -0.681549227991632
26.5996369314824 -0.704310525652671
26.6156514542231 -0.72636975126464
26.6316659769638 -0.74770491571171
26.6476804997045 -0.768294751637973
26.6636950224452 -0.788118734647191
26.6797095451859 -0.807157103761985
26.6957240679266 -0.825390881121976
26.7117385906673 -0.842801890901351
26.727753113408 -0.859372777426913
26.7437676361487 -0.875087022478592
26.7597821588894 -0.88992896175518
26.7757966816302 -0.903883800488824
26.7918112043709 -0.91693762819279
26.8078257271116 -0.929077432527729
26.8238402498523 -0.940291112272675
26.839854772593 -0.950567489387783
26.8558692953337 -0.959896320156857
26.8718838180744 -0.968268305398508
26.8878983408151 -0.975675099735775
26.9039128635558 -0.98210931991498
26.9199273862965 -0.987564552165524
26.9359419090372 -0.992035358593258
26.9519564317779 -0.995517282601106
26.9679709545186 -0.998006853331493
26.9839854772593 -0.999501589126174
27 -1
