0 -1
0.00746869999547739 -0.999501589126174
0.0149373999909548 -0.998006853331493
0.0224060999864322 -0.995517282601106
0.0298747999819095 -0.992035358593258
0.0373434999773869 -0.987564552165524
0.0448121999728643 -0.98210931991498
0.0522808999683417 -0.975675099735774
0.0597495999638191 -0.968268305398507
0.0672182999592965 -0.959896320156857
0.0746869999547739 -0.950567489387783
0.0821556999502513 -0.940291112272676
0.0896243999457286 -0.929077432527731
0.097093099941206 -0.916937628192789
0.104561799936683 -0.903883800488824
0.112030499932161 -0.88992896175518
0.119499199927638 -0.875087022478594
0.126967899923116 -0.859372777426912
0.134436599918593 -0.842801890901351
0.14190529991407 -0.825390881121976
0.149373999909548 -0.807157103761985
0.156842699905025 -0.788118734647192
0.164311399900503 -0.768294751637971
0.17178009989598 -0.747704915711709
0.179248799891457 -0.726369751264639
0.186717499886935 -0.704310525652672
0.194186199882412 -0.681549227991634
0.201654899877889 -0.658108547238038
0.209123599873367 -0.634011849572239
0.216592299868844 -0.609283155106517
0.224060999864322 -0.583947113941306
0.231529699859799 -0.55802898159344
0.238998399855276 -0.531554593820901
0.246467099850754 -0.504550340869177
0.253935799846231 -0.47704314116489
0.261404499841709 -0.44906041448292
0.268873199837186 -0.420630054613784
0.276341899832663 -0.391780401558493
0.283810599828141 -0.362540213278625
0.291279299823618 -0.332938637029761
0.298747999819095 -0.303005180306873
0.306216699814573 -0.272769681430603
0.31368539981005 -0.242262279803783
0.321154099805528 -0.211513385867819
0.328622799801005 -0.180553650788903
0.336091499796482 -0.149413935904261
0.34356019979196 -0.118125281958908
0.351028899787437 -0.0867188781635509
0.358497599782915 -0.0552260311045082
0.365966299778392 -0.0236781335366241
0.373434999773869 0.00789336690971331
0.380903699769347 0.0394569990762529
0.388372399764824 0.0709812996480158
0.395841099760301 0.102434844516613
0.403309799755779 0.133786280104479
0.410778499751256 0.165004354618799
0.418247199746734 0.196057949203978
0.425715899742211 0.22691610896159
0.433184599737688 0.257548073806897
0.440653299733166 0.287923309131166
0.448121999728643 0.318011536239238
0.455590699724121 0.347782762531982
0.463059399719598 0.377207311403576
0.470528099715075 0.406255851823789
0.477996799710553 0.434899427575793
0.48546549970603 0.463109486120348
0.492934199701507 0.490857907057594
0.500402899696985 0.518117030158077
0.507871599692462 0.54485968293507
0.51534029968794 0.571059207730695
0.522808999683417 0.596689488288856
0.530277699678894 0.621724975788495
0.537746399674372 0.64614071431121
0.545215099669849 0.669912365717855
0.552683799665327 0.693016233909332
0.560152499660804 0.715429288447371
0.567621199656281 0.737129187511779
0.575089899651759 0.758094300171246
0.582558599647236 0.77830372794553
0.590027299642714 0.797737325637519
0.597495999638191 0.816375721414399
0.604964699633668 0.834200336117917
0.612433399629146 0.851193401784494
0.619902099624623 0.867337979356715
0.627370799620101 0.882617975568547
0.634839499615578 0.897018158987463
0.642308199611055 0.910524175197462
0.649776899606533 0.923122561107861
0.65724559960201 0.934800758373598
0.664714299597487 0.945547125913667
0.672182999592965 0.955350951515195
0.679651699588442 0.964202462511612
0.68712039958392 0.972092835524257
0.694589099579397 0.979014205257714
0.702057799574874 0.98495967234011
0.709526499570352 0.989923310200557
0.716995199565829 0.993900170976888
0.724463899561307 0.996886290447793
0.731932599556784 0.998878691984444
0.739401299552261 0.999875389517657
0.746869999547739 0.999875389517657
0.754338699543216 0.998878691984444
0.761807399538693 0.996886290447793
0.769276099534171 0.993900170976888
0.776744799529648 0.989923310200557
0.784213499525126 0.984959672340111
0.791682199520603 0.979014205257715
0.79915089951608 0.972092835524257
0.806619599511558 0.964202462511612
0.814088299507035 0.955350951515195
0.821556999502513 0.945547125913667
0.82902569949799 0.934800758373598
0.836494399493467 0.923122561107861
0.843963099488945 0.910524175197462
0.851431799484422 0.897018158987464
0.858900499479899 0.882617975568547
0.866369199475377 0.867337979356714
0.873837899470854 0.851193401784495
0.881306599466332 0.834200336117918
0.888775299461809 0.816375721414399
0.896243999457286 0.79773732563752
0.903712699452764 0.77830372794553
0.911181399448241 0.758094300171246
0.918650099443719 0.737129187511779
0.926118799439196 0.715429288447371
0.933587499434673 0.693016233909332
0.941056199430151 0.669912365717855
0.948524899425628 0.64614071431121
0.955993599421106 0.621724975788495
0.963462299416583 0.596689488288856
0.97093099941206 0.571059207730695
0.978399699407538 0.54485968293507
0.985868399403015 0.518117030158078
0.993337099398493 0.490857907057594
1.00080579939397 0.463109486120348
1.00827449938945 0.434899427575793
1.01574319938492 0.406255851823789
1.0232118993804 0.377207311403576
1.03068059937588 0.347782762531982
1.03814929937136 0.318011536239239
1.04561799936683 0.287923309131167
1.05308669936231 0.257548073806896
1.06055539935779 0.22691610896159
1.06802409935327 0.196057949203978
1.07549279934874 0.1650043546188
1.08296149934422 0.133786280104479
1.0904301993397 0.102434844516613
1.09789889933518 0.0709812996480162
1.10536759933065 0.0394569990762527
1.11283629932613 0.00789336690971467
1.12030499932161 -0.0236781335366239
1.12777369931709 -0.0552260311045084
1.13524239931256 -0.0867188781635505
1.14271109930804 -0.118125281958908
1.15017979930352 -0.149413935904261
1.157648499299 -0.180553650788902
1.16511719929447 -0.211513385867818
1.17258589928995 -0.242262279803783
1.18005459928543 -0.272769681430603
1.1875232992809 -0.303005180306873
1.19499199927638 -0.332938637029761
1.20246069927186 -0.362540213278625
1.20992939926734 -0.391780401558493
1.21739809926281 -0.420630054613784
1.22486679925829 -0.449060414482919
1.23233549925377 -0.477043141164889
1.23980419924925 -0.504550340869177
1.24727289924472 -0.531554593820901
1.2547415992402 -0.55802898159344
1.26221029923568 -0.583947113941307
1.26967899923116 -0.609283155106516
1.27714769922663 -0.634011849572238
1.28461639922211 -0.658108547238037
1.29208509921759 -0.681549227991633
1.29955379921307 -0.704310525652672
1.30702249920854 -0.726369751264639
1.31449119920402 -0.747704915711708
1.3219598991995 -0.768294751637971
1.32942859919497 -0.788118734647192
1.33689729919045 -0.807157103761985
1.34436599918593 -0.825390881121977
1.35183469918141 -0.842801890901351
1.35930339917688 -0.859372777426912
1.36677209917236 -0.875087022478594
1.37424079916784 -0.88992896175518
1.38170949916332 -0.903883800488823
1.38917819915879 -0.916937628192789
1.39664689915427 -0.92907743252773
1.40411559914975 -0.940291112272675
1.41158429914523 -0.950567489387783
1.4190529991407 -0.959896320156857
1.42652169913618 -0.968268305398507
1.43399039913166 -0.975675099735774
1.44145909912714 -0.98210931991498
1.44892779912261 -0.987564552165524
1.45639649911809 -0.992035358593258
1.46386519911357 -0.995517282601106
1.47133389910905 -0.998006853331493
1.47880259910452 -0.999501589126174
1.4862712991 -1
1.5047008398598 -0.999501589126174
1.5231303806196 -0.998006853331493
1.5415599213794 -0.995517282601106
1.5599894621392 -0.992035358593258
1.578419002899 -0.987564552165524
1.59684854365879 -0.98210931991498
1.61527808441859 -0.975675099735774
1.63370762517839 -0.968268305398507
1.65213716593819 -0.959896320156857
1.67056670669799 -0.950567489387783
1.68899624745779 -0.940291112272676
1.70742578821759 -0.929077432527731
1.72585532897739 -0.916937628192789
1.74428486973719 -0.903883800488823
1.76271441049698 -0.88992896175518
1.78114395125678 -0.875087022478594
1.79957349201658 -0.859372777426912
1.81800303277638 -0.842801890901351
1.83643257353618 -0.825390881121976
1.85486211429598 -0.807157103761985
1.87329165505578 -0.788118734647192
1.89172119581558 -0.768294751637971
1.91015073657538 -0.747704915711709
1.92858027733518 -0.726369751264639
1.94700981809497 -0.704310525652672
1.96543935885477 -0.681549227991634
1.98386889961457 -0.658108547238038
2.00229844037437 -0.634011849572239
2.02072798113417 -0.609283155106517
2.03915752189397 -0.583947113941306
2.05758706265377 -0.55802898159344
2.07601660341357 -0.531554593820901
2.09444614417337 -0.504550340869177
2.11287568493317 -0.477043141164889
2.13130522569296 -0.44906041448292
2.14973476645276 -0.420630054613784
2.16816430721256 -0.391780401558493
2.18659384797236 -0.362540213278624
2.20502338873216 -0.332938637029761
2.22345292949196 -0.303005180306873
2.24188247025176 -0.272769681430603
2.26031201101156 -0.242262279803783
2.27874155177136 -0.211513385867819
2.29717109253116 -0.180553650788902
2.31560063329095 -0.149413935904261
2.33403017405075 -0.118125281958908
2.35245971481055 -0.0867188781635509
2.37088925557035 -0.0552260311045086
2.38931879633015 -0.0236781335366243
2.40774833708995 0.00789336690971287
2.42617787784975 0.0394569990762523
2.44460741860955 0.0709812996480153
2.46303695936935 0.102434844516613
2.48146650012915 0.133786280104479
2.49989604088894 0.165004354618799
2.51832558164874 0.196057949203978
2.53675512240854 0.22691610896159
2.55518466316834 0.257548073806897
2.57361420392814 0.287923309131166
2.59204374468794 0.318011536239239
2.61047328544774 0.347782762531982
2.62890282620754 0.377207311403576
2.64733236696734 0.406255851823789
2.66576190772714 0.434899427575793
2.68419144848693 0.463109486120348
2.70262098924673 0.490857907057594
2.72105053000653 0.518117030158078
2.73948007076633 0.54485968293507
2.75790961152613 0.571059207730695
2.77633915228593 0.596689488288856
2.79476869304573 0.621724975788495
2.81319823380553 0.64614071431121
2.83162777456533 0.669912365717855
2.85005731532513 0.693016233909332
2.86848685608492 0.715429288447371
2.88691639684472 0.737129187511779
2.90534593760452 0.758094300171245
2.92377547836432 0.77830372794553
2.94220501912412 0.797737325637519
2.96063455988392 0.816375721414399
2.97906410064372 0.834200336117917
2.99749364140352 0.851193401784494
3.01592318216332 0.867337979356715
3.03435272292312 0.882617975568547
3.05278226368291 0.897018158987463
3.07121180444271 0.910524175197462
3.08964134520251 0.923122561107861
3.10807088596231 0.934800758373598
3.12650042672211 0.945547125913667
3.14492996748191 0.955350951515195
3.16335950824171 0.964202462511612
3.18178904900151 0.972092835524257
3.20021858976131 0.979014205257715
3.21864813052111 0.98495967234011
3.2370776712809 0.989923310200557
3.2555072120407 0.993900170976888
3.2739367528005 0.996886290447793
3.2923662935603 0.998878691984444
3.3107958343201 0.999875389517657
3.3292253750799 0.999875389517657
3.3476549158397 0.998878691984444
3.3660844565995 0.996886290447793
3.3845139973593 0.993900170976888
3.4029435381191 0.989923310200557
3.42137307887889 0.984959672340111
3.43980261963869 0.979014205257715
3.45823216039849 0.972092835524257
3.47666170115829 0.964202462511612
3.49509124191809 0.955350951515195
3.51352078267789 0.945547125913667
3.53195032343769 0.934800758373598
3.55037986419749 0.923122561107861
3.56880940495729 0.910524175197463
3.58723894571709 0.897018158987464
3.60566848647688 0.882617975568547
3.62409802723668 0.867337979356715
3.64252756799648 0.851193401784495
3.66095710875628 0.834200336117918
3.67938664951608 0.816375721414399
3.69781619027588 0.797737325637519
3.71624573103568 0.778303727945531
3.73467527179548 0.758094300171246
3.75310481255528 0.73712918751178
3.77153435331508 0.715429288447371
3.78996389407487 0.693016233909332
3.80839343483467 0.669912365717856
3.82682297559447 0.646140714311209
3.84525251635427 0.621724975788495
3.86368205711407 0.596689488288856
3.88211159787387 0.571059207730695
3.90054113863367 0.54485968293507
3.91897067939347 0.518117030158078
3.93740022015327 0.490857907057594
3.95582976091307 0.463109486120348
3.97425930167286 0.434899427575793
3.99268884243266 0.40625585182379
4.01111838319246 0.377207311403576
4.02954792395226 0.347782762531982
4.04797746471206 0.318011536239239
4.06640700547186 0.287923309131167
4.08483654623166 0.257548073806897
4.10326608699146 0.226916108961591
4.12169562775126 0.196057949203979
4.14012516851106 0.1650043546188
4.15855470927085 0.133786280104479
4.17698425003065 0.102434844516614
4.19541379079045 0.0709812996480171
4.21384333155025 0.0394569990762536
4.23227287231005 0.00789336690971289
4.25070241306985 -0.023678133536623
4.26913195382965 -0.0552260311045075
4.28756149458945 -0.0867188781635496
4.30599103534925 -0.118125281958906
4.32442057610905 -0.149413935904261
4.34285011686884 -0.180553650788901
4.36127965762864 -0.211513385867818
4.37970919838844 -0.242262279803784
4.39813873914824 -0.272769681430601
4.41656827990804 -0.303005180306873
4.43499782066784 -0.332938637029761
4.45342736142764 -0.362540213278623
4.47185690218744 -0.391780401558494
4.49028644294724 -0.420630054613784
4.50871598370704 -0.44906041448292
4.52714552446683 -0.47704314116489
4.54557506522663 -0.504550340869176
4.56400460598643 -0.531554593820901
4.58243414674623 -0.55802898159344
4.60086368750603 -0.583947113941306
4.61929322826583 -0.609283155106516
4.63772276902563 -0.634011849572238
4.65615230978543 -0.658108547238037
4.67458185054523 -0.681549227991634
4.69301139130503 -0.704310525652672
4.71144093206482 -0.726369751264639
4.72987047282462 -0.747704915711709
4.74830001358442 -0.76829475163797
4.76672955434422 -0.788118734647192
4.78515909510402 -0.807157103761985
4.80358863586382 -0.825390881121976
4.82201817662362 -0.842801890901351
4.84044771738342 -0.859372777426911
4.85887725814322 -0.875087022478593
4.87730679890301 -0.88992896175518
4.89573633966281 -0.903883800488823
4.91416588042261 -0.916937628192789
4.93259542118241 -0.92907743252773
4.95102496194221 -0.940291112272675
4.96945450270201 -0.950567489387783
4.98788404346181 -0.959896320156857
5.00631358422161 -0.968268305398507
5.02474312498141 -0.975675099735774
5.04317266574121 -0.98210931991498
5.06160220650101 -0.987564552165524
5.0800317472608 -0.992035358593258
5.0984612880206 -0.995517282601106
5.1168908287804 -0.998006853331493
5.1353203695402 -0.999501589126174
5.1537499103 -1
5.1617292771407 -0.999501589126174
5.16970864398141 -0.998006853331493
5.17768801082211 -0.995517282601106
5.18566737766281 -0.992035358593258
5.19364674450352 -0.987564552165524
5.20162611134422 -0.982109319914981
5.20960547818492 -0.975675099735774
5.21758484502563 -0.968268305398507
5.22556421186633 -0.959896320156857
5.23354357870704 -0.950567489387783
5.24152294554774 -0.940291112272676
5.24950231238844 -0.92907743252773
5.25748167922915 -0.916937628192788
5.26546104606985 -0.903883800488823
5.27344041291055 -0.889928961755181
5.28141977975126 -0.875087022478594
5.28939914659196 -0.859372777426911
5.29737851343266 -0.84280189090135
5.30535788027337 -0.825390881121976
5.31333724711407 -0.807157103761986
5.32131661395477 -0.788118734647193
5.32929598079548 -0.76829475163797
5.33727534763618 -0.747704915711709
5.34525471447688 -0.72636975126464
5.35323408131759 -0.704310525652673
5.36121344815829 -0.681549227991632
5.369192814999 -0.658108547238037
5.3771721818397 -0.634011849572238
5.3851515486804 -0.609283155106517
5.39313091552111 -0.583947113941307
5.40111028236181 -0.558028981593439
5.40908964920251 -0.531554593820901
5.41706901604322 -0.504550340869177
5.42504838288392 -0.47704314116489
5.43302774972462 -0.449060414482921
5.44100711656533 -0.420630054613783
5.44898648340603 -0.391780401558493
5.45696585024673 -0.362540213278625
5.46494521708744 -0.332938637029762
5.47292458392814 -0.303005180306874
5.48090395076884 -0.272769681430602
5.48888331760955 -0.242262279803783
5.49686268445025 -0.21151338586782
5.50484205129095 -0.180553650788903
5.51282141813166 -0.149413935904263
5.52080078497236 -0.118125281958907
5.52878015181307 -0.0867188781635505
5.53675951865377 -0.0552260311045086
5.54473888549447 -0.0236781335366252
5.55271825233518 0.00789336690971486
5.56069761917588 0.0394569990762536
5.56867698601658 0.0709812996480158
5.57665635285729 0.102434844516613
5.58463571969799 0.133786280104478
5.59261508653869 0.1650043546188
5.6005944533794 0.196057949203979
5.6085738202201 0.22691610896159
5.6165531870608 0.257548073806896
5.62453255390151 0.287923309131165
5.63251192074221 0.318011536239239
5.64049128758291 0.347782762531983
5.64847065442362 0.377207311403575
5.65645002126432 0.406255851823788
5.66442938810503 0.434899427575795
5.67240875494573 0.463109486120348
5.68038812178643 0.490857907057594
5.68836748862714 0.518117030158077
5.69634685546784 0.544859682935069
5.70432622230854 0.571059207730696
5.71230558914925 0.596689488288857
5.72028495598995 0.621724975788495
5.72826432283065 0.646140714311209
5.73624368967136 0.669912365717854
5.74422305651206 0.693016233909333
5.75220242335276 0.715429288447372
5.76018179019347 0.737129187511779
5.76816115703417 0.758094300171245
5.77614052387487 0.778303727945529
5.78411989071558 0.79773732563752
5.79209925755628 0.816375721414399
5.80007862439698 0.834200336117917
5.80805799123769 0.851193401784494
5.81603735807839 0.867337979356714
5.8240167249191 0.882617975568547
5.8319960917598 0.897018158987464
5.8399754586005 0.910524175197462
5.84795482544121 0.92312256110786
5.85593419228191 0.934800758373598
5.86391355912261 0.945547125913667
5.87189292596332 0.955350951515195
5.87987229280402 0.964202462511612
5.88785165964472 0.972092835524257
5.89583102648543 0.979014205257715
5.90381039332613 0.984959672340111
5.91178976016683 0.989923310200557
5.91976912700754 0.993900170976888
5.92774849384824 0.996886290447793
5.93572786068894 0.998878691984444
5.94370722752965 0.999875389517657
5.95168659437035 0.999875389517657
5.95966596121105 0.998878691984444
5.96764532805176 0.996886290447793
5.97562469489246 0.993900170976888
5.98360406173317 0.989923310200557
5.99158342857387 0.984959672340111
5.99956279541457 0.979014205257715
6.00754216225528 0.972092835524257
6.01552152909598 0.964202462511612
6.02350089593668 0.955350951515195
6.03148026277739 0.945547125913667
6.03945962961809 0.934800758373599
6.04743899645879 0.92312256110786
6.0554183632995 0.910524175197462
6.0633977301402 0.897018158987464
6.0713770969809 0.882617975568547
6.07935646382161 0.867337979356716
6.08733583066231 0.851193401784494
6.09531519750302 0.834200336117917
6.10329456434372 0.816375721414399
6.11127393118442 0.79773732563752
6.11925329802513 0.778303727945529
6.12723266486583 0.758094300171245
6.13521203170653 0.737129187511779
6.14319139854724 0.715429288447372
6.15117076538794 0.69301623390933
6.15915013222864 0.669912365717857
6.16712949906935 0.646140714311209
6.17510886591005 0.621724975788495
6.18308823275075 0.596689488288856
6.19106759959146 0.571059207730694
6.19904696643216 0.544859682935073
6.20702633327286 0.518117030158077
6.21500570011357 0.490857907057595
6.22298506695427 0.463109486120348
6.23096443379498 0.434899427575792
6.23894380063568 0.406255851823788
6.24692316747638 0.377207311403576
6.25490253431709 0.347782762531982
6.26288190115779 0.31801153623924
6.27086126799849 0.287923309131165
6.2788406348392 0.257548073806896
6.2868200016799 0.22691610896159
6.2947993685206 0.196057949203979
6.30277873536131 0.165004354618801
6.31075810220201 0.133786280104478
6.31873746904271 0.102434844516613
6.32671683588342 0.0709812996480162
6.33469620272412 0.0394569990762536
6.34267556956482 0.00789336690971555
6.35065493640553 -0.0236781335366247
6.35863430324623 -0.0552260311045084
6.36661367008693 -0.0867188781635505
6.37459303692764 -0.118125281958906
6.38257240376834 -0.14941393590426
6.39055177060905 -0.180553650788903
6.39853113744975 -0.211513385867819
6.40651050429045 -0.242262279803783
6.41448987113116 -0.272769681430601
6.42246923797186 -0.303005180306874
6.43044860481256 -0.332938637029762
6.43842797165327 -0.362540213278624
6.44640733849397 -0.391780401558492
6.45438670533467 -0.420630054613786
6.46236607217538 -0.449060414482918
6.47034543901608 -0.47704314116489
6.47832480585678 -0.504550340869177
6.48630417269749 -0.531554593820901
6.49428353953819 -0.558028981593438
6.50226290637889 -0.583947113941307
6.5102422732196 -0.609283155106517
6.5182216400603 -0.634011849572238
6.526201006901 -0.658108547238036
6.53418037374171 -0.681549227991635
6.54215974058241 -0.704310525652672
6.55013910742312 -0.72636975126464
6.55811847426382 -0.747704915711708
6.56609784110452 -0.76829475163797
6.57407720794523 -0.788118734647194
6.58205657478593 -0.807157103761985
6.59003594162663 -0.825390881121976
6.59801530846734 -0.84280189090135
6.60599467530804 -0.859372777426911
6.61397404214874 -0.875087022478594
6.62195340898945 -0.889928961755181
6.62993277583015 -0.903883800488824
6.63791214267085 -0.91693762819279
6.64589150951156 -0.92907743252773
6.65387087635226 -0.940291112272676
6.66185024319296 -0.950567489387783
6.66982961003367 -0.959896320156857
6.67780897687437 -0.968268305398507
6.68578834371507 -0.975675099735773
6.69376771055578 -0.982109319914981
6.70174707739648 -0.987564552165524
6.70972644423719 -0.992035358593258
6.71770581107789 -0.995517282601106
6.72568517791859 -0.998006853331493
6.7336645447593 -0.999501589126174
6.7416439116 -1
6.76040503699497 -0.999501589126174
6.77916616238995 -0.998006853331493
6.79792728778492 -0.995517282601106
6.8166884131799 -0.992035358593258
6.83544953857487 -0.987564552165524
6.85421066396985 -0.98210931991498
6.87297178936482 -0.975675099735774
6.8917329147598 -0.968268305398507
6.91049404015477 -0.959896320156857
6.92925516554975 -0.950567489387783
6.94801629094472 -0.940291112272676
6.9667774163397 -0.929077432527731
6.98553854173467 -0.916937628192789
7.00429966712965 -0.903883800488824
7.02306079252462 -0.88992896175518
7.0418219179196 -0.875087022478594
7.06058304331457 -0.859372777426912
7.07934416870955 -0.842801890901351
7.09810529410452 -0.825390881121976
7.1168664194995 -0.807157103761985
7.13562754489447 -0.788118734647192
7.15438867028945 -0.768294751637971
7.17314979568442 -0.747704915711709
7.1919109210794 -0.726369751264639
7.21067204647437 -0.704310525652672
7.22943317186935 -0.681549227991634
7.24819429726432 -0.658108547238038
7.2669554226593 -0.634011849572239
7.28571654805427 -0.609283155106517
7.30447767344925 -0.583947113941306
7.32323879884422 -0.55802898159344
7.3419999242392 -0.531554593820901
7.36076104963417 -0.504550340869177
7.37952217502915 -0.47704314116489
7.39828330042412 -0.44906041448292
7.4170444258191 -0.420630054613784
7.43580555121407 -0.391780401558493
7.45456667660905 -0.362540213278625
7.47332780200402 -0.332938637029761
7.49208892739899 -0.303005180306873
7.51085005279397 -0.272769681430603
7.52961117818894 -0.242262279803783
7.54837230358392 -0.211513385867819
7.56713342897889 -0.180553650788902
7.58589455437387 -0.149413935904261
7.60465567976884 -0.118125281958908
7.62341680516382 -0.0867188781635507
7.64217793055879 -0.0552260311045082
7.66093905595377 -0.0236781335366241
7.67970018134874 0.00789336690971309
7.69846130674372 0.0394569990762527
7.71722243213869 0.070981299648016
7.73598355753367 0.102434844516613
7.75474468292864 0.133786280104479
7.77350580832362 0.165004354618799
7.79226693371859 0.196057949203978
7.81102805911357 0.22691610896159
7.82978918450854 0.257548073806896
7.84855030990352 0.287923309131166
7.86731143529849 0.318011536239238
7.88607256069347 0.347782762531982
7.90483368608844 0.377207311403576
7.92359481148342 0.406255851823789
7.94235593687839 0.434899427575793
7.96111706227337 0.463109486120348
7.97987818766834 0.490857907057594
7.99863931306332 0.518117030158078
8.01740043845829 0.544859682935072
8.03616156385327 0.571059207730695
8.05492268924824 0.596689488288855
8.07368381464322 0.621724975788495
8.09244494003819 0.646140714311211
8.11120606543317 0.669912365717855
8.12996719082814 0.69301623390933
8.14872831622312 0.715429288447371
8.16748944161809 0.73712918751178
8.18625056701307 0.758094300171246
8.20501169240804 0.778303727945531
8.22377281780301 0.797737325637519
8.24253394319799 0.8163757214144
8.26129506859296 0.834200336117917
8.28005619398794 0.851193401784494
8.29881731938291 0.867337979356715
8.31757844477789 0.882617975568548
8.33633957017286 0.897018158987464
8.35510069556784 0.910524175197462
8.37386182096281 0.923122561107861
8.39262294635779 0.934800758373599
8.41138407175276 0.945547125913667
8.43014519714774 0.955350951515194
8.44890632254271 0.964202462511612
8.46766744793769 0.972092835524257
8.48642857333266 0.979014205257715
8.50518969872764 0.98495967234011
8.52395082412261 0.989923310200557
8.54271194951759 0.993900170976888
8.56147307491256 0.996886290447793
8.58023420030754 0.998878691984444
8.59899532570251 0.999875389517657
8.61775645109749 0.999875389517657
8.63651757649246 0.998878691984444
8.65527870188744 0.996886290447793
8.67403982728241 0.993900170976888
8.69280095267739 0.989923310200557
8.71156207807236 0.984959672340111
8.73032320346734 0.979014205257714
8.74908432886231 0.972092835524257
8.76784545425729 0.964202462511611
8.78660657965226 0.955350951515195
8.80536770504724 0.945547125913668
8.82412883044221 0.934800758373598
8.84288995583719 0.92312256110786
8.86165108123216 0.910524175197462
8.88041220662713 0.897018158987464
8.89917333202211 0.882617975568547
8.91793445741709 0.867337979356714
8.93669558281206 0.851193401784495
8.95545670820703 0.834200336117918
8.97421783360201 0.816375721414399
8.99297895899699 0.797737325637518
9.01174008439196 0.77830372794553
9.03050120978693 0.758094300171247
9.04926233518191 0.737129187511779
9.06802346057689 0.715429288447371
9.08678458597186 0.693016233909332
9.10554571136683 0.669912365717856
9.12430683676181 0.64614071431121
9.14306796215678 0.621724975788494
9.16182908755176 0.596689488288856
9.18059021294673 0.571059207730696
9.19935133834171 0.54485968293507
9.21811246373668 0.518117030158076
9.23687358913166 0.490857907057594
9.25563471452663 0.463109486120349
9.27439583992161 0.434899427575793
9.29315696531658 0.406255851823788
9.31191809071156 0.377207311403576
9.33067921610653 0.347782762531982
9.34944034150151 0.318011536239239
9.36820146689648 0.287923309131165
9.38696259229146 0.257548073806896
9.40572371768643 0.226916108961591
9.42448484308141 0.196057949203978
9.44324596847638 0.165004354618798
9.46200709387136 0.13378628010448
9.48076821926633 0.102434844516615
9.49952934466131 0.0709812996480162
9.51829047005628 0.0394569990762518
9.53705159545126 0.00789336690971378
9.55581272084623 -0.0236781335366221
9.57457384624121 -0.0552260311045084
9.59333497163618 -0.0867188781635523
9.61209609703116 -0.118125281958908
9.63085722242613 -0.14941393590426
9.64961834782111 -0.180553650788902
9.66837947321608 -0.211513385867821
9.68714059861106 -0.242262279803783
9.70590172400603 -0.272769681430601
9.72466284940101 -0.303005180306872
9.74342397479598 -0.332938637029762
9.76218510019095 -0.362540213278624
9.78094622558593 -0.391780401558492
9.7997073509809 -0.420630054613784
9.81846847637588 -0.449060414482921
9.83722960177085 -0.47704314116489
9.85599072716583 -0.504550340869175
9.8747518525608 -0.531554593820902
9.89351297795578 -0.558028981593442
9.91227410335075 -0.583947113941306
9.93103522874573 -0.609283155106515
9.9497963541407 -0.634011849572238
9.96855747953568 -0.658108547238036
9.98731860493065 -0.681549227991634
10.0060797303256 -0.704310525652673
10.0248408557206 -0.726369751264639
10.0436019811156 -0.74770491571171
10.0623631065106 -0.768294751637971
10.0811242319055 -0.788118734647191
10.0998853573005 -0.807157103761985
10.1186464826955 -0.825390881121977
10.1374076080905 -0.84280189090135
10.1561687334854 -0.859372777426911
10.1749298588804 -0.875087022478594
10.1936909842754 -0.889928961755181
10.2124521096704 -0.903883800488824
10.2312132350653 -0.916937628192788
10.2499743604603 -0.92907743252773
10.2687354858553 -0.940291112272676
10.2874966112503 -0.950567489387783
10.3062577366452 -0.959896320156857
10.3250188620402 -0.968268305398507
10.3437799874352 -0.975675099735773
10.3625411128302 -0.98210931991498
10.3813022382251 -0.987564552165524
10.4000633636201 -0.992035358593258
10.4188244890151 -0.995517282601106
10.4375856144101 -0.998006853331493
10.456346739805 -0.999501589126174
10.4751078652 -1
10.4903649969065 -0.999501589126174
10.5056221286131 -0.998006853331493
10.5208792603196 -0.995517282601106
10.5361363920261 -0.992035358593258
10.5513935237327 -0.987564552165524
10.5666506554392 -0.982109319914981
10.5819077871457 -0.975675099735773
10.5971649188523 -0.968268305398507
10.6124220505588 -0.959896320156858
10.6276791822653 -0.950567489387783
10.6429363139719 -0.940291112272676
10.6581934456784 -0.92907743252773
10.6734505773849 -0.916937628192789
10.6887077090915 -0.903883800488824
10.703964840798 -0.88992896175518
10.7192219725045 -0.875087022478594
10.7344791042111 -0.859372777426911
10.7497362359176 -0.842801890901351
10.7649933676241 -0.825390881121977
10.7802504993307 -0.807157103761985
10.7955076310372 -0.788118734647193
10.8107647627437 -0.76829475163797
10.8260218944503 -0.747704915711709
10.8412790261568 -0.72636975126464
10.8565361578633 -0.704310525652671
10.8717932895698 -0.681549227991634
10.8870504212764 -0.658108547238039
10.9023075529829 -0.634011849572238
10.9175646846894 -0.609283155106517
10.932821816396 -0.583947113941305
10.9480789481025 -0.55802898159344
10.963336079809 -0.531554593820903
10.9785932115156 -0.504550340869177
10.9938503432221 -0.47704314116489
11.0091074749286 -0.449060414482919
11.0243646066352 -0.420630054613784
11.0396217383417 -0.391780401558494
11.0548788700482 -0.362540213278624
11.0701360017548 -0.332938637029761
11.0853931334613 -0.303005180306874
11.1006502651678 -0.272769681430603
11.1159073968744 -0.242262279803784
11.1311645285809 -0.211513385867818
11.1464216602874 -0.180553650788902
11.161678791994 -0.149413935904262
11.1769359237005 -0.118125281958907
11.192193055407 -0.0867188781635516
11.2074501871136 -0.0552260311045066
11.2227073188201 -0.0236781335366239
11.2379644505266 0.00789336690971198
11.2532215822332 0.0394569990762536
11.2684787139397 0.0709812996480156
11.2837358456462 0.102434844516611
11.2989929773528 0.133786280104479
11.3142501090593 0.165004354618798
11.3295072407658 0.196057949203979
11.3447643724724 0.22691610896159
11.3600215041789 0.257548073806895
11.3752786358854 0.287923309131167
11.390535767592 0.318011536239237
11.4057928992985 0.347782762531984
11.421050031005 0.377207311403576
11.4363071627116 0.406255851823788
11.4515642944181 0.434899427575794
11.4668214261246 0.463109486120347
11.4820785578312 0.490857907057592
11.4973356895377 0.518117030158078
11.5125928212442 0.544859682935069
11.5278499529508 0.571059207730696
11.5431070846573 0.596689488288855
11.5583642163638 0.621724975788497
11.5736213480704 0.64614071431121
11.5888784797769 0.669912365717854
11.6041356114834 0.693016233909333
11.6193927431899 0.715429288447371
11.6346498748965 0.737129187511778
11.649907006603 0.758094300171246
11.6651641383095 0.778303727945529
11.6804212700161 0.79773732563752
11.6956784017226 0.816375721414399
11.7109355334291 0.834200336117917
11.7261926651357 0.851193401784495
11.7414497968422 0.867337979356715
11.7567069285487 0.882617975568548
11.7719640602553 0.897018158987464
11.7872211919618 0.910524175197462
11.8024783236683 0.923122561107861
11.8177354553749 0.934800758373598
11.8329925870814 0.945547125913666
11.8482497187879 0.955350951515195
11.8635068504945 0.964202462511611
11.878763982201 0.972092835524257
11.8940211139075 0.979014205257714
11.9092782456141 0.98495967234011
11.9245353773206 0.989923310200557
11.9397925090271 0.993900170976888
11.9550496407337 0.996886290447793
11.9703067724402 0.998878691984444
11.9855639041467 0.999875389517657
12.0008210358533 0.999875389517657
12.0160781675598 0.998878691984444
12.0313352992663 0.996886290447793
12.0465924309729 0.993900170976888
12.0618495626794 0.989923310200557
12.0771066943859 0.98495967234011
12.0923638260925 0.979014205257715
12.107620957799 0.972092835524257
12.1228780895055 0.964202462511612
12.1381352212121 0.955350951515195
12.1533923529186 0.945547125913667
12.1686494846251 0.934800758373598
12.1839066163317 0.923122561107861
12.1991637480382 0.910524175197462
12.2144208797447 0.897018158987464
12.2296780114513 0.882617975568548
12.2449351431578 0.867337979356714
12.2601922748643 0.851193401784495
12.2754494065709 0.834200336117917
12.2907065382774 0.816375721414399
12.3059636699839 0.797737325637521
12.3212208016905 0.77830372794553
12.336477933397 0.758094300171246
12.3517350651035 0.737129187511778
12.3669921968101 0.715429288447371
12.3822493285166 0.693016233909333
12.3975064602231 0.669912365717855
12.4127635919296 0.646140714311211
12.4280207236362 0.621724975788497
12.4432778553427 0.596689488288856
12.4585349870492 0.571059207730696
12.4737921187558 0.54485968293507
12.4890492504623 0.518117030158078
12.5043063821688 0.490857907057592
12.5195635138754 0.463109486120348
12.5348206455819 0.434899427575794
12.5500777772884 0.406255851823788
12.565334908995 0.377207311403576
12.5805920407015 0.347782762531984
12.595849172408 0.318011536239237
12.6111063041146 0.287923309131167
12.6263634358211 0.257548073806899
12.6416205675276 0.22691610896159
12.6568776992342 0.19605794920398
12.6721348309407 0.165004354618798
12.6873919626472 0.133786280104479
12.7026490943538 0.102434844516611
12.7179062260603 0.0709812996480153
12.7331633577668 0.0394569990762545
12.7484204894734 0.007893366909712
12.7636776211799 -0.0236781335366239
12.7789347528864 -0.0552260311045057
12.794191884593 -0.0867188781635514
12.8094490162995 -0.118125281958907
12.824706148006 -0.149413935904259
12.8399632797126 -0.180553650788902
12.8552204114191 -0.211513385867818
12.8704775431256 -0.242262279803784
12.8857346748322 -0.272769681430602
12.9009918065387 -0.303005180306874
12.9162489382452 -0.332938637029761
12.9315060699518 -0.362540213278623
12.9467632016583 -0.391780401558494
12.9620203333648 -0.420630054613784
12.9772774650714 -0.449060414482918
12.9925345967779 -0.47704314116489
13.0077917284844 -0.504550340869177
13.023048860191 -0.531554593820903
13.0383059918975 -0.558028981593439
13.053563123604 -0.583947113941305
13.0688202553106 -0.609283155106517
13.0840773870171 -0.634011849572238
13.0993345187236 -0.658108547238038
13.1145916504302 -0.681549227991634
13.1298487821367 -0.704310525652671
13.1451059138432 -0.726369751264639
13.1603630455497 -0.747704915711709
13.1756201772563 -0.768294751637969
13.1908773089628 -0.788118734647192
13.2061344406693 -0.807157103761987
13.2213915723759 -0.825390881121977
13.2366487040824 -0.842801890901351
13.2519058357889 -0.859372777426913
13.2671629674955 -0.875087022478594
13.282420099202 -0.88992896175518
13.2976772309085 -0.903883800488824
13.3129343626151 -0.916937628192789
13.3281914943216 -0.92907743252773
13.3434486260281 -0.940291112272676
13.3587057577347 -0.950567489387782
13.3739628894412 -0.959896320156857
13.3892200211477 -0.968268305398507
13.4044771528543 -0.975675099735773
13.4197342845608 -0.98210931991498
13.4349914162673 -0.987564552165524
13.4502485479739 -0.992035358593258
13.4655056796804 -0.995517282601106
13.4807628113869 -0.998006853331493
13.4960199430935 -0.999501589126174
13.5112770748 -1
13.5190303236608 -0.999501589126174
13.5267835725216 -0.998006853331493
13.5345368213824 -0.995517282601106
13.5422900702432 -0.992035358593258
13.550043319104 -0.987564552165524
13.5577965679648 -0.98210931991498
13.5655498168256 -0.975675099735774
13.5733030656864 -0.968268305398507
13.5810563145472 -0.959896320156857
13.588809563408 -0.950567489387782
13.5965628122688 -0.940291112272676
13.6043160611296 -0.929077432527729
13.6120693099905 -0.916937628192789
13.6198225588513 -0.903883800488825
13.6275758077121 -0.88992896175518
13.6353290565729 -0.875087022478595
13.6430823054337 -0.859372777426911
13.6508355542945 -0.842801890901352
13.6585888031553 -0.825390881121975
13.6663420520161 -0.807157103761986
13.6740953008769 -0.788118734647191
13.6818485497377 -0.768294751637972
13.6896017985985 -0.747704915711707
13.6973550474593 -0.72636975126464
13.7051082963201 -0.70431052565267
13.7128615451809 -0.681549227991634
13.7206147940417 -0.65810854723804
13.7283680429025 -0.634011849572238
13.7361212917633 -0.609283155106519
13.7438745406241 -0.583947113941305
13.7516277894849 -0.558028981593442
13.7593810383457 -0.5315545938209
13.7671342872065 -0.504550340869179
13.7748875360673 -0.477043141164888
13.7826407849281 -0.449060414482921
13.7903940337889 -0.420630054613782
13.7981472826497 -0.391780401558494
13.8059005315106 -0.362540213278622
13.8136537803714 -0.332938637029761
13.8214070292322 -0.303005180306869
13.829160278093 -0.272769681430603
13.8369135269538 -0.242262279803786
13.8446667758146 -0.211513385867818
13.8524200246754 -0.180553650788905
13.8601732735362 -0.14941393590426
13.867926522397 -0.11812528195891
13.8756797712578 -0.086718878163549
13.8834330201186 -0.0552260311045097
13.8911862689794 -0.0236781335366217
13.8989395178402 0.00789336690971242
13.906692766701 0.0394569990762556
13.9144460155618 0.0709812996480156
13.9221992644226 0.10243484451661
13.9299525132834 0.133786280104479
13.9377057621442 0.165004354618796
13.945459011005 0.196057949203979
13.9532122598658 0.226916108961588
13.9609655087266 0.257548073806898
13.9687187575874 0.287923309131164
13.9764720064482 0.31801153623924
13.984225255309 0.347782762531981
13.9919785041699 0.377207311403578
13.9997317530307 0.406255851823788
14.0074850018915 0.434899427575795
14.0152382507523 0.463109486120347
14.0229914996131 0.490857907057597
14.0307447484739 0.518117030158078
14.0384979973347 0.544859682935067
14.0462512461955 0.571059207730695
14.0540044950563 0.596689488288854
14.0617577439171 0.621724975788496
14.0695109927779 0.646140714311208
14.0772642416387 0.669912365717857
14.0850174904995 0.69301623390933
14.0927707393603 0.715429288447373
14.1005239882211 0.737129187511778
14.1082772370819 0.758094300171247
14.1160304859427 0.778303727945529
14.1237837348035 0.797737325637517
14.1315369836643 0.816375721414399
14.1392902325251 0.834200336117916
14.1470434813859 0.851193401784495
14.1547967302467 0.867337979356713
14.1625499791075 0.882617975568548
14.1703032279683 0.897018158987463
14.1780564768291 0.910524175197463
14.1858097256899 0.92312256110786
14.1935629745508 0.934800758373599
14.2013162234116 0.945547125913667
14.2090694722724 0.955350951515196
14.2168227211332 0.964202462511612
14.224575969994 0.972092835524258
14.2323292188548 0.979014205257714
14.2400824677156 0.98495967234011
14.2478357165764 0.989923310200557
14.2555889654372 0.993900170976887
14.263342214298 0.996886290447793
14.2710954631588 0.998878691984443
14.2788487120196 0.999875389517657
14.2866019608804 0.999875389517657
14.2943552097412 0.998878691984443
14.302108458602 0.996886290447793
14.3098617074628 0.993900170976887
14.3176149563236 0.989923310200557
14.3253682051844 0.98495967234011
14.3331214540452 0.979014205257715
14.340874702906 0.972092835524256
14.3486279517668 0.964202462511612
14.3563812006276 0.955350951515196
14.3641344494884 0.945547125913667
14.3718876983492 0.934800758373599
14.3796409472101 0.92312256110786
14.3873941960709 0.910524175197463
14.3951474449317 0.897018158987463
14.4029006937925 0.882617975568548
14.4106539426533 0.867337979356714
14.4184071915141 0.851193401784495
14.4261604403749 0.834200336117916
14.4339136892357 0.816375721414399
14.4416669380965 0.797737325637521
14.4494201869573 0.77830372794553
14.4571734358181 0.758094300171247
14.4649266846789 0.737129187511778
14.4726799335397 0.715429288447373
14.4804331824005 0.693016233909331
14.4881864312613 0.669912365717857
14.4959396801221 0.646140714311208
14.5036929289829 0.621724975788496
14.5114461778437 0.596689488288854
14.5191994267045 0.571059207730696
14.5269526755653 0.544859682935074
14.5347059244261 0.518117030158078
14.5424591732869 0.490857907057591
14.5502124221477 0.463109486120348
14.5579656710085 0.434899427575796
14.5657189198693 0.406255851823788
14.5734721687302 0.377207311403579
14.581225417591 0.347782762531982
14.5889786664518 0.31801153623924
14.5967319153126 0.287923309131165
14.6044851641734 0.257548073806898
14.6122384130342 0.226916108961588
14.619991661895 0.196057949203979
14.6277449107558 0.165004354618796
14.6354981596166 0.133786280104479
14.6432514084774 0.102434844516617
14.6510046573382 0.0709812996480153
14.658757906199 0.0394569990762483
14.6665111550598 0.00789336690971289
14.6742644039206 -0.0236781335366212
14.6820176527814 -0.0552260311045093
14.6897709016422 -0.0867188781635487
14.697524150503 -0.11812528195891
14.7052773993638 -0.14941393590426
14.7130306482246 -0.180553650788905
14.7207838970854 -0.211513385867818
14.7285371459462 -0.242262279803786
14.736290394807 -0.272769681430603
14.7440436436678 -0.303005180306876
14.7517968925286 -0.332938637029761
14.7595501413894 -0.362540213278621
14.7673033902503 -0.391780401558494
14.7750566391111 -0.420630054613782
14.7828098879719 -0.449060414482921
14.7905631368327 -0.477043141164888
14.7983163856935 -0.504550340869179
14.8060696345543 -0.531554593820901
14.8138228834151 -0.558028981593442
14.8215761322759 -0.583947113941305
14.8293293811367 -0.609283155106519
14.8370826299975 -0.634011849572238
14.8448358788583 -0.65810854723804
14.8525891277191 -0.681549227991634
14.8603423765799 -0.70431052565267
14.8680956254407 -0.72636975126464
14.8758488743015 -0.747704915711707
14.8836021231623 -0.768294751637971
14.8913553720231 -0.788118734647191
14.8991086208839 -0.807157103761986
14.9068618697447 -0.825390881121975
14.9146151186055 -0.842801890901352
14.9223683674663 -0.859372777426911
14.9301216163271 -0.875087022478595
14.9378748651879 -0.88992896175518
14.9456281140487 -0.903883800488825
14.9533813629095 -0.916937628192789
14.9611346117704 -0.929077432527729
14.9688878606312 -0.940291112272676
14.976641109492 -0.950567489387782
14.9843943583528 -0.959896320156857
14.9921476072136 -0.968268305398506
14.9999008560744 -0.975675099735774
15.0076541049352 -0.98210931991498
15.015407353796 -0.987564552165524
15.0231606026568 -0.992035358593258
15.0309138515176 -0.995517282601106
15.0386671003784 -0.998006853331493
15.0464203492392 -0.999501589126174
15.0541735981 -1
15.0719737708764 -0.999501589126174
15.0897739436528 -0.998006853331493
15.1075741164291 -0.995517282601106
15.1253742892055 -0.992035358593258
15.1431744619819 -0.987564552165524
15.1609746347583 -0.98210931991498
15.1787748075347 -0.975675099735774
15.1965749803111 -0.968268305398507
15.2143751530874 -0.959896320156857
15.2321753258638 -0.950567489387783
15.2499754986402 -0.940291112272676
15.2677756714166 -0.92907743252773
15.285575844193 -0.916937628192789
15.3033760169693 -0.903883800488823
15.3211761897457 -0.889928961755181
15.3389763625221 -0.875087022478594
15.3567765352985 -0.859372777426913
15.3745767080749 -0.842801890901351
15.3923768808513 -0.825390881121977
15.4101770536276 -0.807157103761985
15.427977226404 -0.788118734647193
15.4457773991804 -0.768294751637971
15.4635775719568 -0.74770491571171
15.4813777447332 -0.726369751264639
15.4991779175095 -0.704310525652673
15.5169780902859 -0.681549227991634
15.5347782630623 -0.658108547238039
15.5525784358387 -0.634011849572239
15.5703786086151 -0.609283155106518
15.5881787813915 -0.583947113941306
15.6059789541678 -0.558028981593441
15.6237791269442 -0.531554593820901
15.6415792997206 -0.504550340869179
15.659379472497 -0.477043141164889
15.6771796452734 -0.449060414482921
15.6949798180497 -0.420630054613784
15.7127799908261 -0.391780401558494
15.7305801636025 -0.362540213278624
15.7483803363789 -0.332938637029762
15.7661805091553 -0.303005180306873
15.7839806819317 -0.272769681430604
15.801780854708 -0.242262279803783
15.8195810274844 -0.21151338586782
15.8373812002608 -0.180553650788902
15.8551813730372 -0.149413935904262
15.8729815458136 -0.118125281958908
15.8907817185899 -0.086718878163552
15.9085818913663 -0.0552260311045077
15.9263820641427 -0.0236781335366252
15.9441822369191 0.00789336690971375
15.9619824096955 0.0394569990762516
15.9797825824719 0.0709812996480162
15.9975827552482 0.102434844516612
16.0153829280246 0.133786280104476
16.033183100801 0.165004354618798
16.0509832735774 0.196057949203978
16.0687834463538 0.226916108961592
16.0865836191301 0.257548073806894
16.1043837919065 0.287923309131165
16.1221839646829 0.318011536239239
16.1399841374593 0.347782762531984
16.1577843102357 0.377207311403573
16.1755844830121 0.406255851823788
16.1933846557884 0.434899427575793
16.2111848285648 0.46310948612035
16.2289850013412 0.490857907057591
16.2467851741176 0.518117030158076
16.264585346894 0.544859682935071
16.2823855196704 0.571059207730697
16.3001856924467 0.596689488288854
16.3179858652231 0.621724975788494
16.3357860379995 0.64614071431121
16.3535862107759 0.669912365717857
16.3713863835523 0.69301623390933
16.3891865563286 0.71542928844737
16.406986729105 0.737129187511779
16.4247869018814 0.758094300171247
16.4425870746578 0.778303727945528
16.4603872474342 0.797737325637519
16.4781874202106 0.816375721414399
16.4959875929869 0.834200336117919
16.5137877657633 0.851193401784493
16.5315879385397 0.867337979356714
16.5493881113161 0.882617975568547
16.5671882840925 0.897018158987464
16.5849884568688 0.910524175197461
16.6027886296452 0.92312256110786
16.6205888024216 0.934800758373599
16.638388975198 0.945547125913668
16.6561891479744 0.955350951515194
16.6739893207508 0.964202462511611
16.6917894935271 0.972092835524257
16.7095896663035 0.979014205257715
16.7273898390799 0.98495967234011
16.7451900118563 0.989923310200557
16.7629901846327 0.993900170976888
16.780790357409 0.996886290447793
16.7985905301854 0.998878691984443
16.8163907029618 0.999875389517657
16.8341908757382 0.999875389517657
16.8519910485146 0.998878691984443
16.869791221291 0.996886290447793
16.8875913940673 0.993900170976888
16.9053915668437 0.989923310200557
16.9231917396201 0.98495967234011
16.9409919123965 0.979014205257715
16.9587920851729 0.972092835524257
16.9765922579492 0.964202462511612
16.9943924307256 0.955350951515194
17.012192603502 0.945547125913668
17.0299927762784 0.934800758373599
17.0477929490548 0.92312256110786
17.0655931218312 0.910524175197461
17.0833932946075 0.897018158987465
17.1011934673839 0.882617975568547
17.1189936401603 0.867337979356714
17.1367938129367 0.851193401784493
17.1545939857131 0.834200336117919
17.1723941584894 0.8163757214144
17.1901943312658 0.797737325637519
17.2079945040422 0.778303727945528
17.2257946768186 0.758094300171247
17.243594849595 0.737129187511779
17.2613950223714 0.715429288447371
17.2791951951477 0.69301623390933
17.2969953679241 0.669912365717857
17.3147955407005 0.646140714311211
17.3325957134769 0.621724975788495
17.3503958862533 0.596689488288854
17.3681960590296 0.571059207730696
17.385996231806 0.544859682935071
17.4037964045824 0.518117030158077
17.4215965773588 0.490857907057591
17.4393967501352 0.46310948612035
17.4571969229116 0.434899427575794
17.4749970956879 0.406255851823788
17.4927972684643 0.377207311403573
17.5105974412407 0.347782762531984
17.5283976140171 0.318011536239239
17.5461977867935 0.287923309131166
17.5639979595698 0.257548073806894
17.5817981323462 0.226916108961592
17.5995983051226 0.196057949203978
17.617398477899 0.165004354618798
17.6351986506754 0.133786280104477
17.6529988234518 0.102434844516615
17.6707989962281 0.0709812996480162
17.6885991690045 0.0394569990762509
17.7063993417809 0.00789336690971022
17.7241995145573 -0.0236781335366212
17.7419996873337 -0.0552260311045075
17.75979986011 -0.0867188781635514
17.7776000328864 -0.11812528195891
17.7954002056628 -0.149413935904259
17.8132003784392 -0.180553650788901
17.8310005512156 -0.21151338586782
17.848800723992 -0.242262279803786
17.8666008967683 -0.272769681430601
17.8844010695447 -0.303005180306872
17.9022012423211 -0.332938637029762
17.9200014150975 -0.362540213278627
17.9378015878739 -0.391780401558491
17.9556017606503 -0.420630054613784
17.9734019334266 -0.449060414482921
17.991202106203 -0.477043141164892
18.0090022789794 -0.504550340869175
18.0268024517558 -0.531554593820901
18.0446026245322 -0.558028981593441
18.0624027973085 -0.583947113941308
18.0802029700849 -0.609283155106515
18.0980031428613 -0.634011849572238
18.1158033156377 -0.658108547238038
18.1336034884141 -0.681549227991636
18.1514036611905 -0.704310525652671
18.1692038339668 -0.726369751264639
18.1870040067432 -0.74770491571171
18.2048041795196 -0.768294751637972
18.222604352296 -0.788118734647191
18.2404045250724 -0.807157103761985
18.2582046978487 -0.825390881121977
18.2760048706251 -0.842801890901352
18.2938050434015 -0.859372777426911
18.3116052161779 -0.875087022478593
18.3294053889543 -0.889928961755181
18.3472055617307 -0.903883800488825
18.365005734507 -0.916937628192788
18.3828059072834 -0.92907743252773
18.4006060800598 -0.940291112272676
18.4184062528362 -0.950567489387784
18.4362064256126 -0.959896320156857
18.4540065983889 -0.968268305398507
18.4718067711653 -0.975675099735774
18.4896069439417 -0.982109319914981
18.5074071167181 -0.987564552165523
18.5252072894945 -0.992035358593258
18.5430074622709 -0.995517282601106
18.5608076350472 -0.998006853331494
18.5786078078236 -0.999501589126174
18.5964079806 -1
18.6121831483849 -0.999501589126174
18.6279583161698 -0.998006853331493
18.6437334839548 -0.995517282601106
18.6595086517397 -0.992035358593258
18.6752838195246 -0.987564552165523
18.6910589873095 -0.982109319914981
18.7068341550945 -0.975675099735774
18.7226093228794 -0.968268305398507
18.7383844906643 -0.959896320156857
18.7541596584492 -0.950567489387782
18.7699348262342 -0.940291112272675
18.7857099940191 -0.929077432527731
18.801485161804 -0.916937628192788
18.8172603295889 -0.903883800488823
18.8330354973739 -0.889928961755181
18.8488106651588 -0.875087022478592
18.8645858329437 -0.859372777426912
18.8803610007286 -0.842801890901352
18.8961361685136 -0.825390881121975
18.9119113362985 -0.807157103761986
18.9276865040834 -0.788118734647194
18.9434616718683 -0.76829475163797
18.9592368396533 -0.747704915711709
18.9750120074382 -0.726369751264642
18.9907871752231 -0.704310525652671
19.006562343008 -0.681549227991635
19.022337510793 -0.658108547238035
19.0381126785779 -0.634011849572238
19.0538878463628 -0.609283155106518
19.0696630141477 -0.583947113941304
19.0854381819327 -0.55802898159344
19.1012133497176 -0.531554593820903
19.1169885175025 -0.504550340869175
19.1327636852874 -0.477043141164889
19.1485388530724 -0.449060414482922
19.1643140208573 -0.420630054613782
19.1800891886422 -0.391780401558493
19.1958643564271 -0.362540213278627
19.2116395242121 -0.332938637029759
19.227414691997 -0.303005180306873
19.2431898597819 -0.272769681430606
19.2589650275668 -0.242262279803782
19.2747401953518 -0.21151338586782
19.2905153631367 -0.180553650788906
19.3062905309216 -0.14941393590426
19.3220656987065 -0.118125281958909
19.3378408664915 -0.0867188781635474
19.3536160342764 -0.0552260311045075
19.3693912020613 -0.0236781335366259
19.3851663698462 0.00789336690971598
19.4009415376312 0.0394569990762531
19.4167167054161 0.0709812996480138
19.432491873201 0.102434844516616
19.4482670409859 0.133786280104479
19.4640422087709 0.165004354618797
19.4798173765558 0.19605794920398
19.4955925443407 0.22691610896159
19.5113677121256 0.257548073806894
19.5271428799106 0.287923309131168
19.5429180476955 0.318011536239238
19.5586932154804 0.347782762531979
19.5744683832653 0.377207311403577
19.5902435510502 0.406255851823788
19.6060187188352 0.43489942757579
19.6217938866201 0.463109486120348
19.637569054405 0.490857907057592
19.65334422219 0.51811703015808
19.6691193899749 0.544859682935071
19.6848945577598 0.571059207730693
19.7006697255447 0.596689488288858
19.7164448933296 0.621724975788495
19.7322200611146 0.646140714311208
19.7479952288995 0.669912365717857
19.7637703966844 0.693016233909331
19.7795455644693 0.715429288447369
19.7953207322543 0.73712918751178
19.8110959000392 0.758094300171245
19.8268710678241 0.778303727945528
19.842646235609 0.79773732563752
19.858421403394 0.816375721414398
19.8741965711789 0.834200336117915
19.8899717389638 0.851193401784495
19.9057469067487 0.867337979356714
19.9215220745337 0.882617975568548
19.9372972423186 0.897018158987464
19.9530724101035 0.910524175197461
19.9688475778884 0.923122561107862
19.9846227456734 0.934800758373598
20.0003979134583 0.945547125913666
20.0161730812432 0.955350951515196
20.0319482490281 0.964202462511612
20.0477234168131 0.972092835524256
20.063498584598 0.979014205257715
20.0792737523829 0.98495967234011
20.0950489201678 0.989923310200557
20.1108240879528 0.993900170976888
20.1265992557377 0.996886290447793
20.1423744235226 0.998878691984443
20.1581495913075 0.999875389517657
20.1739247590925 0.999875389517657
20.1896999268774 0.998878691984443
20.2054750946623 0.996886290447793
20.2212502624472 0.993900170976888
20.2370254302322 0.989923310200557
20.2528005980171 0.984959672340111
20.268575765802 0.979014205257715
20.2843509335869 0.972092835524256
20.3001261013719 0.964202462511612
20.3159012691568 0.955350951515196
20.3316764369417 0.945547125913667
20.3474516047266 0.934800758373598
20.3632267725116 0.923122561107862
20.3790019402965 0.910524175197461
20.3947771080814 0.897018158987464
20.4105522758663 0.882617975568548
20.4263274436513 0.867337979356714
20.4421026114362 0.851193401784495
20.4578777792211 0.834200336117916
20.473652947006 0.816375721414399
20.489428114791 0.79773732563752
20.5052032825759 0.778303727945528
20.5209784503608 0.758094300171245
20.5367536181457 0.73712918751178
20.5525287859307 0.71542928844737
20.5683039537156 0.693016233909332
20.5840791215005 0.669912365717857
20.5998542892854 0.646140714311208
20.6156294570704 0.621724975788496
20.6314046248553 0.596689488288859
20.6471797926402 0.571059207730694
20.6629549604251 0.544859682935071
20.67873012821 0.51811703015808
20.694505295995 0.490857907057592
20.7102804637799 0.463109486120349
20.7260556315648 0.43489942757579
20.7418307993497 0.406255851823788
20.7576059671347 0.377207311403578
20.7733811349196 0.347782762531987
20.7891563027045 0.318011536239238
20.8049314704894 0.287923309131168
20.8207066382744 0.257548073806894
20.8364818060593 0.22691610896159
20.8522569738442 0.196057949203981
20.8680321416291 0.165004354618797
20.8838073094141 0.133786280104479
20.899582477199 0.102434844516617
20.9153576449839 0.0709812996480136
20.9311328127688 0.0394569990762536
20.9469079805538 0.00789336690971644
20.9626831483387 -0.0236781335366256
20.9784583161236 -0.0552260311045066
20.9942334839085 -0.0867188781635549
21.0100086516935 -0.118125281958909
21.0257838194784 -0.14941393590426
21.0415589872633 -0.180553650788899
21.0573341550482 -0.211513385867819
21.0731093228332 -0.242262279803781
21.0888844906181 -0.272769681430606
21.104659658403 -0.303005180306873
21.1204348261879 -0.332938637029759
21.1362099939729 -0.362540213278627
21.1519851617578 -0.391780401558493
21.1677603295427 -0.420630054613782
21.1835354973276 -0.449060414482922
21.1993106651126 -0.47704314116489
21.2150858328975 -0.504550340869175
21.2308610006824 -0.531554593820903
21.2466361684673 -0.558028981593439
21.2624113362523 -0.583947113941309
21.2781865040372 -0.609283155106517
21.2939616718221 -0.634011849572238
21.309736839607 -0.658108547238035
21.325512007392 -0.681549227991635
21.3412871751769 -0.704310525652671
21.3570623429618 -0.726369751264641
21.3728375107467 -0.747704915711709
21.3886126785317 -0.768294751637969
21.4043878463166 -0.788118734647194
21.4201630141015 -0.807157103761985
21.4359381818864 -0.825390881121975
21.4517133496714 -0.842801890901352
21.4674885174563 -0.859372777426912
21.4832636852412 -0.875087022478592
21.4990388530261 -0.889928961755181
21.5148140208111 -0.903883800488823
21.530589188596 -0.91693762819279
21.5463643563809 -0.929077432527731
21.5621395241658 -0.940291112272675
21.5779146919508 -0.950567489387782
21.5936898597357 -0.959896320156857
21.6094650275206 -0.968268305398507
21.6252401953055 -0.975675099735774
21.6410153630905 -0.98210931991498
21.6567905308754 -0.987564552165523
21.6725656986603 -0.992035358593258
21.6883408664452 -0.995517282601106
21.7041160342302 -0.998006853331493
21.7198912020151 -0.999501589126174
21.7356663698 -1
21.7429145128352 -0.999501589126174
21.7501626558704 -0.998006853331494
21.7574107989055 -0.995517282601106
21.7646589419407 -0.992035358593257
21.7719070849759 -0.987564552165524
21.7791552280111 -0.98210931991498
21.7864033710462 -0.975675099735775
21.7936515140814 -0.968268305398508
21.8008996571166 -0.959896320156856
21.8081478001518 -0.950567489387784
21.8153959431869 -0.940291112272675
21.8226440862221 -0.929077432527728
21.8298922292573 -0.91693762819279
21.8371403722925 -0.903883800488823
21.8443885153276 -0.889928961755184
21.8516366583628 -0.875087022478595
21.858884801398 -0.85937277742691
21.8661329444332 -0.842801890901354
21.8733810874683 -0.825390881121976
21.8806292305035 -0.807157103761982
21.8878773735387 -0.788118734647195
21.8951255165739 -0.76829475163797
21.902373659609 -0.747704915711705
21.9096218026442 -0.726369751264641
21.9168699456794 -0.70431052565267
21.9241180887146 -0.681549227991639
21.9313662317497 -0.658108547238039
21.9386143747849 -0.634011849572235
21.9458625178201 -0.609283155106521
21.9531106608553 -0.583947113941306
21.9603588038905 -0.558028981593435
21.9676069469256 -0.531554593820905
21.9748550899608 -0.504550340869176
21.982103232996 -0.477043141164883
21.9893513760312 -0.449060414482922
21.9965995190663 -0.420630054613781
22.0038476621015 -0.391780401558499
22.0110958051367 -0.362540213278625
22.0183439481719 -0.332938637029757
22.025592091207 -0.303005180306878
22.0328402342422 -0.272769681430603
22.0400883772774 -0.242262279803777
22.0473365203126 -0.211513385867823
22.0545846633477 -0.1805536507889
22.0618328063829 -0.149413935904268
22.0690809494181 -0.11812528195891
22.0763290924533 -0.0867188781635472
22.0835772354884 -0.0552260311045141
22.0908253785236 -0.0236781335366243
22.0980735215588 0.00789336690971842
22.105321664594 0.0394569990762483
22.1125698076291 0.0709812996480171
22.1198179506643 0.10243484451662
22.1270660936995 0.133786280104476
22.1343142367347 0.165004354618802
22.1415623797698 0.196057949203971
22.148810522805 0.226916108961589
22.1560586658402 0.257548073806901
22.1633068088754 0.287923309131161
22.1705549519106 0.318011536239238
22.1778030949457 0.347782762531988
22.1850512379809 0.377207311403572
22.1922993810161 0.406255851823791
22.1995475240513 0.434899427575799
22.2067956670864 0.463109486120346
22.2140438101216 0.490857907057597
22.2212919531568 0.518117030158072
22.228540096192 0.54485968293507
22.2357882392271 0.571059207730699
22.2430363822623 0.596689488288852
22.2502845252975 0.621724975788496
22.2575326683327 0.646140714311215
22.2647808113678 0.669912365717853
22.272028954403 0.693016233909333
22.2792770974382 0.715429288447366
22.2865252404734 0.737129187511778
22.2937733835085 0.758094300171248
22.3010215265437 0.778303727945526
22.3082696695789 0.797737325637519
22.3155178126141 0.816375721414402
22.3227659556492 0.834200336117915
22.3300140986844 0.851193401784495
22.3372622417196 0.867337979356718
22.3445103847548 0.882617975568545
22.35175852779 0.897018158987465
22.3590066708251 0.910524175197459
22.3662548138603 0.92312256110786
22.3735029568955 0.9348007583736
22.3807510999307 0.945547125913665
22.3879992429658 0.955350951515195
22.395247386001 0.964202462511613
22.4024955290362 0.972092835524256
22.4097436720714 0.979014205257715
22.4169918151065 0.984959672340112
22.4242399581417 0.989923310200557
22.4314881011769 0.993900170976888
22.4387362442121 0.996886290447793
22.4459843872472 0.998878691984444
22.4532325302824 0.999875389517657
22.4604806733176 0.999875389517657
22.4677288163528 0.998878691984444
22.4749769593879 0.996886290447793
22.4822251024231 0.993900170976888
22.4894732454583 0.989923310200557
22.4967213884935 0.984959672340112
22.5039695315286 0.979014205257715
22.5112176745638 0.972092835524256
22.518465817599 0.964202462511613
22.5257139606342 0.955350951515195
22.5329621036693 0.945547125913665
22.5402102467045 0.9348007583736
22.5474583897397 0.92312256110786
22.5547065327749 0.910524175197459
22.56195467581 0.897018158987465
22.5692028188452 0.882617975568546
22.5764509618804 0.867337979356718
22.5836991049156 0.851193401784496
22.5909472479508 0.834200336117915
22.5981953909859 0.816375721414402
22.6054435340211 0.79773732563752
22.6126916770563 0.778303727945526
22.6199398200915 0.758094300171248
22.6271879631266 0.737129187511778
22.6344361061618 0.715429288447366
22.641684249197 0.693016233909334
22.6489323922322 0.669912365717853
22.6561805352673 0.646140714311215
22.6634286783025 0.621724975788496
22.6706768213377 0.596689488288852
22.6779249643729 0.571059207730699
22.685173107408 0.54485968293507
22.6924212504432 0.518117030158072
22.6996693934784 0.490857907057597
22.7069175365136 0.463109486120346
22.7141656795487 0.4348994275758
22.7214138225839 0.40625585182379
22.7286619656191 0.377207311403573
22.7359101086543 0.347782762531988
22.7431582516894 0.318011536239239
22.7504063947246 0.287923309131161
22.7576545377598 0.257548073806901
22.764902680795 0.226916108961589
22.7721508238302 0.196057949203971
22.7793989668653 0.165004354618802
22.7866471099005 0.133786280104477
22.7938952529357 0.10243484451662
22.8011433959709 0.0709812996480171
22.808391539006 0.0394569990762483
22.8156396820412 0.00789336690971822
22.8228878250764 -0.0236781335366239
22.8301359681116 -0.0552260311045137
22.8373841111467 -0.0867188781635469
22.8446322541819 -0.11812528195891
22.8518803972171 -0.149413935904268
22.8591285402523 -0.1805536507889
22.8663766832874 -0.211513385867822
22.8736248263226 -0.242262279803777
22.8808729693578 -0.272769681430602
22.888121112393 -0.303005180306877
22.8953692554281 -0.332938637029757
22.9026173984633 -0.362540213278626
22.9098655414985 -0.391780401558499
22.9171136845337 -0.420630054613781
22.9243618275688 -0.449060414482922
22.931609970604 -0.477043141164897
22.9388581136392 -0.504550340869176
22.9461062566744 -0.531554593820905
22.9533543997095 -0.558028981593435
22.9606025427447 -0.583947113941306
22.9678506857799 -0.609283155106521
22.9750988288151 -0.634011849572235
22.9823469718503 -0.658108547238039
22.9895951148854 -0.681549227991639
22.9968432579206 -0.70431052565267
23.0040914009558 -0.726369751264641
23.011339543991 -0.747704915711705
23.0185876870261 -0.76829475163797
23.0258358300613 -0.788118734647195
23.0330839730965 -0.807157103761982
23.0403321161317 -0.825390881121977
23.0475802591668 -0.842801890901354
23.054828402202 -0.85937277742691
23.0620765452372 -0.875087022478595
23.0693246882724 -0.889928961755184
23.0765728313075 -0.903883800488823
23.0838209743427 -0.91693762819279
23.0910691173779 -0.929077432527729
23.0983172604131 -0.940291112272675
23.1055654034482 -0.950567489387784
23.1128135464834 -0.959896320156856
23.1200616895186 -0.968268305398508
23.1273098325538 -0.975675099735775
23.1345579755889 -0.98210931991498
23.1418061186241 -0.987564552165524
23.1490542616593 -0.992035358593257
23.1563024046945 -0.995517282601106
23.1635505477296 -0.998006853331494
23.1707986907648 -0.999501589126174
23.1780468338 -1
23.197252628605 -0.999501589126174
23.21645842341 -0.998006853331493
23.2356642182151 -0.995517282601106
23.2548700130201 -0.992035358593258
23.2740758078251 -0.987564552165524
23.2932816026302 -0.98210931991498
23.3124873974352 -0.975675099735773
23.3316931922402 -0.968268305398507
23.3508989870452 -0.959896320156857
23.3701047818503 -0.950567489387783
23.3893105766553 -0.940291112272675
23.4085163714603 -0.929077432527731
23.4277221662653 -0.916937628192789
23.4469279610704 -0.903883800488824
23.4661337558754 -0.889928961755181
23.4853395506804 -0.875087022478595
23.5045453454854 -0.859372777426913
23.5237511402905 -0.842801890901349
23.5429569350955 -0.825390881121975
23.5621627299005 -0.807157103761984
23.5813685247055 -0.788118734647192
23.6005743195106 -0.76829475163797
23.6197801143156 -0.747704915711709
23.6389859091206 -0.72636975126464
23.6581917039256 -0.704310525652673
23.6773974987307 -0.681549227991635
23.6966032935357 -0.658108547238039
23.7158090883407 -0.63401184957224
23.7350148831457 -0.609283155106519
23.7542206779508 -0.583947113941304
23.7734264727558 -0.558028981593439
23.7926322675608 -0.5315545938209
23.8118380623658 -0.504550340869177
23.8310438571709 -0.477043141164889
23.8502496519759 -0.44906041448292
23.8694554467809 -0.420630054613785
23.8886612415859 -0.391780401558494
23.907867036391 -0.362540213278626
23.927072831196 -0.332938637029763
23.946278626001 -0.303005180306875
23.965484420806 -0.272769681430606
23.9846902156111 -0.242262279803781
24.0038960104161 -0.211513385867817
24.0231018052211 -0.180553650788901
24.0423076000261 -0.14941393590426
24.0615133948312 -0.118125281958908
24.0807191896362 -0.0867188781635509
24.0999249844412 -0.0552260311045086
24.1191307792462 -0.0236781335366252
24.1383365740513 0.00789336690971153
24.1575423688563 0.0394569990762507
24.1767481636613 0.0709812996480133
24.1959539584663 0.102434844516616
24.2151597532714 0.133786280104481
24.2343655480764 0.165004354618801
24.2535713428814 0.196057949203979
24.2727771376864 0.226916108961591
24.2919829324915 0.257548073806897
24.3111887272965 0.287923309131166
24.3303945221015 0.318011536239238
24.3496003169065 0.347782762531981
24.3688061117116 0.377207311403574
24.3880119065166 0.406255851823787
24.4072177013216 0.434899427575791
24.4264234961266 0.46310948612035
24.4456292909317 0.490857907057595
24.4648350857367 0.518117030158079
24.4840408805417 0.544859682935071
24.5032466753467 0.571059207730696
24.5224524701518 0.596689488288856
24.5416582649568 0.621724975788495
24.5608640597618 0.646140714311209
24.5800698545668 0.669912365717854
24.5992756493719 0.69301623390933
24.6184814441769 0.715429288447369
24.6376872389819 0.737129187511781
24.6568930337869 0.758094300171247
24.676098828592 0.778303727945531
24.695304623397 0.79773732563752
24.714510418202 0.8163757214144
24.733716213007 0.834200336117918
24.7529220078121 0.851193401784495
24.7721278026171 0.867337979356714
24.7913335974221 0.882617975568546
24.8105393922271 0.897018158987463
24.8297451870322 0.910524175197461
24.8489509818372 0.92312256110786
24.8681567766422 0.934800758373597
24.8873625714472 0.945547125913668
24.9065683662523 0.955350951515195
24.9257741610573 0.964202462511612
24.9449799558623 0.972092835524257
24.9641857506673 0.979014205257715
24.9833915454724 0.98495967234011
25.0025973402774 0.989923310200557
25.0218031350824 0.993900170976888
25.0410089298874 0.996886290447793
25.0602147246925 0.998878691984443
25.0794205194975 0.999875389517657
25.0986263143025 0.999875389517657
25.1178321091075 0.998878691984443
25.1370379039126 0.996886290447793
25.1562436987176 0.993900170976888
25.1754494935226 0.989923310200557
25.1946552883276 0.984959672340111
25.2138610831327 0.979014205257715
25.2330668779377 0.972092835524257
25.2522726727427 0.964202462511612
25.2714784675477 0.955350951515195
25.2906842623528 0.945547125913668
25.3098900571578 0.934800758373599
25.3290958519628 0.92312256110786
25.3483016467678 0.910524175197462
25.3675074415729 0.897018158987463
25.3867132363779 0.882617975568546
25.4059190311829 0.867337979356714
25.4251248259879 0.851193401784495
25.444330620793 0.834200336117918
25.463536415598 0.8163757214144
25.482742210403 0.79773732563752
25.501948005208 0.778303727945531
25.5211538000131 0.758094300171247
25.5403595948181 0.737129187511777
25.5595653896231 0.71542928844737
25.5787711844281 0.69301623390933
25.5979769792332 0.669912365717854
25.6171827740382 0.646140714311209
25.6363885688432 0.621724975788495
25.6555943636482 0.596689488288856
25.6748001584533 0.571059207730696
25.6940059532583 0.544859682935072
25.7132117480633 0.518117030158079
25.7324175428683 0.490857907057596
25.7516233376734 0.46310948612035
25.7708291324784 0.434899427575796
25.7900349272834 0.406255851823787
25.8092407220884 0.377207311403575
25.8284465168935 0.347782762531981
25.8476523116985 0.318011536239238
25.8668581065035 0.287923309131166
25.8860639013085 0.257548073806897
25.9052696961136 0.22691610896159
25.9244754909186 0.19605794920398
25.9436812857236 0.165004354618802
25.9628870805286 0.133786280104481
25.9820928753337 0.10243484451661
26.0012986701387 0.0709812996480136
26.0205044649437 0.0394569990762501
26.0397102597487 0.007893366909712
26.0589160545538 -0.0236781335366247
26.0781218493588 -0.0552260311045084
26.0973276441638 -0.0867188781635505
26.1165334389688 -0.118125281958907
26.1357392337739 -0.14941393590426
26.1549450285789 -0.180553650788901
26.1741508233839 -0.211513385867817
26.1933566181889 -0.242262279803781
26.212562412994 -0.2727696814306
26.231768207799 -0.30300518030687
26.250974002604 -0.332938637029763
26.270179797409 -0.362540213278626
26.2893855922141 -0.391780401558494
26.3085913870191 -0.420630054613784
26.3277971818241 -0.44906041448292
26.3470029766291 -0.47704314116489
26.3662087714342 -0.504550340869176
26.3854145662392 -0.531554593820901
26.4046203610442 -0.558028981593438
26.4238261558492 -0.583947113941304
26.4430319506543 -0.609283155106519
26.4622377454593 -0.63401184957224
26.4814435402643 -0.658108547238039
26.5006493350693 -0.681549227991635
26.5198551298744 -0.704310525652672
26.5390609246794 -0.72636975126464
26.5582667194844 -0.747704915711709
26.5774725142894 -0.76829475163797
26.5966783090945 -0.788118734647191
26.6158841038995 -0.807157103761984
26.6350898987045 -0.825390881121975
26.6542956935095 -0.842801890901349
26.6735014883146 -0.859372777426911
26.6927072831196 -0.875087022478594
26.7119130779246 -0.889928961755181
26.7311188727296 -0.903883800488824
26.7503246675347 -0.916937628192789
26.7695304623397 -0.92907743252773
26.7887362571447 -0.940291112272675
26.8079420519497 -0.950567489387782
26.8271478467548 -0.959896320156857
26.8463536415598 -0.968268305398507
26.8655594363648 -0.975675099735773
26.8847652311699 -0.982109319914981
26.9039710259749 -0.987564552165524
26.9231768207799 -0.992035358593258
26.9423826155849 -0.995517282601106
26.96158841039 -0.998006853331493
26.980794205195 -0.999501589126174
27 -1
