0 -1
0.00856994623417085 -0.999501589126174
0.0171398924683417 -0.998006853331493
0.0257098387025126 -0.995517282601106
0.0342797849366834 -0.992035358593258
0.0428497311708543 -0.987564552165524
0.0514196774050251 -0.98210931991498
0.059989623639196 -0.975675099735774
0.0685595698733668 -0.968268305398507
0.0771295161075377 -0.959896320156857
0.0856994623417085 -0.950567489387783
0.0942694085758794 -0.940291112272676
0.10283935481005 -0.929077432527731
0.111409301044221 -0.916937628192789
0.119979247278392 -0.903883800488824
0.128549193512563 -0.88992896175518
0.137119139746734 -0.875087022478594
0.145689085980905 -0.859372777426912
0.154259032215075 -0.842801890901351
0.162828978449246 -0.825390881121976
0.171398924683417 -0.807157103761985
0.179968870917588 -0.788118734647192
0.188538817151759 -0.768294751637971
0.19710876338593 -0.747704915711709
0.205678709620101 -0.726369751264639
0.214248655854271 -0.704310525652672
0.222818602088442 -0.681549227991634
0.231388548322613 -0.658108547238038
0.239958494556784 -0.634011849572239
0.248528440790955 -0.609283155106517
0.257098387025126 -0.583947113941306
0.265668333259297 -0.55802898159344
0.274238279493467 -0.531554593820901
0.282808225727638 -0.504550340869177
0.291378171961809 -0.47704314116489
0.29994811819598 -0.44906041448292
0.308518064430151 -0.420630054613784
0.317088010664322 -0.391780401558493
0.325657956898492 -0.362540213278625
0.334227903132663 -0.332938637029761
0.342797849366834 -0.303005180306873
0.351367795601005 -0.272769681430603
0.359937741835176 -0.242262279803783
0.368507688069347 -0.211513385867819
0.377077634303518 -0.180553650788902
0.385647580537688 -0.149413935904261
0.394217526771859 -0.118125281958908
0.40278747300603 -0.0867188781635507
0.411357419240201 -0.0552260311045079
0.419927365474372 -0.0236781335366241
0.428497311708543 0.00789336690971331
0.437067257942714 0.0394569990762527
0.445637204176884 0.0709812996480158
0.454207150411055 0.102434844516613
0.462777096645226 0.133786280104479
0.471347042879397 0.165004354618799
0.479916989113568 0.196057949203978
0.488486935347739 0.22691610896159
0.49705688158191 0.257548073806897
0.50562682781608 0.287923309131167
0.514196774050251 0.318011536239238
0.522766720284422 0.347782762531983
0.531336666518593 0.377207311403576
0.539906612752764 0.406255851823789
0.548476558986935 0.434899427575793
0.557046505221106 0.463109486120348
0.565616451455276 0.490857907057594
0.574186397689447 0.518117030158077
0.582756343923618 0.54485968293507
0.591326290157789 0.571059207730695
0.59989623639196 0.596689488288856
0.608466182626131 0.621724975788495
0.617036128860301 0.64614071431121
0.625606075094472 0.669912365717855
0.634176021328643 0.693016233909332
0.642745967562814 0.715429288447372
0.651315913796985 0.737129187511779
0.659885860031156 0.758094300171245
0.668455806265327 0.77830372794553
0.677025752499497 0.797737325637519
0.685595698733668 0.816375721414399
0.694165644967839 0.834200336117918
0.70273559120201 0.851193401784495
0.711305537436181 0.867337979356715
0.719875483670352 0.882617975568547
0.728445429904523 0.897018158987464
0.737015376138694 0.910524175197462
0.745585322372864 0.923122561107861
0.754155268607035 0.934800758373598
0.762725214841206 0.945547125913667
0.771295161075377 0.955350951515195
0.779865107309548 0.964202462511612
0.788435053543719 0.972092835524257
0.79700499977789 0.979014205257714
0.80557494601206 0.984959672340111
0.814144892246231 0.989923310200557
0.822714838480402 0.993900170976888
0.831284784714573 0.996886290447793
0.839854730948744 0.998878691984444
0.848424677182915 0.999875389517657
0.856994623417085 0.999875389517657
0.865564569651256 0.998878691984444
0.874134515885427 0.996886290447793
0.882704462119598 0.993900170976888
0.891274408353769 0.989923310200557
0.89984435458794 0.984959672340111
0.90841430082211 0.979014205257715
0.916984247056281 0.972092835524257
0.925554193290452 0.964202462511612
0.934124139524623 0.955350951515195
0.942694085758794 0.945547125913667
0.951264031992965 0.934800758373598
0.959833978227136 0.923122561107861
0.968403924461307 0.910524175197462
0.976973870695477 0.897018158987464
0.985543816929648 0.882617975568547
0.994113763163819 0.867337979356715
1.00268370939799 0.851193401784494
1.01125365563216 0.834200336117917
1.01982360186633 0.816375721414399
1.0283935481005 0.797737325637519
1.03696349433467 0.77830372794553
1.04553344056884 0.758094300171245
1.05410338680302 0.737129187511779
1.06267333303719 0.715429288447371
1.07124327927136 0.693016233909332
1.07981322550553 0.669912365717855
1.0883831717397 0.646140714311209
1.09695311797387 0.621724975788495
1.10552306420804 0.596689488288856
1.11409301044221 0.571059207730695
1.12266295667638 0.54485968293507
1.13123290291055 0.518117030158078
1.13980284914472 0.490857907057594
1.14837279537889 0.463109486120348
1.15694274161307 0.434899427575793
1.16551268784724 0.406255851823789
1.17408263408141 0.377207311403576
1.18265258031558 0.347782762531982
1.19122252654975 0.318011536239239
1.19979247278392 0.287923309131167
1.20836241901809 0.257548073806896
1.21693236525226 0.22691610896159
1.22550231148643 0.196057949203979
1.2340722577206 0.1650043546188
1.24264220395477 0.133786280104478
1.25121215018894 0.102434844516613
1.25978209642312 0.0709812996480162
1.26835204265729 0.0394569990762527
1.27692198889146 0.00789336690971289
1.28549193512563 -0.0236781335366247
1.2940618813598 -0.0552260311045075
1.30263182759397 -0.0867188781635496
1.31120177382814 -0.118125281958907
1.31977172006231 -0.14941393590426
1.32834166629648 -0.180553650788901
1.33691161253065 -0.211513385867818
1.34548155876482 -0.242262279803783
1.35405150499899 -0.272769681430603
1.36262145123317 -0.303005180306872
1.37119139746734 -0.33293863702976
1.37976134370151 -0.362540213278625
1.38833128993568 -0.391780401558494
1.39690123616985 -0.420630054613784
1.40547118240402 -0.449060414482921
1.41404112863819 -0.47704314116489
1.42261107487236 -0.504550340869178
1.43118102110653 -0.531554593820902
1.4397509673407 -0.55802898159344
1.44832091357487 -0.583947113941306
1.45689085980905 -0.609283155106517
1.46546080604322 -0.634011849572239
1.47403075227739 -0.658108547238037
1.48260069851156 -0.681549227991634
1.49117064474573 -0.704310525652672
1.4997405909799 -0.726369751264639
1.50831053721407 -0.747704915711709
1.51688048344824 -0.768294751637971
1.52545042968241 -0.788118734647192
1.53402037591658 -0.807157103761985
1.54259032215075 -0.825390881121976
1.55116026838492 -0.84280189090135
1.5597302146191 -0.859372777426912
1.56830016085327 -0.875087022478594
1.57687010708744 -0.88992896175518
1.58544005332161 -0.903883800488824
1.59400999955578 -0.916937628192789
1.60257994578995 -0.92907743252773
1.61114989202412 -0.940291112272676
1.61971983825829 -0.950567489387783
1.62828978449246 -0.959896320156857
1.63685973072663 -0.968268305398507
1.6454296769608 -0.975675099735774
1.65399962319497 -0.98210931991498
1.66256956942915 -0.987564552165524
1.67113951566332 -0.992035358593258
1.67970946189749 -0.995517282601106
1.68827940813166 -0.998006853331493
1.69684935436583 -0.999501589126174
1.7054193006 -1
1.72498641600653 -0.999501589126174
1.74455353141307 -0.998006853331493
1.7641206468196 -0.995517282601106
1.78368776222613 -0.992035358593258
1.80325487763266 -0.987564552165524
1.8228219930392 -0.98210931991498
1.84238910844573 -0.975675099735774
1.86195622385226 -0.968268305398507
1.88152333925879 -0.959896320156857
1.90109045466533 -0.950567489387783
1.92065757007186 -0.940291112272676
1.94022468547839 -0.929077432527731
1.95979180088492 -0.916937628192789
1.97935891629146 -0.903883800488824
1.99892603169799 -0.88992896175518
2.01849314710452 -0.875087022478594
2.03806026251106 -0.859372777426912
2.05762737791759 -0.842801890901351
2.07719449332412 -0.825390881121976
2.09676160873065 -0.807157103761985
2.11632872413719 -0.788118734647192
2.13589583954372 -0.768294751637971
2.15546295495025 -0.747704915711709
2.17503007035678 -0.726369751264639
2.19459718576332 -0.704310525652672
2.21416430116985 -0.681549227991634
2.23373141657638 -0.658108547238038
2.25329853198291 -0.634011849572239
2.27286564738945 -0.609283155106517
2.29243276279598 -0.583947113941306
2.31199987820251 -0.55802898159344
2.33156699360905 -0.531554593820901
2.35113410901558 -0.504550340869177
2.37070122442211 -0.47704314116489
2.39026833982864 -0.44906041448292
2.40983545523518 -0.420630054613784
2.42940257064171 -0.391780401558493
2.44896968604824 -0.362540213278625
2.46853680145477 -0.332938637029761
2.48810391686131 -0.303005180306873
2.50767103226784 -0.272769681430603
2.52723814767437 -0.242262279803783
2.5468052630809 -0.211513385867819
2.56637237848744 -0.180553650788902
2.58593949389397 -0.149413935904261
2.6055066093005 -0.118125281958908
2.62507372470704 -0.0867188781635507
2.64464084011357 -0.0552260311045082
2.6642079555201 -0.0236781335366241
2.68377507092663 0.00789336690971331
2.70334218633317 0.0394569990762527
2.7229093017397 0.0709812996480158
2.74247641714623 0.102434844516613
2.76204353255276 0.133786280104479
2.7816106479593 0.165004354618799
2.80117776336583 0.196057949203978
2.82074487877236 0.22691610896159
2.84031199417889 0.257548073806896
2.85987910958543 0.287923309131166
2.87944622499196 0.318011536239238
2.89901334039849 0.347782762531982
2.91858045580503 0.377207311403576
2.93814757121156 0.406255851823789
2.95771468661809 0.434899427575793
2.97728180202462 0.463109486120348
2.99684891743116 0.490857907057594
3.01641603283769 0.518117030158077
3.03598314824422 0.54485968293507
3.05555026365075 0.571059207730695
3.07511737905729 0.596689488288856
3.09468449446382 0.621724975788495
3.11425160987035 0.64614071431121
3.13381872527688 0.669912365717855
3.15338584068342 0.693016233909332
3.17295295608995 0.715429288447371
3.19252007149648 0.737129187511779
3.21208718690302 0.758094300171246
3.23165430230955 0.77830372794553
3.25122141771608 0.797737325637519
3.27078853312261 0.816375721414399
3.29035564852915 0.834200336117917
3.30992276393568 0.851193401784495
3.32948987934221 0.867337979356715
3.34905699474874 0.882617975568547
3.36862411015528 0.897018158987463
3.38819122556181 0.910524175197462
3.40775834096834 0.923122561107861
3.42732545637487 0.934800758373598
3.44689257178141 0.945547125913667
3.46645968718794 0.955350951515195
3.48602680259447 0.964202462511612
3.50559391800101 0.972092835524257
3.52516103340754 0.979014205257714
3.54472814881407 0.984959672340111
3.5642952642206 0.989923310200557
3.58386237962714 0.993900170976888
3.60342949503367 0.996886290447793
3.6229966104402 0.998878691984444
3.64256372584673 0.999875389517657
3.66213084125327 0.999875389517657
3.6816979566598 0.998878691984444
3.70126507206633 0.996886290447793
3.72083218747286 0.993900170976888
3.7403993028794 0.989923310200557
3.75996641828593 0.984959672340111
3.77953353369246 0.979014205257715
3.799100649099 0.972092835524257
3.81866776450553 0.964202462511612
3.83823487991206 0.955350951515195
3.85780199531859 0.945547125913667
3.87736911072513 0.934800758373598
3.89693622613166 0.923122561107861
3.91650334153819 0.910524175197462
3.93607045694472 0.897018158987464
3.95563757235126 0.882617975568547
3.97520468775779 0.867337979356715
3.99477180316432 0.851193401784495
4.01433891857085 0.834200336117918
4.03390603397739 0.816375721414399
4.05347314938392 0.797737325637519
4.07304026479045 0.77830372794553
4.09260738019699 0.758094300171246
4.11217449560352 0.737129187511779
4.13174161101005 0.715429288447371
4.15130872641658 0.693016233909332
4.17087584182312 0.669912365717855
4.19044295722965 0.64614071431121
4.21001007263618 0.621724975788495
4.22957718804271 0.596689488288856
4.24914430344925 0.571059207730695
4.26871141885578 0.544859682935071
4.28827853426231 0.518117030158078
4.30784564966884 0.490857907057594
4.32741276507538 0.463109486120348
4.34697988048191 0.434899427575793
4.36654699588844 0.406255851823789
4.38611411129498 0.377207311403576
4.40568122670151 0.347782762531982
4.42524834210804 0.318011536239238
4.44481545751457 0.287923309131167
4.46438257292111 0.257548073806896
4.48394968832764 0.22691610896159
4.50351680373417 0.196057949203978
4.5230839191407 0.1650043546188
4.54265103454724 0.133786280104479
4.56221814995377 0.102434844516614
4.5817852653603 0.0709812996480162
4.60135238076683 0.0394569990762527
4.62091949617337 0.00789336690971378
4.6404866115799 -0.0236781335366239
4.66005372698643 -0.0552260311045084
4.67962084239297 -0.0867188781635505
4.6991879577995 -0.11812528195891
4.71875507320603 -0.149413935904262
4.73832218861256 -0.180553650788904
4.7578893040191 -0.211513385867821
4.77745641942563 -0.242262279803784
4.79702353483216 -0.272769681430604
4.81659065023869 -0.303005180306874
4.83615776564523 -0.332938637029762
4.85572488105176 -0.362540213278623
4.87529199645829 -0.391780401558491
4.89485911186482 -0.420630054613783
4.91442622727136 -0.449060414482919
4.93399334267789 -0.477043141164889
4.95356045808442 -0.504550340869176
4.97312757349095 -0.531554593820901
4.99269468889749 -0.55802898159344
5.01226180430402 -0.583947113941306
5.03182891971055 -0.609283155106516
5.05139603511709 -0.634011849572238
5.07096315052362 -0.658108547238037
5.09053026593015 -0.681549227991633
5.11009738133668 -0.704310525652672
5.12966449674322 -0.726369751264639
5.14923161214975 -0.747704915711709
5.16879872755628 -0.768294751637971
5.18836584296281 -0.788118734647193
5.20793295836935 -0.807157103761985
5.22750007377588 -0.825390881121976
5.24706718918241 -0.84280189090135
5.26663430458894 -0.859372777426912
5.28620141999548 -0.875087022478593
5.30576853540201 -0.88992896175518
5.32533565080854 -0.903883800488824
5.34490276621508 -0.916937628192789
5.36446988162161 -0.92907743252773
5.38403699702814 -0.940291112272676
5.40360411243467 -0.950567489387783
5.42317122784121 -0.959896320156857
5.44273834324774 -0.968268305398507
5.46230545865427 -0.975675099735774
5.4818725740608 -0.98210931991498
5.50143968946734 -0.987564552165524
5.52100680487387 -0.992035358593258
5.5405739202804 -0.995517282601106
5.56014103568693 -0.998006853331493
5.57970815109347 -0.999501589126174
5.5992752665 -1
5.60716113100452 -0.999501589126174
5.61504699550905 -0.998006853331493
5.62293286001357 -0.995517282601106
5.63081872451809 -0.992035358593258
5.63870458902261 -0.987564552165524
5.64659045352714 -0.982109319914981
5.65447631803166 -0.975675099735774
5.66236218253618 -0.968268305398507
5.6702480470407 -0.959896320156857
5.67813391154523 -0.950567489387782
5.68601977604975 -0.940291112272676
5.69390564055427 -0.92907743252773
5.70179150505879 -0.916937628192789
5.70967736956332 -0.903883800488823
5.71756323406784 -0.889928961755181
5.72544909857236 -0.875087022478594
5.73333496307689 -0.859372777426911
5.74122082758141 -0.842801890901351
5.74910669208593 -0.825390881121976
5.75699255659045 -0.807157103761986
5.76487842109498 -0.788118734647192
5.7727642855995 -0.768294751637972
5.78065015010402 -0.747704915711709
5.78853601460854 -0.726369751264641
5.79642187911307 -0.704310525652672
5.80430774361759 -0.681549227991633
5.81219360812211 -0.658108547238038
5.82007947262663 -0.634011849572238
5.82796533713116 -0.609283155106518
5.83585120163568 -0.583947113941306
5.8437370661402 -0.558028981593441
5.85162293064472 -0.531554593820901
5.85950879514925 -0.504550340869176
5.86739465965377 -0.47704314116489
5.87528052415829 -0.449060414482919
5.88316638866281 -0.420630054613785
5.89105225316734 -0.391780401558493
5.89893811767186 -0.362540213278626
5.90682398217638 -0.332938637029761
5.91470984668091 -0.303005180306871
5.92259571118543 -0.272769681430603
5.93048157568995 -0.242262279803782
5.93836744019447 -0.21151338586782
5.946253304699 -0.180553650788901
5.95413916920352 -0.149413935904262
5.96202503370804 -0.118125281958908
5.96991089821256 -0.0867188781635525
5.97779676271709 -0.0552260311045084
5.98568262722161 -0.0236781335366225
5.99356849172613 0.00789336690971264
6.00145435623065 0.0394569990762538
6.00934022073518 0.0709812996480147
6.0172260852397 0.102434844516614
6.02511194974422 0.133786280104478
6.03299781424874 0.165004354618799
6.04088367875327 0.19605794920398
6.04876954325779 0.22691610896159
6.05665540776231 0.257548073806898
6.06454127226683 0.287923309131166
6.07242713677136 0.318011536239239
6.08031300127588 0.347782762531981
6.0881988657804 0.377207311403576
6.09608473028492 0.406255851823787
6.10397059478945 0.434899427575793
6.11185645929397 0.463109486120349
6.11974232379849 0.490857907057593
6.12762818830302 0.518117030158078
6.13551405280754 0.544859682935069
6.14339991731206 0.571059207730695
6.15128578181658 0.596689488288855
6.15917164632111 0.621724975788495
6.16705751082563 0.646140714311211
6.17494337533015 0.669912365717855
6.18282923983467 0.693016233909333
6.1907151043392 0.715429288447371
6.19860096884372 0.737129187511779
6.20648683334824 0.758094300171245
6.21437269785276 0.77830372794553
6.22225856235729 0.797737325637518
6.23014442686181 0.816375721414399
6.23803029136633 0.834200336117918
6.24591615587085 0.851193401784494
6.25380202037538 0.867337979356715
6.2616878848799 0.882617975568546
6.26957374938442 0.897018158987464
6.27745961388895 0.910524175197463
6.28534547839347 0.923122561107861
6.29323134289799 0.934800758373599
6.30111720740251 0.945547125913667
6.30900307190704 0.955350951515195
6.31688893641156 0.964202462511612
6.32477480091608 0.972092835524257
6.3326606654206 0.979014205257714
6.34054652992513 0.984959672340111
6.34843239442965 0.989923310200557
6.35631825893417 0.993900170976888
6.36420412343869 0.996886290447793
6.37208998794322 0.998878691984444
6.37997585244774 0.999875389517657
6.38786171695226 0.999875389517657
6.39574758145678 0.998878691984444
6.40363344596131 0.996886290447793
6.41151931046583 0.993900170976888
6.41940517497035 0.989923310200557
6.42729103947487 0.984959672340111
6.4351769039794 0.979014205257714
6.44306276848392 0.972092835524257
6.45094863298844 0.964202462511612
6.45883449749296 0.955350951515195
6.46672036199749 0.945547125913667
6.47460622650201 0.934800758373599
6.48249209100653 0.923122561107861
6.49037795551106 0.910524175197462
6.49826382001558 0.897018158987464
6.5061496845201 0.882617975568546
6.51403554902462 0.867337979356715
6.52192141352915 0.851193401784494
6.52980727803367 0.834200336117917
6.53769314253819 0.816375721414399
6.54557900704271 0.797737325637518
6.55346487154724 0.77830372794553
6.56135073605176 0.758094300171245
6.56923660055628 0.737129187511779
6.5771224650608 0.715429288447371
6.58500832956533 0.693016233909333
6.59289419406985 0.669912365717855
6.60078005857437 0.646140714311209
6.60866592307889 0.621724975788495
6.61655178758342 0.596689488288858
6.62443765208794 0.571059207730696
6.63232351659246 0.54485968293507
6.64020938109698 0.518117030158079
6.64809524560151 0.490857907057594
6.65598111010603 0.463109486120349
6.66386697461055 0.434899427575793
6.67175283911508 0.406255851823787
6.6796387036196 0.377207311403576
6.68752456812412 0.347782762531985
6.69541043262864 0.318011536239239
6.70329629713317 0.287923309131166
6.71118216163769 0.257548073806898
6.71906802614221 0.22691610896159
6.72695389064673 0.19605794920398
6.73483975515126 0.1650043546188
6.74272561965578 0.133786280104478
6.7506114841603 0.102434844516614
6.75849734866482 0.0709812996480153
6.76638321316935 0.0394569990762536
6.77426907767387 0.00789336690971289
6.78215494217839 -0.0236781335366256
6.79004080668291 -0.0552260311045075
6.79792667118744 -0.0867188781635487
6.80581253569196 -0.118125281958907
6.81369840019648 -0.149413935904262
6.821584264701 -0.180553650788901
6.82947012920553 -0.211513385867819
6.83735599371005 -0.242262279803781
6.84524185821457 -0.272769681430603
6.8531277227191 -0.303005180306875
6.86101358722362 -0.332938637029761
6.86889945172814 -0.362540213278622
6.87678531623266 -0.391780401558493
6.88467118073719 -0.420630054613784
6.89255704524171 -0.449060414482922
6.90044290974623 -0.47704314116489
6.90832877425075 -0.504550340869176
6.91621463875528 -0.531554593820901
6.9241005032598 -0.558028981593441
6.93198636776432 -0.583947113941306
6.93987223226884 -0.609283155106517
6.94775809677337 -0.634011849572238
6.95564396127789 -0.658108547238037
6.96352982578241 -0.681549227991635
6.97141569028693 -0.704310525652672
6.97930155479146 -0.726369751264638
6.98718741929598 -0.747704915711709
6.9950732838005 -0.768294751637971
7.00295914830502 -0.788118734647192
7.01084501280955 -0.807157103761986
7.01873087731407 -0.825390881121975
7.02661674181859 -0.842801890901351
7.03450260632312 -0.859372777426913
7.04238847082764 -0.875087022478594
7.05027433533216 -0.889928961755179
7.05816019983668 -0.903883800488823
7.06604606434121 -0.916937628192789
7.07393192884573 -0.92907743252773
7.08181779335025 -0.940291112272676
7.08970365785477 -0.950567489387782
7.0975895223593 -0.959896320156857
7.10547538686382 -0.968268305398508
7.11336125136834 -0.975675099735773
7.12124711587286 -0.98210931991498
7.12913298037739 -0.987564552165524
7.13701884488191 -0.992035358593258
7.14490470938643 -0.995517282601106
7.15279057389095 -0.998006853331493
7.16067643839548 -0.999501589126174
7.1685623029 -1
7.18393246342814 -0.999501589126174
7.19930262395628 -0.998006853331493
7.21467278448442 -0.995517282601106
7.23004294501256 -0.992035358593258
7.2454131055407 -0.987564552165524
7.26078326606884 -0.98210931991498
7.27615342659699 -0.975675099735773
7.29152358712513 -0.968268305398507
7.30689374765327 -0.959896320156857
7.32226390818141 -0.950567489387783
7.33763406870955 -0.940291112272675
7.35300422923769 -0.92907743252773
7.36837438976583 -0.916937628192789
7.38374455029397 -0.903883800488824
7.39911471082211 -0.88992896175518
7.41448487135025 -0.875087022478593
7.42985503187839 -0.859372777426912
7.44522519240653 -0.842801890901351
7.46059535293467 -0.825390881121976
7.47596551346281 -0.807157103761985
7.49133567399095 -0.788118734647192
7.5067058345191 -0.76829475163797
7.52207599504724 -0.747704915711709
7.53744615557538 -0.72636975126464
7.55281631610352 -0.704310525652672
7.56818647663166 -0.681549227991633
7.5835566371598 -0.658108547238037
7.59892679768794 -0.634011849572239
7.61429695821608 -0.609283155106517
7.62966711874422 -0.583947113941306
7.64503727927236 -0.55802898159344
7.6604074398005 -0.531554593820901
7.67577760032864 -0.504550340869178
7.69114776085678 -0.47704314116489
7.70651792138492 -0.44906041448292
7.72188808191307 -0.420630054613784
7.73725824244121 -0.391780401558493
7.75262840296935 -0.362540213278625
7.76799856349749 -0.332938637029761
7.78336872402563 -0.303005180306873
7.79873888455377 -0.272769681430603
7.81410904508191 -0.242262279803782
7.82947920561005 -0.21151338586782
7.84484936613819 -0.180553650788902
7.86021952666633 -0.149413935904261
7.87558968719447 -0.118125281958908
7.89095984772261 -0.0867188781635498
7.90633000825075 -0.0552260311045088
7.92170016877889 -0.0236781335366241
7.93707032930704 0.00789336690971331
7.95244048983518 0.0394569990762531
7.96781065036332 0.0709812996480169
7.98318081089146 0.102434844516613
7.9985509714196 0.133786280104479
8.01392113194774 0.165004354618798
8.02929129247588 0.196057949203977
8.04466145300402 0.226916108961589
8.06003161353216 0.257548073806896
8.0754017740603 0.287923309131166
8.09077193458844 0.318011536239238
8.10614209511658 0.347782762531983
8.12151225564472 0.377207311403577
8.13688241617287 0.40625585182379
8.15225257670101 0.434899427575795
8.16762273722915 0.463109486120346
8.18299289775729 0.490857907057592
8.19836305828543 0.518117030158076
8.21373321881357 0.54485968293507
8.22910337934171 0.571059207730694
8.24447353986985 0.596689488288856
8.25984370039799 0.621724975788496
8.27521386092613 0.64614071431121
8.29058402145427 0.669912365717856
8.30595418198241 0.693016233909333
8.32132434251055 0.715429288447373
8.33669450303869 0.737129187511778
8.35206466356683 0.758094300171245
8.36743482409497 0.778303727945529
8.38280498462312 0.797737325637519
8.39817514515126 0.816375721414399
8.4135453056794 0.834200336117918
8.42891546620754 0.851193401784495
8.44428562673568 0.867337979356715
8.45965578726382 0.882617975568548
8.47502594779196 0.897018158987463
8.4903961083201 0.910524175197462
8.50576626884824 0.92312256110786
8.52113642937638 0.934800758373598
8.53650658990452 0.945547125913667
8.55187675043266 0.955350951515195
8.5672469109608 0.964202462511612
8.58261707148895 0.972092835524257
8.59798723201709 0.979014205257715
8.61335739254523 0.984959672340111
8.62872755307337 0.989923310200557
8.64409771360151 0.993900170976888
8.65946787412965 0.996886290447793
8.67483803465779 0.998878691984444
8.69020819518593 0.999875389517657
8.70557835571407 0.999875389517657
8.72094851624221 0.998878691984444
8.73631867677035 0.996886290447793
8.75168883729849 0.993900170976888
8.76705899782663 0.989923310200557
8.78242915835477 0.984959672340111
8.79779931888291 0.979014205257715
8.81316947941106 0.972092835524257
8.8285396399392 0.964202462511612
8.84390980046734 0.955350951515195
8.85927996099548 0.945547125913667
8.87465012152362 0.934800758373598
8.89002028205176 0.92312256110786
8.9053904425799 0.910524175197462
8.92076060310804 0.897018158987463
8.93613076363618 0.882617975568548
8.95150092416432 0.867337979356715
8.96687108469246 0.851193401784495
8.9822412452206 0.834200336117918
8.99761140574874 0.816375721414399
9.01298156627688 0.797737325637519
9.02835172680503 0.77830372794553
9.04372188733317 0.758094300171245
9.05909204786131 0.737129187511778
9.07446220838945 0.715429288447371
9.08983236891759 0.693016233909333
9.10520252944573 0.669912365717856
9.12057268997387 0.64614071431121
9.13594285050201 0.621724975788496
9.15131301103015 0.596689488288856
9.16668317155829 0.571059207730695
9.18205333208643 0.54485968293507
9.19742349261457 0.518117030158076
9.21279365314271 0.490857907057593
9.22816381367085 0.46310948612035
9.243533974199 0.434899427575792
9.25890413472714 0.40625585182379
9.27427429525528 0.377207311403577
9.28964445578342 0.347782762531983
9.30501461631156 0.318011536239239
9.3203847768397 0.287923309131167
9.33575493736784 0.257548073806896
9.35112509789598 0.226916108961589
9.36649525842412 0.196057949203977
9.38186541895226 0.165004354618798
9.3972355794804 0.133786280104481
9.41260574000854 0.102434844516611
9.42797590053668 0.0709812996480171
9.44334606106482 0.0394569990762536
9.45871622159297 0.00789336690971378
9.47408638212111 -0.0236781335366239
9.48945654264925 -0.0552260311045084
9.50482670317739 -0.0867188781635514
9.52019686370553 -0.118125281958909
9.53556702423367 -0.149413935904259
9.55093718476181 -0.1805536507889
9.56630734528995 -0.211513385867818
9.58167750581809 -0.242262279803782
9.59704766634623 -0.272769681430602
9.61241782687437 -0.303005180306872
9.62778798740251 -0.332938637029761
9.64315814793065 -0.362540213278625
9.65852830845879 -0.391780401558494
9.67389846898694 -0.420630054613785
9.68926862951508 -0.449060414482921
9.70463879004322 -0.477043141164888
9.72000895057136 -0.504550340869177
9.7353791110995 -0.531554593820901
9.75074927162764 -0.55802898159344
9.76611943215578 -0.583947113941306
9.78148959268392 -0.609283155106517
9.79685975321206 -0.634011849572239
9.8122299137402 -0.658108547238038
9.82760007426834 -0.681549227991635
9.84297023479648 -0.704310525652671
9.85834039532462 -0.726369751264638
9.87371055585276 -0.747704915711709
9.8890807163809 -0.768294751637971
9.90445087690905 -0.788118734647191
9.91982103743719 -0.807157103761985
9.93519119796533 -0.825390881121976
9.95056135849347 -0.842801890901351
9.96593151902161 -0.859372777426912
9.98130167954975 -0.875087022478594
9.99667184007789 -0.889928961755181
10.012042000606 -0.903883800488823
10.0274121611342 -0.916937628192789
10.0427823216623 -0.92907743252773
10.0581524821905 -0.940291112272675
10.0735226427186 -0.950567489387783
10.0888928032467 -0.959896320156857
10.1042629637749 -0.968268305398507
10.119633124303 -0.975675099735774
10.1350032848312 -0.982109319914981
10.1503734453593 -0.987564552165524
10.1657436058874 -0.992035358593258
10.1811137664156 -0.995517282601106
10.1964839269437 -0.998006853331493
10.2118540874719 -0.999501589126174
10.227224248 -1
10.2433489166709 -0.999501589126174
10.2594735853417 -0.998006853331493
10.2755982540126 -0.995517282601106
10.2917229226834 -0.992035358593258
10.3078475913543 -0.987564552165524
10.3239722600251 -0.98210931991498
10.340096928696 -0.975675099735774
10.3562215973668 -0.968268305398507
10.3723462660377 -0.959896320156857
10.3884709347085 -0.950567489387783
10.4045956033794 -0.940291112272676
10.4207202720503 -0.92907743252773
10.4368449407211 -0.916937628192789
10.452969609392 -0.903883800488823
10.4690942780628 -0.889928961755181
10.4852189467337 -0.875087022478594
10.5013436154045 -0.859372777426913
10.5174682840754 -0.842801890901351
10.5335929527462 -0.825390881121977
10.5497176214171 -0.807157103761985
10.5658422900879 -0.788118734647193
10.5819669587588 -0.768294751637971
10.5980916274296 -0.74770491571171
10.6142162961005 -0.726369751264639
10.6303409647714 -0.704310525652673
10.6464656334422 -0.681549227991634
10.6625903021131 -0.658108547238039
10.6787149707839 -0.634011849572239
10.6948396394548 -0.609283155106518
10.7109643081256 -0.583947113941306
10.7270889767965 -0.558028981593441
10.7432136454673 -0.531554593820901
10.7593383141382 -0.504550340869179
10.775462982809 -0.477043141164889
10.7915876514799 -0.449060414482921
10.8077123201508 -0.420630054613784
10.8238369888216 -0.391780401558495
10.8399616574925 -0.362540213278624
10.8560863261633 -0.332938637029763
10.8722109948342 -0.303005180306872
10.888335663505 -0.272769681430604
10.9044603321759 -0.242262279803783
10.9205850008467 -0.21151338586782
10.9367096695176 -0.180553650788902
10.9528343381884 -0.149413935904262
10.9689590068593 -0.118125281958908
10.9850836755302 -0.0867188781635523
11.001208344201 -0.0552260311045077
11.0173330128719 -0.0236781335366254
11.0334576815427 0.00789336690971353
11.0495823502136 0.0394569990762514
11.0657070188844 0.0709812996480162
11.0818316875553 0.102434844516612
11.0979563562261 0.133786280104479
11.114081024897 0.165004354618798
11.1302056935678 0.196057949203978
11.1463303622387 0.226916108961589
11.1624550309095 0.257548073806897
11.1785796995804 0.287923309131165
11.1947043682513 0.318011536239239
11.2108290369221 0.347782762531981
11.226953705593 0.377207311403576
11.2430783742638 0.406255851823788
11.2592030429347 0.434899427575793
11.2753277116055 0.463109486120347
11.2914523802764 0.490857907057594
11.3075770489472 0.518117030158076
11.3237017176181 0.544859682935071
11.3398263862889 0.571059207730694
11.3559510549598 0.596689488288857
11.3720757236307 0.621724975788494
11.3882003923015 0.64614071431121
11.4043250609724 0.669912365717854
11.4204497296432 0.693016233909332
11.4365743983141 0.715429288447371
11.4526990669849 0.737129187511779
11.4688237356558 0.758094300171245
11.4849484043266 0.77830372794553
11.5010730729975 0.797737325637519
11.5171977416683 0.8163757214144
11.5333224103392 0.834200336117917
11.5494470790101 0.851193401784495
11.5655717476809 0.867337979356714
11.5816964163518 0.882617975568547
11.5978210850226 0.897018158987463
11.6139457536935 0.910524175197462
11.6300704223643 0.92312256110786
11.6461950910352 0.934800758373599
11.662319759706 0.945547125913667
11.6784444283769 0.955350951515195
11.6945690970477 0.964202462511611
11.7106937657186 0.972092835524257
11.7268184343894 0.979014205257714
11.7429431030603 0.984959672340111
11.7590677717312 0.989923310200557
11.775192440402 0.993900170976888
11.7913171090729 0.996886290447793
11.8074417777437 0.998878691984444
11.8235664464146 0.999875389517657
11.8396911150854 0.999875389517657
11.8558157837563 0.998878691984444
11.8719404524271 0.996886290447793
11.888065121098 0.993900170976888
11.9041897897688 0.989923310200557
11.9203144584397 0.984959672340111
11.9364391271106 0.979014205257714
11.9525637957814 0.972092835524257
11.9686884644523 0.964202462511612
11.9848131331231 0.955350951515195
12.000937801794 0.945547125913667
12.0170624704648 0.934800758373599
12.0331871391357 0.92312256110786
12.0493118078065 0.910524175197463
12.0654364764774 0.897018158987463
12.0815611451482 0.882617975568547
12.0976858138191 0.867337979356714
12.1138104824899 0.851193401784495
12.1299351511608 0.834200336117917
12.1460598198317 0.8163757214144
12.1621844885025 0.797737325637519
12.1783091571734 0.77830372794553
12.1944338258442 0.758094300171245
12.2105584945151 0.73712918751178
12.2266831631859 0.715429288447371
12.2428078318568 0.693016233909332
12.2589325005276 0.669912365717854
12.2750571691985 0.64614071431121
12.2911818378693 0.621724975788495
12.3073065065402 0.596689488288856
12.3234311752111 0.571059207730694
12.3395558438819 0.544859682935071
12.3556805125528 0.518117030158079
12.3718051812236 0.490857907057595
12.3879298498945 0.463109486120347
12.4040545185653 0.434899427575793
12.4201791872362 0.406255851823788
12.436303855907 0.377207311403576
12.4524285245779 0.347782762531982
12.4685531932487 0.318011536239239
12.4846778619196 0.287923309131165
12.5008025305905 0.257548073806897
12.5169271992613 0.226916108961589
12.5330518679322 0.196057949203979
12.549176536603 0.165004354618798
12.5653012052739 0.13378628010448
12.5814258739447 0.102434844516612
12.5975505426156 0.0709812996480162
12.6136752112864 0.0394569990762554
12.6297998799573 0.00789336690971378
12.6459245486281 -0.0236781335366247
12.662049217299 -0.0552260311045075
12.6781738859698 -0.0867188781635478
12.6942985546407 -0.118125281958907
12.7104232233116 -0.149413935904262
12.7265478919824 -0.180553650788902
12.7426725606533 -0.21151338586782
12.7587972293241 -0.242262279803782
12.774921897995 -0.272769681430604
12.7910465666658 -0.303005180306871
12.8071712353367 -0.332938637029759
12.8232959040075 -0.362540213278624
12.8394205726784 -0.391780401558495
12.8555452413492 -0.420630054613784
12.8716699100201 -0.449060414482918
12.887794578691 -0.47704314116489
12.9039192473618 -0.504550340869178
12.9200439160327 -0.531554593820901
12.9361685847035 -0.558028981593439
12.9522932533744 -0.583947113941306
12.9684179220452 -0.609283155106518
12.9845425907161 -0.634011849572238
13.0006672593869 -0.658108547238038
13.0167919280578 -0.681549227991634
13.0329165967286 -0.704310525652673
13.0490412653995 -0.726369751264639
13.0651659340704 -0.747704915711707
13.0812906027412 -0.76829475163797
13.0974152714121 -0.788118734647194
13.1135399400829 -0.807157103761985
13.1296646087538 -0.825390881121975
13.1457892774246 -0.84280189090135
13.1619139460955 -0.859372777426912
13.1780386147663 -0.875087022478594
13.1941632834372 -0.889928961755181
13.210287952108 -0.903883800488823
13.2264126207789 -0.916937628192789
13.2425372894497 -0.92907743252773
13.2586619581206 -0.940291112272675
13.2747866267915 -0.950567489387783
13.2909112954623 -0.959896320156857
13.3070359641332 -0.968268305398507
13.323160632804 -0.975675099735773
13.3392853014749 -0.98210931991498
13.3554099701457 -0.987564552165524
13.3715346388166 -0.992035358593258
13.3876593074874 -0.995517282601106
13.4037839761583 -0.998006853331493
13.4199086448291 -0.999501589126174
13.4360333135 -1
13.4413328168925 -0.999501589126174
13.4466323202849 -0.998006853331494
13.4519318236774 -0.995517282601106
13.4572313270698 -0.992035358593258
13.4625308304623 -0.987564552165523
13.4678303338548 -0.982109319914981
13.4731298372472 -0.975675099735774
13.4784293406397 -0.968268305398507
13.4837288440322 -0.959896320156856
13.4890283474246 -0.950567489387784
13.4943278508171 -0.940291112272676
13.4996273542095 -0.92907743252773
13.504926857602 -0.916937628192787
13.5102263609945 -0.903883800488825
13.5155258643869 -0.889928961755181
13.5208253677794 -0.875087022478593
13.5261248711719 -0.85937277742691
13.5314243745643 -0.842801890901353
13.5367238779568 -0.825390881121977
13.5420233813492 -0.807157103761985
13.5473228847417 -0.78811873464719
13.5526223881342 -0.768294751637973
13.5579218915266 -0.74770491571171
13.5632213949191 -0.726369751264638
13.5685208983116 -0.704310525652669
13.573820401704 -0.681549227991636
13.5791199050965 -0.658108547238038
13.5844194084889 -0.634011849572237
13.5897189118814 -0.609283155106513
13.5950184152739 -0.583947113941309
13.6003179186663 -0.558028981593441
13.6056174220588 -0.5315545938209
13.6109169254513 -0.504550340869173
13.6162164288437 -0.477043141164892
13.6215159322362 -0.44906041448292
13.6268154356286 -0.420630054613782
13.6321149390211 -0.391780401558488
13.6374144424136 -0.362540213278627
13.642713945806 -0.332938637029761
13.6480134491985 -0.30300518030687
13.653312952591 -0.272769681430598
13.6586124559834 -0.242262279803786
13.6639119593759 -0.211513385867819
13.6692114627683 -0.180553650788899
13.6745109661608 -0.149413935904266
13.6798104695533 -0.11812528195891
13.6851099729457 -0.0867188781635505
13.6904094763382 -0.0552260311045051
13.6957089797307 -0.0236781335366288
13.7010084831231 0.00789336690971131
13.7063079865156 0.0394569990762534
13.711607489908 0.0709812996480193
13.7169069933005 0.102434844516609
13.722206496693 0.133786280104477
13.7275060000854 0.1650043546188
13.7328055034779 0.196057949203981
13.7381050068704 0.226916108961586
13.7434045102628 0.257548073806895
13.7487040136553 0.287923309131168
13.7540035170477 0.318011536239242
13.7593030204402 0.347782762531979
13.7646025238327 0.377207311403575
13.7699020272251 0.40625585182379
13.7752015306176 0.434899427575797
13.78050103401 0.463109486120345
13.7858005374025 0.490857907057593
13.791100040795 0.518117030158079
13.7963995441874 0.544859682935074
13.8016990475799 0.571059207730692
13.8069985509724 0.596689488288855
13.8122980543648 0.621724975788497
13.8175975577573 0.646140714311213
13.8228970611497 0.669912365717853
13.8281965645422 0.693016233909331
13.8334960679347 0.715429288447373
13.8387955713271 0.737129187511782
13.8440950747196 0.758094300171244
13.8493945781121 0.77830372794553
13.8546940815045 0.797737325637521
13.859993584897 0.816375721414396
13.8652930882894 0.834200336117916
13.8705925916819 0.851193401784495
13.8758920950744 0.867337979356716
13.8811915984668 0.882617975568545
13.8864911018593 0.897018158987462
13.8917906052518 0.910524175197462
13.8970901086442 0.923122561107862
13.9023896120367 0.934800758373597
13.9076891154291 0.945547125913666
13.9129886188216 0.955350951515195
13.9182881222141 0.964202462511613
13.9235876256065 0.972092835524256
13.928887128999 0.979014205257714
13.9341866323915 0.984959672340111
13.9394861357839 0.989923310200558
13.9447856391764 0.993900170976887
13.9500851425688 0.996886290447793
13.9553846459613 0.998878691984444
13.9606841493538 0.999875389517657
13.9659836527462 0.999875389517657
13.9712831561387 0.998878691984444
13.9765826595312 0.996886290447793
13.9818821629236 0.993900170976887
13.9871816663161 0.989923310200558
13.9924811697085 0.984959672340111
13.997780673101 0.979014205257714
14.0030801764935 0.972092835524256
14.0083796798859 0.964202462511613
14.0136791832784 0.955350951515195
14.0189786866709 0.945547125913667
14.0242781900633 0.934800758373597
14.0295776934558 0.923122561107862
14.0348771968482 0.910524175197462
14.0401767002407 0.897018158987462
14.0454762036332 0.88261797556855
14.0507757070256 0.867337979356716
14.0560752104181 0.851193401784495
14.0613747138106 0.834200336117916
14.066674217203 0.816375721414396
14.0719737205955 0.797737325637521
14.0772732239879 0.77830372794553
14.0825727273804 0.758094300171244
14.0878722307729 0.737129187511782
14.0931717341653 0.715429288447373
14.0984712375578 0.693016233909331
14.1037707409503 0.669912365717853
14.1090702443427 0.646140714311213
14.1143697477352 0.621724975788497
14.1196692511276 0.596689488288855
14.1249687545201 0.571059207730693
14.1302682579126 0.544859682935074
14.135567761305 0.518117030158079
14.1408672646975 0.490857907057593
14.1461667680899 0.463109486120344
14.1514662714824 0.434899427575797
14.1567657748749 0.40625585182379
14.1620652782673 0.377207311403575
14.1673647816598 0.347782762531978
14.1726642850523 0.318011536239242
14.1779637884447 0.287923309131167
14.1832632918372 0.257548073806895
14.1885627952296 0.226916108961586
14.1938622986221 0.196057949203982
14.1991618020146 0.165004354618801
14.204461305407 0.133786280104478
14.2097608087995 0.102434844516609
14.215060312192 0.0709812996480198
14.2203598155844 0.0394569990762536
14.2256593189769 0.00789336690971111
14.2309588223693 -0.0236781335366292
14.2362583257618 -0.0552260311045048
14.2415578291543 -0.0867188781635505
14.2468573325467 -0.11812528195891
14.2521568359392 -0.149413935904266
14.2574563393317 -0.180553650788899
14.2627558427241 -0.211513385867818
14.2680553461166 -0.242262279803786
14.273354849509 -0.272769681430597
14.2786543529015 -0.30300518030687
14.283953856294 -0.332938637029761
14.2892533596864 -0.362540213278627
14.2945528630789 -0.391780401558498
14.2998523664714 -0.420630054613782
14.3051518698638 -0.449060414482921
14.3104513732563 -0.477043141164892
14.3157508766487 -0.504550340869173
14.3210503800412 -0.531554593820899
14.3263498834337 -0.55802898159344
14.3316493868261 -0.583947113941309
14.3369488902186 -0.609283155106512
14.3422483936111 -0.634011849572237
14.3475478970035 -0.658108547238038
14.352847400396 -0.681549227991637
14.3581469037884 -0.704310525652669
14.3634464071809 -0.726369751264638
14.3687459105734 -0.747704915711709
14.3740454139658 -0.768294751637973
14.3793449173583 -0.78811873464719
14.3846444207508 -0.807157103761984
14.3899439241432 -0.825390881121977
14.3952434275357 -0.842801890901353
14.4005429309281 -0.85937277742691
14.4058424343206 -0.875087022478593
14.4111419377131 -0.889928961755181
14.4164414411055 -0.903883800488825
14.421740944498 -0.916937628192787
14.4270404478905 -0.92907743252773
14.4323399512829 -0.940291112272676
14.4376394546754 -0.950567489387784
14.4429389580678 -0.959896320156856
14.4482384614603 -0.968268305398507
14.4535379648528 -0.975675099735774
14.4588374682452 -0.982109319914979
14.4641369716377 -0.987564552165523
14.4694364750302 -0.992035358593258
14.4747359784226 -0.995517282601106
14.4800354818151 -0.998006853331494
14.4853349852075 -0.999501589126174
14.4906344886 -1
14.5093447979075 -0.999501589126174
14.5280551072151 -0.998006853331493
14.5467654165226 -0.995517282601106
14.5654757258302 -0.992035358593258
14.5841860351377 -0.987564552165524
14.6028963444452 -0.98210931991498
14.6216066537528 -0.975675099735773
14.6403169630603 -0.968268305398508
14.6590272723678 -0.959896320156857
14.6777375816754 -0.950567489387783
14.6964478909829 -0.940291112272676
14.7151582002905 -0.929077432527731
14.733868509598 -0.916937628192789
14.7525788189055 -0.903883800488824
14.7712891282131 -0.889928961755181
14.7899994375206 -0.875087022478593
14.8087097468281 -0.859372777426911
14.8274200561357 -0.842801890901351
14.8461303654432 -0.825390881121976
14.8648406747508 -0.807157103761985
14.8835509840583 -0.788118734647193
14.9022612933658 -0.768294751637971
14.9209716026734 -0.747704915711708
14.9396819119809 -0.72636975126464
14.9583922212884 -0.704310525652672
14.977102530596 -0.681549227991633
14.9958128399035 -0.658108547238038
15.0145231492111 -0.634011849572239
15.0332334585186 -0.609283155106516
15.0519437678261 -0.583947113941307
15.0706540771337 -0.55802898159344
15.0893643864412 -0.531554593820901
15.1080746957487 -0.504550340869178
15.1267850050563 -0.47704314116489
15.1454953143638 -0.44906041448292
15.1642056236714 -0.420630054613785
15.1829159329789 -0.391780401558494
15.2016262422864 -0.362540213278624
15.220336551594 -0.33293863702976
15.2390468609015 -0.303005180306873
15.257757170209 -0.272769681430603
15.2764674795166 -0.242262279803785
15.2951777888241 -0.21151338586782
15.3138880981317 -0.180553650788902
15.3325984074392 -0.149413935904259
15.3513087167467 -0.118125281958909
15.3700190260543 -0.0867188781635505
15.3887293353618 -0.0552260311045068
15.4074396446693 -0.0236781335366248
15.4261499539769 0.00789336690971331
15.4448602632844 0.039456999076254
15.463570572592 0.0709812996480149
15.4822808818995 0.102434844516613
15.500991191207 0.13378628010448
15.5197015005146 0.165004354618798
15.5384118098221 0.196057949203978
15.5571221191296 0.226916108961591
15.5758324284372 0.257548073806895
15.5945427377447 0.287923309131166
15.6132530470523 0.318011536239239
15.6319633563598 0.347782762531981
15.6506736656673 0.377207311403576
15.6693839749749 0.40625585182379
15.6880942842824 0.434899427575792
15.7068045935899 0.463109486120348
15.7255149028975 0.490857907057594
15.744225212205 0.518117030158076
15.7629355215126 0.54485968293507
15.7816458308201 0.571059207730695
15.8003561401276 0.596689488288855
15.8190664494352 0.621724975788495
15.8377767587427 0.64614071431121
15.8564870680502 0.669912365717854
15.8751973773578 0.693016233909331
15.8939076866653 0.715429288447372
15.9126179959729 0.73712918751178
15.9313283052804 0.758094300171245
15.9500386145879 0.77830372794553
15.9687489238955 0.79773732563752
15.987459233203 0.816375721414399
16.0061695425106 0.834200336117917
16.0248798518181 0.851193401784494
16.0435901611256 0.867337979356716
16.0623004704332 0.882617975568547
16.0810107797407 0.897018158987463
16.0997210890482 0.910524175197463
16.1184313983558 0.923122561107861
16.1371417076633 0.934800758373598
16.1558520169709 0.945547125913668
16.1745623262784 0.955350951515195
16.1932726355859 0.964202462511611
16.2119829448935 0.972092835524257
16.230693254201 0.979014205257714
16.2494035635085 0.98495967234011
16.2681138728161 0.989923310200557
16.2868241821236 0.993900170976888
16.3055344914312 0.996886290447793
16.3242448007387 0.998878691984444
16.3429551100462 0.999875389517657
16.3616654193538 0.999875389517657
16.3803757286613 0.998878691984444
16.3990860379688 0.996886290447793
16.4177963472764 0.993900170976888
16.4365066565839 0.989923310200557
16.4552169658915 0.984959672340111
16.473927275199 0.979014205257714
16.4926375845065 0.972092835524257
16.5113478938141 0.964202462511612
16.5300582031216 0.955350951515196
16.5487685124291 0.945547125913667
16.5674788217367 0.934800758373599
16.5861891310442 0.92312256110786
16.6048994403518 0.910524175197462
16.6236097496593 0.897018158987464
16.6423200589668 0.882617975568548
16.6610303682744 0.867337979356714
16.6797406775819 0.851193401784495
16.6984509868894 0.834200336117916
16.717161296197 0.816375721414399
16.7358716055045 0.79773732563752
16.7545819148121 0.778303727945528
16.7732922241196 0.758094300171245
16.7920025334271 0.73712918751178
16.8107128427347 0.71542928844737
16.8294231520422 0.693016233909331
16.8481334613497 0.669912365717856
16.8668437706573 0.646140714311208
16.8855540799648 0.621724975788495
16.9042643892724 0.596689488288857
16.9229746985799 0.571059207730693
16.9416850078874 0.54485968293507
16.960395317195 0.518117030158079
16.9791056265025 0.490857907057592
16.99781593581 0.463109486120348
17.0165262451176 0.434899427575795
17.0352365544251 0.406255851823787
17.0539468637327 0.377207311403576
17.0726571730402 0.347782762531984
17.0913674823477 0.318011536239236
17.1100777916553 0.287923309131167
17.1287881009628 0.257548073806898
17.1474984102704 0.226916108961589
17.1662087195779 0.196057949203978
17.1849190288854 0.165004354618802
17.203629338193 0.133786280104478
17.2223396475005 0.102434844516614
17.241049956808 0.070981299648018
17.2597602661156 0.0394569990762509
17.2784705754231 0.00789336690971378
17.2971808847307 -0.0236781335366212
17.3158911940382 -0.0552260311045093
17.3346015033457 -0.0867188781635505
17.3533118126533 -0.118125281958905
17.3720221219608 -0.149413935904262
17.3907324312683 -0.180553650788901
17.4094427405759 -0.211513385867817
17.4281530498834 -0.242262279803785
17.446863359191 -0.272769681430602
17.4655736684985 -0.303005180306876
17.484283977806 -0.332938637029762
17.5029942871136 -0.362540213278624
17.5217045964211 -0.39178040155849
17.5404149057286 -0.420630054613785
17.5591252150362 -0.449060414482919
17.5778355243437 -0.477043141164892
17.5965458336513 -0.504550340869178
17.6152561429588 -0.531554593820901
17.6339664522663 -0.558028981593437
17.6526767615739 -0.583947113941307
17.6713870708814 -0.609283155106516
17.6900973801889 -0.63401184957224
17.7088076894965 -0.658108547238038
17.727517998804 -0.681549227991633
17.7462283081116 -0.70431052565267
17.7649386174191 -0.726369751264639
17.7836489267266 -0.747704915711708
17.8023592360342 -0.768294751637972
17.8210695453417 -0.788118734647193
17.8397798546492 -0.807157103761984
17.8584901639568 -0.825390881121974
17.8772004732643 -0.842801890901351
17.8959107825719 -0.859372777426911
17.9146210918794 -0.875087022478595
17.9333314011869 -0.88992896175518
17.9520417104945 -0.903883800488823
17.970752019802 -0.91693762819279
17.9894623291095 -0.92907743252773
18.0081726384171 -0.940291112272675
18.0268829477246 -0.950567489387783
18.0455932570322 -0.959896320156857
18.0643035663397 -0.968268305398507
18.0830138756472 -0.975675099735774
18.1017241849548 -0.98210931991498
18.1204344942623 -0.987564552165523
18.1391448035698 -0.992035358593258
18.1578551128774 -0.995517282601106
18.1765654221849 -0.998006853331493
18.1952757314925 -0.999501589126174
18.2139860408 -1
18.2300155865392 -0.999501589126174
18.2460451322784 -0.998006853331493
18.2620746780176 -0.995517282601106
18.2781042237568 -0.992035358593258
18.294133769496 -0.987564552165524
18.3101633152352 -0.98210931991498
18.3261928609744 -0.975675099735774
18.3422224067136 -0.968268305398507
18.3582519524528 -0.959896320156858
18.374281498192 -0.950567489387783
18.3903110439312 -0.940291112272677
18.4063405896704 -0.929077432527731
18.4223701354095 -0.916937628192788
18.4383996811487 -0.903883800488824
18.4544292268879 -0.88992896175518
18.4704587726271 -0.875087022478595
18.4864883183663 -0.859372777426912
18.5025178641055 -0.842801890901349
18.5185474098447 -0.825390881121977
18.5345769555839 -0.807157103761984
18.5506065013231 -0.788118734647194
18.5666360470623 -0.76829475163797
18.5826655928015 -0.747704915711707
18.5986951385407 -0.72636975126464
18.6147246842799 -0.704310525652671
18.6307542300191 -0.681549227991635
18.6467837757583 -0.658108547238037
18.6628133214975 -0.634011849572241
18.6788428672367 -0.609283155106517
18.6948724129759 -0.583947113941304
18.7109019587151 -0.558028981593441
18.7269315044543 -0.5315545938209
18.7429610501935 -0.50455034086918
18.7589905959327 -0.47704314116489
18.7750201416719 -0.449060414482918
18.7910496874111 -0.420630054613785
18.8070792331503 -0.391780401558491
18.8231087788894 -0.362540213278627
18.8391383246286 -0.332938637029761
18.8551678703678 -0.303005180306869
18.871197416107 -0.272769681430604
18.8872269618462 -0.242262279803781
18.9032565075854 -0.211513385867821
18.9192860533246 -0.180553650788901
18.9353155990638 -0.149413935904264
18.951345144803 -0.118125281958908
18.9673746905422 -0.0867188781635483
18.9834042362814 -0.0552260311045099
18.9994337820206 -0.0236781335366225
19.0154633277598 0.00789336690971042
19.031492873499 0.0394569990762527
19.0475224192382 0.0709812996480187
19.0635519649774 0.102434844516612
19.0795815107166 0.133786280104481
19.0956110564558 0.165004354618797
19.111640602195 0.196057949203978
19.1276701479342 0.226916108961594
19.1436996936734 0.257548073806896
19.1597292394126 0.287923309131169
19.1757587851518 0.318011536239236
19.191788330891 0.347782762531983
19.2078178766301 0.377207311403573
19.2238474223693 0.406255851823789
19.2398769681085 0.434899427575795
19.2559065138477 0.463109486120347
19.2719360595869 0.490857907057595
19.2879656053261 0.518117030158075
19.3039951510653 0.54485968293507
19.3200246968045 0.571059207730697
19.3360542425437 0.596689488288855
19.3520837882829 0.621724975788496
19.3681133340221 0.646140714311208
19.3841428797613 0.669912365717856
19.4001724255005 0.693016233909329
19.4162019712397 0.715429288447371
19.4322315169789 0.73712918751178
19.4482610627181 0.758094300171244
19.4642906084573 0.778303727945531
19.4803201541965 0.797737325637517
19.4963496999357 0.816375721414399
19.5123792456749 0.834200336117919
19.5284087914141 0.851193401784494
19.5444383371533 0.867337979356715
19.5604678828925 0.882617975568546
19.5764974286317 0.897018158987464
19.5925269743709 0.910524175197463
19.60855652011 0.92312256110786
19.6245860658492 0.934800758373599
19.6406156115884 0.945547125913666
19.6566451573276 0.955350951515195
19.6726747030668 0.964202462511611
19.688704248806 0.972092835524257
19.7047337945452 0.979014205257715
19.7207633402844 0.98495967234011
19.7367928860236 0.989923310200557
19.7528224317628 0.993900170976887
19.768851977502 0.996886290447793
19.7848815232412 0.998878691984444
19.8009110689804 0.999875389517657
19.8169406147196 0.999875389517657
19.8329701604588 0.998878691984444
19.848999706198 0.996886290447793
19.8650292519372 0.993900170976887
19.8810587976764 0.989923310200557
19.8970883434156 0.98495967234011
19.9131178891548 0.979014205257715
19.929147434894 0.972092835524257
19.9451769806332 0.964202462511613
19.9612065263724 0.955350951515195
19.9772360721116 0.945547125913666
19.9932656178508 0.934800758373599
20.00929516359 0.92312256110786
20.0253247093291 0.910524175197464
20.0413542550683 0.897018158987464
20.0573838008075 0.882617975568546
20.0734133465467 0.867337979356715
20.0894428922859 0.851193401784494
20.1054724380251 0.834200336117919
20.1215019837643 0.816375721414399
20.1375315295035 0.797737325637517
20.1535610752427 0.778303727945531
20.1695906209819 0.758094300171244
20.1856201667211 0.737129187511781
20.2016497124603 0.715429288447371
20.2176792581995 0.693016233909335
20.2337088039387 0.669912365717856
20.2497383496779 0.646140714311208
20.2657678954171 0.621724975788497
20.2817974411563 0.596689488288856
20.2978269868955 0.571059207730691
20.3138565326347 0.544859682935071
20.3298860783739 0.518117030158076
20.3459156241131 0.490857907057595
20.3619451698523 0.463109486120347
20.3779747155915 0.434899427575796
20.3940042613307 0.406255851823789
20.4100338070699 0.377207311403573
20.426063352809 0.347782762531983
20.4420928985482 0.318011536239236
20.4581224442874 0.287923309131168
20.4741519900266 0.257548073806896
20.4901815357658 0.226916108961594
20.506211081505 0.196057949203979
20.5222406272442 0.165004354618797
20.5382701729834 0.133786280104481
20.5542997187226 0.102434844516612
20.5703292644618 0.0709812996480118
20.586358810201 0.0394569990762527
20.6023883559402 0.00789336690971022
20.6184179016794 -0.0236781335366221
20.6344474474186 -0.0552260311045101
20.6504769931578 -0.0867188781635478
20.666506538897 -0.118125281958908
20.6825360846362 -0.149413935904264
20.6985656303754 -0.180553650788901
20.7145951761146 -0.211513385867821
20.7306247218538 -0.242262279803781
20.746654267593 -0.272769681430603
20.7626838133322 -0.30300518030687
20.7787133590714 -0.33293863702976
20.7947429048106 -0.362540213278626
20.8107724505497 -0.391780401558491
20.8268019962889 -0.420630054613785
20.8428315420281 -0.449060414482924
20.8588610877673 -0.47704314116489
20.8748906335065 -0.504550340869179
20.8909201792457 -0.5315545938209
20.9069497249849 -0.558028981593442
20.9229792707241 -0.583947113941304
20.9390088164633 -0.609283155106517
20.9550383622025 -0.63401184957224
20.9710679079417 -0.658108547238037
20.9870974536809 -0.681549227991635
21.0031269994201 -0.704310525652671
21.0191565451593 -0.726369751264639
21.0351860908985 -0.747704915711706
21.0512156366377 -0.768294751637971
21.0672451823769 -0.788118734647194
21.0832747281161 -0.807157103761984
21.0993042738553 -0.825390881121977
21.1153338195945 -0.842801890901353
21.1313633653337 -0.859372777426912
21.1473929110729 -0.875087022478595
21.1634224568121 -0.88992896175518
21.1794520025513 -0.903883800488824
21.1954815482905 -0.916937628192787
21.2115110940296 -0.929077432527731
21.2275406397688 -0.940291112272677
21.243570185508 -0.950567489387782
21.2595997312472 -0.959896320156858
21.2756292769864 -0.968268305398506
21.2916588227256 -0.975675099735774
21.3076883684648 -0.98210931991498
21.323717914204 -0.987564552165524
21.3397474599432 -0.992035358593258
21.3557770056824 -0.995517282601106
21.3718065514216 -0.998006853331493
21.3878360971608 -0.999501589126174
21.4038656429 -1
21.413908022592 -0.999501589126174
21.4239504022839 -0.998006853331493
21.4339927819759 -0.995517282601106
21.4440351616678 -0.992035358593258
21.4540775413598 -0.987564552165523
21.4641199210518 -0.98210931991498
21.4741623007437 -0.975675099735773
21.4842046804357 -0.968268305398506
21.4942470601276 -0.959896320156856
21.5042894398196 -0.950567489387785
21.5143318195116 -0.940291112272677
21.5243741992035 -0.929077432527732
21.5344165788955 -0.91693762819279
21.5444589585874 -0.903883800488825
21.5545013382794 -0.889928961755182
21.5645437179714 -0.875087022478595
21.5745860976633 -0.859372777426913
21.5846284773553 -0.842801890901351
21.5946708570472 -0.825390881121977
21.6047132367392 -0.807157103761985
21.6147556164312 -0.788118734647192
21.6247979961231 -0.76829475163797
21.6348403758151 -0.747704915711708
21.644882755507 -0.726369751264638
21.654925135199 -0.70431052565267
21.664967514891 -0.681549227991631
21.6750098945829 -0.658108547238035
21.6850522742749 -0.634011849572235
21.6950946539668 -0.609283155106513
21.7051370336588 -0.583947113941311
21.7151794133508 -0.558028981593444
21.7252217930427 -0.531554593820905
21.7352641727347 -0.504550340869181
21.7453065524266 -0.477043141164892
21.7553489321186 -0.449060414482923
21.7653913118106 -0.420630054613786
21.7754336915025 -0.391780401558495
21.7854760711945 -0.362540213278626
21.7955184508864 -0.332938637029762
21.8055608305784 -0.303005180306873
21.8156032102704 -0.272769681430603
21.8256455899623 -0.242262279803782
21.8356879696543 -0.211513385867817
21.8457303493462 -0.1805536507889
21.8557727290382 -0.149413935904258
21.8658151087302 -0.118125281958905
21.8758574884221 -0.0867188781635467
21.8858998681141 -0.0552260311045035
21.895942247806 -0.0236781335366188
21.905984627498 0.00789336690971908
21.9160270071899 0.0394569990762478
21.9260693868819 0.0709812996480116
21.9361117665739 0.10243484451661
21.9461541462658 0.133786280104476
21.9561965259578 0.165004354618797
21.9662389056497 0.196057949203976
21.9762812853417 0.226916108961589
21.9863236650337 0.257548073806896
21.9963660447256 0.287923309131166
22.0064084244176 0.318011536239238
22.0164508041095 0.347782762531983
22.0264931838015 0.377207311403577
22.0365355634935 0.406255851823791
22.0465779431854 0.434899427575795
22.0566203228774 0.46310948612035
22.0666627025693 0.490857907057597
22.0767050822613 0.518117030158081
22.0867474619533 0.544859682935074
22.0967898416452 0.571059207730699
22.1068322213372 0.596689488288852
22.1168746010291 0.621724975788491
22.1269169807211 0.646140714311206
22.1369593604131 0.669912365717852
22.147001740105 0.69301623390933
22.157044119797 0.715429288447369
22.1670864994889 0.737129187511777
22.1771288791809 0.758094300171244
22.1871712588729 0.778303727945529
22.1972136385648 0.797737325637519
22.2072560182568 0.816375721414399
22.2172983979487 0.834200336117918
22.2273407776407 0.851193401784495
22.2373831573327 0.867337979356715
22.2474255370246 0.882617975568548
22.2574679167166 0.897018158987465
22.2675102964085 0.910524175197464
22.2775526761005 0.923122561107862
22.2875950557925 0.9348007583736
22.2976374354844 0.945547125913669
22.3076798151764 0.955350951515193
22.3177221948683 0.96420246251161
22.3277645745603 0.972092835524256
22.3378069542523 0.979014205257714
22.3478493339442 0.98495967234011
22.3578917136362 0.989923310200557
22.3679340933281 0.993900170976888
22.3779764730201 0.996886290447793
22.3880188527121 0.998878691984444
22.398061232404 0.999875389517657
22.408103612096 0.999875389517657
22.4181459917879 0.998878691984444
22.4281883714799 0.996886290447793
22.4382307511719 0.993900170976888
22.4482731308638 0.989923310200557
22.4583155105558 0.98495967234011
22.4683578902477 0.979014205257714
22.4784002699397 0.972092835524256
22.4884426496317 0.96420246251161
22.4984850293236 0.955350951515193
22.5085274090156 0.945547125913669
22.5185697887075 0.9348007583736
22.5286121683995 0.923122561107862
22.5386545480915 0.910524175197464
22.5486969277834 0.897018158987465
22.5587393074754 0.882617975568548
22.5687816871673 0.867337979356716
22.5788240668593 0.851193401784495
22.5888664465513 0.834200336117918
22.5989088262432 0.816375721414399
22.6089512059352 0.797737325637519
22.6189935856271 0.778303727945529
22.6290359653191 0.758094300171245
22.6390783450111 0.737129187511778
22.649120724703 0.71542928844737
22.659163104395 0.69301623390933
22.6692054840869 0.669912365717853
22.6792478637789 0.646140714311206
22.6892902434709 0.621724975788492
22.6993326231628 0.596689488288851
22.7093750028548 0.57105920773069
22.7194173825467 0.544859682935075
22.7294597622387 0.518117030158081
22.7395021419307 0.490857907057597
22.7495445216226 0.46310948612035
22.7595869013146 0.434899427575796
22.7696292810065 0.40625585182379
22.7796716606985 0.377207311403577
22.7897140403905 0.347782762531983
22.7997564200824 0.318011536239239
22.8097987997744 0.287923309131166
22.8198411794663 0.257548073806896
22.8298835591583 0.226916108961589
22.8399259388503 0.196057949203976
22.8499683185422 0.165004354618796
22.8600106982342 0.133786280104477
22.8700530779261 0.10243484451661
22.8800954576181 0.0709812996480118
22.8901378373101 0.0394569990762474
22.900180217002 0.00789336690970845
22.910222596694 -0.0236781335366185
22.9202649763859 -0.0552260311045039
22.9303073560779 -0.0867188781635461
22.9403497357698 -0.118125281958904
22.9503921154618 -0.149413935904258
22.9604344951538 -0.1805536507889
22.9704768748457 -0.211513385867817
22.9805192545377 -0.242262279803782
22.9905616342296 -0.272769681430602
23.0006040139216 -0.303005180306872
23.0106463936136 -0.332938637029761
23.0206887733055 -0.362540213278626
23.0307311529975 -0.391780401558494
23.0407735326894 -0.420630054613786
23.0508159123814 -0.449060414482922
23.0608582920734 -0.477043141164893
23.0709006717653 -0.50455034086918
23.0809430514573 -0.531554593820905
23.0909854311492 -0.558028981593444
23.1010278108412 -0.58394711394131
23.1110701905332 -0.609283155106521
23.1211125702251 -0.634011849572235
23.1311549499171 -0.658108547238035
23.141197329609 -0.681549227991631
23.151239709301 -0.70431052565267
23.161282088993 -0.726369751264638
23.1713244686849 -0.747704915711707
23.1813668483769 -0.768294751637969
23.1914092280688 -0.788118734647192
23.2014516077608 -0.807157103761985
23.2114939874528 -0.825390881121976
23.2215363671447 -0.842801890901351
23.2315787468367 -0.859372777426913
23.2416211265286 -0.875087022478595
23.2516635062206 -0.889928961755181
23.2617058859126 -0.903883800488825
23.2717482656045 -0.91693762819279
23.2817906452965 -0.929077432527732
23.2918330249884 -0.940291112272677
23.3018754046804 -0.950567489387781
23.3119177843724 -0.959896320156856
23.3219601640643 -0.968268305398506
23.3320025437563 -0.975675099735773
23.3420449234482 -0.98210931991498
23.3520873031402 -0.987564552165523
23.3621296828322 -0.992035358593258
23.3721720625241 -0.995517282601106
23.3822144422161 -0.998006853331493
23.392256821908 -0.999501589126174
23.4022992016 -1
23.4203781000844 -0.999501589126174
23.4384569985688 -0.998006853331493
23.4565358970533 -0.995517282601106
23.4746147955377 -0.992035358593258
23.4926936940221 -0.987564552165524
23.5107725925065 -0.982109319914981
23.528851490991 -0.975675099735774
23.5469303894754 -0.968268305398508
23.5650092879598 -0.959896320156857
23.5830881864442 -0.950567489387783
23.6011670849286 -0.940291112272676
23.6192459834131 -0.929077432527731
23.6373248818975 -0.91693762819279
23.6554037803819 -0.903883800488824
23.6734826788663 -0.889928961755181
23.6915615773508 -0.875087022478595
23.7096404758352 -0.859372777426913
23.7277193743196 -0.842801890901352
23.745798272804 -0.825390881121978
23.7638771712884 -0.807157103761987
23.7819560697729 -0.788118734647191
23.8000349682573 -0.768294751637969
23.8181138667417 -0.747704915711707
23.8361927652261 -0.726369751264638
23.8542716637106 -0.70431052565267
23.872350562195 -0.681549227991632
23.8904294606794 -0.658108547238036
23.9085083591638 -0.634011849572237
23.9265872576482 -0.609283155106515
23.9446661561327 -0.583947113941305
23.9627450546171 -0.558028981593439
23.9808239531015 -0.531554593820901
23.9989028515859 -0.504550340869177
24.0169817500704 -0.477043141164889
24.0350606485548 -0.449060414482919
24.0531395470392 -0.420630054613784
24.0712184455236 -0.391780401558493
24.089297344008 -0.362540213278624
24.1073762424925 -0.332938637029761
24.1254551409769 -0.303005180306873
24.1435340394613 -0.272769681430603
24.1616129379457 -0.242262279803784
24.1796918364302 -0.21151338586782
24.1977707349146 -0.180553650788903
24.215849633399 -0.149413935904262
24.2339285318834 -0.118125281958909
24.2520074303678 -0.0867188781635518
24.2700863288523 -0.0552260311045095
24.2881652273367 -0.0236781335366254
24.3062441258211 0.00789336690971176
24.3243230243055 0.0394569990762509
24.3424019227899 0.0709812996480138
24.3604808212744 0.102434844516611
24.3785597197588 0.133786280104477
24.3966386182432 0.165004354618797
24.4147175167276 0.196057949203975
24.4327964152121 0.226916108961587
24.4508753136965 0.257548073806894
24.4689542121809 0.287923309131163
24.4870331106653 0.318011536239241
24.5051120091498 0.347782762531985
24.5231909076342 0.377207311403578
24.5412698061186 0.406255851823791
24.559348704603 0.434899427575795
24.5774276030874 0.46310948612035
24.5955065015719 0.490857907057595
24.6135854000563 0.518117030158079
24.6316642985407 0.544859682935072
24.6497431970251 0.571059207730696
24.6678220955095 0.596689488288857
24.685900993994 0.621724975788496
24.7039798924784 0.646140714311211
24.7220587909628 0.669912365717856
24.7401376894472 0.693016233909332
24.7582165879317 0.715429288447372
24.7762954864161 0.737129187511779
24.7943743849005 0.758094300171246
24.8124532833849 0.77830372794553
24.8305321818693 0.797737325637519
24.8486110803538 0.816375721414399
24.8666899788382 0.834200336117917
24.8847688773226 0.851193401784494
24.902847775807 0.867337979356714
24.9209266742915 0.882617975568546
24.9390055727759 0.897018158987463
24.9570844712603 0.910524175197462
24.9751633697447 0.92312256110786
24.9932422682291 0.934800758373598
25.0113211667136 0.945547125913667
25.029400065198 0.955350951515194
25.0474789636824 0.964202462511611
25.0655578621668 0.972092835524257
25.0836367606513 0.979014205257714
25.1017156591357 0.98495967234011
25.1197945576201 0.989923310200557
25.1378734561045 0.993900170976888
25.1559523545889 0.996886290447793
25.1740312530734 0.998878691984443
25.1921101515578 0.999875389517657
25.2101890500422 0.999875389517657
25.2282679485266 0.998878691984443
25.2463468470111 0.996886290447793
25.2644257454955 0.993900170976888
25.2825046439799 0.989923310200557
25.3005835424643 0.98495967234011
25.3186624409487 0.979014205257714
25.3367413394332 0.972092835524257
25.3548202379176 0.964202462511611
25.372899136402 0.955350951515194
25.3909780348864 0.945547125913667
25.4090569333709 0.934800758373598
25.4271358318553 0.92312256110786
25.4452147303397 0.910524175197462
25.4632936288241 0.897018158987463
25.4813725273085 0.882617975568547
25.499451425793 0.867337979356714
25.5175303242774 0.851193401784494
25.5356092227618 0.834200336117917
25.5536881212462 0.816375721414399
25.5717670197307 0.797737325637519
25.5898459182151 0.77830372794553
25.6079248166995 0.758094300171246
25.6260037151839 0.737129187511779
25.6440826136683 0.715429288447372
25.6621615121528 0.693016233909333
25.6802404106372 0.669912365717856
25.6983193091216 0.646140714311211
25.716398207606 0.621724975788497
25.7344771060905 0.596689488288857
25.7525560045749 0.571059207730696
25.7706349030593 0.544859682935073
25.7887138015437 0.518117030158079
25.8067927000281 0.490857907057596
25.8248715985126 0.46310948612035
25.842950496997 0.434899427575796
25.8610293954814 0.406255851823791
25.8791082939658 0.377207311403579
25.8971871924503 0.347782762531979
25.9152660909347 0.318011536239241
25.9333449894191 0.287923309131163
25.9514238879035 0.257548073806895
25.9695027863879 0.226916108961588
25.9875816848724 0.196057949203976
26.0056605833568 0.165004354618797
26.0237394818412 0.133786280104478
26.0418183803256 0.102434844516611
26.0598972788101 0.0709812996480145
26.0779761772945 0.0394569990762518
26.0960550757789 0.007893366909712
26.1141339742633 -0.0236781335366247
26.1322128727477 -0.0552260311045093
26.1502917712322 -0.0867188781635514
26.1683706697166 -0.118125281958909
26.186449568201 -0.149413935904261
26.2045284666854 -0.180553650788903
26.2226073651698 -0.211513385867819
26.2406862636543 -0.242262279803783
26.2587651621387 -0.272769681430603
26.2768440606231 -0.303005180306872
26.2949229591075 -0.332938637029761
26.313001857592 -0.362540213278624
26.3310807560764 -0.391780401558493
26.3491596545608 -0.420630054613784
26.3672385530452 -0.449060414482919
26.3853174515296 -0.477043141164889
26.4033963500141 -0.504550340869176
26.4214752484985 -0.531554593820901
26.4395541469829 -0.558028981593439
26.4576330454673 -0.583947113941305
26.4757119439518 -0.609283155106515
26.4937908424362 -0.634011849572237
26.5118697409206 -0.658108547238036
26.529948639405 -0.681549227991632
26.5480275378894 -0.704310525652671
26.5661064363739 -0.726369751264642
26.5841853348583 -0.747704915711707
26.6022642333427 -0.768294751637969
26.6203431318271 -0.78811873464719
26.6384220303116 -0.807157103761987
26.656500928796 -0.825390881121978
26.6745798272804 -0.842801890901352
26.6926587257648 -0.85937277742691
26.7107376242492 -0.875087022478595
26.7288165227337 -0.889928961755181
26.7468954212181 -0.903883800488824
26.7649743197025 -0.91693762819279
26.7830532181869 -0.929077432527731
26.8011321166714 -0.940291112272676
26.8192110151558 -0.950567489387783
26.8372899136402 -0.959896320156857
26.8553688121246 -0.968268305398508
26.873447710609 -0.975675099735774
26.8915266090935 -0.982109319914981
26.9096055075779 -0.987564552165524
26.9276844060623 -0.992035358593258
26.9457633045467 -0.995517282601106
26.9638422030312 -0.998006853331493
26.9819211015156 -0.999501589126174
27 -1
