0 -1
0.00692815622512563 -0.999501589126174
0.0138563124502513 -0.998006853331493
0.0207844686753769 -0.995517282601106
0.0277126249005025 -0.992035358593258
0.0346407811256281 -0.987564552165524
0.0415689373507538 -0.98210931991498
0.0484970935758794 -0.975675099735774
0.055425249801005 -0.968268305398507
0.0623534060261307 -0.959896320156857
0.0692815622512563 -0.950567489387783
0.0762097184763819 -0.940291112272676
0.0831378747015075 -0.929077432527731
0.0900660309266332 -0.916937628192789
0.0969941871517588 -0.903883800488824
0.103922343376884 -0.88992896175518
0.11085049960201 -0.875087022478594
0.117778655827136 -0.859372777426912
0.124706812052261 -0.842801890901351
0.131634968277387 -0.825390881121976
0.138563124502513 -0.807157103761985
0.145491280727638 -0.788118734647192
0.152419436952764 -0.768294751637971
0.159347593177889 -0.747704915711709
0.166275749403015 -0.726369751264639
0.173203905628141 -0.704310525652672
0.180132061853266 -0.681549227991634
0.187060218078392 -0.658108547238038
0.193988374303518 -0.634011849572239
0.200916530528643 -0.609283155106517
0.207844686753769 -0.583947113941306
0.214772842978894 -0.55802898159344
0.22170099920402 -0.531554593820901
0.228629155429146 -0.504550340869177
0.235557311654271 -0.47704314116489
0.242485467879397 -0.44906041448292
0.249413624104523 -0.420630054613784
0.256341780329648 -0.391780401558493
0.263269936554774 -0.362540213278625
0.270198092779899 -0.332938637029761
0.277126249005025 -0.303005180306873
0.284054405230151 -0.272769681430603
0.290982561455276 -0.242262279803783
0.297910717680402 -0.211513385867819
0.304838873905528 -0.180553650788902
0.311767030130653 -0.149413935904261
0.318695186355779 -0.118125281958908
0.325623342580905 -0.0867188781635507
0.33255149880603 -0.0552260311045084
0.339479655031156 -0.0236781335366243
0.346407811256281 0.00789336690971331
0.353335967481407 0.0394569990762527
0.360264123706533 0.0709812996480162
0.367192279931658 0.102434844516613
0.374120436156784 0.133786280104479
0.38104859238191 0.165004354618799
0.387976748607035 0.196057949203978
0.394904904832161 0.22691610896159
0.401833061057286 0.257548073806897
0.408761217282412 0.287923309131166
0.415689373507538 0.318011536239238
0.422617529732663 0.347782762531982
0.429545685957789 0.377207311403576
0.436473842182915 0.406255851823789
0.44340199840804 0.434899427575793
0.450330154633166 0.463109486120348
0.457258310858291 0.490857907057594
0.464186467083417 0.518117030158077
0.471114623308543 0.54485968293507
0.478042779533668 0.571059207730695
0.484970935758794 0.596689488288856
0.49189909198392 0.621724975788495
0.498827248209045 0.64614071431121
0.505755404434171 0.669912365717855
0.512683560659297 0.693016233909332
0.519611716884422 0.715429288447371
0.526539873109548 0.737129187511779
0.533468029334673 0.758094300171246
0.540396185559799 0.77830372794553
0.547324341784925 0.797737325637519
0.55425249801005 0.816375721414399
0.561180654235176 0.834200336117917
0.568108810460301 0.851193401784495
0.575036966685427 0.867337979356715
0.581965122910553 0.882617975568547
0.588893279135678 0.897018158987464
0.595821435360804 0.910524175197462
0.60274959158593 0.923122561107861
0.609677747811055 0.934800758373598
0.616605904036181 0.945547125913667
0.623534060261307 0.955350951515195
0.630462216486432 0.964202462511612
0.637390372711558 0.972092835524257
0.644318528936683 0.979014205257715
0.651246685161809 0.984959672340111
0.658174841386935 0.989923310200557
0.66510299761206 0.993900170976888
0.672031153837186 0.996886290447793
0.678959310062311 0.998878691984444
0.685887466287437 0.999875389517657
0.692815622512563 0.999875389517657
0.699743778737688 0.998878691984444
0.706671934962814 0.996886290447793
0.71360009118794 0.993900170976888
0.720528247413065 0.989923310200557
0.727456403638191 0.984959672340111
0.734384559863317 0.979014205257715
0.741312716088442 0.972092835524257
0.748240872313568 0.964202462511612
0.755169028538693 0.955350951515195
0.762097184763819 0.945547125913667
0.769025340988945 0.934800758373598
0.77595349721407 0.923122561107861
0.782881653439196 0.910524175197462
0.789809809664322 0.897018158987464
0.796737965889447 0.882617975568547
0.803666122114573 0.867337979356715
0.810594278339699 0.851193401784494
0.817522434564824 0.834200336117918
0.82445059078995 0.816375721414399
0.831378747015075 0.79773732563752
0.838306903240201 0.77830372794553
0.845235059465327 0.758094300171246
0.852163215690452 0.737129187511779
0.859091371915578 0.715429288447371
0.866019528140703 0.693016233909332
0.872947684365829 0.669912365717855
0.879875840590955 0.64614071431121
0.88680399681608 0.621724975788495
0.893732153041206 0.596689488288856
0.900660309266332 0.571059207730695
0.907588465491457 0.544859682935071
0.914516621716583 0.518117030158078
0.921444777941709 0.490857907057594
0.928372934166834 0.463109486120348
0.93530109039196 0.434899427575793
0.942229246617086 0.406255851823789
0.949157402842211 0.377207311403576
0.956085559067337 0.347782762531982
0.963013715292462 0.318011536239238
0.969941871517588 0.287923309131167
0.976870027742713 0.257548073806897
0.983798183967839 0.22691610896159
0.990726340192965 0.196057949203978
0.99765449641809 0.165004354618799
1.00458265264322 0.133786280104479
1.01151080886834 0.102434844516613
1.01843896509347 0.0709812996480162
1.02536712131859 0.0394569990762527
1.03229527754372 0.00789336690971289
1.03922343376884 -0.0236781335366239
1.04615158999397 -0.0552260311045075
1.0530797462191 -0.0867188781635505
1.06000790244422 -0.118125281958909
1.06693605866935 -0.149413935904261
1.07386421489447 -0.180553650788902
1.0807923711196 -0.211513385867818
1.08772052734472 -0.242262279803783
1.09464868356985 -0.272769681430602
1.10157683979498 -0.303005180306873
1.1085049960201 -0.332938637029761
1.11543315224523 -0.362540213278624
1.12236130847035 -0.391780401558492
1.12928946469548 -0.420630054613784
1.1362176209206 -0.44906041448292
1.14314577714573 -0.47704314116489
1.15007393337085 -0.504550340869177
1.15700208959598 -0.531554593820901
1.16393024582111 -0.55802898159344
1.17085840204623 -0.583947113941306
1.17778655827136 -0.609283155106517
1.18471471449648 -0.634011849572238
1.19164287072161 -0.658108547238037
1.19857102694673 -0.681549227991633
1.20549918317186 -0.704310525652672
1.21242733939698 -0.726369751264639
1.21935549562211 -0.747704915711709
1.22628365184724 -0.768294751637971
1.23321180807236 -0.788118734647192
1.24013996429749 -0.807157103761985
1.24706812052261 -0.825390881121976
1.25399627674774 -0.842801890901351
1.26092443297286 -0.859372777426912
1.26785258919799 -0.875087022478594
1.27478074542312 -0.88992896175518
1.28170890164824 -0.903883800488824
1.28863705787337 -0.916937628192789
1.29556521409849 -0.92907743252773
1.30249337032362 -0.940291112272676
1.30942152654874 -0.950567489387782
1.31634968277387 -0.959896320156857
1.32327783899899 -0.968268305398507
1.33020599522412 -0.975675099735773
1.33713415144925 -0.98210931991498
1.34406230767437 -0.987564552165524
1.3509904638995 -0.992035358593258
1.35791862012462 -0.995517282601106
1.36484677634975 -0.998006853331493
1.37177493257487 -0.999501589126174
1.3787030888 -1
1.39662987734975 -0.999501589126174
1.4145566658995 -0.998006853331493
1.43248345444925 -0.995517282601106
1.45041024299899 -0.992035358593258
1.46833703154874 -0.987564552165524
1.48626382009849 -0.98210931991498
1.50419060864824 -0.975675099735774
1.52211739719799 -0.968268305398507
1.54004418574774 -0.959896320156857
1.55797097429749 -0.950567489387783
1.57589776284724 -0.940291112272676
1.59382455139698 -0.929077432527731
1.61175133994673 -0.916937628192789
1.62967812849648 -0.903883800488823
1.64760491704623 -0.88992896175518
1.66553170559598 -0.875087022478594
1.68345849414573 -0.859372777426912
1.70138528269548 -0.842801890901351
1.71931207124523 -0.825390881121976
1.73723885979497 -0.807157103761985
1.75516564834472 -0.788118734647193
1.77309243689447 -0.768294751637971
1.79101922544422 -0.747704915711709
1.80894601399397 -0.726369751264639
1.82687280254372 -0.704310525652672
1.84479959109347 -0.681549227991634
1.86272637964322 -0.658108547238038
1.88065316819296 -0.634011849572239
1.89857995674271 -0.609283155106517
1.91650674529246 -0.583947113941306
1.93443353384221 -0.55802898159344
1.95236032239196 -0.531554593820901
1.97028711094171 -0.504550340869177
1.98821389949146 -0.47704314116489
2.00614068804121 -0.44906041448292
2.02406747659095 -0.420630054613784
2.0419942651407 -0.391780401558493
2.05992105369045 -0.362540213278625
2.0778478422402 -0.332938637029761
2.09577463078995 -0.303005180306873
2.1137014193397 -0.272769681430603
2.13162820788945 -0.242262279803784
2.1495549964392 -0.211513385867819
2.16748178498894 -0.180553650788903
2.18540857353869 -0.149413935904261
2.20333536208844 -0.118125281958908
2.22126215063819 -0.0867188781635505
2.23918893918794 -0.0552260311045079
2.25711572773769 -0.0236781335366239
2.27504251628744 0.00789336690971353
2.29296930483719 0.0394569990762527
2.31089609338693 0.070981299648016
2.32882288193668 0.102434844516613
2.34674967048643 0.133786280104479
2.36467645903618 0.165004354618799
2.38260324758593 0.196057949203978
2.40053003613568 0.22691610896159
2.41845682468543 0.257548073806897
2.43638361323518 0.287923309131166
2.45431040178492 0.318011536239238
2.47223719033467 0.347782762531982
2.49016397888442 0.377207311403577
2.50809076743417 0.406255851823789
2.52601755598392 0.434899427575793
2.54394434453367 0.463109486120347
2.56187113308342 0.490857907057594
2.57979792163317 0.518117030158077
2.59772471018291 0.54485968293507
2.61565149873266 0.571059207730695
2.63357828728241 0.596689488288856
2.65150507583216 0.621724975788495
2.66943186438191 0.64614071431121
2.68735865293166 0.669912365717855
2.70528544148141 0.693016233909332
2.72321223003116 0.715429288447371
2.7411390185809 0.737129187511779
2.75906580713065 0.758094300171245
2.7769925956804 0.77830372794553
2.79491938423015 0.79773732563752
2.8128461727799 0.816375721414399
2.83077296132965 0.834200336117918
2.8486997498794 0.851193401784495
2.86662653842915 0.867337979356715
2.88455332697889 0.882617975568547
2.90248011552864 0.897018158987464
2.92040690407839 0.910524175197462
2.93833369262814 0.923122561107861
2.95626048117789 0.934800758373598
2.97418726972764 0.945547125913667
2.99211405827739 0.955350951515195
3.01004084682714 0.964202462511612
3.02796763537688 0.972092835524257
3.04589442392663 0.979014205257714
3.06382121247638 0.984959672340111
3.08174800102613 0.989923310200557
3.09967478957588 0.993900170976888
3.11760157812563 0.996886290447793
3.13552836667538 0.998878691984444
3.15345515522513 0.999875389517657
3.17138194377487 0.999875389517657
3.18930873232462 0.998878691984444
3.20723552087437 0.996886290447793
3.22516230942412 0.993900170976888
3.24308909797387 0.989923310200557
3.26101588652362 0.984959672340111
3.27894267507337 0.979014205257715
3.29686946362312 0.972092835524257
3.31479625217286 0.964202462511612
3.33272304072261 0.955350951515195
3.35064982927236 0.945547125913667
3.36857661782211 0.934800758373598
3.38650340637186 0.923122561107861
3.40443019492161 0.910524175197462
3.42235698347136 0.897018158987464
3.44028377202111 0.882617975568547
3.45821056057085 0.867337979356714
3.4761373491206 0.851193401784494
3.49406413767035 0.834200336117918
3.5119909262201 0.816375721414399
3.52991771476985 0.79773732563752
3.5478445033196 0.77830372794553
3.56577129186935 0.758094300171246
3.5836980804191 0.737129187511779
3.60162486896884 0.715429288447371
3.61955165751859 0.693016233909332
3.63747844606834 0.669912365717855
3.65540523461809 0.64614071431121
3.67333202316784 0.621724975788495
3.69125881171759 0.596689488288856
3.70918560026734 0.571059207730695
3.72711238881709 0.54485968293507
3.74503917736683 0.518117030158078
3.76296596591658 0.490857907057594
3.78089275446633 0.463109486120348
3.79881954301608 0.434899427575794
3.81674633156583 0.406255851823789
3.83467312011558 0.377207311403576
3.85259990866533 0.347782762531982
3.87052669721508 0.318011536239238
3.88845348576482 0.287923309131167
3.90638027431457 0.257548073806896
3.92430706286432 0.22691610896159
3.94223385141407 0.196057949203978
3.96016063996382 0.165004354618798
3.97808742851357 0.133786280104479
3.99601421706332 0.102434844516613
4.01394100561306 0.0709812996480171
4.03186779416281 0.0394569990762527
4.04979458271256 0.00789336690971289
4.06772137126231 -0.023678133536623
4.08564815981206 -0.0552260311045084
4.10357494836181 -0.0867188781635505
4.12150173691156 -0.118125281958908
4.13942852546131 -0.14941393590426
4.15735531401106 -0.180553650788903
4.1752821025608 -0.211513385867818
4.19320889111055 -0.242262279803783
4.2111356796603 -0.272769681430604
4.22906246821005 -0.303005180306871
4.2469892567598 -0.33293863702976
4.26491604530955 -0.362540213278625
4.2828428338593 -0.391780401558495
4.30076962240905 -0.420630054613784
4.31869641095879 -0.44906041448292
4.33662319950854 -0.477043141164889
4.35454998805829 -0.504550340869178
4.37247677660804 -0.531554593820901
4.39040356515779 -0.55802898159344
4.40833035370754 -0.583947113941306
4.42625714225729 -0.609283155106517
4.44418393080704 -0.634011849572239
4.46211071935678 -0.658108547238037
4.48003750790653 -0.681549227991634
4.49796429645628 -0.704310525652672
4.51589108500603 -0.72636975126464
4.53381787355578 -0.747704915711707
4.55174466210553 -0.76829475163797
4.56967145065528 -0.788118734647193
4.58759823920503 -0.807157103761986
4.60552502775477 -0.825390881121976
4.62345181630452 -0.84280189090135
4.64137860485427 -0.859372777426912
4.65930539340402 -0.875087022478594
4.67723218195377 -0.88992896175518
4.69515897050352 -0.903883800488823
4.71308575905327 -0.916937628192789
4.73101254760302 -0.92907743252773
4.74893933615276 -0.940291112272676
4.76686612470251 -0.950567489387782
4.78479291325226 -0.959896320156857
4.80271970180201 -0.968268305398507
4.82064649035176 -0.975675099735774
4.83857327890151 -0.98210931991498
4.85650006745126 -0.987564552165524
4.874426856001 -0.992035358593258
4.89235364455075 -0.995517282601106
4.9102804331005 -0.998006853331493
4.92820722165025 -0.999501589126174
4.9461340102 -1
4.96219229371206 -0.999501589126174
4.97825057722412 -0.998006853331493
4.99430886073618 -0.995517282601106
5.01036714424824 -0.992035358593258
5.0264254277603 -0.987564552165524
5.04248371127236 -0.98210931991498
5.05854199478442 -0.975675099735774
5.07460027829648 -0.968268305398507
5.09065856180854 -0.959896320156857
5.1067168453206 -0.950567489387783
5.12277512883266 -0.940291112272676
5.13883341234472 -0.92907743252773
5.15489169585678 -0.916937628192789
5.17094997936884 -0.903883800488823
5.1870082628809 -0.88992896175518
5.20306654639296 -0.875087022478594
5.21912482990502 -0.859372777426912
5.23518311341708 -0.842801890901351
5.25124139692915 -0.825390881121976
5.26729968044121 -0.807157103761985
5.28335796395327 -0.788118734647192
5.29941624746533 -0.768294751637971
5.31547453097739 -0.747704915711709
5.33153281448945 -0.72636975126464
5.34759109800151 -0.704310525652673
5.36364938151357 -0.681549227991633
5.37970766502563 -0.658108547238037
5.39576594853769 -0.634011849572238
5.41182423204975 -0.609283155106517
5.42788251556181 -0.583947113941306
5.44394079907387 -0.55802898159344
5.45999908258593 -0.531554593820902
5.47605736609799 -0.504550340869177
5.49211564961005 -0.477043141164889
5.50817393312211 -0.44906041448292
5.52423221663417 -0.420630054613784
5.54029050014623 -0.391780401558493
5.55634878365829 -0.362540213278625
5.57240706717035 -0.332938637029762
5.58846535068241 -0.303005180306873
5.60452363419447 -0.272769681430604
5.62058191770653 -0.242262279803783
5.63664020121859 -0.211513385867819
5.65269848473065 -0.180553650788902
5.66875676824271 -0.149413935904261
5.68481505175477 -0.118125281958908
5.70087333526683 -0.0867188781635514
5.71693161877889 -0.055226031104509
5.73298990229095 -0.0236781335366234
5.74904818580301 0.00789336690971353
5.76510646931508 0.0394569990762529
5.78116475282714 0.0709812996480158
5.7972230363392 0.102434844516613
5.81328131985126 0.133786280104479
5.82933960336332 0.165004354618798
5.84539788687538 0.196057949203979
5.86145617038744 0.22691610896159
5.8775144538995 0.257548073806897
5.89357273741156 0.287923309131166
5.90963102092362 0.318011536239238
5.92568930443568 0.347782762531982
5.94174758794774 0.377207311403575
5.9578058714598 0.40625585182379
5.97386415497186 0.434899427575793
5.98992243848392 0.463109486120348
6.00598072199598 0.490857907057594
6.02203900550804 0.518117030158077
6.0380972890201 0.54485968293507
6.05415557253216 0.571059207730694
6.07021385604422 0.596689488288857
6.08627213955628 0.621724975788496
6.10233042306834 0.64614071431121
6.1183887065804 0.669912365717855
6.13444699009246 0.693016233909332
6.15050527360452 0.715429288447371
6.16656355711658 0.737129187511779
6.18262184062864 0.758094300171246
6.1986801241407 0.778303727945529
6.21473840765276 0.79773732563752
6.23079669116482 0.816375721414399
6.24685497467688 0.834200336117917
6.26291325818894 0.851193401784495
6.278971541701 0.867337979356715
6.29502982521306 0.882617975568546
6.31108810872513 0.897018158987464
6.32714639223719 0.910524175197462
6.34320467574925 0.923122561107861
6.35926295926131 0.934800758373598
6.37532124277337 0.945547125913667
6.39137952628543 0.955350951515195
6.40743780979749 0.964202462511612
6.42349609330955 0.972092835524257
6.43955437682161 0.979014205257715
6.45561266033367 0.984959672340111
6.47167094384573 0.989923310200557
6.48772922735779 0.993900170976888
6.50378751086985 0.996886290447793
6.51984579438191 0.998878691984444
6.53590407789397 0.999875389517657
6.55196236140603 0.999875389517657
6.56802064491809 0.998878691984444
6.58407892843015 0.996886290447793
6.60013721194221 0.993900170976888
6.61619549545427 0.989923310200557
6.63225377896633 0.984959672340111
6.64831206247839 0.979014205257715
6.66437034599045 0.972092835524257
6.68042862950251 0.964202462511612
6.69648691301457 0.955350951515195
6.71254519652663 0.945547125913667
6.72860348003869 0.934800758373598
6.74466176355075 0.923122561107861
6.76072004706281 0.910524175197462
6.77677833057487 0.897018158987464
6.79283661408693 0.882617975568547
6.80889489759899 0.867337979356714
6.82495318111105 0.851193401784495
6.84101146462312 0.834200336117918
6.85706974813518 0.816375721414399
6.87312803164724 0.79773732563752
6.8891863151593 0.77830372794553
6.90524459867136 0.758094300171245
6.92130288218342 0.737129187511779
6.93736116569548 0.715429288447371
6.95341944920754 0.693016233909332
6.9694777327196 0.669912365717855
6.98553601623166 0.64614071431121
7.00159429974372 0.621724975788495
7.01765258325578 0.596689488288856
7.03371086676784 0.571059207730694
7.0497691502799 0.544859682935072
7.06582743379196 0.518117030158077
7.08188571730402 0.490857907057594
7.09794400081608 0.463109486120348
7.11400228432814 0.434899427575792
7.1300605678402 0.40625585182379
7.14611885135226 0.377207311403576
7.16217713486432 0.347782762531983
7.17823541837638 0.318011536239238
7.19429370188844 0.287923309131167
7.2103519854005 0.257548073806897
7.22641026891256 0.226916108961589
7.24246855242462 0.196057949203979
7.25852683593668 0.165004354618799
7.27458511944874 0.13378628010448
7.2906434029608 0.102434844516613
7.30670168647286 0.0709812996480162
7.32275996998492 0.0394569990762527
7.33881825349699 0.007893366909712
7.35487653700904 -0.023678133536623
7.37093482052111 -0.0552260311045093
7.38699310403316 -0.0867188781635496
7.40305138754523 -0.118125281958908
7.41910967105729 -0.149413935904261
7.43516795456935 -0.180553650788902
7.45122623808141 -0.211513385867818
7.46728452159347 -0.242262279803783
7.48334280510553 -0.272769681430604
7.49940108861759 -0.303005180306871
7.51545937212965 -0.332938637029761
7.53151765564171 -0.362540213278625
7.54757593915377 -0.391780401558493
7.56363422266583 -0.420630054613784
7.57969250617789 -0.44906041448292
7.59575078968995 -0.47704314116489
7.61180907320201 -0.504550340869177
7.62786735671407 -0.531554593820901
7.64392564022613 -0.558028981593439
7.65998392373819 -0.583947113941306
7.67604220725025 -0.609283155106518
7.69210049076231 -0.634011849572238
7.70815877427437 -0.658108547238038
7.72421705778643 -0.681549227991633
7.74027534129849 -0.704310525652672
7.75633362481055 -0.726369751264639
7.77239190832261 -0.747704915711709
7.78845019183467 -0.768294751637971
7.80450847534673 -0.788118734647192
7.82056675885879 -0.807157103761985
7.83662504237085 -0.825390881121976
7.85268332588291 -0.842801890901351
7.86874160939497 -0.859372777426911
7.88479989290703 -0.875087022478593
7.90085817641909 -0.889928961755179
7.91691645993116 -0.903883800488823
7.93297474344322 -0.916937628192789
7.94903302695528 -0.92907743252773
7.96509131046734 -0.940291112272676
7.9811495939794 -0.950567489387782
7.99720787749146 -0.959896320156857
8.01326616100352 -0.968268305398508
8.02932444451558 -0.975675099735774
8.04538272802764 -0.98210931991498
8.0614410115397 -0.987564552165524
8.07749929505176 -0.992035358593258
8.09355757856382 -0.995517282601106
8.10961586207588 -0.998006853331493
8.12567414558794 -0.999501589126174
8.1417324291 -1
8.15073293668794 -0.999501589126174
8.15973344427588 -0.998006853331493
8.16873395186382 -0.995517282601106
8.17773445945176 -0.992035358593258
8.1867349670397 -0.987564552165524
8.19573547462764 -0.98210931991498
8.20473598221558 -0.975675099735773
8.21373648980352 -0.968268305398507
8.22273699739146 -0.959896320156858
8.2317375049794 -0.950567489387783
8.24073801256734 -0.940291112272676
8.24973852015528 -0.92907743252773
8.25873902774322 -0.916937628192788
8.26773953533115 -0.903883800488825
8.27674004291909 -0.889928961755181
8.28574055050703 -0.875087022478594
8.29474105809497 -0.859372777426912
8.30374156568291 -0.84280189090135
8.31274207327085 -0.825390881121975
8.32174258085879 -0.807157103761987
8.33074308844673 -0.788118734647193
8.33974359603467 -0.768294751637971
8.34874410362261 -0.747704915711708
8.35774461121055 -0.726369751264638
8.36674511879849 -0.704310525652674
8.37574562638643 -0.681549227991635
8.38474613397437 -0.658108547238038
8.39374664156231 -0.634011849572238
8.40274714915025 -0.609283155106516
8.41174765673819 -0.583947113941304
8.42074816432613 -0.558028981593442
8.42974867191407 -0.531554593820903
8.43874917950201 -0.504550340869177
8.44774968708995 -0.477043141164889
8.45675019467789 -0.449060414482918
8.46575070226583 -0.420630054613787
8.47475120985377 -0.391780401558495
8.48375171744171 -0.362540213278625
8.49275222502965 -0.332938637029761
8.50175273261759 -0.303005180306871
8.51075324020553 -0.272769681430601
8.51975374779347 -0.242262279803786
8.52875425538141 -0.21151338586782
8.53775476296935 -0.180553650788903
8.54675527055729 -0.14941393590426
8.55575577814523 -0.118125281958906
8.56475628573316 -0.086718878163554
8.5737567933211 -0.0552260311045102
8.58275730090904 -0.023678133536625
8.59175780849698 0.00789336690971353
8.60075831608492 0.039456999076254
8.60975882367286 0.0709812996480184
8.6187593312608 0.102434844516611
8.62775983884874 0.133786280104478
8.63676034643668 0.165004354618799
8.64576085402462 0.196057949203979
8.65476136161256 0.226916108961592
8.6637618692005 0.257548073806899
8.67276237678844 0.287923309131164
8.68176288437638 0.318011536239237
8.69076339196432 0.347782762531983
8.69976389955226 0.377207311403577
8.7087644071402 0.406255851823791
8.71776491472814 0.434899427575791
8.72676542231608 0.463109486120347
8.73576592990402 0.490857907057594
8.74476643749196 0.518117030158078
8.7537669450799 0.544859682935072
8.76276745266784 0.571059207730692
8.77176796025578 0.596689488288854
8.78076846784372 0.621724975788494
8.78976897543166 0.64614071431121
8.7987694830196 0.669912365717856
8.80776999060754 0.693016233909334
8.81677049819548 0.715429288447369
8.82577100578342 0.737129187511778
8.83477151337136 0.758094300171245
8.8437720209593 0.77830372794553
8.85277252854724 0.79773732563752
8.86177303613518 0.816375721414401
8.87077354372311 0.834200336117916
8.87977405131105 0.851193401784494
8.88877455889899 0.867337979356715
8.89777506648693 0.882617975568548
8.90677557407487 0.897018158987465
8.91577608166281 0.910524175197461
8.92477658925075 0.92312256110786
8.93377709683869 0.934800758373598
8.94277760442663 0.945547125913667
8.95177811201457 0.955350951515195
8.96077861960251 0.964202462511612
8.96977912719045 0.972092835524257
8.97877963477839 0.979014205257714
8.98778014236633 0.984959672340111
8.99678064995427 0.989923310200557
9.00578115754221 0.993900170976888
9.01478166513015 0.996886290447793
9.02378217271809 0.998878691984443
9.03278268030603 0.999875389517657
9.04178318789397 0.999875389517657
9.05078369548191 0.998878691984444
9.05978420306985 0.996886290447793
9.06878471065779 0.993900170976888
9.07778521824573 0.989923310200557
9.08678572583367 0.984959672340111
9.09578623342161 0.979014205257714
9.10478674100955 0.972092835524257
9.11378724859749 0.964202462511612
9.12278775618543 0.955350951515195
9.13178826377337 0.945547125913667
9.14078877136131 0.934800758373598
9.14978927894925 0.92312256110786
9.15878978653719 0.910524175197461
9.16779029412512 0.897018158987465
9.17679080171306 0.882617975568547
9.185791309301 0.867337979356715
9.19479181688894 0.851193401784494
9.20379232447688 0.834200336117917
9.21279283206482 0.816375721414397
9.22179333965276 0.797737325637521
9.2307938472407 0.77830372794553
9.23979435482864 0.758094300171245
9.24879486241658 0.737129187511778
9.25779537000452 0.71542928844737
9.26679587759246 0.693016233909334
9.2757963851804 0.669912365717856
9.28479689276834 0.64614071431121
9.29379740035628 0.621724975788495
9.30279790794422 0.596689488288854
9.31179841553216 0.571059207730697
9.3207989231201 0.544859682935072
9.32979943070804 0.518117030158078
9.33879993829598 0.490857907057593
9.34780044588392 0.463109486120347
9.35680095347186 0.434899427575791
9.3658014610598 0.406255851823791
9.37480196864774 0.377207311403577
9.38380247623568 0.347782762531982
9.39280298382362 0.318011536239238
9.40180349141156 0.287923309131165
9.4108039989995 0.257548073806894
9.41980450658744 0.226916108961593
9.42880501417538 0.19605794920398
9.43780552176332 0.1650043546188
9.44680602935126 0.133786280104478
9.4558065369392 0.10243484451661
9.46480704452713 0.070981299648018
9.47380755211507 0.0394569990762545
9.48280805970301 0.00789336690971378
9.49180856729095 -0.0236781335366247
9.50080907487889 -0.0552260311045101
9.50980958246683 -0.0867188781635478
9.51881009005477 -0.118125281958905
9.52781059764271 -0.14941393590426
9.53681110523065 -0.180553650788902
9.54581161281859 -0.21151338586782
9.55481212040653 -0.242262279803786
9.56381262799447 -0.2727696814306
9.57281313558241 -0.303005180306871
9.58181364317035 -0.33293863702976
9.59081415075829 -0.362540213278625
9.59981465834623 -0.391780401558495
9.60881516593417 -0.420630054613787
9.61781567352211 -0.449060414482917
9.62681618111005 -0.477043141164888
9.63581668869799 -0.504550340869178
9.64481719628593 -0.531554593820903
9.65381770387387 -0.558028981593442
9.66281821146181 -0.583947113941304
9.67181871904975 -0.609283155106515
9.68081922663769 -0.634011849572238
9.68981973422563 -0.658108547238038
9.69882024181357 -0.681549227991635
9.70782074940151 -0.704310525652674
9.71682125698945 -0.726369751264638
9.72582176457739 -0.747704915711708
9.73482227216533 -0.768294751637971
9.74382277975327 -0.788118734647193
9.75282328734121 -0.807157103761987
9.76182379492914 -0.825390881121974
9.77082430251708 -0.842801890901349
9.77982481010502 -0.859372777426911
9.78882531769296 -0.875087022478594
9.7978258252809 -0.889928961755181
9.80682633286884 -0.903883800488825
9.81582684045678 -0.916937628192787
9.82482734804472 -0.92907743252773
9.83382785563266 -0.940291112272676
9.8428283632206 -0.950567489387783
9.85182887080854 -0.959896320156858
9.86082937839648 -0.968268305398506
9.86982988598442 -0.975675099735773
9.87883039357236 -0.98210931991498
9.8878309011603 -0.987564552165524
9.89683140874824 -0.992035358593258
9.90583191633618 -0.995517282601106
9.91483242392412 -0.998006853331493
9.92383293151206 -0.999501589126174
9.9328334391 -1
9.94950117030201 -0.999501589126174
9.96616890150402 -0.998006853331493
9.98283663270603 -0.995517282601106
9.99950436390804 -0.992035358593258
10.0161720951101 -0.987564552165524
10.0328398263121 -0.98210931991498
10.0495075575141 -0.975675099735773
10.0661752887161 -0.968268305398507
10.0828430199181 -0.959896320156857
10.0995107511201 -0.950567489387783
10.1161784823221 -0.940291112272675
10.1328462135241 -0.929077432527731
10.1495139447261 -0.916937628192788
10.1661816759281 -0.903883800488824
10.1828494071302 -0.88992896175518
10.1995171383322 -0.875087022478594
10.2161848695342 -0.859372777426911
10.2328526007362 -0.842801890901351
10.2495203319382 -0.825390881121976
10.2661880631402 -0.807157103761986
10.2828557943422 -0.788118734647192
10.2995235255442 -0.768294751637971
10.3161912567462 -0.747704915711708
10.3328589879482 -0.72636975126464
10.3495267191503 -0.704310525652671
10.3661944503523 -0.681549227991634
10.3828621815543 -0.658108547238037
10.3995299127563 -0.634011849572239
10.4161976439583 -0.609283155106516
10.4328653751603 -0.583947113941307
10.4495331063623 -0.558028981593439
10.4662008375643 -0.531554593820902
10.4828685687663 -0.504550340869177
10.4995362999683 -0.47704314116489
10.5162040311704 -0.449060414482919
10.5328717623724 -0.420630054613785
10.5495394935744 -0.391780401558493
10.5662072247764 -0.362540213278625
10.5828749559784 -0.33293863702976
10.5995426871804 -0.303005180306874
10.6162104183824 -0.272769681430603
10.6328781495844 -0.242262279803784
10.6495458807864 -0.211513385867818
10.6662136119884 -0.180553650788903
10.6828813431905 -0.14941393590426
10.6995490743925 -0.118125281958909
10.7162168055945 -0.0867188781635505
10.7328845367965 -0.0552260311045093
10.7495522679985 -0.0236781335366234
10.7662199992005 0.00789336690971198
10.7828877304025 0.0394569990762529
10.7995554616045 0.0709812996480147
10.8162231928065 0.102434844516614
10.8328909240085 0.133786280104477
10.8495586552106 0.165004354618799
10.8662263864126 0.196057949203976
10.8828941176146 0.22691610896159
10.8995618488166 0.257548073806895
10.9162295800186 0.287923309131167
10.9328973112206 0.318011536239237
10.9495650424226 0.347782762531982
10.9662327736246 0.377207311403574
10.9829005048266 0.406255851823789
10.9995682360286 0.434899427575795
11.0162359672307 0.463109486120348
11.0329036984327 0.490857907057592
11.0495714296347 0.518117030158077
11.0662391608367 0.544859682935072
11.0829068920387 0.571059207730694
11.0995746232407 0.596689488288854
11.1162423544427 0.621724975788495
11.1329100856447 0.646140714311211
11.1495778168467 0.669912365717855
11.1662455480487 0.693016233909333
11.1829132792508 0.715429288447371
11.1995810104528 0.73712918751178
11.2162487416548 0.758094300171245
11.2329164728568 0.778303727945529
11.2495842040588 0.797737325637519
11.2662519352608 0.8163757214144
11.2829196664628 0.834200336117917
11.2995873976648 0.851193401784495
11.3162551288668 0.867337979356714
11.3329228600688 0.882617975568547
11.3495905912709 0.897018158987463
11.3662583224729 0.910524175197463
11.3829260536749 0.923122561107861
11.3995937848769 0.934800758373599
11.4162615160789 0.945547125913667
11.4329292472809 0.955350951515195
11.4495969784829 0.964202462511611
11.4662647096849 0.972092835524257
11.4829324408869 0.979014205257714
11.4996001720889 0.984959672340111
11.516267903291 0.989923310200557
11.532935634493 0.993900170976888
11.549603365695 0.996886290447793
11.566271096897 0.998878691984444
11.582938828099 0.999875389517657
11.599606559301 0.999875389517657
11.616274290503 0.998878691984444
11.632942021705 0.996886290447793
11.649609752907 0.993900170976888
11.666277484109 0.989923310200557
11.6829452153111 0.984959672340111
11.6996129465131 0.979014205257714
11.7162806777151 0.972092835524257
11.7329484089171 0.964202462511612
11.7496161401191 0.955350951515195
11.7662838713211 0.945547125913667
11.7829516025231 0.934800758373599
11.7996193337251 0.923122561107861
11.8162870649271 0.910524175197463
11.8329547961291 0.897018158987463
11.8496225273312 0.882617975568547
11.8662902585332 0.867337979356714
11.8829579897352 0.851193401784495
11.8996257209372 0.834200336117917
11.9162934521392 0.816375721414398
11.9329611833412 0.797737325637519
11.9496289145432 0.778303727945531
11.9662966457452 0.758094300171246
11.9829643769472 0.737129187511778
11.9996321081492 0.715429288447371
12.0162998393513 0.693016233909333
12.0329675705533 0.669912365717855
12.0496353017553 0.646140714311208
12.0663030329573 0.621724975788495
12.0829707641593 0.596689488288857
12.0996384953613 0.571059207730695
12.1163062265633 0.54485968293507
12.1329739577653 0.518117030158078
12.1496416889673 0.490857907057595
12.1663094201693 0.463109486120348
12.1829771513714 0.434899427575792
12.1996448825734 0.406255851823789
12.2163126137754 0.377207311403578
12.2329803449774 0.347782762531983
12.2496480761794 0.318011536239237
12.2663158073814 0.287923309131167
12.2829835385834 0.257548073806899
12.2996512697854 0.22691610896159
12.3163190009874 0.196057949203977
12.3329867321894 0.1650043546188
12.3496544633915 0.133786280104481
12.3663221945935 0.102434844516614
12.3829899257955 0.0709812996480145
12.3996576569975 0.0394569990762536
12.4163253881995 0.00789336690971555
12.4329931194015 -0.023678133536623
12.4496608506035 -0.0552260311045093
12.4663285818055 -0.0867188781635505
12.4829963130075 -0.118125281958909
12.4996640442095 -0.14941393590426
12.5163317754116 -0.180553650788903
12.5329995066136 -0.211513385867818
12.5496672378156 -0.242262279803785
12.5663349690176 -0.272769681430602
12.5830027002196 -0.303005180306874
12.5996704314216 -0.332938637029761
12.6163381626236 -0.362540213278621
12.6330058938256 -0.391780401558492
12.6496736250276 -0.420630054613784
12.6663413562296 -0.449060414482919
12.6830090874317 -0.477043141164887
12.6996768186337 -0.504550340869176
12.7163445498357 -0.531554593820902
12.7330122810377 -0.558028981593439
12.7496800122397 -0.583947113941307
12.7663477434417 -0.609283155106516
12.7830154746437 -0.634011849572239
12.7996832058457 -0.658108547238037
12.8163509370477 -0.681549227991634
12.8330186682497 -0.704310525652674
12.8496863994518 -0.72636975126464
12.8663541306538 -0.747704915711709
12.8830218618558 -0.768294751637971
12.8996895930578 -0.788118734647194
12.9163573242598 -0.807157103761986
12.9330250554618 -0.825390881121975
12.9496927866638 -0.84280189090135
12.9663605178658 -0.859372777426911
12.9830282490678 -0.875087022478594
12.9996959802698 -0.889928961755179
13.0163637114719 -0.903883800488824
13.0330314426739 -0.916937628192788
13.0496991738759 -0.92907743252773
13.0663669050779 -0.940291112272675
13.0830346362799 -0.950567489387783
13.0997023674819 -0.959896320156857
13.1163700986839 -0.968268305398507
13.1330378298859 -0.975675099735773
13.1497055610879 -0.98210931991498
13.16637329229 -0.987564552165524
13.183041023492 -0.992035358593258
13.199708754694 -0.995517282601106
13.216376485896 -0.998006853331493
13.233044217098 -0.999501589126174
13.2497119483 -1
13.2560017912764 -0.999501589126174
13.2622916342528 -0.998006853331493
13.2685814772291 -0.995517282601106
13.2748713202055 -0.992035358593258
13.2811611631819 -0.987564552165523
13.2874510061583 -0.982109319914981
13.2937408491347 -0.975675099735773
13.3000306921111 -0.968268305398506
13.3063205350874 -0.959896320156857
13.3126103780638 -0.950567489387782
13.3189002210402 -0.940291112272676
13.3251900640166 -0.92907743252773
13.331479906993 -0.91693762819279
13.3377697499693 -0.903883800488823
13.3440595929457 -0.889928961755182
13.3503494359221 -0.875087022478594
13.3566392788985 -0.85937277742691
13.3629291218749 -0.842801890901351
13.3692189648513 -0.825390881121975
13.3755088078276 -0.807157103761987
13.381798650804 -0.788118734647191
13.3880884937804 -0.768294751637973
13.3943783367568 -0.747704915711709
13.4006681797332 -0.726369751264636
13.4069580227095 -0.704310525652673
13.4132478656859 -0.681549227991632
13.4195377086623 -0.658108547238039
13.4258275516387 -0.634011849572237
13.4321173946151 -0.609283155106519
13.4384072375915 -0.583947113941305
13.4446970805678 -0.558028981593443
13.4509869235442 -0.531554593820901
13.4572767665206 -0.504550340869174
13.463566609497 -0.477043141164891
13.4698564524734 -0.449060414482918
13.4761462954497 -0.420630054613786
13.4824361384261 -0.391780401558492
13.4887259814025 -0.362540213278628
13.4950158243789 -0.332938637029761
13.5013056673553 -0.303005180306877
13.5075955103317 -0.272769681430604
13.513885353308 -0.24226227980378
13.5201751962844 -0.211513385867821
13.5264650392608 -0.1805536507889
13.5327548822372 -0.149413935904264
13.5390447252136 -0.118125281958907
13.5453345681899 -0.0867188781635547
13.5516244111663 -0.0552260311045084
13.5579142541427 -0.0236781335366203
13.5642040971191 0.00789336690971198
13.5704939400955 0.0394569990762554
13.5767837830719 0.0709812996480133
13.5830736260482 0.102434844516615
13.5893634690246 0.133786280104476
13.595653312001 0.1650043546188
13.6019431549774 0.196057949203982
13.6082329979538 0.226916108961589
13.6145228409302 0.2575480738069
13.6208126839065 0.287923309131165
13.6271025268829 0.31801153623924
13.6333923698593 0.34778276253198
13.6396822128357 0.377207311403577
13.6459720558121 0.406255851823785
13.6522618987884 0.434899427575793
13.6585517417648 0.463109486120351
13.6648415847412 0.490857907057592
13.6711314277176 0.518117030158079
13.677421270694 0.544859682935068
13.6837111136704 0.571059207730696
13.6900009566467 0.596689488288853
13.6962907996231 0.621724975788495
13.7025806425995 0.646140714311213
13.7088704855759 0.669912365717855
13.7151603285523 0.693016233909334
13.7214501715286 0.71542928844737
13.727740014505 0.73712918751178
13.7340298574814 0.758094300171243
13.7403197004578 0.77830372794553
13.7466095434342 0.797737325637517
13.7528993864106 0.816375721414399
13.7591892293869 0.834200336117919
13.7654790723633 0.851193401784494
13.7717689153397 0.867337979356716
13.7780587583161 0.882617975568546
13.7843486012925 0.897018158987464
13.7906384442688 0.910524175197461
13.7969282872452 0.923122561107861
13.8032181302216 0.9348007583736
13.809507973198 0.945547125913667
13.8157978161744 0.955350951515196
13.8220876591508 0.964202462511611
13.8283775021271 0.972092835524258
13.8346673451035 0.979014205257714
13.8409571880799 0.984959672340111
13.8472470310563 0.989923310200557
13.8535368740327 0.993900170976888
13.859826717009 0.996886290447794
13.8661165599854 0.998878691984444
13.8724064029618 0.999875389517657
13.8786962459382 0.999875389517657
13.8849860889146 0.998878691984444
13.891275931891 0.996886290447794
13.8975657748673 0.993900170976888
13.9038556178437 0.989923310200557
13.9101454608201 0.984959672340111
13.9164353037965 0.979014205257714
13.9227251467729 0.972092835524257
13.9290149897492 0.964202462511611
13.9353048327256 0.955350951515196
13.941594675702 0.945547125913667
13.9478845186784 0.934800758373597
13.9541743616548 0.923122561107861
13.9604642046312 0.910524175197461
13.9667540476075 0.897018158987464
13.9730438905839 0.882617975568546
13.9793337335603 0.867337979356716
13.9856235765367 0.851193401784494
13.9919134195131 0.83420033611792
13.9982032624894 0.816375721414399
14.0044931054658 0.797737325637517
14.0107829484422 0.778303727945531
14.0170727914186 0.758094300171244
14.023362634395 0.737129187511781
14.0296524773714 0.71542928844737
14.0359423203477 0.693016233909334
14.0422321633241 0.669912365717854
14.0485220063005 0.646140714311213
14.0548118492769 0.621724975788495
14.0611016922533 0.596689488288853
14.0673915352296 0.571059207730696
14.073681378206 0.544859682935069
14.0799712211824 0.51811703015808
14.0862610641588 0.490857907057593
14.0925509071352 0.463109486120351
14.0988407501116 0.434899427575793
14.1051305930879 0.406255851823785
14.1114204360643 0.377207311403577
14.1177102790407 0.34778276253198
14.1240001220171 0.31801153623924
14.1302899649935 0.287923309131165
14.1365798079698 0.2575480738069
14.1428696509462 0.22691610896159
14.1491594939226 0.196057949203974
14.155449336899 0.1650043546188
14.1617391798754 0.133786280104476
14.1680290228518 0.102434844516615
14.1743188658281 0.0709812996480136
14.1806087088045 0.0394569990762554
14.1868985517809 0.00789336690971289
14.1931883947573 -0.0236781335366203
14.1994782377337 -0.0552260311045084
14.2057680807101 -0.0867188781635549
14.2120579236864 -0.118125281958907
14.2183477666628 -0.149413935904264
14.2246376096392 -0.1805536507889
14.2309274526156 -0.21151338586782
14.237217295592 -0.24226227980378
14.2435071385683 -0.272769681430603
14.2497969815447 -0.303005180306868
14.2560868245211 -0.33293863702976
14.2623766674975 -0.362540213278628
14.2686665104739 -0.391780401558491
14.2749563534503 -0.420630054613786
14.2812461964266 -0.449060414482917
14.287536039403 -0.47704314116489
14.2938258823794 -0.504550340869174
14.3001157253558 -0.531554593820901
14.3064055683322 -0.558028981593443
14.3126954113085 -0.583947113941305
14.3189852542849 -0.609283155106519
14.3252750972613 -0.634011849572237
14.3315649402377 -0.658108547238039
14.3378547832141 -0.681549227991631
14.3441446261905 -0.704310525652672
14.3504344691668 -0.726369751264642
14.3567243121432 -0.747704915711709
14.3630141551196 -0.768294751637973
14.369303998096 -0.788118734647191
14.3755938410724 -0.807157103761987
14.3818836840487 -0.825390881121975
14.3881735270251 -0.842801890901351
14.3944633700015 -0.85937277742691
14.4007532129779 -0.875087022478593
14.4070430559543 -0.889928961755182
14.4133328989307 -0.903883800488823
14.419622741907 -0.91693762819279
14.4259125848834 -0.929077432527729
14.4322024278598 -0.940291112272676
14.4384922708362 -0.950567489387782
14.4447821138126 -0.959896320156857
14.4510719567889 -0.968268305398506
14.4573617997653 -0.975675099735773
14.4636516427417 -0.982109319914981
14.4699414857181 -0.987564552165523
14.4762313286945 -0.992035358593258
14.4825211716709 -0.995517282601106
14.4888110146472 -0.998006853331493
14.4951008576236 -0.999501589126174
14.5013907006 -1
14.5182848627397 -0.999501589126174
14.5351790248794 -0.998006853331493
14.5520731870191 -0.995517282601106
14.5689673491588 -0.992035358593258
14.5858615112985 -0.987564552165524
14.6027556734382 -0.982109319914981
14.6196498355779 -0.975675099735773
14.6365439977176 -0.968268305398507
14.6534381598573 -0.959896320156857
14.670332321997 -0.950567489387782
14.6872264841367 -0.940291112272676
14.7041206462764 -0.929077432527731
14.7210148084161 -0.916937628192788
14.7379089705558 -0.903883800488824
14.7548031326955 -0.889928961755181
14.7716972948352 -0.875087022478593
14.7885914569749 -0.859372777426912
14.8054856191146 -0.84280189090135
14.8223797812543 -0.825390881121976
14.839273943394 -0.807157103761986
14.8561681055337 -0.788118734647192
14.8730622676734 -0.768294751637971
14.8899564298131 -0.74770491571171
14.9068505919528 -0.726369751264639
14.9237447540925 -0.704310525652672
14.9406389162322 -0.681549227991635
14.9575330783719 -0.658108547238037
14.9744272405116 -0.634011849572239
14.9913214026513 -0.609283155106518
15.008215564791 -0.583947113941306
15.0251097269307 -0.558028981593441
15.0420038890704 -0.5315545938209
15.0588980512101 -0.504550340869177
15.0757922133497 -0.477043141164891
15.0926863754894 -0.449060414482919
15.1095805376291 -0.420630054613784
15.1264746997688 -0.391780401558494
15.1433688619085 -0.362540213278624
15.1602630240482 -0.332938637029761
15.1771571861879 -0.303005180306874
15.1940513483276 -0.272769681430603
15.2109455104673 -0.242262279803784
15.227839672607 -0.211513385867818
15.2447338347467 -0.180553650788902
15.2616279968864 -0.149413935904262
15.2785221590261 -0.118125281958907
15.2954163211658 -0.0867188781635507
15.3123104833055 -0.0552260311045095
15.3292046454452 -0.023678133536623
15.3460988075849 0.00789336690971287
15.3629929697246 0.0394569990762511
15.3798871318643 0.0709812996480167
15.396781294004 0.102434844516613
15.4136754561437 0.13378628010448
15.4305696182834 0.1650043546188
15.4474637804231 0.196057949203977
15.4643579425628 0.226916108961591
15.4812521047025 0.257548073806897
15.4981462668422 0.287923309131165
15.5150404289819 0.318011536239239
15.5319345911216 0.347782762531982
15.5488287532613 0.377207311403575
15.565722915401 0.406255851823789
15.5826170775407 0.434899427575792
15.5995112396804 0.463109486120349
15.6164054018201 0.490857907057594
15.6332995639598 0.518117030158076
15.6501937260995 0.544859682935072
15.6670878882392 0.571059207730695
15.6839820503789 0.596689488288855
15.7008762125186 0.621724975788496
15.7177703746583 0.64614071431121
15.734664536798 0.669912365717854
15.7515586989377 0.693016233909332
15.7684528610774 0.715429288447371
15.7853470232171 0.737129187511778
15.8022411853568 0.758094300171246
15.8191353474965 0.778303727945529
15.8360295096362 0.79773732563752
15.8529236717759 0.816375721414399
15.8698178339156 0.834200336117917
15.8867119960553 0.851193401784495
15.903606158195 0.867337979356715
15.9205003203347 0.882617975568546
15.9373944824744 0.897018158987464
15.9542886446141 0.910524175197462
15.9711828067538 0.923122561107861
15.9880769688935 0.934800758373599
16.0049711310332 0.945547125913667
16.0218652931729 0.955350951515195
16.0387594553126 0.964202462511611
16.0556536174523 0.972092835524257
16.072547779592 0.979014205257715
16.0894419417317 0.98495967234011
16.1063361038714 0.989923310200557
16.1232302660111 0.993900170976888
16.1401244281508 0.996886290447793
16.1570185902905 0.998878691984443
16.1739127524302 0.999875389517657
16.1908069145699 0.999875389517657
16.2077010767095 0.998878691984444
16.2245952388492 0.996886290447793
16.2414894009889 0.993900170976888
16.2583835631286 0.989923310200557
16.2752777252683 0.984959672340111
16.292171887408 0.979014205257714
16.3090660495477 0.972092835524258
16.3259602116874 0.964202462511612
16.3428543738271 0.955350951515194
16.3597485359668 0.945547125913668
16.3766426981065 0.934800758373598
16.3935368602462 0.92312256110786
16.4104310223859 0.910524175197463
16.4273251845256 0.897018158987464
16.4442193466653 0.882617975568546
16.461113508805 0.867337979356713
16.4780076709447 0.851193401784495
16.4949018330844 0.834200336117917
16.5117959952241 0.816375721414401
16.5286901573638 0.79773732563752
16.5455843195035 0.77830372794553
16.5624784816432 0.758094300171244
16.5793726437829 0.73712918751178
16.5962668059226 0.715429288447371
16.6131609680623 0.69301623390933
16.630055130202 0.669912365717857
16.6469492923417 0.64614071431121
16.6638434544814 0.621724975788493
16.6807376166211 0.596689488288858
16.6976317787608 0.571059207730695
16.7145259409005 0.544859682935069
16.7314201030402 0.51811703015808
16.7483142651799 0.490857907057595
16.7652084273196 0.463109486120346
16.7821025894593 0.434899427575796
16.798996751599 0.40625585182379
16.8158909137387 0.377207311403575
16.8327850758784 0.347782762531986
16.8496792380181 0.31801153623924
16.8665734001578 0.287923309131165
16.8834675622975 0.257548073806894
16.9003617244372 0.226916108961591
16.9172558865769 0.196057949203977
16.9341500487166 0.165004354618803
16.9510442108563 0.133786280104481
16.967938372996 0.102434844516613
16.9848325351357 0.0709812996480136
17.0017266972754 0.0394569990762545
17.0186208594151 0.00789336690971289
17.0355150215548 -0.0236781335366256
17.0524091836945 -0.0552260311045066
17.0693033458342 -0.0867188781635505
17.0861975079739 -0.11812528195891
17.1030916701136 -0.149413935904259
17.1199858322533 -0.180553650788902
17.136879994393 -0.21151338586782
17.1537741565327 -0.24226227980378
17.1706683186724 -0.272769681430602
17.1875624808121 -0.303005180306874
17.2044566429518 -0.332938637029758
17.2213508050915 -0.362540213278624
17.2382449672312 -0.391780401558495
17.2551391293709 -0.420630054613782
17.2720332915106 -0.449060414482919
17.2889274536503 -0.47704314116489
17.30582161579 -0.50455034086918
17.3227157779296 -0.5315545938209
17.3396099400693 -0.55802898159344
17.356504102209 -0.583947113941308
17.3733982643487 -0.609283155106515
17.3902924264884 -0.634011849572238
17.4071865886281 -0.658108547238039
17.4240807507678 -0.681549227991632
17.4409749129075 -0.704310525652672
17.4578690750472 -0.726369751264641
17.4747632371869 -0.747704915711707
17.4916573993266 -0.768294751637971
17.5085515614663 -0.788118734647194
17.525445723606 -0.807157103761984
17.5423398857457 -0.825390881121976
17.5592340478854 -0.842801890901351
17.5761282100251 -0.859372777426911
17.5930223721648 -0.875087022478593
17.6099165343045 -0.889928961755181
17.6268106964442 -0.903883800488825
17.6437048585839 -0.916937628192789
17.6605990207236 -0.929077432527731
17.6774931828633 -0.940291112272674
17.694387345003 -0.950567489387782
17.7112815071427 -0.959896320156857
17.7281756692824 -0.968268305398508
17.7450698314221 -0.975675099735773
17.7619639935618 -0.98210931991498
17.7788581557015 -0.987564552165524
17.7957523178412 -0.992035358593258
17.8126464799809 -0.995517282601106
17.8295406421206 -0.998006853331494
17.8464348042603 -0.999501589126174
17.8633289664 -1
17.8819226158844 -0.999501589126174
17.9005162653688 -0.998006853331493
17.9191099148533 -0.995517282601106
17.9377035643377 -0.992035358593258
17.9562972138221 -0.987564552165524
17.9748908633065 -0.98210931991498
17.993484512791 -0.975675099735773
18.0120781622754 -0.968268305398507
18.0306718117598 -0.959896320156858
18.0492654612442 -0.950567489387783
18.0678591107286 -0.940291112272675
18.0864527602131 -0.92907743252773
18.1050464096975 -0.916937628192788
18.1236400591819 -0.903883800488825
18.1422337086663 -0.889928961755181
18.1608273581508 -0.875087022478594
18.1794210076352 -0.859372777426911
18.1980146571196 -0.842801890901349
18.216608306604 -0.825390881121978
18.2352019560884 -0.807157103761986
18.2537956055729 -0.788118734647193
18.2723892550573 -0.76829475163797
18.2909829045417 -0.747704915711708
18.3095765540261 -0.726369751264637
18.3281702035106 -0.704310525652674
18.346763852995 -0.681549227991635
18.3653575024794 -0.658108547238038
18.3839511519638 -0.634011849572238
18.4025448014482 -0.609283155106515
18.4211384509327 -0.583947113941308
18.4397321004171 -0.558028981593441
18.4583257499015 -0.531554593820902
18.4769193993859 -0.504550340869177
18.4955130488704 -0.477043141164888
18.5141066983548 -0.449060414482923
18.5327003478392 -0.420630054613786
18.5512939973236 -0.391780401558494
18.569887646808 -0.362540213278624
18.5884812962925 -0.33293863702976
18.6070749457769 -0.30300518030687
18.6256685952613 -0.272769681430605
18.6442622447457 -0.242262279803784
18.6628558942302 -0.211513385867819
18.6814495437146 -0.180553650788901
18.700043193199 -0.149413935904259
18.7186368426834 -0.118125281958911
18.7372304921678 -0.0867188781635523
18.7558241416523 -0.0552260311045086
18.7744177911367 -0.0236781335366234
18.7930114406211 0.00789336690971509
18.8116050901055 0.0394569990762556
18.8301987395899 0.0709812996480138
18.8487923890744 0.102434844516612
18.8673860385588 0.133786280104479
18.8859796880432 0.165004354618801
18.9045733375276 0.19605794920398
18.9231669870121 0.226916108961588
18.9417606364965 0.257548073806895
18.9603542859809 0.287923309131166
18.9789479354653 0.318011536239239
18.9975415849498 0.347782762531984
19.0161352344342 0.377207311403579
19.0347288839186 0.406255851823787
19.053322533403 0.434899427575793
19.0719161828874 0.463109486120348
19.0905098323719 0.490857907057595
19.1091034818563 0.518117030158075
19.1276971313407 0.544859682935069
19.1462907808251 0.571059207730694
19.1648844303095 0.596689488288856
19.183478079794 0.621724975788496
19.2020717292784 0.646140714311212
19.2206653787628 0.669912365717853
19.2392590282472 0.693016233909331
19.2578526777317 0.715429288447371
19.2764463272161 0.737129187511779
19.2950399767005 0.758094300171246
19.3136336261849 0.778303727945528
19.3322272756693 0.797737325637518
19.3508209251538 0.816375721414399
19.3694145746382 0.834200336117918
19.3880082241226 0.851193401784495
19.406601873607 0.867337979356716
19.4251955230915 0.882617975568546
19.4437891725759 0.897018158987463
19.4623828220603 0.910524175197462
19.4809764715447 0.923122561107861
19.4995701210291 0.934800758373599
19.5181637705136 0.945547125913666
19.536757419998 0.955350951515194
19.5553510694824 0.964202462511612
19.5739447189668 0.972092835524257
19.5925383684513 0.979014205257715
19.6111320179357 0.984959672340111
19.6297256674201 0.989923310200557
19.6483193169045 0.993900170976888
19.6669129663889 0.996886290447793
19.6855066158734 0.998878691984444
19.7041002653578 0.999875389517657
19.7226939148422 0.999875389517657
19.7412875643266 0.998878691984444
19.7598812138111 0.996886290447793
19.7784748632955 0.993900170976888
19.7970685127799 0.989923310200557
19.8156621622643 0.98495967234011
19.8342558117487 0.979014205257715
19.8528494612332 0.972092835524257
19.8714431107176 0.964202462511612
19.890036760202 0.955350951515194
19.9086304096864 0.945547125913668
19.9272240591709 0.934800758373599
19.9458177086553 0.923122561107861
19.9644113581397 0.910524175197462
19.9830050076241 0.897018158987463
20.0015986571085 0.882617975568546
20.020192306593 0.867337979356716
20.0387859560774 0.851193401784495
20.0573796055618 0.834200336117918
20.0759732550462 0.816375721414399
20.0945669045307 0.797737325637518
20.1131605540151 0.778303727945532
20.1317542034995 0.758094300171247
20.1503478529839 0.73712918751178
20.1689415024683 0.715429288447371
20.1875351519528 0.693016233909331
20.2061288014372 0.669912365717854
20.2247224509216 0.646140714311211
20.243316100406 0.621724975788496
20.2619097498905 0.596689488288856
20.2805033993749 0.571059207730694
20.2990970488593 0.544859682935069
20.3176906983437 0.51811703015808
20.3362843478281 0.490857907057595
20.3548779973126 0.463109486120348
20.373471646797 0.434899427575792
20.3920652962814 0.406255851823787
20.4106589457658 0.377207311403574
20.4292525952503 0.347782762531985
20.4478462447347 0.31801153623924
20.4664398942191 0.287923309131167
20.4850335437035 0.257548073806896
20.5036271931879 0.226916108961593
20.5222208426724 0.196057949203982
20.5408144921568 0.165004354618802
20.5594081416412 0.13378628010448
20.5780017911256 0.102434844516613
20.5965954406101 0.0709812996480145
20.6151890900945 0.0394569990762501
20.6337827395789 0.00789336690971467
20.6523763890633 -0.0236781335366239
20.6709700385477 -0.0552260311045093
20.6895636880322 -0.0867188781635523
20.7081573375166 -0.11812528195891
20.726750987001 -0.149413935904259
20.7453446364854 -0.180553650788901
20.7639382859699 -0.211513385867819
20.7825319354543 -0.242262279803785
20.8011255849387 -0.272769681430606
20.8197192344231 -0.303005180306876
20.8383128839075 -0.332938637029759
20.856906533392 -0.362540213278624
20.8755001828764 -0.391780401558494
20.8940938323608 -0.420630054613786
20.9126874818452 -0.449060414482917
20.9312811313296 -0.477043141164888
20.9498747808141 -0.504550340869177
20.9684684302985 -0.531554593820902
20.9870620797829 -0.558028981593441
21.0056557292673 -0.583947113941308
21.0242493787518 -0.609283155106515
21.0428430282362 -0.634011849572238
21.0614366777206 -0.658108547238037
21.080030327205 -0.681549227991635
21.0986239766894 -0.704310525652674
21.1172176261739 -0.726369751264637
21.1358112756583 -0.747704915711707
21.1544049251427 -0.76829475163797
21.1729985746271 -0.788118734647193
21.1915922241116 -0.807157103761986
21.210185873596 -0.825390881121978
21.2287795230804 -0.842801890901349
21.2473731725648 -0.859372777426911
21.2659668220492 -0.875087022478593
21.2845604715337 -0.889928961755181
21.3031541210181 -0.903883800488824
21.3217477705025 -0.916937628192788
21.3403414199869 -0.92907743252773
21.3589350694714 -0.940291112272675
21.3775287189558 -0.950567489387783
21.3961223684402 -0.959896320156858
21.4147160179246 -0.968268305398508
21.433309667409 -0.975675099735773
21.4519033168935 -0.98210931991498
21.4704969663779 -0.987564552165524
21.4890906158623 -0.992035358593258
21.5076842653467 -0.995517282601106
21.5262779148312 -0.998006853331493
21.5448715643156 -0.999501589126174
21.5634652138 -1
21.572648889004 -0.999501589126174
21.581832564208 -0.998006853331493
21.5910162394121 -0.995517282601106
21.6001999146161 -0.992035358593258
21.6093835898201 -0.987564552165524
21.6185672650241 -0.98210931991498
21.6277509402281 -0.975675099735775
21.6369346154322 -0.968268305398508
21.6461182906362 -0.959896320156857
21.6553019658402 -0.950567489387782
21.6644856410442 -0.940291112272674
21.6736693162482 -0.929077432527732
21.6828529914523 -0.91693762819279
21.6920366666563 -0.903883800488823
21.7012203418603 -0.889928961755179
21.7104040170643 -0.875087022478591
21.7195876922683 -0.859372777426914
21.7287713674724 -0.842801890901351
21.7379550426764 -0.825390881121975
21.7471387178804 -0.807157103761983
21.7563223930844 -0.788118734647196
21.7655060682884 -0.768294751637973
21.7746897434925 -0.747704915711709
21.7838734186965 -0.726369751264638
21.7930570939005 -0.704310525652669
21.8022407691045 -0.681549227991637
21.8114244443085 -0.658108547238039
21.8206081195126 -0.634011849572238
21.8297917947166 -0.609283155106514
21.8389754699206 -0.583947113941301
21.8481591451246 -0.558028981593443
21.8573428203286 -0.531554593820902
21.8665264955327 -0.504550340869176
21.8757101707367 -0.477043141164886
21.8848938459407 -0.449060414482925
21.8940775211447 -0.420630054613787
21.9032611963487 -0.391780401558493
21.9124448715528 -0.362540213278622
21.9216285467568 -0.332938637029756
21.9308122219608 -0.303005180306877
21.9399958971648 -0.272769681430605
21.9491795723688 -0.242262279803782
21.9583632475729 -0.211513385867816
21.9675469227769 -0.180553650788908
21.9767305979809 -0.149413935904264
21.9859142731849 -0.118125281958909
21.9950979483889 -0.086718878163549
22.004281623593 -0.0552260311045037
22.013465298797 -0.0236781335366292
22.022648974001 0.00789336690971087
22.031832649205 0.0394569990762529
22.041016324409 0.0709812996480187
22.0501999996131 0.102434844516619
22.0593836748171 0.133786280104475
22.0685673500211 0.165004354618798
22.0777510252251 0.196057949203979
22.0869347004291 0.226916108961594
22.0961183756332 0.257548073806891
22.1053020508372 0.287923309131164
22.1144857260412 0.318011536239238
22.1236694012452 0.347782762531984
22.1328530764492 0.37720731140358
22.1420367516533 0.406255851823785
22.1512204268573 0.434899427575791
22.1604041020613 0.463109486120348
22.1695877772653 0.490857907057596
22.1787714524693 0.518117030158083
22.1879551276734 0.544859682935067
22.1971388028774 0.571059207730694
22.2063224780814 0.596689488288857
22.2155061532854 0.621724975788499
22.2246898284894 0.646140714311205
22.2338735036935 0.669912365717853
22.2430571788975 0.693016233909331
22.2522408541015 0.715429288447373
22.2614245293055 0.737129187511782
22.2706082045095 0.758094300171242
22.2797918797136 0.778303727945529
22.2889755549176 0.79773732563752
22.2981592301216 0.816375721414401
22.3073429053256 0.834200336117914
22.3165265805296 0.851193401784493
22.3257102557337 0.867337979356714
22.3348939309377 0.882617975568548
22.3440776061417 0.897018158987466
22.3532612813457 0.91052417519746
22.3624449565497 0.92312256110786
22.3716286317538 0.934800758373598
22.3808123069578 0.945547125913668
22.3899959821618 0.955350951515196
22.3991796573658 0.964202462511611
22.4083633325698 0.972092835524257
22.4175470077739 0.979014205257715
22.4267306829779 0.984959672340111
22.4359143581819 0.989923310200558
22.4450980333859 0.993900170976887
22.4542817085899 0.996886290447793
22.463465383794 0.998878691984444
22.472649058998 0.999875389517657
22.481832734202 0.999875389517657
22.491016409406 0.998878691984444
22.5002000846101 0.996886290447793
22.5093837598141 0.993900170976887
22.5185674350181 0.989923310200556
22.5277511102221 0.984959672340111
22.5369347854261 0.979014205257715
22.5461184606302 0.972092835524257
22.5553021358342 0.964202462511611
22.5644858110382 0.955350951515196
22.5736694862422 0.945547125913668
22.5828531614462 0.934800758373598
22.5920368366503 0.92312256110786
22.6012205118543 0.91052417519746
22.6104041870583 0.897018158987466
22.6195878622623 0.882617975568548
22.6287715374663 0.867337979356714
22.6379552126704 0.851193401784493
22.6471388878744 0.834200336117921
22.6563225630784 0.816375721414401
22.6655062382824 0.79773732563752
22.6746899134864 0.778303727945529
22.6838735886905 0.758094300171243
22.6930572638945 0.737129187511782
22.7022409390985 0.715429288447373
22.7114246143025 0.693016233909332
22.7206082895065 0.669912365717854
22.7297919647106 0.646140714311206
22.7389756399146 0.621724975788499
22.7481593151186 0.596689488288857
22.7573429903226 0.571059207730694
22.7665266655266 0.544859682935067
22.7757103407307 0.518117030158072
22.7848940159347 0.490857907057597
22.7940776911387 0.463109486120348
22.8032613663427 0.434899427575791
22.8124450415467 0.406255851823785
22.8216287167508 0.37720731140358
22.8308123919548 0.347782762531985
22.8399960671588 0.318011536239238
22.8491797423628 0.287923309131163
22.8583634175668 0.257548073806891
22.8675470927709 0.226916108961594
22.8767307679749 0.19605794920398
22.8859144431789 0.165004354618798
22.8950981183829 0.133786280104475
22.9042817935869 0.102434844516619
22.913465468791 0.0709812996480189
22.922649143995 0.0394569990762536
22.931832819199 0.00789336690971111
22.941016494403 -0.0236781335366292
22.950200169607 -0.055226031104503
22.9593838448111 -0.0867188781635487
22.9685675200151 -0.118125281958909
22.9777511952191 -0.149413935904264
22.9869348704231 -0.180553650788908
22.9961185456271 -0.211513385867815
23.0053022208312 -0.242262279803782
23.0144858960352 -0.272769681430605
23.0236695712392 -0.303005180306877
23.0328532464432 -0.332938637029756
23.0420369216472 -0.362540213278621
23.0512205968513 -0.391780401558493
23.0604042720553 -0.420630054613787
23.0695879472593 -0.449060414482924
23.0787716224633 -0.477043141164886
23.0879552976673 -0.504550340869175
23.0971389728714 -0.531554593820902
23.1063226480754 -0.558028981593443
23.1155063232794 -0.583947113941301
23.1246899984834 -0.609283155106514
23.1338736736874 -0.634011849572238
23.1430573488915 -0.658108547238039
23.1522410240955 -0.681549227991637
23.1614246992995 -0.704310525652669
23.1706083745035 -0.726369751264638
23.1797920497075 -0.747704915711709
23.1889757249116 -0.768294751637972
23.1981594001156 -0.788118734647196
23.2073430753196 -0.807157103761983
23.2165267505236 -0.825390881121975
23.2257104257276 -0.842801890901351
23.2348941009317 -0.859372777426914
23.2440777761357 -0.875087022478591
23.2532614513397 -0.889928961755179
23.2624451265437 -0.903883800488824
23.2716288017477 -0.916937628192789
23.2808124769518 -0.929077432527732
23.2899961521558 -0.940291112272674
23.2991798273598 -0.950567489387782
23.3083635025638 -0.959896320156857
23.3175471777678 -0.968268305398508
23.3267308529719 -0.975675099735772
23.3359145281759 -0.98210931991498
23.3450982033799 -0.987564552165524
23.3542818785839 -0.992035358593258
23.3634655537879 -0.995517282601106
23.372649228992 -0.998006853331493
23.381832904196 -0.999501589126174
23.3910165794 -1
23.4091521744784 -0.999501589126174
23.4272877695568 -0.998006853331493
23.4454233646352 -0.995517282601106
23.4635589597136 -0.992035358593258
23.481694554792 -0.987564552165524
23.4998301498704 -0.98210931991498
23.5179657449487 -0.975675099735773
23.5361013400271 -0.968268305398507
23.5542369351055 -0.959896320156858
23.5723725301839 -0.950567489387782
23.5905081252623 -0.940291112272675
23.6086437203407 -0.929077432527731
23.6267793154191 -0.91693762819279
23.6449149104975 -0.903883800488823
23.6630505055759 -0.88992896175518
23.6811861006543 -0.875087022478594
23.6993216957327 -0.859372777426911
23.7174572908111 -0.84280189090135
23.7355928858894 -0.825390881121976
23.7537284809678 -0.807157103761987
23.7718640760462 -0.788118734647191
23.7899996711246 -0.76829475163797
23.808135266203 -0.74770491571171
23.8262708612814 -0.726369751264641
23.8444064563598 -0.704310525652671
23.8625420514382 -0.681549227991634
23.8806776465166 -0.658108547238039
23.898813241595 -0.634011849572241
23.9169488366734 -0.609283155106515
23.9350844317518 -0.583947113941306
23.9532200268301 -0.558028981593441
23.9713556219085 -0.531554593820899
23.9894912169869 -0.504550340869176
24.0076268120653 -0.47704314116489
24.0257624071437 -0.449060414482922
24.0438980022221 -0.420630054613782
24.0620335973005 -0.391780401558492
24.0801691923789 -0.362540213278625
24.0983047874573 -0.332938637029763
24.1164403825357 -0.303005180306871
24.1345759776141 -0.272769681430603
24.1527115726925 -0.242262279803784
24.1708471677709 -0.211513385867822
24.1889827628492 -0.1805536507889
24.2071183579276 -0.149413935904261
24.225253953006 -0.11812528195891
24.2433895480844 -0.0867188781635481
24.2615251431628 -0.0552260311045071
24.2796607382412 -0.0236781335366245
24.2977963333196 0.00789336690971109
24.315931928398 0.0394569990762551
24.3340675234764 0.0709812996480167
24.3522031185548 0.102434844516612
24.3703387136332 0.133786280104477
24.3884743087116 0.165004354618801
24.4066099037899 0.196057949203978
24.4247454988683 0.226916108961589
24.4428810939467 0.257548073806894
24.4610166890251 0.287923309131168
24.4791522841035 0.318011536239238
24.4972878791819 0.347782762531981
24.5154234742603 0.377207311403579
24.5335590693387 0.40625585182379
24.5516946644171 0.434899427575793
24.5698302594955 0.463109486120346
24.5879658545739 0.490857907057596
24.6061014496523 0.518117030158078
24.6242370447307 0.54485968293507
24.642372639809 0.571059207730693
24.6605082348874 0.596689488288858
24.6786438299658 0.621724975788496
24.6967794250442 0.646140714311209
24.7149150201226 0.669912365717853
24.733050615201 0.693016233909333
24.7511862102794 0.715429288447371
24.7693218053578 0.737129187511778
24.7874574004362 0.758094300171247
24.8055929955146 0.778303727945531
24.823728590593 0.797737325637519
24.8418641856714 0.816375721414398
24.8599997807497 0.834200336117919
24.8781353758281 0.851193401784495
24.8962709709065 0.867337979356714
24.9144065659849 0.882617975568546
24.9325421610633 0.897018158987465
24.9506777561417 0.910524175197462
24.9688133512201 0.92312256110786
24.9869489462985 0.934800758373597
25.0050845413769 0.945547125913668
25.0232201364553 0.955350951515195
25.0413557315337 0.964202462511611
25.0594913266121 0.972092835524258
25.0776269216905 0.979014205257715
25.0957625167688 0.98495967234011
25.1138981118472 0.989923310200557
25.1320337069256 0.993900170976888
25.150169302004 0.996886290447793
25.1683048970824 0.998878691984444
25.1864404921608 0.999875389517657
25.2045760872392 0.999875389517657
25.2227116823176 0.998878691984444
25.240847277396 0.996886290447793
25.2589828724744 0.993900170976888
25.2771184675528 0.989923310200557
25.2952540626312 0.984959672340111
25.3133896577095 0.979014205257715
25.3315252527879 0.972092835524256
25.3496608478663 0.964202462511611
25.3677964429447 0.955350951515195
25.3859320380231 0.945547125913668
25.4040676331015 0.934800758373597
25.4222032281799 0.92312256110786
25.4403388232583 0.910524175197462
25.4584744183367 0.897018158987465
25.4766100134151 0.882617975568546
25.4947456084935 0.867337979356714
25.5128812035719 0.851193401784495
25.5310167986502 0.834200336117919
25.5491523937286 0.816375721414398
25.567287988807 0.797737325637519
25.5854235838854 0.778303727945531
25.6035591789638 0.758094300171244
25.6216947740422 0.737129187511778
25.6398303691206 0.715429288447372
25.657965964199 0.693016233909333
25.6761015592774 0.669912365717853
25.6942371543558 0.646140714311209
25.7123727494342 0.621724975788496
25.7305083445126 0.596689488288858
25.748643939591 0.571059207730693
25.7667795346693 0.54485968293507
25.7849151297477 0.518117030158079
25.8030507248261 0.490857907057596
25.8211863199045 0.463109486120346
25.8393219149829 0.434899427575793
25.8574575100613 0.40625585182379
25.8755931051397 0.377207311403573
25.8937287002181 0.347782762531982
25.9118642952965 0.318011536239239
25.9299998903749 0.287923309131168
25.9481354854533 0.257548073806894
25.9662710805317 0.226916108961589
25.98440667561 0.196057949203978
26.0025422706884 0.165004354618802
26.0206778657668 0.133786280104478
26.0388134608452 0.102434844516613
26.0569490559236 0.0709812996480171
26.075084651002 0.0394569990762563
26.0932202460804 0.00789336690971111
26.1113558411588 -0.0236781335366239
26.1294914362372 -0.0552260311045066
26.1476270313156 -0.086718878163554
26.165762626394 -0.11812528195891
26.1838982214724 -0.14941393590426
26.2020338165508 -0.1805536507889
26.2201694116291 -0.211513385867821
26.2383050067075 -0.242262279803784
26.2564406017859 -0.272769681430602
26.2745761968643 -0.30300518030687
26.2927117919427 -0.332938637029763
26.3108473870211 -0.362540213278625
26.3289829820995 -0.391780401558492
26.3471185771779 -0.420630054613782
26.3652541722563 -0.449060414482922
26.3833897673347 -0.47704314116489
26.4015253624131 -0.504550340869176
26.4196609574915 -0.531554593820904
26.4377965525698 -0.558028981593442
26.4559321476482 -0.583947113941307
26.4740677427266 -0.609283155106515
26.492203337805 -0.634011849572236
26.5103389328834 -0.658108547238038
26.5284745279618 -0.681549227991633
26.5466101230402 -0.704310525652671
26.5647457181186 -0.726369751264641
26.582881313197 -0.747704915711709
26.6010169082754 -0.76829475163797
26.6191525033538 -0.788118734647191
26.6372880984322 -0.807157103761987
26.6554236935106 -0.825390881121976
26.6735592885889 -0.84280189090135
26.6916948836673 -0.859372777426913
26.7098304787457 -0.875087022478594
26.7279660738241 -0.88992896175518
26.7461016689025 -0.903883800488822
26.7642372639809 -0.91693762819279
26.7823728590593 -0.929077432527731
26.8005084541377 -0.940291112272675
26.8186440492161 -0.950567489387782
26.8367796442945 -0.959896320156858
26.8549152393729 -0.968268305398507
26.8730508344513 -0.975675099735773
26.8911864295296 -0.98210931991498
26.909322024608 -0.987564552165524
26.9274576196864 -0.992035358593258
26.9455932147648 -0.995517282601106
26.9637288098432 -0.998006853331494
26.9818644049216 -0.999501589126174
27 -1
