0 -1
0.00581034698140704 -0.999501589126174
0.0116206939628141 -0.998006853331493
0.0174310409442211 -0.995517282601106
0.0232413879256281 -0.992035358593258
0.0290517349070352 -0.987564552165524
0.0348620818884422 -0.98210931991498
0.0406724288698492 -0.975675099735774
0.0464827758512563 -0.968268305398507
0.0522931228326633 -0.959896320156857
0.0581034698140704 -0.950567489387783
0.0639138167954774 -0.940291112272676
0.0697241637768844 -0.929077432527731
0.0755345107582915 -0.916937628192789
0.0813448577396985 -0.903883800488824
0.0871552047211055 -0.88992896175518
0.0929655517025126 -0.875087022478594
0.0987758986839196 -0.859372777426912
0.104586245665327 -0.842801890901351
0.110396592646734 -0.825390881121976
0.116206939628141 -0.807157103761985
0.122017286609548 -0.788118734647192
0.127827633590955 -0.768294751637971
0.133637980572362 -0.747704915711709
0.139448327553769 -0.726369751264639
0.145258674535176 -0.704310525652672
0.151069021516583 -0.681549227991634
0.15687936849799 -0.658108547238038
0.162689715479397 -0.634011849572239
0.168500062460804 -0.609283155106517
0.174310409442211 -0.583947113941306
0.180120756423618 -0.55802898159344
0.185931103405025 -0.531554593820901
0.191741450386432 -0.504550340869177
0.197551797367839 -0.47704314116489
0.203362144349246 -0.44906041448292
0.209172491330653 -0.420630054613784
0.21498283831206 -0.391780401558493
0.220793185293467 -0.362540213278625
0.226603532274874 -0.332938637029761
0.232413879256281 -0.303005180306873
0.238224226237688 -0.272769681430603
0.244034573219095 -0.242262279803783
0.249844920200503 -0.211513385867819
0.25565526718191 -0.180553650788903
0.261465614163317 -0.149413935904261
0.267275961144724 -0.118125281958908
0.273086308126131 -0.0867188781635507
0.278896655107538 -0.0552260311045082
0.284707002088945 -0.0236781335366241
0.290517349070352 0.00789336690971309
0.296327696051759 0.0394569990762527
0.302138043033166 0.0709812996480158
0.307948390014573 0.102434844516613
0.31375873699598 0.133786280104479
0.319569083977387 0.165004354618799
0.325379430958794 0.196057949203978
0.331189777940201 0.22691610896159
0.337000124921608 0.257548073806897
0.342810471903015 0.287923309131167
0.348620818884422 0.318011536239238
0.354431165865829 0.347782762531982
0.360241512847236 0.377207311403576
0.366051859828643 0.406255851823789
0.37186220681005 0.434899427575793
0.377672553791457 0.463109486120348
0.383482900772864 0.490857907057594
0.389293247754271 0.518117030158078
0.395103594735678 0.54485968293507
0.400913941717085 0.571059207730694
0.406724288698492 0.596689488288856
0.4125346356799 0.621724975788495
0.418344982661307 0.64614071431121
0.424155329642714 0.669912365717855
0.429965676624121 0.693016233909332
0.435776023605528 0.715429288447371
0.441586370586935 0.737129187511779
0.447396717568342 0.758094300171245
0.453207064549749 0.77830372794553
0.459017411531156 0.797737325637519
0.464827758512563 0.816375721414399
0.47063810549397 0.834200336117918
0.476448452475377 0.851193401784495
0.482258799456784 0.867337979356715
0.488069146438191 0.882617975568547
0.493879493419598 0.897018158987464
0.499689840401005 0.910524175197462
0.505500187382412 0.923122561107861
0.511310534363819 0.934800758373598
0.517120881345226 0.945547125913667
0.522931228326633 0.955350951515195
0.52874157530804 0.964202462511612
0.534551922289447 0.972092835524257
0.540362269270854 0.979014205257715
0.546172616252261 0.984959672340111
0.551982963233668 0.989923310200557
0.557793310215075 0.993900170976888
0.563603657196482 0.996886290447793
0.569414004177889 0.998878691984444
0.575224351159296 0.999875389517657
0.581034698140704 0.999875389517657
0.586845045122111 0.998878691984444
0.592655392103518 0.996886290447793
0.598465739084925 0.993900170976888
0.604276086066332 0.989923310200557
0.610086433047739 0.984959672340111
0.615896780029146 0.979014205257715
0.621707127010553 0.972092835524257
0.62751747399196 0.964202462511612
0.633327820973367 0.955350951515195
0.639138167954774 0.945547125913667
0.644948514936181 0.934800758373598
0.650758861917588 0.923122561107861
0.656569208898995 0.910524175197462
0.662379555880402 0.897018158987464
0.668189902861809 0.882617975568547
0.674000249843216 0.867337979356715
0.679810596824623 0.851193401784495
0.68562094380603 0.834200336117917
0.691431290787437 0.816375721414399
0.697241637768844 0.79773732563752
0.703051984750251 0.77830372794553
0.708862331731658 0.758094300171246
0.714672678713065 0.73712918751178
0.720483025694472 0.715429288447371
0.726293372675879 0.693016233909332
0.732103719657286 0.669912365717855
0.737914066638694 0.646140714311209
0.743724413620101 0.621724975788495
0.749534760601507 0.596689488288856
0.755345107582915 0.571059207730695
0.761155454564322 0.54485968293507
0.766965801545729 0.518117030158078
0.772776148527136 0.490857907057594
0.778586495508543 0.463109486120348
0.78439684248995 0.434899427575793
0.790207189471357 0.406255851823789
0.796017536452764 0.377207311403576
0.801827883434171 0.347782762531983
0.807638230415578 0.318011536239239
0.813448577396985 0.287923309131167
0.819258924378392 0.257548073806897
0.825069271359799 0.22691610896159
0.830879618341206 0.196057949203978
0.836689965322613 0.165004354618798
0.84250031230402 0.133786280104479
0.848310659285427 0.102434844516613
0.854121006266834 0.0709812996480153
0.859931353248241 0.0394569990762527
0.865741700229648 0.00789336690971378
0.871552047211055 -0.0236781335366239
0.877362394192462 -0.0552260311045084
0.883172741173869 -0.0867188781635505
0.888983088155276 -0.118125281958909
0.894793435136683 -0.14941393590426
0.90060378211809 -0.180553650788902
0.906414129099498 -0.211513385867819
0.912224476080905 -0.242262279803783
0.918034823062312 -0.272769681430602
0.923845170043719 -0.303005180306872
0.929655517025126 -0.332938637029761
0.935465864006533 -0.362540213278624
0.94127621098794 -0.391780401558494
0.947086557969347 -0.420630054613784
0.952896904950754 -0.44906041448292
0.958707251932161 -0.47704314116489
0.964517598913568 -0.504550340869177
0.970327945894975 -0.531554593820901
0.976138292876382 -0.55802898159344
0.981948639857789 -0.583947113941306
0.987758986839196 -0.609283155106517
0.993569333820603 -0.634011849572239
0.99937968080201 -0.658108547238037
1.00519002778342 -0.681549227991633
1.01100037476482 -0.704310525652672
1.01681072174623 -0.726369751264639
1.02262106872764 -0.747704915711708
1.02843141570905 -0.768294751637971
1.03424176269045 -0.788118734647193
1.04005210967186 -0.807157103761986
1.04586245665327 -0.825390881121976
1.05167280363467 -0.842801890901351
1.05748315061608 -0.859372777426912
1.06329349759749 -0.875087022478593
1.06910384457889 -0.88992896175518
1.0749141915603 -0.903883800488824
1.08072453854171 -0.916937628192789
1.08653488552312 -0.92907743252773
1.09234523250452 -0.940291112272676
1.09815557948593 -0.950567489387783
1.10396592646734 -0.959896320156857
1.10977627344874 -0.968268305398507
1.11558662043015 -0.975675099735774
1.12139696741156 -0.98210931991498
1.12720731439296 -0.987564552165524
1.13301766137437 -0.992035358593258
1.13882800835578 -0.995517282601106
1.14463835533719 -0.998006853331493
1.15044870231859 -0.999501589126174
1.1562590493 -1
1.1715022031206 -0.999501589126174
1.18674535694121 -0.998006853331493
1.20198851076181 -0.995517282601106
1.21723166458241 -0.992035358593258
1.23247481840301 -0.987564552165524
1.24771797222362 -0.98210931991498
1.26296112604422 -0.975675099735774
1.27820427986482 -0.968268305398507
1.29344743368543 -0.959896320156857
1.30869058750603 -0.950567489387783
1.32393374132663 -0.940291112272676
1.33917689514724 -0.92907743252773
1.35442004896784 -0.916937628192789
1.36966320278844 -0.903883800488824
1.38490635660905 -0.88992896175518
1.40014951042965 -0.875087022478594
1.41539266425025 -0.859372777426912
1.43063581807085 -0.842801890901351
1.44587897189146 -0.825390881121976
1.46112212571206 -0.807157103761985
1.47636527953266 -0.788118734647192
1.49160843335327 -0.768294751637971
1.50685158717387 -0.747704915711709
1.52209474099447 -0.726369751264639
1.53733789481508 -0.704310525652672
1.55258104863568 -0.681549227991634
1.56782420245628 -0.658108547238038
1.58306735627688 -0.634011849572239
1.59831051009749 -0.609283155106517
1.61355366391809 -0.583947113941306
1.62879681773869 -0.55802898159344
1.6440399715593 -0.531554593820902
1.6592831253799 -0.504550340869177
1.6745262792005 -0.47704314116489
1.68976943302111 -0.44906041448292
1.70501258684171 -0.420630054613784
1.72025574066231 -0.391780401558493
1.73549889448291 -0.362540213278625
1.75074204830352 -0.332938637029761
1.76598520212412 -0.303005180306873
1.78122835594472 -0.272769681430603
1.79647150976533 -0.242262279803783
1.81171466358593 -0.211513385867819
1.82695781740653 -0.180553650788902
1.84220097122714 -0.149413935904261
1.85744412504774 -0.118125281958908
1.87268727886834 -0.0867188781635509
1.88793043268894 -0.0552260311045079
1.90317358650955 -0.0236781335366241
1.91841674033015 0.00789336690971287
1.93365989415075 0.0394569990762527
1.94890304797136 0.0709812996480156
1.96414620179196 0.102434844516613
1.97938935561256 0.133786280104479
1.99463250943317 0.1650043546188
2.00987566325377 0.196057949203978
2.02511881707437 0.22691610896159
2.04036197089497 0.257548073806897
2.05560512471558 0.287923309131166
2.07084827853618 0.318011536239238
2.08609143235678 0.347782762531982
2.10133458617739 0.377207311403576
2.11657773999799 0.406255851823789
2.13182089381859 0.434899427575793
2.1470640476392 0.463109486120348
2.1623072014598 0.490857907057594
2.1775503552804 0.518117030158077
2.192793509101 0.54485968293507
2.20803666292161 0.571059207730695
2.22327981674221 0.596689488288857
2.23852297056281 0.621724975788495
2.25376612438342 0.64614071431121
2.26900927820402 0.669912365717856
2.28425243202462 0.693016233909332
2.29949558584523 0.715429288447371
2.31473873966583 0.737129187511779
2.32998189348643 0.758094300171246
2.34522504730704 0.77830372794553
2.36046820112764 0.797737325637519
2.37571135494824 0.816375721414399
2.39095450876884 0.834200336117917
2.40619766258945 0.851193401784494
2.42144081641005 0.867337979356715
2.43668397023065 0.882617975568547
2.45192712405126 0.897018158987464
2.46717027787186 0.910524175197462
2.48241343169246 0.923122561107861
2.49765658551307 0.934800758373599
2.51289973933367 0.945547125913667
2.52814289315427 0.955350951515195
2.54338604697487 0.964202462511612
2.55862920079548 0.972092835524257
2.57387235461608 0.979014205257714
2.58911550843668 0.98495967234011
2.60435866225729 0.989923310200557
2.61960181607789 0.993900170976888
2.63484496989849 0.996886290447793
2.6500881237191 0.998878691984444
2.6653312775397 0.999875389517657
2.6805744313603 0.999875389517657
2.6958175851809 0.998878691984444
2.71106073900151 0.996886290447793
2.72630389282211 0.993900170976888
2.74154704664271 0.989923310200557
2.75679020046332 0.984959672340111
2.77203335428392 0.979014205257715
2.78727650810452 0.972092835524257
2.80251966192513 0.964202462511612
2.81776281574573 0.955350951515195
2.83300596956633 0.945547125913667
2.84824912338693 0.934800758373599
2.86349227720754 0.923122561107861
2.87873543102814 0.910524175197462
2.89397858484874 0.897018158987464
2.90922173866935 0.882617975568547
2.92446489248995 0.867337979356715
2.93970804631055 0.851193401784495
2.95495120013116 0.834200336117918
2.97019435395176 0.816375721414399
2.98543750777236 0.797737325637519
3.00068066159297 0.77830372794553
3.01592381541357 0.758094300171246
3.03116696923417 0.737129187511779
3.04641012305477 0.715429288447371
3.06165327687538 0.693016233909332
3.07689643069598 0.669912365717855
3.09213958451658 0.64614071431121
3.10738273833719 0.621724975788495
3.12262589215779 0.596689488288856
3.13786904597839 0.571059207730695
3.153112199799 0.54485968293507
3.1683553536196 0.518117030158078
3.1835985074402 0.490857907057595
3.1988416612608 0.463109486120348
3.21408481508141 0.434899427575793
3.22932796890201 0.406255851823789
3.24457112272261 0.377207311403576
3.25981427654322 0.347782762531982
3.27505743036382 0.318011536239239
3.29030058418442 0.287923309131167
3.30554373800503 0.257548073806897
3.32078689182563 0.22691610896159
3.33603004564623 0.196057949203978
3.35127319946683 0.1650043546188
3.36651635328744 0.133786280104479
3.38175950710804 0.102434844516614
3.39700266092864 0.0709812996480162
3.41224581474925 0.0394569990762527
3.42748896856985 0.00789336690971378
3.44273212239045 -0.0236781335366239
3.45797527621106 -0.0552260311045075
3.47321843003166 -0.0867188781635505
3.48846158385226 -0.118125281958908
3.50370473767286 -0.14941393590426
3.51894789149347 -0.180553650788902
3.53419104531407 -0.211513385867819
3.54943419913467 -0.242262279803783
3.56467735295528 -0.272769681430603
3.57992050677588 -0.303005180306872
3.59516366059648 -0.332938637029761
3.61040681441709 -0.362540213278625
3.62564996823769 -0.391780401558493
3.64089312205829 -0.420630054613784
3.65613627587889 -0.44906041448292
3.6713794296995 -0.47704314116489
3.6866225835201 -0.504550340869177
3.7018657373407 -0.531554593820901
3.71710889116131 -0.55802898159344
3.73235204498191 -0.583947113941305
3.74759519880251 -0.609283155106517
3.76283835262312 -0.634011849572238
3.77808150644372 -0.658108547238037
3.79332466026432 -0.681549227991634
3.80856781408492 -0.704310525652671
3.82381096790553 -0.726369751264639
3.83905412172613 -0.747704915711709
3.85429727554673 -0.768294751637971
3.86954042936734 -0.788118734647193
3.88478358318794 -0.807157103761986
3.90002673700854 -0.825390881121977
3.91526989082915 -0.842801890901351
3.93051304464975 -0.859372777426912
3.94575619847035 -0.875087022478593
3.96099935229096 -0.889928961755181
3.97624250611156 -0.903883800488823
3.99148565993216 -0.916937628192789
4.00672881375276 -0.92907743252773
4.02197196757337 -0.940291112272675
4.03721512139397 -0.950567489387783
4.05245827521457 -0.959896320156857
4.06770142903518 -0.968268305398507
4.08294458285578 -0.975675099735774
4.09818773667638 -0.98210931991498
4.11343089049699 -0.987564552165524
4.12867404431759 -0.992035358593258
4.14391719813819 -0.995517282601106
4.15916035195879 -0.998006853331493
4.1744035057794 -0.999501589126174
4.1896466596 -1
4.20963415954975 -0.999501589126174
4.2296216594995 -0.998006853331493
4.24960915944925 -0.995517282601106
4.26959665939899 -0.992035358593258
4.28958415934874 -0.987564552165524
4.30957165929849 -0.982109319914981
4.32955915924824 -0.975675099735774
4.34954665919799 -0.968268305398507
4.36953415914774 -0.959896320156857
4.38952165909749 -0.950567489387783
4.40950915904724 -0.940291112272675
4.42949665899699 -0.92907743252773
4.44948415894673 -0.916937628192789
4.46947165889648 -0.903883800488823
4.48945915884623 -0.88992896175518
4.50944665879598 -0.875087022478594
4.52943415874573 -0.859372777426912
4.54942165869548 -0.842801890901351
4.56940915864523 -0.825390881121976
4.58939665859497 -0.807157103761986
4.60938415854472 -0.788118734647193
4.62937165849447 -0.768294751637971
4.64935915844422 -0.747704915711709
4.66934665839397 -0.72636975126464
4.68933415834372 -0.704310525652672
4.70932165829347 -0.681549227991634
4.72930915824322 -0.658108547238037
4.74929665819297 -0.634011849572238
4.76928415814271 -0.609283155106516
4.78927165809246 -0.583947113941306
4.80925915804221 -0.55802898159344
4.82924665799196 -0.531554593820901
4.84923415794171 -0.504550340869177
4.86922165789146 -0.47704314116489
4.88920915784121 -0.44906041448292
4.90919665779095 -0.420630054613785
4.9291841577407 -0.391780401558494
4.94917165769045 -0.362540213278625
4.9691591576402 -0.332938637029761
4.98914665758995 -0.303005180306873
5.0091341575397 -0.272769681430604
5.02912165748945 -0.242262279803783
5.0491091574392 -0.21151338586782
5.06909665738895 -0.180553650788902
5.08908415733869 -0.149413935904261
5.10907165728844 -0.118125281958908
5.12905915723819 -0.0867188781635505
5.14904665718794 -0.0552260311045082
5.16903415713769 -0.0236781335366241
5.18902165708744 0.00789336690971331
5.20900915703719 0.0394569990762525
5.22899665698693 0.0709812996480156
5.24898415693668 0.102434844516613
5.26897165688643 0.133786280104479
5.28895915683618 0.165004354618799
5.30894665678593 0.196057949203977
5.32893415673568 0.22691610896159
5.34892165668543 0.257548073806896
5.36890915663518 0.287923309131167
5.38889665658492 0.318011536239237
5.40888415653467 0.347782762531983
5.42887165648442 0.377207311403576
5.44885915643417 0.406255851823789
5.46884665638392 0.434899427575793
5.48883415633367 0.463109486120348
5.50882165628342 0.490857907057594
5.52880915623317 0.518117030158078
5.54879665618291 0.54485968293507
5.56878415613266 0.571059207730694
5.58877165608241 0.596689488288856
5.60875915603216 0.621724975788495
5.62874665598191 0.646140714311211
5.64873415593166 0.669912365717855
5.66872165588141 0.693016233909331
5.68870915583116 0.715429288447372
5.7086966557809 0.737129187511779
5.72868415573065 0.758094300171245
5.7486716556804 0.77830372794553
5.76865915563015 0.797737325637519
5.7886466555799 0.816375721414399
5.80863415552965 0.834200336117918
5.8286216554794 0.851193401784495
5.84860915542915 0.867337979356715
5.86859665537889 0.882617975568547
5.88858415532864 0.897018158987463
5.90857165527839 0.910524175197462
5.92855915522814 0.923122561107861
5.94854665517789 0.934800758373598
5.96853415512764 0.945547125913667
5.98852165507739 0.955350951515195
6.00850915502714 0.964202462511612
6.02849665497688 0.972092835524257
6.04848415492663 0.979014205257715
6.06847165487638 0.984959672340111
6.08845915482613 0.989923310200557
6.10844665477588 0.993900170976888
6.12843415472563 0.996886290447793
6.14842165467538 0.998878691984444
6.16840915462513 0.999875389517657
6.18839665457487 0.999875389517657
6.20838415452462 0.998878691984444
6.22837165447437 0.996886290447793
6.24835915442412 0.993900170976888
6.26834665437387 0.989923310200557
6.28833415432362 0.984959672340111
6.30832165427337 0.979014205257714
6.32830915422312 0.972092835524257
6.34829665417286 0.964202462511612
6.36828415412261 0.955350951515195
6.38827165407236 0.945547125913667
6.40825915402211 0.934800758373599
6.42824665397186 0.923122561107861
6.44823415392161 0.910524175197462
6.46822165387136 0.897018158987463
6.48820915382111 0.882617975568547
6.50819665377085 0.867337979356715
6.5281841537206 0.851193401784495
6.54817165367035 0.834200336117918
6.5681591536201 0.816375721414399
6.58814665356985 0.79773732563752
6.6081341535196 0.778303727945529
6.62812165346935 0.758094300171246
6.6481091534191 0.737129187511779
6.66809665336884 0.715429288447372
6.68808415331859 0.693016233909331
6.70807165326834 0.669912365717856
6.72805915321809 0.646140714311209
6.74804665316784 0.621724975788496
6.76803415311759 0.596689488288856
6.78802165306734 0.571059207730696
6.80800915301709 0.54485968293507
6.82799665296683 0.518117030158078
6.84798415291658 0.490857907057594
6.86797165286633 0.463109486120348
6.88795915281608 0.434899427575793
6.90794665276583 0.40625585182379
6.92793415271558 0.377207311403576
6.94792165266533 0.347782762531982
6.96790915261507 0.318011536239239
6.98789665256482 0.287923309131166
7.00788415251457 0.257548073806898
7.02787165246432 0.22691610896159
7.04785915241407 0.196057949203979
7.06784665236382 0.165004354618799
7.08783415231357 0.133786280104478
7.10782165226332 0.102434844516613
7.12780915221307 0.0709812996480162
7.14779665216281 0.0394569990762527
7.16778415211256 0.00789336690971467
7.18777165206231 -0.0236781335366239
7.20775915201206 -0.0552260311045093
7.22774665196181 -0.0867188781635496
7.24773415191156 -0.118125281958907
7.26772165186131 -0.14941393590426
7.28770915181105 -0.180553650788901
7.3076966517608 -0.211513385867818
7.32768415171055 -0.242262279803784
7.3476716516603 -0.272769681430601
7.36765915161005 -0.303005180306873
7.3876466515598 -0.33293863702976
7.40763415150955 -0.362540213278625
7.4276216514593 -0.391780401558494
7.44760915140905 -0.420630054613784
7.46759665135879 -0.44906041448292
7.48758415130854 -0.47704314116489
7.50757165125829 -0.504550340869178
7.52755915120804 -0.531554593820901
7.54754665115779 -0.558028981593441
7.56753415110754 -0.583947113941306
7.58752165105729 -0.609283155106517
7.60750915100703 -0.634011849572238
7.62749665095678 -0.658108547238037
7.64748415090653 -0.681549227991633
7.66747165085628 -0.704310525652672
7.68745915080603 -0.726369751264639
7.70744665075578 -0.747704915711709
7.72743415070553 -0.76829475163797
7.74742165065528 -0.788118734647193
7.76740915060502 -0.807157103761985
7.78739665055477 -0.825390881121976
7.80738415050452 -0.84280189090135
7.82737165045427 -0.859372777426912
7.84735915040402 -0.875087022478594
7.86734665035377 -0.88992896175518
7.88733415030352 -0.903883800488823
7.90732165025327 -0.916937628192789
7.92730915020302 -0.929077432527731
7.94729665015276 -0.940291112272675
7.96728415010251 -0.950567489387783
7.98727165005226 -0.959896320156857
8.00725915000201 -0.968268305398507
8.02724664995176 -0.975675099735774
8.04723414990151 -0.98210931991498
8.06722164985126 -0.987564552165524
8.08720914980101 -0.992035358593258
8.10719664975075 -0.995517282601106
8.1271841497005 -0.998006853331493
8.14717164965025 -0.999501589126174
8.1671591496 -1
8.17564488934673 -0.999501589126174
8.18413062909347 -0.998006853331493
8.1926163688402 -0.995517282601106
8.20110210858693 -0.992035358593258
8.20958784833367 -0.987564552165524
8.2180735880804 -0.98210931991498
8.22655932782714 -0.975675099735773
8.23504506757387 -0.968268305398507
8.2435308073206 -0.959896320156857
8.25201654706734 -0.950567489387783
8.26050228681407 -0.940291112272676
8.2689880265608 -0.929077432527731
8.27747376630754 -0.916937628192789
8.28595950605427 -0.903883800488825
8.294445245801 -0.889928961755182
8.30293098554774 -0.875087022478592
8.31141672529447 -0.859372777426911
8.31990246504121 -0.84280189090135
8.32838820478794 -0.825390881121975
8.33687394453467 -0.807157103761985
8.34535968428141 -0.788118734647192
8.35384542402814 -0.768294751637971
8.36233116377487 -0.74770491571171
8.37081690352161 -0.726369751264641
8.37930264326834 -0.704310525652674
8.38778838301507 -0.681549227991636
8.39627412276181 -0.658108547238036
8.40475986250854 -0.634011849572237
8.41324560225528 -0.609283155106516
8.42173134200201 -0.583947113941305
8.43021708174874 -0.55802898159344
8.43870282149548 -0.531554593820902
8.44718856124221 -0.504550340869178
8.45567430098894 -0.477043141164891
8.46416004073568 -0.449060414482922
8.47264578048241 -0.420630054613787
8.48113152022915 -0.39178040155849
8.48961725997588 -0.362540213278622
8.49810299972261 -0.33293863702976
8.50658873946935 -0.303005180306872
8.51507447921608 -0.272769681430603
8.52356021896281 -0.242262279803783
8.53204595870955 -0.21151338586782
8.54053169845628 -0.180553650788904
8.54901743820301 -0.149413935904263
8.55750317794975 -0.11812528195891
8.56598891769648 -0.0867188781635474
8.57447465744322 -0.0552260311045055
8.58296039718995 -0.0236781335366219
8.59144613693668 0.00789336690971464
8.59993187668342 0.0394569990762536
8.60841761643015 0.070981299648016
8.61690335617688 0.102434844516613
8.62538909592362 0.133786280104478
8.63387483567035 0.165004354618798
8.64236057541708 0.196057949203976
8.65084631516382 0.226916108961587
8.65933205491055 0.257548073806899
8.66781779465729 0.287923309131169
8.67630353440402 0.31801153623924
8.68478927415075 0.347782762531983
8.69327501389749 0.377207311403576
8.70176075364422 0.406255851823789
8.71024649339095 0.434899427575792
8.71873223313769 0.463109486120347
8.72721797288442 0.490857907057592
8.73570371263115 0.518117030158075
8.74418945237789 0.544859682935067
8.75267519212462 0.571059207730697
8.76116093187136 0.596689488288857
8.76964667161809 0.621724975788496
8.77813241136482 0.64614071431121
8.78661815111156 0.669912365717855
8.79510389085829 0.693016233909331
8.80358963060502 0.71542928844737
8.81207537035176 0.737129187511778
8.82056111009849 0.758094300171244
8.82904684984523 0.778303727945528
8.83753258959196 0.797737325637517
8.84601832933869 0.8163757214144
8.85450406908543 0.834200336117919
8.86298980883216 0.851193401784495
8.87147554857889 0.867337979356715
8.87996128832563 0.882617975568547
8.88844702807236 0.897018158987463
8.8969327678191 0.910524175197461
8.90541850756583 0.92312256110786
8.91390424731256 0.934800758373597
8.9223899870593 0.945547125913668
8.93087572680603 0.955350951515196
8.93936146655276 0.964202462511612
8.9478472062995 0.972092835524257
8.95633294604623 0.979014205257715
8.96481868579296 0.984959672340111
8.9733044255397 0.989923310200557
8.98179016528643 0.993900170976888
8.99027590503317 0.996886290447793
8.9987616447799 0.998878691984443
9.00724738452663 0.999875389517657
9.01573312427337 0.999875389517657
9.0242188640201 0.998878691984443
9.03270460376683 0.996886290447793
9.04119034351357 0.993900170976888
9.0496760832603 0.989923310200557
9.05816182300704 0.984959672340111
9.06664756275377 0.979014205257715
9.0751333025005 0.972092835524257
9.08361904224724 0.964202462511612
9.09210478199397 0.955350951515196
9.1005905217407 0.945547125913668
9.10907626148744 0.934800758373597
9.11756200123417 0.92312256110786
9.1260477409809 0.910524175197462
9.13453348072764 0.897018158987463
9.14301922047437 0.882617975568547
9.15150496022111 0.867337979356715
9.15999069996784 0.851193401784495
9.16847643971457 0.834200336117919
9.17696217946131 0.816375721414401
9.18544791920804 0.797737325637517
9.19393365895477 0.778303727945528
9.20241939870151 0.758094300171244
9.21090513844824 0.737129187511778
9.21939087819498 0.715429288447371
9.22787661794171 0.693016233909331
9.23636235768844 0.669912365717855
9.24484809743518 0.646140714311211
9.25333383718191 0.621724975788497
9.26181957692864 0.596689488288858
9.27030531667538 0.571059207730697
9.27879105642211 0.544859682935068
9.28727679616884 0.518117030158076
9.29576253591558 0.490857907057592
9.30424827566231 0.463109486120347
9.31273401540905 0.434899427575792
9.32121975515578 0.406255851823789
9.32970549490251 0.377207311403576
9.33819123464925 0.347782762531984
9.34667697439598 0.31801153623924
9.35516271414271 0.287923309131169
9.36364845388945 0.2575480738069
9.37213419363618 0.226916108961588
9.38061993338292 0.196057949203975
9.38910567312965 0.165004354618798
9.39759141287638 0.133786280104478
9.40607715262312 0.102434844516613
9.41456289236985 0.0709812996480162
9.42304863211658 0.0394569990762536
9.43153437186332 0.00789336690971467
9.44002011161005 -0.0236781335366212
9.44850585135678 -0.0552260311045057
9.45699159110352 -0.0867188781635531
9.46547733085025 -0.118125281958911
9.47396307059699 -0.149413935904263
9.48244881034372 -0.180553650788904
9.49093455009045 -0.211513385867819
9.49942028983719 -0.242262279803783
9.50790602958392 -0.272769681430602
9.51639176933065 -0.303005180306871
9.52487750907739 -0.332938637029759
9.53336324882412 -0.362540213278622
9.54184898857086 -0.391780401558497
9.55033472831759 -0.42063005461378
9.55882046806432 -0.449060414482922
9.56730620781106 -0.477043141164891
9.57579194755779 -0.504550340869178
9.58427768730452 -0.531554593820901
9.59276342705126 -0.55802898159344
9.60124916679799 -0.583947113941305
9.60973490654472 -0.609283155106515
9.61822064629146 -0.634011849572237
9.62670638603819 -0.658108547238035
9.63519212578493 -0.681549227991636
9.64367786553166 -0.704310525652669
9.65216360527839 -0.726369751264641
9.66064934502513 -0.747704915711709
9.66913508477186 -0.768294751637971
9.67762082451859 -0.788118734647193
9.68610656426533 -0.807157103761985
9.69459230401206 -0.825390881121975
9.70307804375879 -0.842801890901349
9.71156378350553 -0.859372777426911
9.72004952325226 -0.875087022478592
9.728535262999 -0.889928961755181
9.73702100274573 -0.903883800488824
9.74550674249246 -0.916937628192789
9.7539924822392 -0.929077432527731
9.76247822198593 -0.940291112272676
9.77096396173266 -0.950567489387782
9.7794497014794 -0.959896320156857
9.78793544122613 -0.968268305398507
9.79642118097286 -0.975675099735773
9.8049069207196 -0.982109319914981
9.81339266046633 -0.987564552165524
9.82187840021307 -0.992035358593258
9.8303641399598 -0.995517282601106
9.83884987970653 -0.998006853331493
9.84733561945327 -0.999501589126174
9.8558213592 -1
9.87183459319246 -0.999501589126174
9.88784782718492 -0.998006853331493
9.90386106117739 -0.995517282601106
9.91987429516985 -0.992035358593258
9.93588752916231 -0.987564552165524
9.95190076315477 -0.982109319914981
9.96791399714724 -0.975675099735773
9.9839272311397 -0.968268305398507
9.99994046513216 -0.959896320156857
10.0159536991246 -0.950567489387783
10.0319669331171 -0.940291112272676
10.0479801671095 -0.92907743252773
10.063993401102 -0.916937628192789
10.0800066350945 -0.903883800488824
10.0960198690869 -0.889928961755181
10.1120331030794 -0.875087022478593
10.1280463370719 -0.859372777426912
10.1440595710643 -0.842801890901351
10.1600728050568 -0.825390881121977
10.1760860390492 -0.807157103761984
10.1920992730417 -0.788118734647192
10.2081125070342 -0.768294751637971
10.2241257410266 -0.747704915711709
10.2401389750191 -0.72636975126464
10.2561522090116 -0.704310525652671
10.272165443004 -0.681549227991634
10.2881786769965 -0.658108547238038
10.3041919109889 -0.63401184957224
10.3202051449814 -0.609283155106515
10.3362183789739 -0.583947113941306
10.3522316129663 -0.55802898159344
10.3682448469588 -0.531554593820902
10.3842580809513 -0.504550340869179
10.4002713149437 -0.477043141164889
10.4162845489362 -0.44906041448292
10.4322977829286 -0.420630054613785
10.4483110169211 -0.391780401558494
10.4643242509136 -0.362540213278623
10.480337484906 -0.332938637029761
10.4963507188985 -0.303005180306873
10.512363952891 -0.272769681430604
10.5283771868834 -0.242262279803781
10.5443904208759 -0.211513385867818
10.5604036548683 -0.180553650788902
10.5764168888608 -0.149413935904262
10.5924301228533 -0.118125281958909
10.6084433568457 -0.0867188781635494
10.6244565908382 -0.0552260311045077
10.6404698248307 -0.0236781335366243
10.6564830588231 0.0078933669097122
10.6724962928156 0.0394569990762545
10.688509526808 0.0709812996480167
10.7045227608005 0.102434844516613
10.720535994793 0.133786280104478
10.7365492287854 0.165004354618798
10.7525624627779 0.196057949203979
10.7685756967704 0.22691610896159
10.7845889307628 0.257548073806896
10.8006021647553 0.287923309131165
10.8166153987477 0.31801153623924
10.8326286327402 0.347782762531983
10.8486418667327 0.377207311403576
10.8646551007251 0.406255851823788
10.8806683347176 0.434899427575791
10.8966815687101 0.463109486120348
10.9126948027025 0.490857907057594
10.928708036695 0.518117030158077
10.9447212706874 0.544859682935069
10.9607345046799 0.571059207730696
10.9767477386724 0.596689488288856
10.9927609726648 0.621724975788495
11.0087742066573 0.646140714311209
11.0247874406497 0.669912365717856
11.0408006746422 0.693016233909332
11.0568139086347 0.715429288447371
11.0728271426271 0.737129187511778
11.0888403766196 0.758094300171244
11.1048536106121 0.778303727945531
11.1208668446045 0.79773732563752
11.136880078597 0.816375721414399
11.1528933125894 0.834200336117917
11.1689065465819 0.851193401784494
11.1849197805744 0.867337979356715
11.2009330145668 0.882617975568547
11.2169462485593 0.897018158987463
11.2329594825518 0.910524175197463
11.2489727165442 0.923122561107861
11.2649859505367 0.934800758373598
11.2809991845291 0.945547125913667
11.2970124185216 0.955350951515194
11.3130256525141 0.964202462511612
11.3290388865065 0.972092835524257
11.345052120499 0.979014205257714
11.3610653544915 0.98495967234011
11.3770785884839 0.989923310200557
11.3930918224764 0.993900170976888
11.4091050564688 0.996886290447793
11.4251182904613 0.998878691984444
11.4411315244538 0.999875389517657
11.4571447584462 0.999875389517657
11.4731579924387 0.998878691984444
11.4891712264312 0.996886290447793
11.5051844604236 0.993900170976888
11.5211976944161 0.989923310200557
11.5372109284085 0.98495967234011
11.553224162401 0.979014205257715
11.5692373963935 0.972092835524257
11.5852506303859 0.964202462511612
11.6012638643784 0.955350951515194
11.6172770983709 0.945547125913667
11.6332903323633 0.934800758373598
11.6493035663558 0.923122561107861
11.6653168003482 0.910524175197463
11.6813300343407 0.897018158987463
11.6973432683332 0.882617975568547
11.7133565023256 0.867337979356715
11.7293697363181 0.851193401784495
11.7453829703106 0.834200336117917
11.761396204303 0.816375721414399
11.7774094382955 0.79773732563752
11.7934226722879 0.778303727945531
11.8094359062804 0.758094300171245
11.8254491402729 0.737129187511778
11.8414623742653 0.715429288447371
11.8574756082578 0.693016233909332
11.8734888422503 0.669912365717857
11.8895020762427 0.646140714311209
11.9055153102352 0.621724975788495
11.9215285442276 0.596689488288856
11.9375417782201 0.571059207730694
11.9535550122126 0.54485968293507
11.969568246205 0.518117030158077
11.9855814801975 0.490857907057594
12.0015947141899 0.463109486120349
12.0176079481824 0.434899427575792
12.0336211821749 0.406255851823788
12.0496344161673 0.377207311403576
12.0656476501598 0.347782762531983
12.0816608841523 0.31801153623924
12.0976741181447 0.287923309131166
12.1136873521372 0.257548073806896
12.1297005861296 0.22691610896159
12.1457138201221 0.196057949203976
12.1617270541146 0.165004354618802
12.177740288107 0.133786280104478
12.1937535220995 0.102434844516613
12.209766756092 0.0709812996480171
12.2257799900844 0.0394569990762509
12.2417932240769 0.00789336690971644
12.2578064580693 -0.0236781335366239
12.2738196920618 -0.0552260311045075
12.2898329260543 -0.0867188781635487
12.3058461600467 -0.118125281958909
12.3218593940392 -0.149413935904261
12.3378726280317 -0.180553650788901
12.3538858620241 -0.211513385867818
12.3698990960166 -0.242262279803781
12.385912330009 -0.272769681430604
12.4019255640015 -0.303005180306873
12.417938797994 -0.332938637029761
12.4339520319864 -0.362540213278622
12.4499652659789 -0.39178040155849
12.4659784999714 -0.420630054613784
12.4819917339638 -0.44906041448292
12.4980049679563 -0.477043141164889
12.5140182019487 -0.504550340869179
12.5300314359412 -0.531554593820901
12.5460446699337 -0.558028981593439
12.5620579039261 -0.583947113941305
12.5780711379186 -0.609283155106515
12.5940843719111 -0.63401184957224
12.6100976059035 -0.658108547238037
12.626110839896 -0.681549227991633
12.6421240738884 -0.704310525652674
12.6581373078809 -0.72636975126464
12.6741505418734 -0.747704915711709
12.6901637758658 -0.768294751637971
12.7061770098583 -0.788118734647191
12.7221902438508 -0.807157103761986
12.7382034778432 -0.825390881121977
12.7542167118357 -0.842801890901351
12.7702299458281 -0.859372777426912
12.7862431798206 -0.875087022478593
12.8022564138131 -0.889928961755181
12.8182696478055 -0.903883800488824
12.834282881798 -0.916937628192789
12.8502961157905 -0.92907743252773
12.8663093497829 -0.940291112272675
12.8823225837754 -0.950567489387783
12.8983358177678 -0.959896320156857
12.9143490517603 -0.968268305398507
12.9303622857528 -0.975675099735774
12.9463755197452 -0.98210931991498
12.9623887537377 -0.987564552165524
12.9784019877301 -0.992035358593258
12.9944152217226 -0.995517282601106
13.0104284557151 -0.998006853331493
13.0264416897075 -0.999501589126174
13.0424549237 -1
13.0593017623633 -0.999501589126174
13.0761486010266 -0.998006853331493
13.0929954396899 -0.995517282601106
13.1098422783533 -0.992035358593258
13.1266891170166 -0.987564552165524
13.1435359556799 -0.98210931991498
13.1603827943432 -0.975675099735774
13.1772296330065 -0.968268305398508
13.1940764716698 -0.959896320156857
13.2109233103332 -0.950567489387783
13.2277701489965 -0.940291112272675
13.2446169876598 -0.929077432527731
13.2614638263231 -0.916937628192788
13.2783106649864 -0.903883800488824
13.2951575036497 -0.889928961755181
13.3120043423131 -0.875087022478594
13.3288511809764 -0.859372777426913
13.3456980196397 -0.84280189090135
13.362544858303 -0.825390881121977
13.3793916969663 -0.807157103761985
13.3962385356296 -0.788118734647193
13.413085374293 -0.76829475163797
13.4299322129563 -0.747704915711709
13.4467790516196 -0.72636975126464
13.4636258902829 -0.704310525652672
13.4804727289462 -0.681549227991634
13.4973195676095 -0.658108547238037
13.5141664062729 -0.634011849572239
13.5310132449362 -0.609283155106516
13.5478600835995 -0.583947113941306
13.5647069222628 -0.558028981593441
13.5815537609261 -0.531554593820901
13.5984005995894 -0.504550340869178
13.6152474382528 -0.477043141164889
13.6320942769161 -0.449060414482921
13.6489411155794 -0.420630054613783
13.6657879542427 -0.391780401558493
13.682634792906 -0.362540213278626
13.6994816315693 -0.332938637029761
13.7163284702327 -0.303005180306874
13.733175308896 -0.272769681430602
13.7500221475593 -0.242262279803784
13.7668689862226 -0.211513385867818
13.7837158248859 -0.180553650788902
13.8005626635492 -0.149413935904262
13.8174095022126 -0.118125281958908
13.8342563408759 -0.086718878163552
13.8511031795392 -0.0552260311045073
13.8679500182025 -0.0236781335366248
13.8847968568658 0.00789336690971464
13.9016436955291 0.0394569990762525
13.9184905341925 0.0709812996480142
13.9353373728558 0.102434844516614
13.9521842115191 0.133786280104478
13.9690310501824 0.1650043546188
13.9858778888457 0.196057949203977
14.002724727509 0.226916108961591
14.0195715661724 0.257548073806896
14.0364184048357 0.287923309131168
14.053265243499 0.318011536239238
14.0701120821623 0.347782762531981
14.0869589208256 0.377207311403577
14.1038057594889 0.406255851823788
14.1206525981523 0.434899427575794
14.1374994368156 0.463109486120347
14.1543462754789 0.490857907057595
14.1711931141422 0.518117030158078
14.1880399528055 0.544859682935069
14.2048867914688 0.571059207730695
14.2217336301322 0.596689488288855
14.2385804687955 0.621724975788496
14.2554273074588 0.64614071431121
14.2722741461221 0.669912365717856
14.2891209847854 0.693016233909332
14.3059678234487 0.71542928844737
14.3228146621121 0.737129187511779
14.3396615007754 0.758094300171245
14.3565083394387 0.778303727945531
14.373355178102 0.797737325637519
14.3902020167653 0.8163757214144
14.4070488554286 0.834200336117917
14.423895694092 0.851193401784495
14.4407425327553 0.867337979356715
14.4575893714186 0.882617975568546
14.4744362100819 0.897018158987464
14.4912830487452 0.910524175197462
14.5081298874085 0.923122561107861
14.5249767260719 0.934800758373598
14.5418235647352 0.945547125913667
14.5586704033985 0.955350951515195
14.5755172420618 0.964202462511611
14.5923640807251 0.972092835524257
14.6092109193884 0.979014205257714
14.6260577580518 0.984959672340111
14.6429045967151 0.989923310200557
14.6597514353784 0.993900170976888
14.6765982740417 0.996886290447793
14.693445112705 0.998878691984444
14.7102919513683 0.999875389517657
14.7271387900317 0.999875389517657
14.743985628695 0.998878691984444
14.7608324673583 0.996886290447793
14.7776793060216 0.993900170976888
14.7945261446849 0.989923310200557
14.8113729833482 0.984959672340111
14.8282198220116 0.979014205257714
14.8450666606749 0.972092835524257
14.8619134993382 0.964202462511612
14.8787603380015 0.955350951515195
14.8956071766648 0.945547125913667
14.9124540153281 0.934800758373598
14.9293008539915 0.923122561107861
14.9461476926548 0.910524175197462
14.9629945313181 0.897018158987464
14.9798413699814 0.882617975568546
14.9966882086447 0.867337979356715
15.013535047308 0.851193401784496
15.0303818859714 0.834200336117918
15.0472287246347 0.816375721414398
15.064075563298 0.797737325637519
15.0809224019613 0.778303727945531
15.0977692406246 0.758094300171245
15.1146160792879 0.73712918751178
15.1314629179513 0.715429288447371
15.1483097566146 0.693016233909332
15.1651565952779 0.669912365717856
15.1820034339412 0.646140714311209
15.1988502726045 0.621724975788496
15.2156971112678 0.596689488288855
15.2325439499312 0.571059207730696
15.2493907885945 0.54485968293507
15.2662376272578 0.518117030158078
15.2830844659211 0.490857907057592
15.2999313045844 0.463109486120348
15.3167781432477 0.434899427575794
15.3336249819111 0.406255851823789
15.3504718205744 0.377207311403577
15.3673186592377 0.347782762531982
15.384165497901 0.318011536239239
15.4010123365643 0.287923309131168
15.4178591752276 0.257548073806896
15.434706013891 0.226916108961591
15.4515528525543 0.196057949203978
15.4683996912176 0.1650043546188
15.4852465298809 0.133786280104478
15.5020933685442 0.102434844516614
15.5189402072075 0.0709812996480145
15.5357870458709 0.0394569990762527
15.5526338845342 0.00789336690971467
15.5694807231975 -0.0236781335366247
15.5863275618608 -0.0552260311045075
15.6031744005241 -0.0867188781635514
15.6200212391874 -0.118125281958907
15.6368680778508 -0.14941393590426
15.6537149165141 -0.180553650788902
15.6705617551774 -0.211513385867817
15.6874085938407 -0.242262279803784
15.704255432504 -0.272769681430601
15.7211022711673 -0.303005180306874
15.7379491098307 -0.33293863702976
15.754795948494 -0.362540213278626
15.7716427871573 -0.391780401558493
15.7884896258206 -0.420630054613783
15.8053364644839 -0.44906041448292
15.8221833031472 -0.477043141164892
15.8390301418106 -0.504550340869178
15.8558769804739 -0.531554593820901
15.8727238191372 -0.558028981593441
15.8895706578005 -0.583947113941306
15.9064174964638 -0.609283155106515
15.9232643351271 -0.634011849572239
15.9401111737905 -0.658108547238037
15.9569580124538 -0.681549227991634
15.9738048511171 -0.704310525652672
15.9906516897804 -0.72636975126464
16.0074985284437 -0.747704915711709
16.024345367107 -0.768294751637969
16.0411922057704 -0.78811873464719
16.0580390444337 -0.807157103761987
16.074885883097 -0.825390881121977
16.0917327217603 -0.84280189090135
16.1085795604236 -0.859372777426911
16.1254263990869 -0.875087022478595
16.1422732377503 -0.889928961755181
16.1591200764136 -0.903883800488824
16.1759669150769 -0.916937628192788
16.1928137537402 -0.929077432527729
16.2096605924035 -0.940291112272677
16.2265074310668 -0.950567489387783
16.2433542697302 -0.959896320156857
16.2602011083935 -0.968268305398507
16.2770479470568 -0.975675099735774
16.2938947857201 -0.982109319914981
16.3107416243834 -0.987564552165524
16.3275884630467 -0.992035358593258
16.34443530171 -0.995517282601106
16.3612821403734 -0.998006853331494
16.3781289790367 -0.999501589126174
16.3949758177 -1
16.400119898191 -0.999501589126174
16.4052639786819 -0.998006853331494
16.4104080591729 -0.995517282601105
16.4155521396638 -0.992035358593258
16.4206962201548 -0.987564552165524
16.4258403006457 -0.982109319914982
16.4309843811367 -0.975675099735772
16.4361284616276 -0.968268305398507
16.4412725421186 -0.959896320156858
16.4464166226095 -0.950567489387785
16.4515607031005 -0.940291112272673
16.4567047835915 -0.929077432527729
16.4618488640824 -0.916937628192789
16.4669929445734 -0.903883800488826
16.4721370250643 -0.889928961755176
16.4772811055553 -0.875087022478591
16.4824251860462 -0.859372777426912
16.4875692665372 -0.842801890901354
16.4927133470281 -0.825390881121982
16.4978574275191 -0.807157103761982
16.5030015080101 -0.788118734647192
16.508145588501 -0.768294751637973
16.513289668992 -0.747704915711715
16.5184337494829 -0.726369751264634
16.5235778299739 -0.704310525652671
16.5287219104648 -0.681549227991636
16.5338659909558 -0.658108547238044
16.5390100714467 -0.634011849572232
16.5441541519377 -0.609283155106514
16.5492982324286 -0.583947113941308
16.5544423129196 -0.558028981593446
16.5595863934106 -0.531554593820893
16.5647304739015 -0.504550340869173
16.5698745543925 -0.47704314116489
16.5750186348834 -0.449060414482926
16.5801627153744 -0.420630054613794
16.5853067958653 -0.391780401558488
16.5904508763563 -0.362540213278624
16.5955949568472 -0.332938637029765
16.6007390373382 -0.303005180306882
16.6058831178291 -0.272769681430597
16.6110271983201 -0.242262279803782
16.6161712788111 -0.211513385867822
16.621315359302 -0.180553650788911
16.626459439793 -0.149413935904253
16.6316035202839 -0.118125281958905
16.6367476007749 -0.0867188781635529
16.6418916812658 -0.0552260311045155
16.6470357617568 -0.0236781335366148
16.6521798422477 0.00789336690971753
16.6573239227387 0.0394569990762518
16.6624680032296 0.0709812996480096
16.6676120837206 0.102434844516624
16.6727561642116 0.133786280104485
16.6779002447025 0.165004354618799
16.6830443251935 0.196057949203973
16.6881884056844 0.22691610896158
16.6933324861754 0.257548073806903
16.6984765666663 0.287923309131168
16.7036206471573 0.318011536239235
16.7087647276482 0.347782762531974
16.7139088081392 0.377207311403583
16.7190528886302 0.406255851823791
16.7241969691211 0.434899427575791
16.7293410496121 0.463109486120341
16.734485130103 0.490857907057602
16.739629210594 0.518117030158081
16.7447732910849 0.544859682935069
16.7499173715759 0.57105920773069
16.7550614520668 0.596689488288864
16.7602055325578 0.621724975788499
16.7653496130487 0.64614071431121
16.7704936935397 0.669912365717851
16.7756377740307 0.693016233909324
16.7807818545216 0.715429288447376
16.7859259350126 0.737129187511779
16.7910700155035 0.758094300171243
16.7962140959945 0.778303727945524
16.8013581764854 0.797737325637524
16.8065022569764 0.8163757214144
16.8116463374673 0.834200336117916
16.8167904179583 0.851193401784491
16.8219344984492 0.867337979356719
16.8270785789402 0.882617975568548
16.8322226594312 0.897018158987463
16.8373667399221 0.910524175197459
16.8425108204131 0.923122561107865
16.847654900904 0.9348007583736
16.852798981395 0.945547125913667
16.8579430618859 0.955350951515193
16.8630871423769 0.964202462511609
16.8682312228678 0.972092835524258
16.8733753033588 0.979014205257715
16.8785193838497 0.98495967234011
16.8836634643407 0.989923310200556
16.8888075448317 0.993900170976889
16.8939516253226 0.996886290447793
16.8990957058136 0.998878691984443
16.9042397863045 0.999875389517657
16.9093838667955 0.999875389517657
16.9145279472864 0.998878691984443
16.9196720277774 0.996886290447793
16.9248161082683 0.993900170976889
16.9299601887593 0.989923310200556
16.9351042692503 0.98495967234011
16.9402483497412 0.979014205257715
16.9453924302322 0.972092835524258
16.9505365107231 0.964202462511609
16.9556805912141 0.955350951515193
16.960824671705 0.945547125913667
16.965968752196 0.9348007583736
16.9711128326869 0.923122561107865
16.9762569131779 0.91052417519746
16.9814009936688 0.897018158987463
16.9865450741598 0.882617975568548
16.9916891546508 0.867337979356719
16.9968332351417 0.85119340178449
17.0019773156327 0.834200336117916
17.0071213961236 0.816375721414401
17.0122654766146 0.797737325637524
17.0174095571055 0.778303727945524
17.0225536375965 0.758094300171243
17.0276977180874 0.73712918751178
17.0328417985784 0.715429288447376
17.0379858790693 0.69301623390934
17.0431299595603 0.669912365717852
17.0482740400513 0.646140714311209
17.0534181205422 0.621724975788499
17.0585622010332 0.596689488288864
17.0637062815241 0.571059207730689
17.0688503620151 0.54485968293507
17.073994442506 0.518117030158081
17.079138522997 0.490857907057601
17.0842826034879 0.463109486120341
17.0894266839789 0.434899427575791
17.0945707644699 0.406255851823791
17.0997148449608 0.377207311403584
17.1048589254518 0.347782762531974
17.1100030059427 0.318011536239235
17.1151470864337 0.287923309131167
17.1202911669246 0.257548073806903
17.1254352474156 0.226916108961581
17.1305793279065 0.196057949203973
17.1357234083975 0.1650043546188
17.1408674888884 0.133786280104485
17.1460115693794 0.102434844516624
17.1511556498704 0.07098129964801
17.1562997303613 0.0394569990762518
17.1614438108523 0.00789336690971733
17.1665878913432 -0.0236781335366141
17.1717319718342 -0.0552260311045155
17.1768760523251 -0.0867188781635523
17.1820201328161 -0.118125281958904
17.187164213307 -0.149413935904253
17.192308293798 -0.18055365078891
17.1974523742889 -0.211513385867823
17.2025964547799 -0.242262279803781
17.2077405352709 -0.272769681430596
17.2128846157618 -0.303005180306882
17.2180286962528 -0.332938637029765
17.2231727767437 -0.362540213278624
17.2283168572347 -0.391780401558488
17.2334609377256 -0.420630054613794
17.2386050182166 -0.449060414482925
17.2437490987075 -0.47704314116489
17.2488931791985 -0.504550340869173
17.2540372596894 -0.531554593820893
17.2591813401804 -0.558028981593445
17.2643254206714 -0.583947113941308
17.2694695011623 -0.609283155106514
17.2746135816533 -0.634011849572232
17.2797576621442 -0.658108547238044
17.2849017426352 -0.681549227991636
17.2900458231261 -0.70431052565267
17.2951899036171 -0.726369751264634
17.300333984108 -0.747704915711715
17.305478064599 -0.768294751637973
17.31062214509 -0.788118734647192
17.3157662255809 -0.807157103761981
17.3209103060719 -0.82539088112197
17.3260543865628 -0.842801890901353
17.3311984670538 -0.859372777426912
17.3363425475447 -0.875087022478591
17.3414866280357 -0.889928961755176
17.3466307085266 -0.903883800488826
17.3517747890176 -0.916937628192789
17.3569188695085 -0.929077432527729
17.3620629499995 -0.940291112272673
17.3672070304905 -0.950567489387785
17.3723511109814 -0.959896320156858
17.3774951914724 -0.968268305398507
17.3826392719633 -0.975675099735772
17.3877833524543 -0.982109319914982
17.3929274329452 -0.987564552165524
17.3980715134362 -0.992035358593258
17.4032155939271 -0.995517282601105
17.4083596744181 -0.998006853331494
17.413503754909 -0.999501589126174
17.4186478354 -1
17.4344182765849 -0.999501589126174
17.4501887177699 -0.998006853331493
17.4659591589548 -0.995517282601106
17.4817296001397 -0.992035358593258
17.4975000413246 -0.987564552165524
17.5132704825096 -0.98210931991498
17.5290409236945 -0.975675099735774
17.5448113648794 -0.968268305398508
17.5605818060643 -0.959896320156857
17.5763522472492 -0.950567489387783
17.5921226884342 -0.940291112272675
17.6078931296191 -0.929077432527731
17.623663570804 -0.916937628192787
17.6394340119889 -0.903883800488823
17.6552044531739 -0.889928961755182
17.6709748943588 -0.875087022478593
17.6867453355437 -0.859372777426913
17.7025157767286 -0.842801890901349
17.7182862179136 -0.825390881121977
17.7340566590985 -0.807157103761983
17.7498271002834 -0.788118734647192
17.7655975414683 -0.768294751637973
17.7813679826533 -0.747704915711708
17.7971384238382 -0.726369751264641
17.8129088650231 -0.704310525652671
17.828679306208 -0.681549227991634
17.844449747393 -0.658108547238035
17.8602201885779 -0.634011849572239
17.8759906297628 -0.609283155106519
17.8917610709477 -0.583947113941305
17.9075315121327 -0.558028981593442
17.9233019533176 -0.531554593820899
17.9390723945025 -0.504550340869178
17.9548428356874 -0.477043141164887
17.9706132768724 -0.44906041448292
17.9863837180573 -0.420630054613787
18.0021541592422 -0.391780401558492
18.0179246004271 -0.362540213278626
18.0336950416121 -0.332938637029759
18.049465482797 -0.303005180306873
18.0652359239819 -0.272769681430607
18.0810063651668 -0.242262279803783
18.0967768063518 -0.211513385867821
18.1125472475367 -0.180553650788901
18.1283176887216 -0.149413935904262
18.1440881299065 -0.118125281958906
18.1598585710915 -0.0867188781635516
18.1756290122764 -0.0552260311045117
18.1913994534613 -0.0236781335366234
18.2071698946462 0.00789336690971065
18.2229403358312 0.0394569990762543
18.2387107770161 0.0709812996480142
18.254481218201 0.102434844516616
18.2702516593859 0.133786280104479
18.2860221005709 0.165004354618796
18.3017925417558 0.196057949203978
18.3175629829407 0.226916108961588
18.3333334241256 0.257548073806898
18.3491038653106 0.287923309131165
18.3648743064955 0.318011536239241
18.3806447476804 0.347782762531982
18.3964151888653 0.377207311403573
18.4121856300503 0.406255851823789
18.4279560712352 0.434899427575791
18.4437265124201 0.463109486120349
18.459496953605 0.490857907057592
18.47526739479 0.518117030158079
18.4910378359749 0.54485968293507
18.5068082771598 0.571059207730692
18.5225787183447 0.596689488288857
18.5383491595296 0.621724975788493
18.5541196007146 0.646140714311211
18.5698900418995 0.669912365717854
18.5856604830844 0.693016233909334
18.6014309242693 0.715429288447371
18.6172013654543 0.737129187511777
18.6329718066392 0.758094300171246
18.6487422478241 0.778303727945528
18.664512689009 0.79773732563752
18.680283130194 0.816375721414398
18.6960535713789 0.834200336117919
18.7118240125638 0.851193401784495
18.7275944537487 0.867337979356713
18.7433648949337 0.882617975568547
18.7591353361186 0.897018158987463
18.7749057773035 0.910524175197463
18.7906762184884 0.92312256110786
18.8064466596734 0.934800758373599
18.8222171008583 0.945547125913667
18.8379875420432 0.955350951515194
18.8537579832281 0.964202462511612
18.8695284244131 0.972092835524257
18.885298865598 0.979014205257715
18.9010693067829 0.98495967234011
18.9168397479678 0.989923310200558
18.9326101891528 0.993900170976888
18.9483806303377 0.996886290447793
18.9641510715226 0.998878691984444
18.9799215127075 0.999875389517657
18.9956919538925 0.999875389517657
19.0114623950774 0.998878691984444
19.0272328362623 0.996886290447793
19.0430032774472 0.993900170976888
19.0587737186322 0.989923310200558
19.0745441598171 0.98495967234011
19.090314601002 0.979014205257715
19.1060850421869 0.972092835524257
19.1218554833719 0.964202462511612
19.1376259245568 0.955350951515194
19.1533963657417 0.945547125913667
19.1691668069266 0.934800758373599
19.1849372481116 0.92312256110786
19.2007076892965 0.910524175197463
19.2164781304814 0.897018158987463
19.2322485716663 0.882617975568547
19.2480190128513 0.867337979356713
19.2637894540362 0.851193401784495
19.2795598952211 0.834200336117919
19.295330336406 0.816375721414398
19.311100777591 0.797737325637521
19.3268712187759 0.778303727945529
19.3426416599608 0.758094300171246
19.3584121011457 0.737129187511777
19.3741825423307 0.715429288447371
19.3899529835156 0.693016233909334
19.4057234247005 0.669912365717854
19.4214938658854 0.646140714311211
19.4372643070704 0.621724975788494
19.4530347482553 0.596689488288856
19.4688051894402 0.571059207730692
19.4845756306251 0.54485968293507
19.50034607181 0.51811703015808
19.516116512995 0.490857907057593
19.5318869541799 0.463109486120349
19.5476573953648 0.434899427575791
19.5634278365497 0.40625585182379
19.5791982777347 0.377207311403573
19.5949687189196 0.347782762531982
19.6107391601045 0.31801153623924
19.6265096012894 0.287923309131165
19.6422800424744 0.257548073806898
19.6580504836593 0.226916108961588
19.6738209248442 0.196057949203979
19.6895913660291 0.165004354618796
19.7053618072141 0.133786280104478
19.721132248399 0.102434844516616
19.7369026895839 0.0709812996480145
19.7526731307688 0.0394569990762545
19.7684435719538 0.00789336690971111
19.7842140131387 -0.0236781335366239
19.7999844543236 -0.0552260311045119
19.8157548955085 -0.0867188781635514
19.8315253366935 -0.118125281958905
19.8472957778784 -0.149413935904262
19.8630662190633 -0.1805536507889
19.8788366602482 -0.211513385867822
19.8946071014332 -0.242262279803782
19.9103775426181 -0.272769681430607
19.926147983803 -0.303005180306873
19.9419184249879 -0.332938637029759
19.9576888661729 -0.362540213278626
19.9734593073578 -0.391780401558491
19.9892297485427 -0.420630054613787
20.0050001897276 -0.44906041448292
20.0207706309126 -0.477043141164893
20.0365410720975 -0.504550340869178
20.0523115132824 -0.5315545938209
20.0680819544673 -0.558028981593442
20.0838523956523 -0.583947113941304
20.0996228368372 -0.609283155106518
20.1153932780221 -0.634011849572238
20.131163719207 -0.65810854723804
20.146934160392 -0.681549227991634
20.1627046015769 -0.704310525652671
20.1784750427618 -0.726369751264641
20.1942454839467 -0.747704915711708
20.2100159251317 -0.768294751637972
20.2257863663166 -0.788118734647193
20.2415568075015 -0.807157103761988
20.2573272486864 -0.825390881121976
20.2730976898714 -0.842801890901349
20.2888681310563 -0.859372777426913
20.3046385722412 -0.875087022478593
20.3204090134261 -0.889928961755181
20.3361794546111 -0.903883800488824
20.351949895796 -0.91693762819279
20.3677203369809 -0.929077432527731
20.3834907781658 -0.940291112272674
20.3992612193508 -0.950567489387784
20.4150316605357 -0.959896320156857
20.4308021017206 -0.968268305398506
20.4465725429055 -0.975675099735774
20.4623429840905 -0.982109319914981
20.4781134252754 -0.987564552165524
20.4938838664603 -0.992035358593258
20.5096543076452 -0.995517282601106
20.5254247488302 -0.998006853331493
20.5411951900151 -0.999501589126174
20.5569656312 -1
20.5740085184216 -0.999501589126174
20.5910514056432 -0.998006853331493
20.6080942928648 -0.995517282601106
20.6251371800864 -0.992035358593258
20.642180067308 -0.987564552165524
20.6592229545296 -0.98210931991498
20.6762658417513 -0.975675099735774
20.6933087289729 -0.968268305398507
20.7103516161945 -0.959896320156857
20.7273945034161 -0.950567489387782
20.7444373906377 -0.940291112272676
20.7614802778593 -0.929077432527732
20.7785231650809 -0.916937628192789
20.7955660523025 -0.903883800488825
20.8126089395241 -0.88992896175518
20.8296518267457 -0.875087022478595
20.8466947139673 -0.859372777426911
20.8637376011889 -0.842801890901351
20.8807804884106 -0.825390881121975
20.8978233756322 -0.807157103761986
20.9148662628538 -0.788118734647191
20.9319091500754 -0.768294751637971
20.948952037297 -0.747704915711707
20.9659949245186 -0.726369751264639
20.9830378117402 -0.704310525652674
21.0000806989618 -0.681549227991633
21.0171235861834 -0.658108547238039
21.034166473405 -0.634011849572238
21.0512093606266 -0.609283155106518
21.0682522478482 -0.583947113941305
21.0852951350698 -0.558028981593441
21.1023380222915 -0.531554593820899
21.1193809095131 -0.504550340869178
21.1364237967347 -0.477043141164887
21.1534666839563 -0.44906041448292
21.1705095711779 -0.420630054613787
21.1875524583995 -0.391780401558493
21.2045953456211 -0.362540213278627
21.2216382328427 -0.33293863702976
21.2386811200643 -0.303005180306874
21.2557240072859 -0.272769681430601
21.2727668945075 -0.242262279803784
21.2898097817291 -0.211513385867817
21.3068526689508 -0.180553650788903
21.3238955561724 -0.149413935904258
21.340938443394 -0.118125281958908
21.3579813306156 -0.0867188781635476
21.3750242178372 -0.0552260311045079
21.3920671050588 -0.0236781335366268
21.4091099922804 0.0078933669097142
21.426152879502 0.0394569990762507
21.4431957667236 0.0709812996480173
21.4602386539452 0.102434844516612
21.4772815411668 0.133786280104481
21.4943244283884 0.165004354618798
21.5113673156101 0.196057949203981
21.5284102028317 0.22691610896159
21.5454530900533 0.2575480738069
21.5624959772749 0.287923309131166
21.5795388644965 0.318011536239235
21.5965817517181 0.347782762531983
21.6136246389397 0.377207311403574
21.6306675261613 0.40625585182379
21.6477104133829 0.434899427575791
21.6647533006045 0.463109486120349
21.6817961878261 0.490857907057593
21.6988390750477 0.518117030158079
21.7158819622693 0.54485968293507
21.732924849491 0.571059207730697
21.7499677367126 0.596689488288856
21.7670106239342 0.621724975788493
21.7840535111558 0.64614071431121
21.8010963983774 0.669912365717853
21.818139285599 0.693016233909332
21.8351821728206 0.71542928844737
21.8522250600422 0.73712918751178
21.8692679472638 0.758094300171244
21.8863108344854 0.778303727945531
21.903353721707 0.797737325637519
21.9203966089286 0.816375721414401
21.9374394961503 0.834200336117917
21.9544823833719 0.851193401784493
21.9715252705935 0.867337979356715
21.9885681578151 0.882617975568546
22.0056110450367 0.897018158987464
22.0226539322583 0.910524175197461
22.0396968194799 0.923122561107861
22.0567397067015 0.934800758373598
22.0737825939231 0.945547125913668
22.0908254811447 0.955350951515194
22.1078683683663 0.964202462511612
22.1249112555879 0.972092835524257
22.1419541428095 0.979014205257714
22.1589970300312 0.98495967234011
22.1760399172528 0.989923310200557
22.1930828044744 0.993900170976888
22.210125691696 0.996886290447793
22.2271685789176 0.998878691984444
22.2442114661392 0.999875389517657
22.2612543533608 0.999875389517657
22.2782972405824 0.998878691984444
22.295340127804 0.996886290447793
22.3123830150256 0.993900170976888
22.3294259022472 0.989923310200557
22.3464687894688 0.984959672340111
22.3635116766905 0.979014205257715
22.3805545639121 0.972092835524257
22.3975974511337 0.964202462511612
22.4146403383553 0.955350951515194
22.4316832255769 0.945547125913668
22.4487261127985 0.934800758373598
22.4657690000201 0.923122561107861
22.4828118872417 0.910524175197462
22.4998547744633 0.897018158987464
22.5168976616849 0.882617975568546
22.5339405489065 0.867337979356715
22.5509834361281 0.851193401784493
22.5680263233497 0.834200336117918
22.5850692105714 0.816375721414401
22.602112097793 0.797737325637519
22.6191549850146 0.778303727945531
22.6361978722362 0.758094300171245
22.6532407594578 0.73712918751178
22.6702836466794 0.71542928844737
22.687326533901 0.693016233909333
22.7043694211226 0.669912365717854
22.7214123083442 0.64614071431121
22.7384551955658 0.621724975788498
22.7554980827874 0.596689488288856
22.772540970009 0.571059207730697
22.7895838572307 0.54485968293507
22.8066267444523 0.518117030158079
22.8236696316739 0.490857907057593
22.8407125188955 0.46310948612035
22.8577554061171 0.434899427575792
22.8747982933387 0.40625585182379
22.8918411805603 0.377207311403574
22.9088840677819 0.347782762531983
22.9259269550035 0.318011536239235
22.9429698422251 0.287923309131167
22.9600127294467 0.2575480738069
22.9770556166683 0.22691610896159
22.9940985038899 0.196057949203981
23.0111413911116 0.165004354618798
23.0281842783332 0.133786280104481
23.0452271655548 0.102434844516612
23.0622700527764 0.0709812996480171
23.079312939998 0.0394569990762509
23.0963558272196 0.00789336690971378
23.1133987144412 -0.0236781335366265
23.1304416016628 -0.0552260311045084
23.1474844888844 -0.086718878163554
23.164527376106 -0.118125281958909
23.1815702633276 -0.149413935904258
23.1986131505492 -0.180553650788902
23.2156560377709 -0.211513385867817
23.2326989249925 -0.242262279803784
23.2497418122141 -0.272769681430601
23.2667846994357 -0.303005180306874
23.2838275866573 -0.33293863702976
23.3008704738789 -0.362540213278626
23.3179133611005 -0.391780401558493
23.3349562483221 -0.420630054613787
23.3519991355437 -0.449060414482921
23.3690420227653 -0.477043141164893
23.3860849099869 -0.504550340869178
23.4031277972085 -0.531554593820899
23.4201706844302 -0.558028981593441
23.4372135716518 -0.583947113941304
23.4542564588734 -0.609283155106518
23.471299346095 -0.634011849572238
23.4883422333166 -0.658108547238039
23.5053851205382 -0.681549227991633
23.5224280077598 -0.704310525652674
23.5394708949814 -0.726369751264639
23.556513782203 -0.747704915711706
23.5735566694246 -0.768294751637971
23.5905995566462 -0.788118734647195
23.6076424438678 -0.807157103761986
23.6246853310894 -0.825390881121975
23.6417282183111 -0.842801890901351
23.6587711055327 -0.859372777426911
23.6758139927543 -0.875087022478595
23.6928568799759 -0.88992896175518
23.7098997671975 -0.903883800488825
23.7269426544191 -0.916937628192789
23.7439855416407 -0.929077432527732
23.7610284288623 -0.940291112272675
23.7780713160839 -0.950567489387782
23.7951142033055 -0.959896320156857
23.8121570905271 -0.968268305398507
23.8291999777487 -0.975675099735774
23.8462428649703 -0.98210931991498
23.863285752192 -0.987564552165524
23.8803286394136 -0.992035358593258
23.8973715266352 -0.995517282601106
23.9144144138568 -0.998006853331493
23.9314573010784 -0.999501589126174
23.9485001883 -1
23.963834358208 -0.999501589126174
23.9791685281161 -0.998006853331493
23.9945026980241 -0.995517282601106
24.0098368679322 -0.992035358593258
24.0251710378402 -0.987564552165524
24.0405052077482 -0.982109319914981
24.0558393776563 -0.975675099735774
24.0711735475643 -0.968268305398507
24.0865077174724 -0.959896320156856
24.1018418873804 -0.950567489387782
24.1171760572884 -0.940291112272677
24.1325102271965 -0.929077432527731
24.1478443971045 -0.916937628192789
24.1631785670126 -0.903883800488824
24.1785127369206 -0.88992896175518
24.1938469068286 -0.875087022478593
24.2091810767367 -0.859372777426911
24.2245152466447 -0.842801890901352
24.2398494165528 -0.825390881121978
24.2551835864608 -0.807157103761986
24.2705177563688 -0.788118734647193
24.2858519262769 -0.76829475163797
24.3011860961849 -0.747704915711708
24.316520266093 -0.726369751264637
24.331854436001 -0.704310525652675
24.347188605909 -0.681549227991636
24.3625227758171 -0.658108547238039
24.3778569457251 -0.634011849572239
24.3931911156332 -0.609283155106516
24.4085252855412 -0.583947113941305
24.4238594554492 -0.558028981593438
24.4391936253573 -0.531554593820905
24.4545277952653 -0.50455034086918
24.4698619651734 -0.477043141164891
24.4851961350814 -0.449060414482921
24.5005303049894 -0.420630054613784
24.5158644748975 -0.391780401558492
24.5311986448055 -0.362540213278622
24.5465328147136 -0.332938637029758
24.5618669846216 -0.303005180306875
24.5772011545296 -0.272769681430605
24.5925353244377 -0.242262279803784
24.6078694943457 -0.211513385867819
24.6232036642538 -0.180553650788901
24.6385378341618 -0.149413935904259
24.6538720040699 -0.118125281958905
24.6692061739779 -0.0867188781635536
24.6845403438859 -0.0552260311045099
24.699874513794 -0.0236781335366248
24.715208683702 0.00789336690971353
24.7305428536101 0.039456999076254
24.7458770235181 0.0709812996480182
24.7612111934261 0.102434844516617
24.7765453633342 0.133786280104476
24.7918795332422 0.165004354618797
24.8072137031502 0.196057949203977
24.8225478730583 0.22691610896159
24.8378820429663 0.257548073806898
24.8532162128744 0.287923309131168
24.8685503827824 0.318011536239241
24.8838845526904 0.347782762531979
24.8992187225985 0.377207311403574
24.9145528925065 0.406255851823788
24.9298870624146 0.434899427575793
24.9452212323226 0.463109486120348
24.9605554022307 0.490857907057595
24.9758895721387 0.51811703015808
24.9912237420467 0.544859682935067
25.0065579119548 0.571059207730693
25.0218920818628 0.596689488288855
25.0372262517709 0.621724975788495
25.0525604216789 0.646140714311211
25.0678945915869 0.669912365717857
25.083228761495 0.693016233909334
25.098562931403 0.715429288447369
25.1138971013111 0.737129187511777
25.1292312712191 0.758094300171245
25.1445654411271 0.77830372794553
25.1598996110352 0.79773732563752
25.1752337809432 0.8163757214144
25.1905679508513 0.834200336117919
25.2059021207593 0.851193401784493
25.2212362906673 0.867337979356713
25.2365704605754 0.882617975568546
25.2519046304834 0.897018158987463
25.2672388003915 0.910524175197463
25.2825729702995 0.923122561107861
25.2979071402075 0.934800758373599
25.3132413101156 0.945547125913666
25.3285754800236 0.955350951515194
25.3439096499317 0.964202462511611
25.3592438198397 0.972092835524257
25.3745779897477 0.979014205257715
25.3899121596558 0.984959672340111
25.4052463295638 0.989923310200558
25.4205804994719 0.993900170976888
25.4359146693799 0.996886290447793
25.4512488392879 0.998878691984444
25.466583009196 0.999875389517657
25.481917179104 0.999875389517657
25.4972513490121 0.998878691984444
25.5125855189201 0.996886290447793
25.5279196888281 0.993900170976887
25.5432538587362 0.989923310200557
25.5585880286442 0.984959672340111
25.5739221985523 0.979014205257715
25.5892563684603 0.972092835524257
25.6045905383683 0.964202462511611
25.6199247082764 0.955350951515194
25.6352588781844 0.945547125913666
25.6505930480925 0.934800758373599
25.6659272180005 0.923122561107861
25.6812613879085 0.910524175197463
25.6965955578166 0.897018158987463
25.7119297277246 0.882617975568546
25.7272638976327 0.867337979356714
25.7425980675407 0.851193401784493
25.7579322374487 0.834200336117919
25.7732664073568 0.8163757214144
25.7886005772648 0.79773732563752
25.8039347471729 0.77830372794553
25.8192689170809 0.758094300171245
25.8346030869889 0.737129187511777
25.849937256897 0.715429288447369
25.865271426805 0.693016233909334
25.8806055967131 0.669912365717857
25.8959397666211 0.646140714311211
25.9112739365291 0.621724975788495
25.9266081064372 0.596689488288856
25.9419422763452 0.571059207730694
25.9572764462533 0.544859682935068
25.9726106161613 0.51811703015808
25.9879447860693 0.490857907057595
26.0032789559774 0.463109486120349
26.0186131258854 0.434899427575793
26.0339472957935 0.406255851823788
26.0492814657015 0.377207311403574
26.0646156356095 0.34778276253198
26.0799498055176 0.318011536239242
26.0952839754256 0.287923309131169
26.1106181453337 0.257548073806898
26.1259523152417 0.22691610896159
26.1412864851497 0.196057949203977
26.1566206550578 0.165004354618797
26.1719548249658 0.133786280104476
26.1872889948739 0.102434844516617
26.2026231647819 0.070981299648018
26.2179573346899 0.0394569990762545
26.233291504598 0.00789336690971378
26.248625674506 -0.0236781335366247
26.2639598444141 -0.0552260311045093
26.2792940143221 -0.0867188781635531
26.2946281842301 -0.118125281958904
26.3099623541382 -0.149413935904259
26.3252965240462 -0.180553650788901
26.3406306939543 -0.211513385867818
26.3559648638623 -0.242262279803784
26.3712990337704 -0.272769681430605
26.3866332036784 -0.303005180306876
26.4019673735864 -0.332938637029758
26.4173015434945 -0.362540213278621
26.4326357134025 -0.391780401558491
26.4479698833106 -0.420630054613784
26.4633040532186 -0.449060414482921
26.4786382231266 -0.47704314116489
26.4939723930347 -0.504550340869179
26.5093065629427 -0.531554593820898
26.5246407328508 -0.558028981593438
26.5399749027588 -0.583947113941305
26.5553090726668 -0.609283155106516
26.5706432425749 -0.634011849572239
26.5859774124829 -0.658108547238039
26.601311582391 -0.681549227991635
26.616645752299 -0.704310525652674
26.631979922207 -0.726369751264638
26.6473140921151 -0.747704915711708
26.6626482620231 -0.768294751637971
26.6779824319312 -0.788118734647193
26.6933166018392 -0.807157103761986
26.7086507717472 -0.825390881121978
26.7239849416553 -0.842801890901353
26.7393191115633 -0.85937277742691
26.7546532814714 -0.875087022478592
26.7699874513794 -0.88992896175518
26.7853216212874 -0.903883800488823
26.8006557911955 -0.916937628192789
26.8159899611035 -0.929077432527731
26.8313241310116 -0.940291112272674
26.8466583009196 -0.950567489387784
26.8619924708276 -0.959896320156856
26.8773266407357 -0.968268305398507
26.8926608106437 -0.975675099735774
26.9079949805518 -0.98210931991498
26.9233291504598 -0.987564552165524
26.9386633203678 -0.992035358593257
26.9539974902759 -0.995517282601106
26.9693316601839 -0.998006853331493
26.984665830092 -0.999501589126174
27 -1
