0 -1
0.0160408545437186 -0.999501589126174
0.0320817090874372 -0.998006853331493
0.0481225636311558 -0.995517282601106
0.0641634181748744 -0.992035358593258
0.080204272718593 -0.987564552165524
0.0962451272623116 -0.98210931991498
0.11228598180603 -0.975675099735774
0.128326836349749 -0.968268305398507
0.144367690893467 -0.959896320156857
0.160408545437186 -0.950567489387783
0.176449399980905 -0.940291112272676
0.192490254524623 -0.929077432527731
0.208531109068342 -0.916937628192789
0.22457196361206 -0.903883800488824
0.240612818155779 -0.88992896175518
0.256653672699498 -0.875087022478594
0.272694527243216 -0.859372777426912
0.288735381786935 -0.842801890901351
0.304776236330653 -0.825390881121976
0.320817090874372 -0.807157103761985
0.33685794541809 -0.788118734647192
0.352898799961809 -0.768294751637971
0.368939654505528 -0.747704915711709
0.384980509049246 -0.726369751264639
0.401021363592965 -0.704310525652672
0.417062218136683 -0.681549227991634
0.433103072680402 -0.658108547238038
0.449143927224121 -0.634011849572239
0.465184781767839 -0.609283155106517
0.481225636311558 -0.583947113941306
0.497266490855276 -0.55802898159344
0.513307345398995 -0.531554593820901
0.529348199942714 -0.504550340869177
0.545389054486432 -0.47704314116489
0.561429909030151 -0.44906041448292
0.577470763573869 -0.420630054613784
0.593511618117588 -0.391780401558493
0.609552472661307 -0.362540213278625
0.625593327205025 -0.332938637029761
0.641634181748744 -0.303005180306873
0.657675036292462 -0.272769681430603
0.673715890836181 -0.242262279803783
0.6897567453799 -0.211513385867819
0.705797599923618 -0.180553650788902
0.721838454467337 -0.149413935904261
0.737879309011055 -0.118125281958908
0.753920163554774 -0.0867188781635509
0.769961018098492 -0.0552260311045082
0.786001872642211 -0.0236781335366239
0.80204272718593 0.00789336690971309
0.818083581729648 0.0394569990762527
0.834124436273367 0.0709812996480156
0.850165290817085 0.102434844516613
0.866206145360804 0.133786280104479
0.882246999904523 0.165004354618799
0.898287854448241 0.196057949203978
0.91432870899196 0.22691610896159
0.930369563535678 0.257548073806896
0.946410418079397 0.287923309131166
0.962451272623116 0.318011536239238
0.978492127166834 0.347782762531982
0.994532981710553 0.377207311403576
1.01057383625427 0.406255851823789
1.02661469079799 0.434899427575793
1.04265554534171 0.463109486120348
1.05869639988543 0.490857907057594
1.07473725442915 0.518117030158078
1.09077810897286 0.54485968293507
1.10681896351658 0.571059207730694
1.1228598180603 0.596689488288856
1.13890067260402 0.621724975788495
1.15494152714774 0.64614071431121
1.17098238169146 0.669912365717855
1.18702323623518 0.693016233909332
1.20306409077889 0.715429288447371
1.21910494532261 0.737129187511779
1.23514579986633 0.758094300171245
1.25118665441005 0.77830372794553
1.26722750895377 0.797737325637519
1.28326836349749 0.816375721414399
1.29930921804121 0.834200336117918
1.31535007258492 0.851193401784495
1.33139092712864 0.867337979356715
1.34743178167236 0.882617975568547
1.36347263621608 0.897018158987464
1.3795134907598 0.910524175197462
1.39555434530352 0.923122561107861
1.41159519984724 0.934800758373598
1.42763605439095 0.945547125913667
1.44367690893467 0.955350951515195
1.45971776347839 0.964202462511612
1.47575861802211 0.972092835524257
1.49179947256583 0.979014205257714
1.50784032710955 0.98495967234011
1.52388118165327 0.989923310200557
1.53992203619698 0.993900170976888
1.5559628907407 0.996886290447793
1.57200374528442 0.998878691984444
1.58804459982814 0.999875389517657
1.60408545437186 0.999875389517657
1.62012630891558 0.998878691984444
1.6361671634593 0.996886290447793
1.65220801800302 0.993900170976888
1.66824887254673 0.989923310200557
1.68428972709045 0.984959672340111
1.70033058163417 0.979014205257715
1.71637143617789 0.972092835524257
1.73241229072161 0.964202462511612
1.74845314526533 0.955350951515195
1.76449399980905 0.945547125913667
1.78053485435276 0.934800758373598
1.79657570889648 0.923122561107861
1.8126165634402 0.910524175197462
1.82865741798392 0.897018158987463
1.84469827252764 0.882617975568547
1.86073912707136 0.867337979356715
1.87677998161508 0.851193401784494
1.89282083615879 0.834200336117918
1.90886169070251 0.816375721414399
1.92490254524623 0.797737325637519
1.94094339978995 0.77830372794553
1.95698425433367 0.758094300171246
1.97302510887739 0.737129187511779
1.98906596342111 0.715429288447372
2.00510681796482 0.693016233909332
2.02114767250854 0.669912365717855
2.03718852705226 0.64614071431121
2.05322938159598 0.621724975788495
2.0692702361397 0.596689488288856
2.08531109068342 0.571059207730695
2.10135194522714 0.54485968293507
2.11739279977085 0.518117030158077
2.13343365431457 0.490857907057594
2.14947450885829 0.463109486120348
2.16551536340201 0.434899427575793
2.18155621794573 0.40625585182379
2.19759707248945 0.377207311403576
2.21363792703317 0.347782762531983
2.22967878157688 0.318011536239239
2.2457196361206 0.287923309131167
2.26176049066432 0.257548073806896
2.27780134520804 0.22691610896159
2.29384219975176 0.196057949203978
2.30988305429548 0.1650043546188
2.3259239088392 0.133786280104479
2.34196476338291 0.102434844516613
2.35800561792663 0.0709812996480153
2.37404647247035 0.0394569990762527
2.39008732701407 0.00789336690971378
2.40612818155779 -0.0236781335366239
2.42216903610151 -0.0552260311045084
2.43820989064523 -0.0867188781635505
2.45425074518894 -0.118125281958907
2.47029159973266 -0.14941393590426
2.48633245427638 -0.180553650788902
2.5023733088201 -0.211513385867818
2.51841416336382 -0.242262279803783
2.53445501790754 -0.272769681430603
2.55049587245126 -0.303005180306873
2.56653672699498 -0.332938637029761
2.58257758153869 -0.362540213278625
2.59861843608241 -0.391780401558494
2.61465929062613 -0.420630054613784
2.63070014516985 -0.449060414482921
2.64674099971357 -0.477043141164889
2.66278185425729 -0.504550340869177
2.67882270880101 -0.531554593820901
2.69486356334472 -0.558028981593439
2.71090441788844 -0.583947113941306
2.72694527243216 -0.609283155106517
2.74298612697588 -0.634011849572238
2.7590269815196 -0.658108547238037
2.77506783606332 -0.681549227991633
2.79110869060704 -0.704310525652672
2.80714954515075 -0.726369751264639
2.82319039969447 -0.747704915711709
2.83923125423819 -0.768294751637971
2.85527210878191 -0.788118734647193
2.87131296332563 -0.807157103761985
2.88735381786935 -0.825390881121976
2.90339467241307 -0.84280189090135
2.91943552695678 -0.859372777426912
2.9354763815005 -0.875087022478594
2.95151723604422 -0.88992896175518
2.96755809058794 -0.903883800488823
2.98359894513166 -0.916937628192789
2.99963979967538 -0.92907743252773
3.0156806542191 -0.940291112272675
3.03172150876281 -0.950567489387783
3.04776236330653 -0.959896320156857
3.06380321785025 -0.968268305398507
3.07984407239397 -0.975675099735774
3.09588492693769 -0.98210931991498
3.11192578148141 -0.987564552165524
3.12796663602513 -0.992035358593258
3.14400749056884 -0.995517282601106
3.16004834511256 -0.998006853331493
3.17608919965628 -0.999501589126174
3.1921300542 -1
3.2009469749206 -0.999501589126174
3.20976389564121 -0.998006853331493
3.21858081636181 -0.995517282601106
3.22739773708241 -0.992035358593258
3.23621465780302 -0.987564552165524
3.24503157852362 -0.98210931991498
3.25384849924422 -0.975675099735774
3.26266541996482 -0.968268305398507
3.27148234068543 -0.959896320156857
3.28029926140603 -0.950567489387783
3.28911618212663 -0.940291112272676
3.29793310284724 -0.92907743252773
3.30675002356784 -0.916937628192789
3.31556694428844 -0.903883800488823
3.32438386500905 -0.88992896175518
3.33320078572965 -0.875087022478593
3.34201770645025 -0.859372777426912
3.35083462717085 -0.84280189090135
3.35965154789146 -0.825390881121976
3.36846846861206 -0.807157103761986
3.37728538933266 -0.788118734647192
3.38610231005327 -0.768294751637971
3.39491923077387 -0.747704915711709
3.40373615149447 -0.72636975126464
3.41255307221508 -0.704310525652672
3.42136999293568 -0.681549227991634
3.43018691365628 -0.658108547238037
3.43900383437688 -0.634011849572239
3.44782075509749 -0.609283155106516
3.45663767581809 -0.583947113941306
3.46545459653869 -0.55802898159344
3.4742715172593 -0.531554593820902
3.4830884379799 -0.504550340869177
3.4919053587005 -0.47704314116489
3.50072227942111 -0.449060414482921
3.50953920014171 -0.420630054613784
3.51835612086231 -0.391780401558493
3.52717304158291 -0.362540213278624
3.53598996230352 -0.332938637029762
3.54480688302412 -0.303005180306873
3.55362380374472 -0.272769681430604
3.56244072446533 -0.242262279803783
3.57125764518593 -0.21151338586782
3.58007456590653 -0.180553650788902
3.58889148662714 -0.149413935904261
3.59770840734774 -0.118125281958908
3.60652532806834 -0.0867188781635512
3.61534224878895 -0.0552260311045077
3.62415916950955 -0.0236781335366241
3.63297609023015 0.00789336690971375
3.64179301095075 0.0394569990762527
3.65060993167136 0.0709812996480164
3.65942685239196 0.102434844516613
3.66824377311256 0.13378628010448
3.67706069383317 0.165004354618799
3.68587761455377 0.196057949203977
3.69469453527437 0.22691610896159
3.70351145599497 0.257548073806896
3.71232837671558 0.287923309131167
3.72114529743618 0.318011536239239
3.72996221815678 0.347782762531983
3.73877913887739 0.377207311403575
3.74759605959799 0.406255851823789
3.75641298031859 0.434899427575793
3.7652299010392 0.463109486120348
3.7740468217598 0.490857907057593
3.7828637424804 0.518117030158078
3.79168066320101 0.54485968293507
3.80049758392161 0.571059207730694
3.80931450464221 0.596689488288856
3.81813142536281 0.621724975788496
3.82694834608342 0.64614071431121
3.83576526680402 0.669912365717855
3.84458218752462 0.693016233909332
3.85339910824523 0.715429288447372
3.86221602896583 0.737129187511779
3.87103294968643 0.758094300171245
3.87984987040704 0.77830372794553
3.88866679112764 0.797737325637519
3.89748371184824 0.816375721414399
3.90630063256884 0.834200336117917
3.91511755328945 0.851193401784495
3.92393447401005 0.867337979356715
3.93275139473065 0.882617975568546
3.94156831545126 0.897018158987464
3.95038523617186 0.910524175197462
3.95920215689246 0.923122561107861
3.96801907761307 0.934800758373598
3.97683599833367 0.945547125913667
3.98565291905427 0.955350951515195
3.99446983977487 0.964202462511612
4.00328676049548 0.972092835524257
4.01210368121608 0.979014205257715
4.02092060193668 0.984959672340111
4.02973752265729 0.989923310200557
4.03855444337789 0.993900170976888
4.04737136409849 0.996886290447793
4.0561882848191 0.998878691984444
4.0650052055397 0.999875389517657
4.0738221262603 0.999875389517657
4.0826390469809 0.998878691984444
4.09145596770151 0.996886290447793
4.10027288842211 0.993900170976888
4.10908980914271 0.989923310200557
4.11790672986332 0.98495967234011
4.12672365058392 0.979014205257714
4.13554057130452 0.972092835524257
4.14435749202513 0.964202462511612
4.15317441274573 0.955350951515195
4.16199133346633 0.945547125913668
4.17080825418693 0.934800758373598
4.17962517490754 0.923122561107861
4.18844209562814 0.910524175197462
4.19725901634874 0.897018158987464
4.20607593706935 0.882617975568547
4.21489285778995 0.867337979356715
4.22370977851055 0.851193401784494
4.23252669923116 0.834200336117917
4.24134361995176 0.816375721414399
4.25016054067236 0.797737325637519
4.25897746139296 0.778303727945531
4.26779438211357 0.758094300171246
4.27661130283417 0.737129187511779
4.28542822355477 0.715429288447371
4.29424514427538 0.693016233909331
4.30306206499598 0.669912365717856
4.31187898571658 0.64614071431121
4.32069590643719 0.621724975788495
4.32951282715779 0.596689488288857
4.33832974787839 0.571059207730696
4.347146668599 0.54485968293507
4.3559635893196 0.518117030158076
4.3647805100402 0.490857907057592
4.3735974307608 0.463109486120348
4.38241435148141 0.434899427575793
4.39123127220201 0.406255851823791
4.40004819292261 0.377207311403577
4.40886511364322 0.347782762531982
4.41768203436382 0.318011536239238
4.42649895508442 0.287923309131166
4.43531587580503 0.257548073806898
4.44413279652563 0.22691610896159
4.45294971724623 0.196057949203977
4.46176663796683 0.165004354618802
4.47058355868744 0.13378628010448
4.47940047940804 0.102434844516614
4.48821740012864 0.0709812996480153
4.49703432084925 0.0394569990762509
4.50585124156985 0.00789336690971467
4.51466816229045 -0.0236781335366239
4.52348508301106 -0.0552260311045084
4.53230200373166 -0.0867188781635496
4.54111892445226 -0.118125281958908
4.54993584517286 -0.14941393590426
4.55875276589347 -0.180553650788903
4.56756968661407 -0.211513385867818
4.57638660733467 -0.242262279803783
4.58520352805528 -0.272769681430604
4.59402044877588 -0.303005180306873
4.60283736949648 -0.33293863702976
4.61165429021709 -0.362540213278625
4.62047121093769 -0.391780401558494
4.62928813165829 -0.420630054613783
4.63810505237889 -0.449060414482919
4.6469219730995 -0.47704314116489
4.6557388938201 -0.504550340869178
4.6645558145407 -0.5315545938209
4.67337273526131 -0.558028981593439
4.68218965598191 -0.583947113941307
4.69100657670251 -0.609283155106517
4.69982349742312 -0.634011849572238
4.70864041814372 -0.658108547238037
4.71745733886432 -0.681549227991634
4.72627425958493 -0.704310525652673
4.73509118030553 -0.726369751264638
4.74390810102613 -0.747704915711709
4.75272502174673 -0.768294751637971
4.76154194246734 -0.788118734647193
4.77035886318794 -0.807157103761985
4.77917578390854 -0.825390881121976
4.78799270462915 -0.842801890901351
4.79680962534975 -0.859372777426911
4.80562654607035 -0.875087022478593
4.81444346679096 -0.889928961755181
4.82326038751156 -0.903883800488824
4.83207730823216 -0.916937628192788
4.84089422895276 -0.92907743252773
4.84971114967337 -0.940291112272676
4.85852807039397 -0.950567489387783
4.86734499111457 -0.959896320156857
4.87616191183518 -0.968268305398507
4.88497883255578 -0.975675099735774
4.89379575327638 -0.982109319914981
4.90261267399698 -0.987564552165524
4.91142959471759 -0.992035358593258
4.92024651543819 -0.995517282601106
4.92906343615879 -0.998006853331493
4.9378803568794 -0.999501589126174
4.9466972776 -1
4.96234699976131 -0.999501589126174
4.97799672192261 -0.998006853331493
4.99364644408392 -0.995517282601106
5.00929616624523 -0.992035358593258
5.02494588840653 -0.987564552165524
5.04059561056784 -0.98210931991498
5.05624533272915 -0.975675099735773
5.07189505489045 -0.968268305398507
5.08754477705176 -0.959896320156857
5.10319449921307 -0.950567489387783
5.11884422137437 -0.940291112272675
5.13449394353568 -0.92907743252773
5.15014366569699 -0.916937628192788
5.16579338785829 -0.903883800488823
5.1814431100196 -0.88992896175518
5.19709283218091 -0.875087022478593
5.21274255434221 -0.859372777426912
5.22839227650352 -0.842801890901351
5.24404199866482 -0.825390881121977
5.25969172082613 -0.807157103761986
5.27534144298744 -0.788118734647193
5.29099116514874 -0.768294751637971
5.30664088731005 -0.747704915711709
5.32229060947136 -0.72636975126464
5.33794033163266 -0.704310525652672
5.35359005379397 -0.681549227991634
5.36923977595528 -0.658108547238038
5.38488949811658 -0.634011849572239
5.40053922027789 -0.609283155106517
5.4161889424392 -0.583947113941306
5.4318386646005 -0.55802898159344
5.44748838676181 -0.531554593820902
5.46313810892312 -0.504550340869177
5.47878783108442 -0.47704314116489
5.49443755324573 -0.44906041448292
5.51008727540704 -0.420630054613784
5.52573699756834 -0.391780401558493
5.54138671972965 -0.362540213278624
5.55703644189096 -0.332938637029761
5.57268616405226 -0.303005180306872
5.58833588621357 -0.272769681430603
5.60398560837487 -0.242262279803783
5.61963533053618 -0.211513385867818
5.63528505269749 -0.180553650788901
5.65093477485879 -0.14941393590426
5.6665844970201 -0.118125281958907
5.68223421918141 -0.0867188781635518
5.69788394134271 -0.0552260311045093
5.71353366350402 -0.0236781335366232
5.72918338566533 0.00789336690971242
5.74483310782663 0.0394569990762518
5.76048282998794 0.0709812996480151
5.77613255214925 0.102434844516613
5.79178227431055 0.133786280104478
5.80743199647186 0.165004354618799
5.82308171863317 0.196057949203978
5.83873144079447 0.22691610896159
5.85438116295578 0.257548073806896
5.87003088511709 0.287923309131166
5.88568060727839 0.318011536239238
5.9013303294397 0.347782762531982
5.916980051601 0.377207311403575
5.93262977376231 0.406255851823789
5.94827949592362 0.434899427575793
5.96392921808492 0.463109486120348
5.97957894024623 0.490857907057594
5.99522866240754 0.518117030158077
6.01087838456884 0.54485968293507
6.02652810673015 0.571059207730695
6.04217782889146 0.596689488288856
6.05782755105276 0.621724975788495
6.07347727321407 0.64614071431121
6.08912699537538 0.669912365717855
6.10477671753668 0.693016233909332
6.12042643969799 0.715429288447372
6.1360761618593 0.737129187511779
6.1517258840206 0.758094300171246
6.16737560618191 0.77830372794553
6.18302532834322 0.79773732563752
6.19867505050452 0.8163757214144
6.21432477266583 0.834200336117918
6.22997449482714 0.851193401784495
6.24562421698844 0.867337979356715
6.26127393914975 0.882617975568547
6.27692366131105 0.897018158987463
6.29257338347236 0.910524175197462
6.30822310563367 0.923122561107861
6.32387282779498 0.934800758373599
6.33952254995628 0.945547125913667
6.35517227211759 0.955350951515195
6.37082199427889 0.964202462511612
6.3864717164402 0.972092835524257
6.40212143860151 0.979014205257714
6.41777116076281 0.98495967234011
6.43342088292412 0.989923310200557
6.44907060508543 0.993900170976888
6.46472032724673 0.996886290447793
6.48037004940804 0.998878691984444
6.49601977156935 0.999875389517657
6.51166949373065 0.999875389517657
6.52731921589196 0.998878691984444
6.54296893805327 0.996886290447793
6.55861866021457 0.993900170976888
6.57426838237588 0.989923310200557
6.58991810453719 0.98495967234011
6.60556782669849 0.979014205257715
6.6212175488598 0.972092835524257
6.6368672710211 0.964202462511612
6.65251699318241 0.955350951515195
6.66816671534372 0.945547125913667
6.68381643750503 0.934800758373598
6.69946615966633 0.923122561107861
6.71511588182764 0.910524175197463
6.73076560398894 0.897018158987464
6.74641532615025 0.882617975568547
6.76206504831156 0.867337979356715
6.77771477047286 0.851193401784495
6.79336449263417 0.834200336117918
6.80901421479548 0.8163757214144
6.82466393695678 0.79773732563752
6.84031365911809 0.77830372794553
6.8559633812794 0.758094300171246
6.8716131034407 0.737129187511779
6.88726282560201 0.715429288447372
6.90291254776332 0.693016233909332
6.91856226992462 0.669912365717856
6.93421199208593 0.64614071431121
6.94986171424724 0.621724975788496
6.96551143640854 0.596689488288856
6.98116115856985 0.571059207730695
6.99681088073116 0.54485968293507
7.01246060289246 0.518117030158078
7.02811032505377 0.490857907057594
7.04376004721508 0.463109486120348
7.05940976937638 0.434899427575793
7.07505949153769 0.406255851823789
7.09070921369899 0.377207311403576
7.1063589358603 0.347782762531982
7.12200865802161 0.318011536239238
7.13765838018291 0.287923309131167
7.15330810234422 0.257548073806896
7.16895782450553 0.22691610896159
7.18460754666683 0.196057949203978
7.20025726882814 0.165004354618799
7.21590699098945 0.133786280104479
7.23155671315075 0.102434844516613
7.24720643531206 0.0709812996480153
7.26285615747337 0.0394569990762518
7.27850587963467 0.00789336690971289
7.29415560179598 -0.0236781335366247
7.30980532395729 -0.0552260311045084
7.32545504611859 -0.0867188781635514
7.3411047682799 -0.118125281958909
7.35675449044121 -0.149413935904262
7.37240421260251 -0.180553650788903
7.38805393476382 -0.21151338586782
7.40370365692513 -0.242262279803784
7.41935337908643 -0.272769681430602
7.43500310124774 -0.303005180306872
7.45065282340904 -0.33293863702976
7.46630254557035 -0.362540213278624
7.48195226773166 -0.391780401558495
7.49760198989296 -0.420630054613784
7.51325171205427 -0.44906041448292
7.52890143421558 -0.47704314116489
7.54455115637688 -0.504550340869178
7.56020087853819 -0.531554593820901
7.5758506006995 -0.55802898159344
7.5915003228608 -0.583947113941307
7.60715004502211 -0.609283155106515
7.62279976718342 -0.634011849572238
7.63844948934472 -0.658108547238037
7.65409921150603 -0.681549227991633
7.66974893366734 -0.704310525652672
7.68539865582864 -0.726369751264639
7.70104837798995 -0.747704915711709
7.71669810015126 -0.768294751637971
7.73234782231256 -0.788118734647193
7.74799754447387 -0.807157103761985
7.76364726663518 -0.825390881121975
7.77929698879648 -0.84280189090135
7.79494671095779 -0.859372777426911
7.81059643311909 -0.875087022478593
7.8262461552804 -0.88992896175518
7.84189587744171 -0.903883800488823
7.85754559960301 -0.916937628192789
7.87319532176432 -0.92907743252773
7.88884504392563 -0.940291112272675
7.90449476608693 -0.950567489387782
7.92014448824824 -0.959896320156857
7.93579421040955 -0.968268305398507
7.95144393257085 -0.975675099735773
7.96709365473216 -0.98210931991498
7.98274337689347 -0.987564552165524
7.99839309905477 -0.992035358593258
8.01404282121608 -0.995517282601106
8.02969254337739 -0.998006853331493
8.04534226553869 -0.999501589126174
8.0609919877 -1
8.0763822392 -0.999501589126174
8.0917724907 -0.998006853331493
8.1071627422 -0.995517282601106
8.1225529937 -0.992035358593258
8.1379432452 -0.987564552165524
8.1533334967 -0.98210931991498
8.1687237482 -0.975675099735774
8.1841139997 -0.968268305398507
8.1995042512 -0.959896320156858
8.2148945027 -0.950567489387783
8.2302847542 -0.940291112272676
8.2456750057 -0.929077432527731
8.2610652572 -0.916937628192788
8.2764555087 -0.903883800488823
8.2918457602 -0.889928961755181
8.3072360117 -0.875087022478594
8.3226262632 -0.859372777426911
8.3380165147 -0.842801890901351
8.3534067662 -0.825390881121977
8.3687970177 -0.807157103761984
8.3841872692 -0.788118734647192
8.3995775207 -0.768294751637971
8.4149677722 -0.74770491571171
8.4303580237 -0.726369751264639
8.4457482752 -0.704310525652672
8.4611385267 -0.681549227991634
8.4765287782 -0.658108547238039
8.4919190297 -0.634011849572238
8.5073092812 -0.609283155106517
8.5226995327 -0.583947113941307
8.5380897842 -0.558028981593439
8.5534800357 -0.531554593820901
8.5688702872 -0.504550340869178
8.5842605387 -0.477043141164891
8.5996507902 -0.449060414482919
8.6150410417 -0.420630054613784
8.6304312932 -0.391780401558494
8.6458215447 -0.362540213278626
8.6612117962 -0.33293863702976
8.6766020477 -0.303005180306873
8.6919922992 -0.272769681430604
8.7073825507 -0.242262279803782
8.7227728022 -0.211513385867819
8.7381630537 -0.180553650788903
8.7535533052 -0.149413935904262
8.7689435567 -0.118125281958907
8.7843338082 -0.0867188781635507
8.7997240597 -0.055226031104509
8.8151143112 -0.0236781335366259
8.8305045627 0.00789336690971375
8.8458948142 0.0394569990762523
8.8612850657 0.0709812996480144
8.8766753172 0.102434844516614
8.8920655687 0.133786280104479
8.9074558202 0.165004354618798
8.9228460717 0.19605794920398
8.9382363232 0.226916108961591
8.9536265747 0.257548073806896
8.9690168262 0.287923309131165
8.9844070777 0.31801153623924
8.9997973292 0.347782762531983
9.0151875807 0.377207311403575
9.0305778322 0.406255851823788
9.0459680837 0.434899427575794
9.0613583352 0.463109486120348
9.0767485867 0.490857907057593
9.0921388382 0.518117030158079
9.1075290897 0.544859682935071
9.1229193412 0.571059207730694
9.1383095927 0.596689488288855
9.1536998442 0.621724975788496
9.1690900957 0.64614071431121
9.1844803472 0.669912365717855
9.1998705987 0.69301623390933
9.2152608502 0.715429288447372
9.2306511017 0.737129187511779
9.2460413532 0.758094300171245
9.2614316047 0.778303727945531
9.2768218562 0.79773732563752
9.2922121077 0.816375721414399
9.3076023592 0.834200336117917
9.3229926107 0.851193401784495
9.3383828622 0.867337979356715
9.3537731137 0.882617975568546
9.3691633652 0.897018158987463
9.3845536167 0.910524175197463
9.3999438682 0.923122561107861
9.4153341197 0.934800758373598
9.4307243712 0.945547125913668
9.4461146227 0.955350951515195
9.4615048742 0.964202462511611
9.4768951257 0.972092835524258
9.4922853772 0.979014205257715
9.5076756287 0.984959672340111
9.5230658802 0.989923310200557
9.5384561317 0.993900170976888
9.5538463832 0.996886290447793
9.5692366347 0.998878691984444
9.5846268862 0.999875389517657
9.6000171377 0.999875389517657
9.6154073892 0.998878691984444
9.6307976407 0.996886290447793
9.6461878922 0.993900170976888
9.6615781437 0.989923310200557
9.6769683952 0.984959672340111
9.6923586467 0.979014205257715
9.7077488982 0.972092835524258
9.7231391497 0.964202462511612
9.7385294012 0.955350951515195
9.7539196527 0.945547125913668
9.7693099042 0.934800758373598
9.7847001557 0.923122561107861
9.8000904072 0.910524175197463
9.8154806587 0.897018158987463
9.8308709102 0.882617975568546
9.8462611617 0.867337979356715
9.8616514132 0.851193401784496
9.8770416647 0.834200336117917
9.8924319162 0.816375721414399
9.9078221677 0.79773732563752
9.9232124192 0.778303727945531
9.9386026707 0.758094300171245
9.9539929222 0.737129187511779
9.9693831737 0.715429288447372
9.9847734252 0.693016233909331
10.0001636767 0.669912365717855
10.0155539282 0.64614071431121
10.0309441797 0.621724975788497
10.0463344312 0.596689488288855
10.0617246827 0.571059207730695
10.0771149342 0.544859682935071
10.0925051857 0.518117030158079
10.1078954372 0.490857907057593
10.1232856887 0.463109486120348
10.1386759402 0.434899427575795
10.1540661917 0.406255851823788
10.1694564432 0.377207311403576
10.1848466947 0.347782762531983
10.2002369462 0.31801153623924
10.2156271977 0.287923309131166
10.2310174492 0.257548073806896
10.2464077007 0.226916108961591
10.2617979522 0.196057949203981
10.2771882037 0.165004354618799
10.2925784552 0.133786280104479
10.3079687067 0.102434844516615
10.3233589582 0.0709812996480145
10.3387492097 0.0394569990762527
10.3541394612 0.00789336690971467
10.3695297127 -0.0236781335366256
10.3849199642 -0.0552260311045093
10.4003102157 -0.0867188781635505
10.4157004672 -0.118125281958906
10.4310907187 -0.149413935904259
10.4464809702 -0.180553650788903
10.4618712217 -0.211513385867818
10.4772614732 -0.242262279803781
10.4926517247 -0.272769681430604
10.5080419762 -0.303005180306873
10.5234322277 -0.33293863702976
10.5388224792 -0.362540213278626
10.5542127307 -0.391780401558494
10.5696029822 -0.420630054613784
10.5849932337 -0.449060414482919
10.6003834852 -0.477043141164891
10.6157737367 -0.504550340869178
10.6311639882 -0.531554593820901
10.6465542397 -0.558028981593439
10.6619444912 -0.583947113941307
10.6773347427 -0.609283155106517
10.6927249942 -0.634011849572238
10.7081152457 -0.658108547238039
10.7235054972 -0.681549227991634
10.7388957487 -0.704310525652672
10.7542860002 -0.726369751264641
10.7696762517 -0.74770491571171
10.7850665032 -0.768294751637971
10.8004567547 -0.788118734647192
10.8158470062 -0.807157103761985
10.8312372577 -0.825390881121977
10.8466275092 -0.84280189090135
10.8620177607 -0.859372777426911
10.8774080122 -0.875087022478594
10.8927982637 -0.889928961755181
10.9081885152 -0.903883800488823
10.9235787667 -0.91693762819279
10.9389690182 -0.929077432527731
10.9543592697 -0.940291112272676
10.9697495212 -0.950567489387782
10.9851397727 -0.959896320156856
11.0005300242 -0.968268305398507
11.0159202757 -0.975675099735774
11.0313105272 -0.98210931991498
11.0467007787 -0.987564552165524
11.0620910302 -0.992035358593258
11.0774812817 -0.995517282601106
11.0928715332 -0.998006853331493
11.1082617847 -0.999501589126174
11.1236520362 -1
11.1327019754482 -0.999501589126174
11.1417519146965 -0.998006853331493
11.1508018539447 -0.995517282601106
11.159851793193 -0.992035358593258
11.1689017324412 -0.987564552165524
11.1779516716894 -0.98210931991498
11.1870016109377 -0.975675099735773
11.1960515501859 -0.968268305398507
11.2051014894342 -0.959896320156857
11.2141514286824 -0.950567489387783
11.2232013679307 -0.940291112272676
11.2322513071789 -0.929077432527731
11.2413012464271 -0.916937628192789
11.2503511856754 -0.903883800488824
11.2594011249236 -0.889928961755181
11.2684510641719 -0.875087022478595
11.2775010034201 -0.859372777426911
11.2865509426683 -0.842801890901349
11.2956008819166 -0.825390881121975
11.3046508211648 -0.807157103761985
11.3137007604131 -0.788118734647192
11.3227506996613 -0.768294751637971
11.3318006389095 -0.747704915711709
11.3408505781578 -0.72636975126464
11.349900517406 -0.704310525652673
11.3589504566543 -0.681549227991635
11.3680003959025 -0.65810854723804
11.3770503351508 -0.634011849572236
11.386100274399 -0.609283155106515
11.3951502136472 -0.583947113941305
11.4042001528955 -0.558028981593439
11.4132500921437 -0.531554593820901
11.422300031392 -0.504550340869177
11.4313499706402 -0.47704314116489
11.4403999098884 -0.449060414482921
11.4494498491367 -0.420630054613786
11.4584997883849 -0.391780401558495
11.4675497276332 -0.362540213278627
11.4765996668814 -0.332938637029758
11.4856496061296 -0.303005180306871
11.4946995453779 -0.272769681430601
11.5037494846261 -0.242262279803782
11.5127994238744 -0.211513385867818
11.5218493631226 -0.180553650788902
11.5308993023709 -0.149413935904261
11.5399492416191 -0.118125281958909
11.5489991808673 -0.0867188781635523
11.5580491201156 -0.0552260311045104
11.5670990593638 -0.0236781335366265
11.5761489986121 0.0078933669097162
11.5851989378603 0.0394569990762551
11.5942488771085 0.0709812996480178
11.6032988163568 0.102434844516614
11.612348755605 0.13378628010448
11.6213986948533 0.165004354618799
11.6304486341015 0.196057949203978
11.6394985733497 0.226916108961589
11.648548512598 0.257548073806895
11.6575984518462 0.287923309131164
11.6666483910945 0.318011536239236
11.6756983303427 0.347782762531979
11.684748269591 0.377207311403578
11.6937982088392 0.406255851823791
11.7028481480874 0.434899427575794
11.7118980873357 0.463109486120348
11.7209480265839 0.490857907057594
11.7299979658322 0.518117030158077
11.7390479050804 0.54485968293507
11.7480978443286 0.571059207730693
11.7571477835769 0.596689488288854
11.7661977228251 0.621724975788493
11.7752476620734 0.646140714311212
11.7842976013216 0.669912365717857
11.7933475405698 0.693016233909333
11.8023974798181 0.715429288447372
11.8114474190663 0.737129187511779
11.8204973583146 0.758094300171246
11.8295472975628 0.778303727945529
11.8385972368111 0.797737325637519
11.8476471760593 0.816375721414398
11.8566971153075 0.834200336117916
11.8657470545558 0.851193401784493
11.874796993804 0.867337979356716
11.8838469330523 0.882617975568548
11.8928968723005 0.897018158987464
11.9019468115487 0.910524175197463
11.910996750797 0.923122561107861
11.9200466900452 0.934800758373598
11.9290966292935 0.945547125913667
11.9381465685417 0.955350951515195
11.9471965077899 0.964202462511611
11.9562464470382 0.972092835524257
11.9652963862864 0.979014205257714
11.9743463255347 0.984959672340111
11.9833962647829 0.989923310200557
11.9924462040312 0.993900170976888
12.0014961432794 0.996886290447793
12.0105460825276 0.998878691984444
12.0195960217759 0.999875389517657
12.0286459610241 0.999875389517657
12.0376959002724 0.998878691984444
12.0467458395206 0.996886290447793
12.0557957787688 0.993900170976888
12.0648457180171 0.989923310200558
12.0738956572653 0.984959672340111
12.0829455965136 0.979014205257714
12.0919955357618 0.972092835524257
12.1010454750101 0.964202462511611
12.1100954142583 0.955350951515195
12.1191453535065 0.945547125913667
12.1281952927548 0.934800758373598
12.137245232003 0.923122561107861
12.1462951712513 0.910524175197463
12.1553451104995 0.897018158987464
12.1643950497477 0.882617975568548
12.173444988996 0.867337979356716
12.1824949282442 0.851193401784493
12.1915448674925 0.834200336117917
12.2005948067407 0.816375721414398
12.2096447459889 0.797737325637519
12.2186946852372 0.77830372794553
12.2277446244854 0.758094300171246
12.2367945637337 0.737129187511779
12.2458445029819 0.715429288447372
12.2548944422301 0.693016233909333
12.2639443814784 0.669912365717857
12.2729943207266 0.646140714311212
12.2820442599749 0.621724975788493
12.2910941992231 0.596689488288854
12.3001441384714 0.571059207730694
12.3091940777196 0.54485968293507
12.3182440169678 0.518117030158077
12.3272939562161 0.490857907057594
12.3363438954643 0.463109486120348
12.3453938347126 0.434899427575795
12.3544437739608 0.40625585182379
12.363493713209 0.377207311403578
12.3725436524573 0.347782762531986
12.3815935917055 0.318011536239235
12.3906435309538 0.287923309131165
12.399693470202 0.257548073806896
12.4087434094503 0.22691610896159
12.4177933486985 0.196057949203977
12.4268432879467 0.1650043546188
12.435893227195 0.13378628010448
12.4449431664432 0.102434844516615
12.4539931056915 0.070981299648018
12.4630430449397 0.0394569990762554
12.4720929841879 0.00789336690971644
12.4811429234362 -0.0236781335366265
12.4901928626844 -0.0552260311045101
12.4992428019327 -0.0867188781635523
12.5082927411809 -0.118125281958908
12.5173426804291 -0.149413935904261
12.5263926196774 -0.180553650788902
12.5354425589256 -0.211513385867818
12.5444924981739 -0.242262279803782
12.5535424374221 -0.272769681430601
12.5625923766704 -0.30300518030687
12.5716423159186 -0.332938637029759
12.5806922551668 -0.362540213278626
12.5897421944151 -0.391780401558495
12.5987921336633 -0.420630054613785
12.6078420729116 -0.449060414482921
12.6168920121598 -0.47704314116489
12.625941951408 -0.504550340869177
12.6349918906563 -0.531554593820901
12.6440418299045 -0.558028981593439
12.6530917691528 -0.583947113941304
12.662141708401 -0.609283155106515
12.6711916476492 -0.634011849572236
12.6802415868975 -0.658108547238039
12.6892915261457 -0.681549227991635
12.698341465394 -0.704310525652673
12.7073914046422 -0.726369751264639
12.7164413438905 -0.747704915711709
12.7254912831387 -0.768294751637971
12.7345412223869 -0.788118734647192
12.7435911616352 -0.807157103761985
12.7526411008834 -0.825390881121975
12.7616910401317 -0.842801890901349
12.7707409793799 -0.859372777426911
12.7797909186281 -0.875087022478595
12.7888408578764 -0.889928961755181
12.7978907971246 -0.903883800488824
12.8069407363729 -0.916937628192789
12.8159906756211 -0.929077432527731
12.8250406148693 -0.940291112272675
12.8340905541176 -0.950567489387783
12.8431404933658 -0.959896320156857
12.8521904326141 -0.968268305398507
12.8612403718623 -0.975675099735773
12.8702903111106 -0.98210931991498
12.8793402503588 -0.987564552165524
12.888390189607 -0.992035358593258
12.8974401288553 -0.995517282601106
12.9064900681035 -0.998006853331493
12.9155400073518 -0.999501589126174
12.9245899466 -1
12.9420779916171 -0.999501589126174
12.9595660366342 -0.998006853331493
12.9770540816513 -0.995517282601106
12.9945421266683 -0.992035358593258
13.0120301716854 -0.987564552165524
13.0295182167025 -0.982109319914981
13.0470062617196 -0.975675099735774
13.0644943067367 -0.968268305398508
13.0819823517538 -0.959896320156857
13.0994703967709 -0.950567489387782
13.1169584417879 -0.940291112272675
13.134446486805 -0.92907743252773
13.1519345318221 -0.916937628192788
13.1694225768392 -0.903883800488823
13.1869106218563 -0.88992896175518
13.2043986668734 -0.875087022478593
13.2218867118905 -0.859372777426912
13.2393747569075 -0.842801890901351
13.2568628019246 -0.825390881121976
13.2743508469417 -0.807157103761986
13.2918388919588 -0.788118734647193
13.3093269369759 -0.768294751637971
13.326814981993 -0.74770491571171
13.34430302701 -0.72636975126464
13.3617910720271 -0.704310525652673
13.3792791170442 -0.681549227991635
13.3967671620613 -0.658108547238039
13.4142552070784 -0.634011849572238
13.4317432520955 -0.609283155106516
13.4492312971126 -0.583947113941305
13.4667193421296 -0.558028981593439
13.4842073871467 -0.531554593820901
13.5016954321638 -0.504550340869177
13.5191834771809 -0.477043141164889
13.536671522198 -0.44906041448292
13.5541595672151 -0.420630054613784
13.5716476122322 -0.391780401558493
13.5891356572492 -0.362540213278625
13.6066237022663 -0.332938637029761
13.6241117472834 -0.303005180306873
13.6415997923005 -0.272769681430604
13.6590878373176 -0.242262279803784
13.6765758823347 -0.21151338586782
13.6940639273518 -0.180553650788904
13.7115519723688 -0.149413935904259
13.7290400173859 -0.118125281958907
13.746528062403 -0.0867188781635496
13.7640161074201 -0.0552260311045071
13.7815041524372 -0.023678133536623
13.7989921974543 0.00789336690971398
13.8164802424714 0.0394569990762534
13.8339682874884 0.0709812996480162
13.8514563325055 0.102434844516614
13.8689443775226 0.133786280104479
13.8864324225397 0.165004354618799
13.9039204675568 0.196057949203978
13.9214085125739 0.22691610896159
13.938896557591 0.257548073806896
13.956384602608 0.287923309131166
13.9738726476251 0.318011536239237
13.9913606926422 0.347782762531981
14.0088487376593 0.377207311403574
14.0263367826764 0.406255851823787
14.0438248276935 0.434899427575791
14.0613128727106 0.463109486120349
14.0788009177276 0.490857907057595
14.0962889627447 0.518117030158078
14.1137770077618 0.544859682935071
14.1312650527789 0.571059207730695
14.148753097796 0.596689488288856
14.1662411428131 0.621724975788495
14.1837291878302 0.64614071431121
14.2012172328472 0.669912365717855
14.2187052778643 0.693016233909331
14.2361933228814 0.715429288447371
14.2536813678985 0.737129187511779
14.2711694129156 0.758094300171245
14.2886574579327 0.778303727945529
14.3061455029497 0.797737325637519
14.3236335479668 0.816375721414398
14.3411215929839 0.834200336117918
14.358609638001 0.851193401784495
14.3760976830181 0.867337979356715
14.3935857280352 0.882617975568547
14.4110737730523 0.897018158987464
14.4285618180693 0.910524175197463
14.4460498630864 0.923122561107861
14.4635379081035 0.934800758373599
14.4810259531206 0.945547125913667
14.4985139981377 0.955350951515195
14.5160020431548 0.964202462511612
14.5334900881719 0.972092835524257
14.5509781331889 0.979014205257714
14.568466178206 0.98495967234011
14.5859542232231 0.989923310200557
14.6034422682402 0.993900170976888
14.6209303132573 0.996886290447793
14.6384183582744 0.998878691984444
14.6559064032915 0.999875389517657
14.6733944483085 0.999875389517657
14.6908824933256 0.998878691984444
14.7083705383427 0.996886290447793
14.7258585833598 0.993900170976888
14.7433466283769 0.989923310200557
14.760834673394 0.98495967234011
14.7783227184111 0.979014205257714
14.7958107634281 0.972092835524257
14.8132988084452 0.964202462511612
14.8307868534623 0.955350951515195
14.8482748984794 0.945547125913667
14.8657629434965 0.934800758373598
14.8832509885136 0.923122561107861
14.9007390335307 0.910524175197462
14.9182270785477 0.897018158987464
14.9357151235648 0.882617975568547
14.9532031685819 0.867337979356714
14.970691213599 0.851193401784494
14.9881792586161 0.834200336117917
15.0056673036332 0.816375721414398
15.0231553486503 0.797737325637519
15.0406433936673 0.778303727945529
15.0581314386844 0.758094300171245
15.0756194837015 0.737129187511778
15.0931075287186 0.715429288447371
15.1105955737357 0.693016233909332
15.1280836187528 0.669912365717855
15.1455716637699 0.64614071431121
15.1630597087869 0.621724975788495
15.180547753804 0.596689488288856
15.1980357988211 0.571059207730695
15.2155238438382 0.544859682935071
15.2330118888553 0.518117030158079
15.2504999338724 0.490857907057595
15.2679879788894 0.463109486120349
15.2854760239065 0.434899427575795
15.3029640689236 0.40625585182379
15.3204521139407 0.377207311403578
15.3379401589578 0.347782762531982
15.3554282039749 0.318011536239237
15.372916248992 0.287923309131166
15.390404294009 0.257548073806896
15.4078923390261 0.22691610896159
15.4253803840432 0.196057949203978
15.4428684290603 0.165004354618799
15.4603564740774 0.133786280104479
15.4778445190945 0.102434844516613
15.4953325641116 0.0709812996480171
15.5128206091286 0.0394569990762536
15.5303086541457 0.00789336690971467
15.5477966991628 -0.0236781335366265
15.5652847441799 -0.0552260311045093
15.582772789197 -0.0867188781635523
15.6002608342141 -0.118125281958909
15.6177488792312 -0.149413935904262
15.6352369242482 -0.180553650788903
15.6527249692653 -0.21151338586782
15.6702130142824 -0.242262279803784
15.6877010592995 -0.272769681430604
15.7051891043166 -0.303005180306873
15.7226771493337 -0.332938637029762
15.7401651943508 -0.362540213278625
15.7576532393678 -0.391780401558493
15.7751412843849 -0.420630054613784
15.792629329402 -0.44906041448292
15.8101173744191 -0.477043141164889
15.8276054194362 -0.504550340869177
15.8450934644533 -0.531554593820901
15.8625815094704 -0.558028981593439
15.8800695544874 -0.583947113941305
15.8975575995045 -0.609283155106516
15.9150456445216 -0.634011849572238
15.9325336895387 -0.658108547238037
15.9500217345558 -0.681549227991635
15.9675097795729 -0.704310525652673
15.98499782459 -0.72636975126464
16.002485869607 -0.747704915711707
16.0199739146241 -0.768294751637969
16.0374619596412 -0.788118734647191
16.0549500046583 -0.807157103761987
16.0724380496754 -0.825390881121975
16.0899260946925 -0.842801890901352
16.1074141397095 -0.859372777426911
16.1249021847266 -0.875087022478595
16.1423902297437 -0.889928961755179
16.1598782747608 -0.903883800488824
16.1773663197779 -0.91693762819279
16.194854364795 -0.929077432527731
16.2123424098121 -0.940291112272676
16.2298304548291 -0.950567489387783
16.2473184998462 -0.959896320156858
16.2648065448633 -0.968268305398508
16.2822945898804 -0.975675099735774
16.2997826348975 -0.98210931991498
16.3172706799146 -0.987564552165524
16.3347587249317 -0.992035358593258
16.3522467699487 -0.995517282601106
16.3697348149658 -0.998006853331493
16.3872228599829 -0.999501589126174
16.404710905 -1
16.4112612057 -0.999501589126174
16.4178115064 -0.998006853331493
16.4243618071 -0.995517282601106
16.4309121078 -0.992035358593258
16.4374624085 -0.987564552165525
16.4440127092 -0.98210931991498
16.4505630099 -0.975675099735774
16.4571133106 -0.968268305398509
16.4636636113 -0.959896320156855
16.470213912 -0.950567489387782
16.4767642127 -0.940291112272677
16.4833145134 -0.929077432527734
16.4898648141 -0.916937628192787
16.4964151148 -0.903883800488824
16.5029654155 -0.889928961755183
16.5095157162 -0.875087022478591
16.5160660169 -0.859372777426912
16.5226163176 -0.842801890901353
16.5291666183 -0.825390881121972
16.535716919 -0.807157103761984
16.5422672197 -0.788118734647194
16.5488175204 -0.768294751637975
16.5553678211 -0.747704915711706
16.5619181218 -0.726369751264639
16.5684684225 -0.704310525652676
16.5750187232 -0.681549227991629
16.5815690239 -0.658108547238036
16.5881193246 -0.634011849572241
16.5946696253 -0.609283155106523
16.601219926 -0.583947113941303
16.6077702267 -0.558028981593441
16.6143205274 -0.531554593820906
16.6208708281 -0.504550340869172
16.6274211288 -0.477043141164888
16.6339714295 -0.449060414482923
16.6405217302 -0.420630054613792
16.6470720309 -0.39178040155849
16.6536223316 -0.362540213278626
16.6601726323 -0.332938637029767
16.666722933 -0.303005180306867
16.6732732337 -0.272769681430602
16.6798235344 -0.242262279803787
16.6863738351 -0.211513385867811
16.6929241358 -0.180553650788899
16.6994744365 -0.149413935904263
16.7060247372 -0.118125281958915
16.7125750379 -0.0867188781635459
16.7191253386 -0.0552260311045079
16.7256756393 -0.023678133536629
16.73222594 0.00789336690972064
16.7387762407 0.0394569990762549
16.7453265414 0.0709812996480131
16.7518768421 0.102434844516606
16.7584271428 0.133786280104483
16.7649774435 0.165004354618799
16.7715277442 0.196057949203973
16.7780780449 0.226916108961597
16.7846283456 0.257548073806898
16.7911786463 0.287923309131163
16.797728947 0.31801153623923
16.8042792477 0.347782762531986
16.8108295484 0.377207311403575
16.8173798491 0.406255851823783
16.8239301498 0.434899427575798
16.8304804505 0.463109486120348
16.8370307512 0.49085790705759
16.8435810519 0.518117030158084
16.8501313526 0.544859682935073
16.8566816533 0.571059207730693
16.863231954 0.59668948828885
16.8697822547 0.621724975788499
16.8763325554 0.64614071431121
16.8828828561 0.669912365717852
16.8894331568 0.693016233909337
16.8959834575 0.715429288447373
16.9025337582 0.737129187511777
16.9090840589 0.75809430017124
16.9156343596 0.778303727945533
16.9221846603 0.797737325637519
16.928734961 0.816375721414396
16.9352852617 0.834200336117921
16.9418355624 0.851193401784495
16.9483858631 0.867337979356713
16.9549361638 0.882617975568543
16.9614864645 0.897018158987465
16.9680367652 0.910524175197462
16.9745870659 0.923122561107858
16.9811373666 0.9348007583736
16.9876876673 0.945547125913667
16.994237968 0.955350951515194
17.0007882687 0.964202462511609
17.0073385694 0.972092835524258
17.0138888701 0.979014205257714
17.0204391708 0.984959672340109
17.0269894715 0.989923310200558
17.0335397722 0.993900170976888
17.0400900729 0.996886290447793
17.0466403736 0.998878691984444
17.0531906743 0.999875389517657
17.059740975 0.999875389517657
17.0662912757 0.998878691984444
17.0728415764 0.996886290447793
17.0793918771 0.993900170976888
17.0859421778 0.989923310200558
17.0924924785 0.984959672340109
17.0990427792 0.979014205257714
17.1055930799 0.972092835524258
17.1121433806 0.964202462511614
17.1186936813 0.955350951515194
17.125243982 0.945547125913668
17.1317942827 0.934800758373601
17.1383445834 0.923122561107859
17.1448948841 0.910524175197462
17.1514451848 0.897018158987465
17.1579954855 0.882617975568543
17.1645457862 0.867337979356713
17.1710960869 0.851193401784496
17.1776463876 0.834200336117921
17.1841966883 0.816375721414396
17.190746989 0.797737325637519
17.1972972897 0.778303727945533
17.2038475904 0.758094300171241
17.2103978911 0.737129187511777
17.2169481918 0.715429288447373
17.2234984925 0.693016233909337
17.2300487932 0.669912365717852
17.2365990939 0.64614071431121
17.2431493946 0.621724975788499
17.2496996953 0.596689488288851
17.256249996 0.571059207730694
17.2628002967 0.544859682935073
17.2693505974 0.518117030158084
17.2759008981 0.49085790705759
17.2824511988 0.463109486120348
17.2890014995 0.434899427575799
17.2955518002 0.406255851823783
17.3021021009 0.377207311403576
17.3086524016 0.347782762531987
17.3152027023 0.318011536239247
17.321753003 0.287923309131164
17.3283033037 0.257548073806899
17.3348536044 0.226916108961597
17.3414039051 0.196057949203973
17.3479542058 0.165004354618799
17.3545045065 0.133786280104484
17.3610548072 0.102434844516606
17.3676051079 0.0709812996480136
17.3741554086 0.0394569990762554
17.3807057093 0.00789336690972088
17.38725601 -0.0236781335366283
17.3938063107 -0.0552260311045075
17.4003566114 -0.0867188781635452
17.4069069121 -0.118125281958914
17.4134572128 -0.149413935904263
17.4200075135 -0.180553650788899
17.4265578142 -0.211513385867811
17.4331081149 -0.242262279803787
17.4396584156 -0.272769681430602
17.4462087163 -0.303005180306867
17.452759017 -0.332938637029767
17.4593093177 -0.362540213278626
17.4658596184 -0.39178040155849
17.4724099191 -0.420630054613792
17.4789602198 -0.449060414482923
17.4855105205 -0.477043141164888
17.4920608212 -0.504550340869172
17.4986111219 -0.531554593820907
17.5051614226 -0.558028981593441
17.5117117233 -0.583947113941303
17.518262024 -0.609283155106523
17.5248123247 -0.634011849572241
17.5313626254 -0.658108547238036
17.5379129261 -0.681549227991628
17.5444632268 -0.704310525652676
17.5510135275 -0.726369751264639
17.5575638282 -0.747704915711705
17.5641141289 -0.768294751637975
17.5706644296 -0.788118734647194
17.5772147303 -0.807157103761984
17.583765031 -0.825390881121972
17.5903153317 -0.842801890901353
17.5968656324 -0.859372777426911
17.6034159331 -0.875087022478591
17.6099662338 -0.889928961755183
17.6165165345 -0.903883800488824
17.6230668352 -0.916937628192787
17.6296171359 -0.929077432527727
17.6361674366 -0.940291112272677
17.6427177373 -0.950567489387782
17.649268038 -0.959896320156855
17.6558183387 -0.968268305398509
17.6623686394 -0.975675099735774
17.6689189401 -0.98210931991498
17.6754692408 -0.987564552165525
17.6820195415 -0.992035358593258
17.6885698422 -0.995517282601106
17.6951201429 -0.998006853331493
17.7016704436 -0.999501589126174
17.7082207443 -1
17.7243466913894 -0.999501589126174
17.7404726384789 -0.998006853331493
17.7565985855683 -0.995517282601106
17.7727245326578 -0.992035358593258
17.7888504797472 -0.987564552165524
17.8049764268367 -0.98210931991498
17.8211023739261 -0.975675099735774
17.8372283210156 -0.968268305398508
17.853354268105 -0.959896320156857
17.8694802151945 -0.950567489387784
17.8856061622839 -0.940291112272675
17.9017321093734 -0.929077432527731
17.9178580564628 -0.916937628192788
17.9339840035523 -0.903883800488824
17.9501099506417 -0.889928961755182
17.9662358977312 -0.875087022478593
17.9823618448206 -0.859372777426913
17.9984877919101 -0.84280189090135
18.0146137389995 -0.825390881121977
18.0307396860889 -0.807157103761984
18.0468656331784 -0.788118734647193
18.0629915802678 -0.768294751637968
18.0791175273573 -0.747704915711709
18.0952434744467 -0.726369751264641
18.1113694215362 -0.704310525652671
18.1274953686256 -0.681549227991635
18.1436213157151 -0.658108547238036
18.1597472628045 -0.634011849572239
18.175873209894 -0.609283155106514
18.1919991569834 -0.583947113941306
18.2081251040729 -0.558028981593442
18.2242510511623 -0.531554593820901
18.2403769982518 -0.504550340869179
18.2565029453412 -0.477043141164888
18.2726288924307 -0.449060414482921
18.2887548395201 -0.420630054613782
18.3048807866095 -0.391780401558493
18.321006733699 -0.362540213278627
18.3371326807884 -0.33293863702976
18.3532586278779 -0.303005180306875
18.3693845749673 -0.272769681430601
18.3855105220568 -0.242262279803784
18.4016364691462 -0.211513385867816
18.4177624162357 -0.180553650788903
18.4338883633251 -0.149413935904264
18.4500143104146 -0.118125281958907
18.466140257504 -0.0867188781635532
18.4822662045935 -0.0552260311045066
18.4983921516829 -0.0236781335366254
18.5145180987724 0.00789336690971575
18.5306440458618 0.0394569990762523
18.5467699929513 0.0709812996480124
18.5628959400407 0.102434844516614
18.5790218871301 0.133786280104477
18.5951478342196 0.165004354618801
18.611273781309 0.196057949203976
18.6273997283985 0.226916108961592
18.6435256754879 0.257548073806896
18.6596516225774 0.287923309131163
18.6757775696668 0.318011536239239
18.6919035167563 0.34778276253198
18.7080294638457 0.377207311403577
18.7241554109352 0.406255851823787
18.7402813580246 0.434899427575795
18.7564073051141 0.463109486120347
18.7725332522035 0.490857907057597
18.788659199293 0.518117030158078
18.8047851463824 0.544859682935068
18.8209110934719 0.571059207730696
18.8370370405613 0.596689488288854
18.8531629876508 0.621724975788497
18.8692889347402 0.646140714311209
18.8854148818297 0.669912365717858
18.9015408289191 0.693016233909332
18.9176667760085 0.715429288447369
18.933792723098 0.737129187511779
18.9499186701874 0.758094300171244
18.9660446172769 0.778303727945531
18.9821705643663 0.797737325637519
18.9982965114558 0.816375721414401
19.0144224585452 0.834200336117917
19.0305484056347 0.851193401784493
19.0466743527241 0.867337979356715
19.0628002998136 0.882617975568546
19.078926246903 0.897018158987464
19.0950521939925 0.910524175197462
19.1111781410819 0.923122561107862
19.1273040881714 0.934800758373598
19.1434300352608 0.945547125913666
19.1595559823503 0.955350951515195
19.1756819294397 0.964202462511611
19.1918078765291 0.972092835524257
19.2079338236186 0.979014205257714
19.224059770708 0.984959672340111
19.2401857177975 0.989923310200557
19.2563116648869 0.993900170976888
19.2724376119764 0.996886290447793
19.2885635590658 0.998878691984443
19.3046895061553 0.999875389517657
19.3208154532447 0.999875389517657
19.3369414003342 0.998878691984443
19.3530673474236 0.996886290447793
19.3691932945131 0.993900170976887
19.3853192416025 0.989923310200557
19.401445188692 0.984959672340111
19.4175711357814 0.979014205257714
19.4336970828709 0.972092835524257
19.4498230299603 0.964202462511611
19.4659489770497 0.955350951515195
19.4820749241392 0.945547125913666
19.4982008712286 0.934800758373598
19.5143268183181 0.923122561107862
19.5304527654075 0.910524175197462
19.546578712497 0.897018158987464
19.5627046595864 0.882617975568546
19.5788306066759 0.867337979356715
19.5949565537653 0.851193401784493
19.6110825008548 0.834200336117918
19.6272084479442 0.816375721414401
19.6433343950337 0.797737325637519
19.6594603421231 0.778303727945531
19.6755862892126 0.758094300171244
19.691712236302 0.73712918751178
19.7078381833915 0.71542928844737
19.7239641304809 0.693016233909332
19.7400900775704 0.669912365717858
19.7562160246598 0.646140714311209
19.7723419717492 0.621724975788497
19.7884679188387 0.596689488288855
19.8045938659281 0.571059207730696
19.8207198130176 0.544859682935068
19.836845760107 0.518117030158078
19.8529717071965 0.490857907057597
19.8690976542859 0.463109486120348
19.8852236013754 0.434899427575796
19.9013495484648 0.406255851823787
19.9174754955543 0.377207311403577
19.9336014426437 0.34778276253198
19.9497273897332 0.318011536239239
19.9658533368226 0.28792330913117
19.9819792839121 0.257548073806896
19.9981052310015 0.226916108961592
20.014231178091 0.196057949203977
20.0303571251804 0.165004354618802
20.0464830722699 0.133786280104477
20.0626090193593 0.102434844516614
20.0787349664487 0.0709812996480198
20.0948609135382 0.0394569990762527
20.1109868606276 0.00789336690971644
20.1271128077171 -0.0236781335366256
20.1432387548065 -0.0552260311045066
20.159364701896 -0.0867188781635523
20.1754906489854 -0.118125281958907
20.1916165960749 -0.149413935904257
20.2077425431643 -0.180553650788902
20.2238684902538 -0.211513385867817
20.2399944373432 -0.242262279803784
20.2561203844327 -0.272769681430601
20.2722463315221 -0.303005180306874
20.2883722786116 -0.33293863702976
20.304498225701 -0.362540213278621
20.3206241727905 -0.391780401558493
20.3367501198799 -0.420630054613782
20.3528760669693 -0.449060414482921
20.3690020140588 -0.477043141164888
20.3851279611482 -0.504550340869179
20.4012539082377 -0.531554593820901
20.4173798553271 -0.558028981593442
20.4335058024166 -0.583947113941306
20.449631749506 -0.609283155106519
20.4657576965955 -0.634011849572239
20.4818836436849 -0.658108547238035
20.4980095907744 -0.681549227991635
20.5141355378638 -0.704310525652671
20.5302614849533 -0.726369751264641
20.5463874320427 -0.747704915711708
20.5625133791322 -0.768294751637973
20.5786393262216 -0.788118734647193
20.5947652733111 -0.807157103761984
20.6108912204005 -0.825390881121977
20.6270171674899 -0.842801890901349
20.6431431145794 -0.859372777426913
20.6592690616688 -0.875087022478593
20.6753950087583 -0.889928961755181
20.6915209558477 -0.903883800488824
20.7076469029372 -0.916937628192787
20.7237728500266 -0.929077432527731
20.7398987971161 -0.940291112272675
20.7560247442055 -0.950567489387783
20.772150691295 -0.959896320156857
20.7882766383844 -0.968268305398508
20.8044025854739 -0.975675099735774
20.8205285325633 -0.98210931991498
20.8366544796528 -0.987564552165524
20.8527804267422 -0.992035358593258
20.8689063738317 -0.995517282601106
20.8850323209211 -0.998006853331493
20.9011582680106 -0.999501589126174
20.9172842151 -1
20.9325246056417 -0.999501589126174
20.9477649961834 -0.998006853331494
20.9630053867251 -0.995517282601106
20.9782457772668 -0.992035358593258
20.9934861678085 -0.987564552165523
21.0087265583503 -0.982109319914981
21.023966948892 -0.975675099735774
21.0392073394337 -0.968268305398507
21.0544477299754 -0.959896320156858
21.0696881205171 -0.950567489387783
21.0849285110588 -0.940291112272675
21.1001689016005 -0.929077432527729
21.1154092921422 -0.91693762819279
21.1306496826839 -0.903883800488824
21.1458900732256 -0.889928961755179
21.1611304637673 -0.875087022478595
21.176370854309 -0.859372777426912
21.1916112448508 -0.84280189090135
21.2068516353925 -0.825390881121974
21.2220920259342 -0.807157103761987
21.2373324164759 -0.788118734647192
21.2525728070176 -0.768294751637969
21.2678131975593 -0.747704915711711
21.283053588101 -0.72636975126464
21.2982939786427 -0.704310525652671
21.3135343691844 -0.681549227991631
21.3287747597261 -0.658108547238039
21.3440151502678 -0.634011849572239
21.3592555408095 -0.609283155106515
21.3744959313513 -0.583947113941309
21.389736321893 -0.558028981593441
21.4049767124347 -0.531554593820901
21.4202171029764 -0.504550340869175
21.4354574935181 -0.477043141164891
21.4506978840598 -0.44906041448292
21.4659382746015 -0.420630054613782
21.4811786651432 -0.391780401558496
21.4964190556849 -0.362540213278625
21.5116594462266 -0.33293863702976
21.5268998367683 -0.30300518030687
21.54214022731 -0.272769681430605
21.5573806178518 -0.242262279803783
21.5726210083935 -0.211513385867817
21.5878613989352 -0.180553650788905
21.6031017894769 -0.149413935904262
21.6183421800186 -0.118125281958907
21.6335825705603 -0.0867188781635474
21.648822961102 -0.0552260311045099
21.6640633516437 -0.0236781335366237
21.6793037421854 0.00789336690971553
21.6945441327271 0.0394569990762498
21.7097845232688 0.0709812996480151
21.7250249138106 0.102434844516615
21.7402653043523 0.133786280104482
21.755505694894 0.165004354618797
21.7707460854357 0.196057949203978
21.7859864759774 0.226916108961592
21.8012268665191 0.257548073806894
21.8164672570608 0.287923309131166
21.8317076476025 0.318011536239239
21.8469480381442 0.347782762531985
21.8621884286859 0.377207311403574
21.8774288192276 0.406255851823789
21.8926692097693 0.434899427575795
21.9079096003111 0.463109486120345
21.9231499908528 0.490857907057593
21.9383903813945 0.518117030158079
21.9536307719362 0.544859682935073
21.9688711624779 0.571059207730693
21.9841115530196 0.596689488288856
21.9993519435613 0.621724975788497
22.014592334103 0.646140714311207
22.0298327246447 0.669912365717855
22.0450731151864 0.693016233909333
22.0603135057281 0.715429288447369
22.0755538962698 0.737129187511778
22.0907942868116 0.758094300171246
22.1060346773533 0.778303727945531
22.121275067895 0.797737325637517
22.1365154584367 0.816375721414399
22.1517558489784 0.834200336117918
22.1669962395201 0.851193401784496
22.1822366300618 0.867337979356714
22.1974770206035 0.882617975568547
22.2127174111452 0.897018158987465
22.2279578016869 0.910524175197461
22.2431981922286 0.923122561107861
22.2584385827704 0.934800758373599
22.2736789733121 0.945547125913668
22.2889193638538 0.955350951515194
22.3041597543955 0.964202462511612
22.3194001449372 0.972092835524258
22.3346405354789 0.979014205257714
22.3498809260206 0.98495967234011
22.3651213165623 0.989923310200557
22.380361707104 0.993900170976888
22.3956020976457 0.996886290447793
22.4108424881874 0.998878691984444
22.4260828787291 0.999875389517657
22.4413232692709 0.999875389517657
22.4565636598126 0.998878691984444
22.4718040503543 0.996886290447793
22.487044440896 0.993900170976888
22.5022848314377 0.989923310200557
22.5175252219794 0.98495967234011
22.5327656125211 0.979014205257714
22.5480060030628 0.972092835524258
22.5632463936045 0.964202462511612
22.5784867841462 0.955350951515194
22.5937271746879 0.945547125913666
22.6089675652296 0.934800758373599
22.6242079557714 0.923122561107861
22.6394483463131 0.910524175197461
22.6546887368548 0.897018158987465
22.6699291273965 0.882617975568547
22.6851695179382 0.867337979356714
22.7004099084799 0.851193401784496
22.7156502990216 0.834200336117919
22.7308906895633 0.816375721414399
22.746131080105 0.797737325637518
22.7613714706467 0.778303727945532
22.7766118611884 0.758094300171246
22.7918522517302 0.737129187511778
22.8070926422719 0.715429288447369
22.8223330328136 0.693016233909333
22.8375734233553 0.669912365717855
22.852813813897 0.646140714311208
22.8680542044387 0.621724975788497
22.8832945949804 0.596689488288856
22.8985349855221 0.571059207730694
22.9137753760638 0.544859682935073
22.9290157666055 0.518117030158079
22.9442561571472 0.490857907057593
22.9594965476889 0.463109486120345
22.9747369382307 0.434899427575796
22.9899773287724 0.40625585182379
23.0052177193141 0.377207311403575
23.0204581098558 0.347782762531979
23.0356985003975 0.31801153623924
23.0509388909392 0.287923309131166
23.0661792814809 0.257548073806894
23.0814196720226 0.226916108961592
23.0966600625643 0.196057949203979
23.111900453106 0.165004354618797
23.1271408436477 0.133786280104483
23.1423812341894 0.102434844516615
23.1576216247312 0.0709812996480153
23.1728620152729 0.0394569990762501
23.1881024058146 0.00789336690971555
23.2033427963563 -0.0236781335366239
23.218583186898 -0.0552260311045101
23.2338235774397 -0.0867188781635549
23.2490639679814 -0.118125281958906
23.2643043585231 -0.149413935904261
23.2795447490648 -0.180553650788905
23.2947851396065 -0.211513385867817
23.3100255301482 -0.242262279803783
23.32526592069 -0.272769681430605
23.3405063112317 -0.30300518030687
23.3557467017734 -0.332938637029759
23.3709870923151 -0.362540213278626
23.3862274828568 -0.391780401558495
23.4014678733985 -0.420630054613782
23.4167082639402 -0.44906041448292
23.4319486544819 -0.477043141164891
23.4471890450236 -0.504550340869181
23.4624294355653 -0.531554593820901
23.477669826107 -0.55802898159344
23.4929102166487 -0.583947113941308
23.5081506071905 -0.609283155106515
23.5233909977322 -0.634011849572238
23.5386313882739 -0.658108547238039
23.5538717788156 -0.681549227991631
23.5691121693573 -0.704310525652671
23.584352559899 -0.72636975126464
23.5995929504407 -0.747704915711711
23.6148333409824 -0.768294751637969
23.6300737315241 -0.788118734647193
23.6453141220658 -0.807157103761987
23.6605545126075 -0.825390881121974
23.6757949031492 -0.84280189090135
23.691035293691 -0.859372777426912
23.7062756842327 -0.875087022478595
23.7215160747744 -0.889928961755179
23.7367564653161 -0.903883800488823
23.7519968558578 -0.916937628192789
23.7672372463995 -0.929077432527729
23.7824776369412 -0.940291112272675
23.7977180274829 -0.950567489387783
23.8129584180246 -0.959896320156856
23.8281988085663 -0.968268305398507
23.843439199108 -0.975675099735774
23.8586795896497 -0.982109319914981
23.8739199801915 -0.987564552165524
23.8891603707332 -0.992035358593258
23.9044007612749 -0.995517282601106
23.9196411518166 -0.998006853331494
23.9348815423583 -0.999501589126174
23.9501219329 -1
23.9654479533377 -0.999501589126174
23.9807739737754 -0.998006853331493
23.9960999942131 -0.995517282601106
24.0114260146508 -0.992035358593257
24.0267520350884 -0.987564552165524
24.0420780555261 -0.982109319914981
24.0574040759638 -0.975675099735773
24.0727300964015 -0.968268305398508
24.0880561168392 -0.959896320156856
24.1033821372769 -0.950567489387783
24.1187081577146 -0.940291112272676
24.1340341781523 -0.92907743252773
24.1493601985899 -0.916937628192789
24.1646862190276 -0.903883800488825
24.1800122394653 -0.88992896175518
24.195338259903 -0.875087022478595
24.2106642803407 -0.859372777426911
24.2259903007784 -0.842801890901351
24.2413163212161 -0.825390881121978
24.2566423416538 -0.807157103761985
24.2719683620915 -0.788118734647193
24.2872943825291 -0.768294751637969
24.3026204029668 -0.747704915711709
24.3179464234045 -0.726369751264641
24.3332724438422 -0.704310525652671
24.3485984642799 -0.681549227991635
24.3639244847176 -0.658108547238035
24.3792505051553 -0.634011849572239
24.394576525593 -0.609283155106519
24.4099025460307 -0.583947113941305
24.4252285664683 -0.558028981593441
24.440554586906 -0.531554593820899
24.4558806073437 -0.504550340869177
24.4712066277814 -0.477043141164892
24.4865326482191 -0.449060414482918
24.5018586686568 -0.420630054613785
24.5171846890945 -0.391780401558497
24.5325107095322 -0.362540213278624
24.5478367299698 -0.332938637029763
24.5631627504075 -0.30300518030687
24.5784887708452 -0.272769681430604
24.5938147912829 -0.242262279803786
24.6091408117206 -0.211513385867818
24.6244668321583 -0.180553650788904
24.639792852596 -0.149413935904259
24.6551188730337 -0.118125281958908
24.6704448934714 -0.0867188781635538
24.685770913909 -0.0552260311045068
24.7010969343467 -0.0236781335366257
24.7164229547844 0.0078933669097162
24.7317489752221 0.0394569990762529
24.7470749956598 0.0709812996480131
24.7624010160975 0.102434844516615
24.7777270365352 0.133786280104478
24.7930530569729 0.165004354618803
24.8083790774106 0.196057949203978
24.8237050978482 0.226916108961588
24.8390311182859 0.257548073806898
24.8543571387236 0.287923309131165
24.8696831591613 0.318011536239242
24.885009179599 0.347782762531983
24.9003352000367 0.377207311403574
24.9156612204744 0.406255851823791
24.9309872409121 0.434899427575792
24.9463132613497 0.463109486120345
24.9616392817874 0.490857907057595
24.9769653022251 0.518117030158076
24.9922913226628 0.544859682935072
25.0076173431005 0.571059207730694
25.0229433635382 0.596689488288853
25.0382693839759 0.621724975788496
25.0535954044136 0.646140714311209
25.0689214248513 0.669912365717857
25.0842474452889 0.693016233909332
25.0995734657266 0.715429288447369
25.1148994861643 0.73712918751178
25.130225506602 0.758094300171244
25.1455515270397 0.778303727945532
25.1608775474774 0.79773732563752
25.1762035679151 0.816375721414398
25.1915295883528 0.834200336117918
25.2068556087905 0.851193401784494
25.2221816292281 0.867337979356713
25.2375076496658 0.882617975568547
25.2528336701035 0.897018158987463
25.2681596905412 0.910524175197463
25.2834857109789 0.923122561107861
25.2988117314166 0.9348007583736
25.3141377518543 0.945547125913667
25.329463772292 0.955350951515194
25.3447897927296 0.964202462511612
25.3601158131673 0.972092835524257
25.375441833605 0.979014205257714
25.3907678540427 0.984959672340111
25.4060938744804 0.989923310200557
25.4214198949181 0.993900170976888
25.4367459153558 0.996886290447793
25.4520719357935 0.998878691984443
25.4673979562312 0.999875389517657
25.4827239766688 0.999875389517657
25.4980499971065 0.998878691984443
25.5133760175442 0.996886290447793
25.5287020379819 0.993900170976888
25.5440280584196 0.989923310200557
25.5593540788573 0.984959672340111
25.574680099295 0.979014205257714
25.5900061197327 0.972092835524257
25.6053321401704 0.964202462511612
25.620658160608 0.955350951515194
25.6359841810457 0.945547125913667
25.6513102014834 0.934800758373597
25.6666362219211 0.92312256110786
25.6819622423588 0.910524175197463
25.6972882627965 0.897018158987463
25.7126142832342 0.882617975568547
25.7279403036719 0.867337979356716
25.7432663241095 0.851193401784494
25.7585923445472 0.834200336117919
25.7739183649849 0.816375721414397
25.7892443854226 0.79773732563752
25.8045704058603 0.778303727945532
25.819896426298 0.758094300171245
25.8352224467357 0.73712918751178
25.8505484671734 0.715429288447369
25.8658744876111 0.693016233909332
25.8812005080487 0.669912365717857
25.8965265284864 0.646140714311209
25.9118525489241 0.621724975788497
25.9271785693618 0.596689488288854
25.9425045897995 0.571059207730695
25.9578306102372 0.544859682935073
25.9731566306749 0.518117030158076
25.9884826511126 0.490857907057595
26.0038086715503 0.463109486120344
26.0191346919879 0.434899427575792
26.0344607124256 0.406255851823791
26.0497867328633 0.377207311403574
26.065112753301 0.347782762531983
26.0804387737387 0.318011536239242
26.0957647941764 0.287923309131166
26.1110908146141 0.257548073806898
26.1264168350518 0.226916108961588
26.1417428554894 0.196057949203979
26.1570688759271 0.165004354618795
26.1723948963648 0.133786280104478
26.1877209168025 0.102434844516615
26.2030469372402 0.0709812996480136
26.2183729576779 0.0394569990762527
26.2336989781156 0.00789336690971644
26.2490249985533 -0.0236781335366247
26.264351018991 -0.0552260311045066
26.2796770394286 -0.086718878163554
26.2950030598663 -0.118125281958908
26.310329080304 -0.149413935904258
26.3256551007417 -0.180553650788904
26.3409811211794 -0.211513385867818
26.3563071416171 -0.242262279803786
26.3716331620548 -0.272769681430604
26.3869591824925 -0.303005180306871
26.4022852029302 -0.332938637029763
26.4176112233678 -0.362540213278624
26.4329372438055 -0.39178040155849
26.4482632642432 -0.420630054613785
26.4635892846809 -0.449060414482918
26.4789153051186 -0.477043141164891
26.4942413255563 -0.504550340869177
26.509567345994 -0.531554593820899
26.5248933664317 -0.55802898159344
26.5402193868693 -0.583947113941305
26.555545407307 -0.609283155106519
26.5708714277447 -0.634011849572238
26.5861974481824 -0.658108547238035
26.6015234686201 -0.681549227991635
26.6168494890578 -0.704310525652671
26.6321755094955 -0.726369751264641
26.6475015299332 -0.747704915711709
26.6628275503709 -0.768294751637969
26.6781535708085 -0.788118734647193
26.6934795912462 -0.807157103761985
26.7088056116839 -0.825390881121978
26.7241316321216 -0.84280189090135
26.7394576525593 -0.859372777426911
26.754783672997 -0.875087022478594
26.7701096934347 -0.88992896175518
26.7854357138724 -0.903883800488822
26.8007617343101 -0.916937628192789
26.8160877547477 -0.92907743252773
26.8314137751854 -0.940291112272676
26.8467397956231 -0.950567489387783
26.8620658160608 -0.959896320156858
26.8773918364985 -0.968268305398508
26.8927178569362 -0.975675099735773
26.9080438773739 -0.982109319914981
26.9233698978116 -0.987564552165524
26.9386959182492 -0.992035358593257
26.9540219386869 -0.995517282601106
26.9693479591246 -0.998006853331493
26.9846739795623 -0.999501589126174
27 -1
