0 -1
0.00746531491809045 -0.999501589126174
0.0149306298361809 -0.998006853331493
0.0223959447542714 -0.995517282601106
0.0298612596723618 -0.992035358593258
0.0373265745904523 -0.987564552165524
0.0447918895085427 -0.98210931991498
0.0522572044266332 -0.975675099735774
0.0597225193447236 -0.968268305398507
0.0671878342628141 -0.959896320156857
0.0746531491809045 -0.950567489387783
0.082118464098995 -0.940291112272676
0.0895837790170854 -0.929077432527731
0.0970490939351759 -0.916937628192789
0.104514408853266 -0.903883800488824
0.111979723771357 -0.88992896175518
0.119445038689447 -0.875087022478594
0.126910353607538 -0.859372777426912
0.134375668525628 -0.842801890901351
0.141840983443719 -0.825390881121976
0.149306298361809 -0.807157103761985
0.156771613279899 -0.788118734647192
0.16423692819799 -0.768294751637971
0.17170224311608 -0.747704915711709
0.179167558034171 -0.726369751264639
0.186632872952261 -0.704310525652672
0.194098187870352 -0.681549227991634
0.201563502788442 -0.658108547238038
0.209028817706533 -0.634011849572239
0.216494132624623 -0.609283155106517
0.223959447542714 -0.583947113941306
0.231424762460804 -0.55802898159344
0.238890077378894 -0.531554593820901
0.246355392296985 -0.504550340869177
0.253820707215075 -0.47704314116489
0.261286022133166 -0.44906041448292
0.268751337051256 -0.420630054613784
0.276216651969347 -0.391780401558493
0.283681966887437 -0.362540213278625
0.291147281805528 -0.332938637029761
0.298612596723618 -0.303005180306873
0.306077911641709 -0.272769681430603
0.313543226559799 -0.242262279803783
0.321008541477889 -0.211513385867819
0.32847385639598 -0.180553650788902
0.33593917131407 -0.149413935904261
0.343404486232161 -0.118125281958908
0.350869801150251 -0.0867188781635507
0.358335116068342 -0.0552260311045084
0.365800430986432 -0.0236781335366241
0.373265745904523 0.00789336690971309
0.380731060822613 0.0394569990762529
0.388196375740704 0.0709812996480158
0.395661690658794 0.102434844516613
0.403127005576884 0.133786280104479
0.410592320494975 0.165004354618799
0.418057635413065 0.196057949203978
0.425522950331156 0.22691610896159
0.432988265249246 0.257548073806897
0.440453580167337 0.287923309131166
0.447918895085427 0.318011536239238
0.455384210003518 0.347782762531982
0.462849524921608 0.377207311403576
0.470314839839699 0.406255851823789
0.477780154757789 0.434899427575793
0.485245469675879 0.463109486120348
0.49271078459397 0.490857907057594
0.50017609951206 0.518117030158077
0.507641414430151 0.54485968293507
0.515106729348241 0.571059207730695
0.522572044266332 0.596689488288856
0.530037359184422 0.621724975788495
0.537502674102513 0.64614071431121
0.544967989020603 0.669912365717855
0.552433303938693 0.693016233909332
0.559898618856784 0.715429288447371
0.567363933774874 0.737129187511779
0.574829248692965 0.758094300171245
0.582294563611055 0.77830372794553
0.589759878529146 0.797737325637519
0.597225193447236 0.816375721414399
0.604690508365327 0.834200336117917
0.612155823283417 0.851193401784495
0.619621138201508 0.867337979356715
0.627086453119598 0.882617975568547
0.634551768037688 0.897018158987463
0.642017082955779 0.910524175197462
0.649482397873869 0.923122561107861
0.65694771279196 0.934800758373598
0.66441302771005 0.945547125913667
0.671878342628141 0.955350951515195
0.679343657546231 0.964202462511612
0.686808972464322 0.972092835524257
0.694274287382412 0.979014205257714
0.701739602300503 0.984959672340111
0.709204917218593 0.989923310200557
0.716670232136683 0.993900170976888
0.724135547054774 0.996886290447793
0.731600861972864 0.998878691984444
0.739066176890955 0.999875389517657
0.746531491809045 0.999875389517657
0.753996806727136 0.998878691984444
0.761462121645226 0.996886290447793
0.768927436563317 0.993900170976888
0.776392751481407 0.989923310200557
0.783858066399498 0.984959672340111
0.791323381317588 0.979014205257715
0.798788696235678 0.972092835524257
0.806254011153769 0.964202462511612
0.813719326071859 0.955350951515195
0.82118464098995 0.945547125913667
0.82864995590804 0.934800758373598
0.836115270826131 0.923122561107861
0.843580585744221 0.910524175197462
0.851045900662312 0.897018158987463
0.858511215580402 0.882617975568547
0.865976530498493 0.867337979356715
0.873441845416583 0.851193401784495
0.880907160334673 0.834200336117918
0.888372475252764 0.816375721414399
0.895837790170854 0.797737325637519
0.903303105088945 0.77830372794553
0.910768420007035 0.758094300171246
0.918233734925126 0.737129187511779
0.925699049843216 0.715429288447371
0.933164364761306 0.693016233909332
0.940629679679397 0.669912365717855
0.948094994597487 0.64614071431121
0.955560309515578 0.621724975788495
0.963025624433668 0.596689488288856
0.970490939351759 0.571059207730695
0.977956254269849 0.54485968293507
0.98542156918794 0.518117030158078
0.99288688410603 0.490857907057594
1.00035219902412 0.463109486120348
1.00781751394221 0.434899427575793
1.0152828288603 0.406255851823789
1.02274814377839 0.377207311403576
1.03021345869648 0.347782762531982
1.03767877361457 0.318011536239239
1.04514408853266 0.287923309131167
1.05260940345075 0.257548073806896
1.06007471836884 0.22691610896159
1.06754003328693 0.196057949203978
1.07500534820503 0.165004354618799
1.08247066312312 0.133786280104479
1.08993597804121 0.102434844516613
1.0974012929593 0.0709812996480162
1.10486660787739 0.0394569990762527
1.11233192279548 0.00789336690971289
1.11979723771357 -0.0236781335366239
1.12726255263166 -0.0552260311045084
1.13472786754975 -0.0867188781635505
1.14219318246784 -0.118125281958908
1.14965849738593 -0.14941393590426
1.15712381230402 -0.180553650788902
1.16458912722211 -0.211513385867819
1.1720544421402 -0.242262279803783
1.17951975705829 -0.272769681430603
1.18698507197638 -0.303005180306872
1.19445038689447 -0.332938637029761
1.20191570181256 -0.362540213278625
1.20938101673065 -0.391780401558493
1.21684633164874 -0.420630054613784
1.22431164656683 -0.44906041448292
1.23177696148492 -0.477043141164889
1.23924227640302 -0.504550340869178
1.24670759132111 -0.531554593820901
1.2541729062392 -0.558028981593439
1.26163822115729 -0.583947113941306
1.26910353607538 -0.609283155106516
1.27656885099347 -0.634011849572239
1.28403416591156 -0.658108547238037
1.29149948082965 -0.681549227991633
1.29896479574774 -0.704310525652672
1.30643011066583 -0.726369751264639
1.31389542558392 -0.747704915711709
1.32136074050201 -0.76829475163797
1.3288260554201 -0.788118734647193
1.33629137033819 -0.807157103761985
1.34375668525628 -0.825390881121976
1.35122200017437 -0.842801890901351
1.35868731509246 -0.859372777426912
1.36615263001055 -0.875087022478593
1.37361794492864 -0.889928961755181
1.38108325984673 -0.903883800488824
1.38854857476482 -0.916937628192789
1.39601388968291 -0.92907743252773
1.40347920460101 -0.940291112272676
1.4109445195191 -0.950567489387783
1.41840983443719 -0.959896320156857
1.42587514935528 -0.968268305398507
1.43334046427337 -0.975675099735773
1.44080577919146 -0.98210931991498
1.44827109410955 -0.987564552165524
1.45573640902764 -0.992035358593258
1.46320172394573 -0.995517282601106
1.47066703886382 -0.998006853331493
1.47813235378191 -0.999501589126174
1.4855976687 -1
1.5018908481603 -0.999501589126174
1.5181840276206 -0.998006853331493
1.5344772070809 -0.995517282601106
1.55077038654121 -0.992035358593258
1.56706356600151 -0.987564552165524
1.58335674546181 -0.98210931991498
1.59964992492211 -0.975675099735774
1.61594310438241 -0.968268305398507
1.63223628384271 -0.959896320156857
1.64852946330302 -0.950567489387783
1.66482264276332 -0.940291112272676
1.68111582222362 -0.92907743252773
1.69740900168392 -0.916937628192789
1.71370218114422 -0.903883800488823
1.72999536060452 -0.88992896175518
1.74628854006482 -0.875087022478594
1.76258171952513 -0.859372777426912
1.77887489898543 -0.842801890901351
1.79516807844573 -0.825390881121976
1.81146125790603 -0.807157103761985
1.82775443736633 -0.788118734647192
1.84404761682663 -0.768294751637971
1.86034079628693 -0.747704915711709
1.87663397574724 -0.726369751264639
1.89292715520754 -0.704310525652672
1.90922033466784 -0.681549227991634
1.92551351412814 -0.658108547238038
1.94180669358844 -0.634011849572239
1.95809987304874 -0.609283155106517
1.97439305250905 -0.583947113941306
1.99068623196935 -0.55802898159344
2.00697941142965 -0.531554593820901
2.02327259088995 -0.504550340869177
2.03956577035025 -0.47704314116489
2.05585894981055 -0.449060414482921
2.07215212927085 -0.420630054613784
2.08844530873116 -0.391780401558493
2.10473848819146 -0.362540213278625
2.12103166765176 -0.332938637029761
2.13732484711206 -0.303005180306873
2.15361802657236 -0.272769681430603
2.16991120603266 -0.242262279803783
2.18620438549296 -0.211513385867819
2.20249756495327 -0.180553650788902
2.21879074441357 -0.149413935904261
2.23508392387387 -0.118125281958908
2.25137710333417 -0.0867188781635512
2.26767028279447 -0.0552260311045077
2.28396346225477 -0.0236781335366239
2.30025664171508 0.00789336690971331
2.31654982117538 0.0394569990762523
2.33284300063568 0.0709812996480162
2.34913618009598 0.102434844516613
2.36542935955628 0.133786280104479
2.38172253901658 0.1650043546188
2.39801571847688 0.196057949203978
2.41430889793719 0.22691610896159
2.43060207739749 0.257548073806896
2.44689525685779 0.287923309131166
2.46318843631809 0.318011536239239
2.47948161577839 0.347782762531983
2.49577479523869 0.377207311403576
2.512067974699 0.406255851823789
2.5283611541593 0.434899427575793
2.5446543336196 0.463109486120348
2.5609475130799 0.490857907057594
2.5772406925402 0.518117030158077
2.5935338720005 0.544859682935071
2.6098270514608 0.571059207730694
2.62612023092111 0.596689488288856
2.64241341038141 0.621724975788495
2.65870658984171 0.64614071431121
2.67499976930201 0.669912365717856
2.69129294876231 0.693016233909332
2.70758612822261 0.715429288447371
2.72387930768291 0.737129187511779
2.74017248714322 0.758094300171245
2.75646566660352 0.77830372794553
2.77275884606382 0.797737325637519
2.78905202552412 0.816375721414399
2.80534520498442 0.834200336117918
2.82163838444472 0.851193401784495
2.83793156390503 0.867337979356715
2.85422474336533 0.882617975568547
2.87051792282563 0.897018158987463
2.88681110228593 0.910524175197462
2.90310428174623 0.923122561107861
2.91939746120653 0.934800758373598
2.93569064066683 0.945547125913667
2.95198382012714 0.955350951515195
2.96827699958744 0.964202462511612
2.98457017904774 0.972092835524257
3.00086335850804 0.979014205257714
3.01715653796834 0.984959672340111
3.03344971742864 0.989923310200557
3.04974289688894 0.993900170976888
3.06603607634925 0.996886290447793
3.08232925580955 0.998878691984444
3.09862243526985 0.999875389517657
3.11491561473015 0.999875389517657
3.13120879419045 0.998878691984444
3.14750197365075 0.996886290447793
3.16379515311105 0.993900170976888
3.18008833257136 0.989923310200557
3.19638151203166 0.984959672340111
3.21267469149196 0.979014205257715
3.22896787095226 0.972092835524257
3.24526105041256 0.964202462511612
3.26155422987286 0.955350951515195
3.27784740933317 0.945547125913667
3.29414058879347 0.934800758373599
3.31043376825377 0.923122561107861
3.32672694771407 0.910524175197462
3.34302012717437 0.897018158987464
3.35931330663467 0.882617975568547
3.37560648609497 0.867337979356715
3.39189966555528 0.851193401784495
3.40819284501558 0.834200336117917
3.42448602447588 0.816375721414399
3.44077920393618 0.797737325637519
3.45707238339648 0.778303727945529
3.47336556285678 0.758094300171246
3.48965874231709 0.737129187511779
3.50595192177739 0.715429288447371
3.52224510123769 0.693016233909332
3.53853828069799 0.669912365717855
3.55483146015829 0.64614071431121
3.57112463961859 0.621724975788495
3.58741781907889 0.596689488288856
3.6037109985392 0.571059207730695
3.6200041779995 0.54485968293507
3.6362973574598 0.518117030158077
3.6525905369201 0.490857907057594
3.6688837163804 0.463109486120348
3.6851768958407 0.434899427575794
3.70147007530101 0.406255851823789
3.71776325476131 0.377207311403576
3.73405643422161 0.347782762531982
3.75034961368191 0.318011536239238
3.76664279314221 0.287923309131167
3.78293597260251 0.257548073806896
3.79922915206281 0.22691610896159
3.81552233152312 0.196057949203978
3.83181551098342 0.1650043546188
3.84810869044372 0.133786280104479
3.86440186990402 0.102434844516614
3.88069504936432 0.0709812996480162
3.89698822882462 0.0394569990762527
3.91328140828492 0.00789336690971378
3.92957458774523 -0.0236781335366239
3.94586776720553 -0.0552260311045084
3.96216094666583 -0.0867188781635514
3.97845412612613 -0.118125281958908
3.99474730558643 -0.14941393590426
4.01104048504673 -0.180553650788901
4.02733366450703 -0.211513385867818
4.04362684396734 -0.242262279803783
4.05992002342764 -0.272769681430603
4.07621320288794 -0.303005180306874
4.09250638234824 -0.332938637029761
4.10879956180854 -0.362540213278623
4.12509274126884 -0.391780401558493
4.14138592072915 -0.420630054613784
4.15767910018945 -0.449060414482921
4.17397227964975 -0.47704314116489
4.19026545911005 -0.504550340869178
4.20655863857035 -0.531554593820901
4.22285181803065 -0.55802898159344
4.23914499749096 -0.583947113941307
4.25543817695126 -0.609283155106516
4.27173135641156 -0.634011849572239
4.28802453587186 -0.658108547238037
4.30431771533216 -0.681549227991634
4.32061089479246 -0.704310525652672
4.33690407425276 -0.726369751264639
4.35319725371307 -0.747704915711709
4.36949043317337 -0.768294751637971
4.38578361263367 -0.788118734647193
4.40207679209397 -0.807157103761985
4.41836997155427 -0.825390881121976
4.43466315101457 -0.842801890901351
4.45095633047487 -0.859372777426911
4.46724950993518 -0.875087022478594
4.48354268939548 -0.88992896175518
4.49983586885578 -0.903883800488824
4.51612904831608 -0.916937628192789
4.53242222777638 -0.929077432527731
4.54871540723668 -0.940291112272675
4.56500858669698 -0.950567489387783
4.58130176615729 -0.959896320156857
4.59759494561759 -0.968268305398507
4.61388812507789 -0.975675099735774
4.63018130453819 -0.98210931991498
4.64647448399849 -0.987564552165524
4.66276766345879 -0.992035358593258
4.6790608429191 -0.995517282601106
4.6953540223794 -0.998006853331493
4.7116472018397 -0.999501589126174
4.7279403813 -1
4.74418991930502 -0.999501589126174
4.76043945731005 -0.998006853331493
4.77668899531507 -0.995517282601106
4.7929385333201 -0.992035358593258
4.80918807132513 -0.987564552165524
4.82543760933015 -0.98210931991498
4.84168714733518 -0.975675099735774
4.8579366853402 -0.968268305398507
4.87418622334523 -0.959896320156857
4.89043576135025 -0.950567489387783
4.90668529935528 -0.940291112272676
4.9229348373603 -0.92907743252773
4.93918437536533 -0.916937628192789
4.95543391337035 -0.903883800488823
4.97168345137538 -0.88992896175518
4.9879329893804 -0.875087022478593
5.00418252738543 -0.859372777426912
5.02043206539045 -0.842801890901351
5.03668160339548 -0.825390881121976
5.0529311414005 -0.807157103761986
5.06918067940553 -0.788118734647192
5.08543021741055 -0.768294751637971
5.10167975541558 -0.747704915711709
5.1179292934206 -0.72636975126464
5.13417883142563 -0.704310525652672
5.15042836943065 -0.681549227991634
5.16667790743568 -0.658108547238037
5.1829274454407 -0.634011849572239
5.19917698344573 -0.609283155106516
5.21542652145075 -0.583947113941306
5.23167605945578 -0.558028981593439
5.2479255974608 -0.531554593820901
5.26417513546583 -0.504550340869178
5.28042467347085 -0.47704314116489
5.29667421147588 -0.449060414482921
5.3129237494809 -0.420630054613784
5.32917328748593 -0.391780401558494
5.34542282549095 -0.362540213278624
5.36167236349598 -0.332938637029761
5.37792190150101 -0.303005180306872
5.39417143950603 -0.272769681430603
5.41042097751106 -0.242262279803783
5.42667051551608 -0.211513385867819
5.44292005352111 -0.180553650788902
5.45916959152613 -0.149413935904261
5.47541912953116 -0.118125281958909
5.49166866753618 -0.0867188781635507
5.50791820554121 -0.055226031104509
5.52416774354623 -0.0236781335366239
5.54041728155126 0.0078933669097142
5.55666681955628 0.0394569990762529
5.57291635756131 0.0709812996480153
5.58916589556633 0.102434844516614
5.60541543357136 0.133786280104479
5.62166497157638 0.1650043546188
5.63791450958141 0.196057949203978
5.65416404758643 0.226916108961591
5.67041358559146 0.257548073806896
5.68666312359648 0.287923309131166
5.70291266160151 0.318011536239238
5.71916219960653 0.347782762531983
5.73541173761156 0.377207311403576
5.75166127561658 0.406255851823788
5.76791081362161 0.434899427575793
5.78416035162663 0.463109486120349
5.80040988963166 0.490857907057594
5.81665942763668 0.518117030158077
5.83290896564171 0.54485968293507
5.84915850364673 0.571059207730694
5.86540804165176 0.596689488288856
5.88165757965678 0.621724975788495
5.89790711766181 0.64614071431121
5.91415665566683 0.669912365717855
5.93040619367186 0.693016233909332
5.94665573167688 0.715429288447371
5.96290526968191 0.737129187511779
5.97915480768693 0.758094300171245
5.99540434569196 0.778303727945529
6.01165388369698 0.797737325637519
6.02790342170201 0.8163757214144
6.04415295970704 0.834200336117917
6.06040249771206 0.851193401784495
6.07665203571709 0.867337979356715
6.09290157372211 0.882617975568548
6.10915111172713 0.897018158987463
6.12540064973216 0.910524175197462
6.14165018773719 0.923122561107861
6.15789972574221 0.934800758373598
6.17414926374724 0.945547125913667
6.19039880175226 0.955350951515195
6.20664833975729 0.964202462511612
6.22289787776231 0.972092835524257
6.23914741576734 0.979014205257714
6.25539695377236 0.984959672340111
6.27164649177739 0.989923310200557
6.28789602978241 0.993900170976888
6.30414556778744 0.996886290447793
6.32039510579246 0.998878691984444
6.33664464379749 0.999875389517657
6.35289418180251 0.999875389517657
6.36914371980754 0.998878691984444
6.38539325781256 0.996886290447793
6.40164279581759 0.993900170976888
6.41789233382261 0.989923310200557
6.43414187182764 0.984959672340111
6.45039140983266 0.979014205257714
6.46664094783769 0.972092835524257
6.48289048584271 0.964202462511612
6.49914002384774 0.955350951515195
6.51538956185276 0.945547125913668
6.53163909985779 0.934800758373598
6.54788863786281 0.923122561107861
6.56413817586784 0.910524175197462
6.58038771387286 0.897018158987464
6.59663725187789 0.882617975568547
6.61288678988291 0.867337979356715
6.62913632788794 0.851193401784494
6.64538586589296 0.834200336117918
6.66163540389799 0.8163757214144
6.67788494190301 0.797737325637519
6.69413447990804 0.77830372794553
6.71038401791307 0.758094300171246
6.72663355591809 0.73712918751178
6.74288309392312 0.715429288447371
6.75913263192814 0.693016233909331
6.77538216993317 0.669912365717855
6.79163170793819 0.646140714311211
6.80788124594322 0.621724975788495
6.82413078394824 0.596689488288855
6.84038032195327 0.571059207730694
6.85662985995829 0.544859682935071
6.87287939796332 0.518117030158077
6.88912893596834 0.490857907057594
6.90537847397337 0.463109486120349
6.92162801197839 0.434899427575793
6.93787754998342 0.406255851823789
6.95412708798844 0.377207311403576
6.97037662599347 0.347782762531983
6.98662616399849 0.318011536239238
7.00287570200352 0.287923309131166
7.01912524000854 0.257548073806896
7.03537477801357 0.22691610896159
7.05162431601859 0.196057949203978
7.06787385402362 0.165004354618798
7.08412339202864 0.133786280104479
7.10037293003367 0.102434844516614
7.11662246803869 0.0709812996480153
7.13287200604372 0.0394569990762509
7.14912154404874 0.00789336690971467
7.16537108205377 -0.0236781335366239
7.18162062005879 -0.0552260311045093
7.19787015806382 -0.0867188781635505
7.21411969606884 -0.118125281958906
7.23036923407387 -0.14941393590426
7.24661877207889 -0.180553650788903
7.26286831008392 -0.211513385867818
7.27911784808894 -0.242262279803782
7.29536738609397 -0.272769681430603
7.311616924099 -0.303005180306874
7.32786646210402 -0.332938637029761
7.34411600010904 -0.362540213278624
7.36036553811407 -0.391780401558493
7.3766150761191 -0.420630054613785
7.39286461412412 -0.449060414482921
7.40911415212915 -0.47704314116489
7.42536369013417 -0.504550340869178
7.4416132281392 -0.531554593820903
7.45786276614422 -0.558028981593441
7.47411230414925 -0.583947113941307
7.49036184215427 -0.609283155106516
7.5066113801593 -0.634011849572238
7.52286091816432 -0.658108547238037
7.53911045616935 -0.681549227991633
7.55535999417437 -0.704310525652671
7.5716095321794 -0.726369751264638
7.58785907018442 -0.747704915711709
7.60410860818945 -0.768294751637971
7.62035814619447 -0.788118734647194
7.6366076841995 -0.807157103761985
7.65285722220452 -0.825390881121976
7.66910676020955 -0.842801890901351
7.68535629821457 -0.859372777426912
7.7016058362196 -0.875087022478594
7.71785537422462 -0.88992896175518
7.73410491222965 -0.903883800488823
7.75035445023467 -0.916937628192788
7.7666039882397 -0.92907743252773
7.78285352624472 -0.940291112272676
7.79910306424975 -0.950567489387782
7.81535260225477 -0.959896320156857
7.8316021402598 -0.968268305398507
7.84785167826482 -0.975675099735774
7.86410121626985 -0.98210931991498
7.88035075427487 -0.987564552165524
7.8966002922799 -0.992035358593258
7.91284983028492 -0.995517282601106
7.92909936828995 -0.998006853331493
7.94534890629498 -0.999501589126174
7.9615984443 -1
7.96917699794171 -0.999501589126174
7.97675555158342 -0.998006853331493
7.98433410522513 -0.995517282601106
7.99191265886683 -0.992035358593258
7.99949121250854 -0.987564552165524
8.00706976615025 -0.982109319914981
8.01464831979196 -0.975675099735774
8.02222687343367 -0.968268305398507
8.02980542707538 -0.959896320156856
8.03738398071708 -0.950567489387784
8.04496253435879 -0.940291112272676
8.0525410880005 -0.92907743252773
8.06011964164221 -0.916937628192788
8.06769819528392 -0.903883800488825
8.07527674892563 -0.889928961755181
8.08285530256734 -0.875087022478593
8.09043385620905 -0.85937277742691
8.09801240985075 -0.842801890901352
8.10559096349246 -0.825390881121976
8.11316951713417 -0.807157103761984
8.12074807077588 -0.78811873464719
8.12832662441759 -0.768294751637972
8.1359051780593 -0.747704915711709
8.14348373170101 -0.726369751264638
8.15106228534271 -0.704310525652675
8.15864083898442 -0.681549227991635
8.16621939262613 -0.658108547238037
8.17379794626784 -0.634011849572237
8.18137649990955 -0.609283155106519
8.18895505355126 -0.583947113941307
8.19653360719296 -0.55802898159344
8.20411216083467 -0.531554593820899
8.21169071447638 -0.50455034086918
8.21926926811809 -0.47704314116489
8.2268478217598 -0.449060414482919
8.23442637540151 -0.420630054613782
8.24200492904322 -0.391780401558495
8.24958348268492 -0.362540213278625
8.25716203632663 -0.33293863702976
8.26474058996834 -0.30300518030687
8.27231914361005 -0.272769681430605
8.27989769725176 -0.242262279803783
8.28747625089347 -0.211513385867818
8.29505480453517 -0.180553650788906
8.30263335817688 -0.149413935904263
8.31021191181859 -0.118125281958908
8.3177904654603 -0.0867188781635487
8.32536901910201 -0.0552260311045115
8.33294757274372 -0.0236781335366254
8.34052612638543 0.00789336690971375
8.34810468002714 0.0394569990762551
8.35568323366884 0.0709812996480127
8.36326178731055 0.102434844516612
8.37084034095226 0.13378628010448
8.37841889459397 0.165004354618802
8.38599744823568 0.196057949203975
8.39357600187739 0.226916108961589
8.4011545555191 0.257548073806898
8.4087331091608 0.287923309131169
8.41631166280251 0.318011536239236
8.42389021644422 0.347782762531982
8.43146877008593 0.377207311403577
8.43904732372764 0.406255851823792
8.44662587736935 0.434899427575791
8.45420443101106 0.463109486120348
8.46178298465276 0.490857907057595
8.46936153829447 0.518117030158074
8.47694009193618 0.544859682935069
8.48451864557789 0.571059207730695
8.4920971992196 0.596689488288858
8.49967575286131 0.621724975788493
8.50725430650301 0.646140714311209
8.51483286014472 0.669912365717856
8.52241141378643 0.693016233909334
8.52998996742814 0.715429288447369
8.53756852106985 0.737129187511778
8.54514707471156 0.758094300171246
8.55272562835327 0.778303727945532
8.56030418199497 0.797737325637518
8.56788273563668 0.816375721414399
8.57546128927839 0.834200336117918
8.5830398429201 0.851193401784496
8.59061839656181 0.867337979356713
8.59819695020352 0.882617975568547
8.60577550384523 0.897018158987464
8.61335405748693 0.910524175197461
8.62093261112864 0.92312256110786
8.62851116477035 0.934800758373598
8.63608971841206 0.945547125913668
8.64366827205377 0.955350951515196
8.65124682569548 0.964202462511611
8.65882537933719 0.972092835524257
8.66640393297889 0.979014205257715
8.6739824866206 0.98495967234011
8.68156104026231 0.989923310200557
8.68913959390402 0.993900170976888
8.69671814754573 0.996886290447793
8.70429670118744 0.998878691984443
8.71187525482915 0.999875389517657
8.71945380847085 0.999875389517657
8.72703236211256 0.998878691984443
8.73461091575427 0.996886290447793
8.74218946939598 0.993900170976888
8.74976802303769 0.989923310200557
8.7573465766794 0.98495967234011
8.7649251303211 0.979014205257715
8.77250368396281 0.972092835524257
8.78008223760452 0.964202462511611
8.78766079124623 0.955350951515194
8.79523934488794 0.945547125913668
8.80281789852965 0.934800758373598
8.81039645217136 0.92312256110786
8.81797500581306 0.910524175197464
8.82555355945477 0.897018158987464
8.83313211309648 0.882617975568547
8.84071066673819 0.867337979356714
8.8482892203799 0.851193401784496
8.85586777402161 0.834200336117918
8.86344632766332 0.816375721414399
8.87102488130503 0.797737325637518
8.87860343494673 0.778303727945532
8.88618198858844 0.758094300171246
8.89376054223015 0.737129187511778
8.90133909587186 0.715429288447369
8.90891764951357 0.693016233909334
8.91649620315528 0.669912365717856
8.92407475679699 0.646140714311209
8.93165331043869 0.621724975788493
8.9392318640804 0.596689488288858
8.94681041772211 0.571059207730695
8.95438897136382 0.544859682935069
8.96196752500553 0.518117030158081
8.96954607864724 0.490857907057595
8.97712463228894 0.463109486120348
8.98470318593065 0.434899427575792
8.99228173957236 0.406255851823786
8.99986029321407 0.377207311403577
9.00743884685578 0.347782762531982
9.01501740049749 0.318011536239236
9.0225959541392 0.28792330913117
9.0301745077809 0.257548073806898
9.03775306142261 0.22691610896159
9.04533161506432 0.196057949203975
9.05291016870603 0.165004354618802
9.06048872234774 0.13378628010448
9.06806727598945 0.102434844516612
9.07564582963116 0.0709812996480136
9.08322438327286 0.0394569990762554
9.09080293691457 0.00789336690971378
9.09838149055628 -0.0236781335366256
9.10596004419799 -0.0552260311045039
9.1135385978397 -0.0867188781635487
9.12111715148141 -0.118125281958908
9.12869570512312 -0.149413935904262
9.13627425876482 -0.180553650788906
9.14385281240653 -0.211513385867818
9.15143136604824 -0.242262279803783
9.15900991968995 -0.272769681430605
9.16658847333166 -0.30300518030687
9.17416702697337 -0.332938637029759
9.18174558061508 -0.362540213278625
9.18932413425678 -0.391780401558495
9.19690268789849 -0.420630054613788
9.2044812415402 -0.449060414482919
9.21205979518191 -0.47704314116489
9.21963834882362 -0.504550340869179
9.22721690246533 -0.531554593820899
9.23479545610703 -0.558028981593439
9.24237400974874 -0.583947113941307
9.24995256339045 -0.609283155106519
9.25753111703216 -0.634011849572237
9.26510967067387 -0.658108547238037
9.27268822431558 -0.681549227991635
9.28026677795729 -0.704310525652675
9.28784533159899 -0.726369751264638
9.2954238852407 -0.747704915711709
9.30300243888241 -0.768294751637972
9.31058099252412 -0.78811873464719
9.31815954616583 -0.807157103761984
9.32573809980754 -0.825390881121976
9.33331665344925 -0.842801890901352
9.34089520709095 -0.859372777426911
9.34847376073266 -0.875087022478593
9.35605231437437 -0.889928961755181
9.36363086801608 -0.903883800488824
9.37120942165779 -0.916937628192787
9.3787879752995 -0.92907743252773
9.38636652894121 -0.940291112272676
9.39394508258292 -0.950567489387784
9.40152363622462 -0.959896320156856
9.40910218986633 -0.968268305398507
9.41668074350804 -0.975675099735774
9.42425929714975 -0.982109319914981
9.43183785079146 -0.987564552165523
9.43941640443317 -0.992035358593258
9.44699495807487 -0.995517282601106
9.45457351171658 -0.998006853331493
9.46215206535829 -0.999501589126174
9.469730619 -1
9.48760605876482 -0.999501589126174
9.50548149852965 -0.998006853331493
9.52335693829447 -0.995517282601106
9.5412323780593 -0.992035358593258
9.55910781782412 -0.987564552165524
9.57698325758894 -0.982109319914981
9.59485869735377 -0.975675099735774
9.61273413711859 -0.968268305398507
9.63060957688342 -0.959896320156857
9.64848501664824 -0.950567489387783
9.66636045641306 -0.940291112272676
9.68423589617789 -0.929077432527731
9.70211133594271 -0.916937628192788
9.71998677570754 -0.903883800488823
9.73786221547236 -0.88992896175518
9.75573765523719 -0.875087022478594
9.77361309500201 -0.859372777426913
9.79148853476683 -0.84280189090135
9.80936397453166 -0.825390881121976
9.82723941429648 -0.807157103761986
9.84511485406131 -0.788118734647193
9.86299029382613 -0.76829475163797
9.88086573359096 -0.747704915711708
9.89874117335578 -0.726369751264639
9.9166166131206 -0.704310525652672
9.93449205288543 -0.681549227991635
9.95236749265025 -0.658108547238037
9.97024293241508 -0.634011849572238
9.9881183721799 -0.609283155106517
10.0059938119447 -0.583947113941307
10.0238692517095 -0.558028981593441
10.0417446914744 -0.5315545938209
10.0596201312392 -0.504550340869177
10.077495571004 -0.47704314116489
10.0953710107688 -0.449060414482921
10.1132464505337 -0.420630054613785
10.1311218902985 -0.391780401558492
10.1489973300633 -0.362540213278624
10.1668727698281 -0.332938637029761
10.184748209593 -0.303005180306874
10.2026236493578 -0.272769681430604
10.2204990891226 -0.242262279803782
10.2383745288874 -0.211513385867819
10.2562499686523 -0.180553650788903
10.2741254084171 -0.149413935904262
10.2920008481819 -0.118125281958906
10.3098762879467 -0.0867188781635498
10.3277517277116 -0.0552260311045079
10.3456271674764 -0.0236781335366243
10.3635026072412 0.0078933669097122
10.381378047006 0.039456999076254
10.3992534867709 0.0709812996480167
10.4171289265357 0.102434844516614
10.4350043663005 0.133786280104479
10.4528798060653 0.165004354618798
10.4707552458302 0.19605794920398
10.488630685595 0.226916108961591
10.5065061253598 0.257548073806897
10.5243815651246 0.287923309131166
10.5422570048894 0.318011536239237
10.5601324446543 0.347782762531984
10.5780078844191 0.377207311403577
10.5958833241839 0.406255851823789
10.6137587639487 0.434899427575793
10.6316342037136 0.463109486120347
10.6495096434784 0.490857907057595
10.6673850832432 0.518117030158078
10.685260523008 0.54485968293507
10.7031359627729 0.571059207730694
10.7210114025377 0.596689488288855
10.7388868423025 0.621724975788496
10.7567622820673 0.64614071431121
10.7746377218322 0.669912365717855
10.792513161597 0.693016233909331
10.8103886013618 0.71542928844737
10.8282640411266 0.737129187511779
10.8461394808915 0.758094300171246
10.8640149206563 0.77830372794553
10.8818903604211 0.797737325637519
10.8997658001859 0.816375721414398
10.9176412399508 0.834200336117918
10.9355166797156 0.851193401784495
10.9533921194804 0.867337979356715
10.9712675592452 0.882617975568546
10.98914299901 0.897018158987463
11.0070184387749 0.910524175197463
11.0248938785397 0.923122561107861
11.0427693183045 0.934800758373598
11.0606447580693 0.945547125913667
11.0785201978342 0.955350951515194
11.096395637599 0.964202462511612
11.1142710773638 0.972092835524257
11.1321465171286 0.979014205257714
11.1500219568935 0.98495967234011
11.1678973966583 0.989923310200557
11.1857728364231 0.993900170976888
11.2036482761879 0.996886290447793
11.2215237159528 0.998878691984444
11.2393991557176 0.999875389517657
11.2572745954824 0.999875389517657
11.2751500352472 0.998878691984444
11.2930254750121 0.996886290447793
11.3109009147769 0.993900170976888
11.3287763545417 0.989923310200557
11.3466517943065 0.98495967234011
11.3645272340714 0.979014205257714
11.3824026738362 0.972092835524257
11.400278113601 0.964202462511612
11.4181535533658 0.955350951515194
11.4360289931307 0.945547125913667
11.4539044328955 0.934800758373598
11.4717798726603 0.923122561107861
11.4896553124251 0.910524175197463
11.50753075219 0.897018158987463
11.5254061919548 0.882617975568546
11.5432816317196 0.867337979356715
11.5611570714844 0.851193401784495
11.5790325112492 0.834200336117918
11.5969079510141 0.816375721414398
11.6147833907789 0.797737325637519
11.6326588305437 0.77830372794553
11.6505342703085 0.758094300171246
11.6684097100734 0.73712918751178
11.6862851498382 0.715429288447371
11.704160589603 0.693016233909331
11.7220360293678 0.669912365717855
11.7399114691327 0.64614071431121
11.7577869088975 0.621724975788496
11.7756623486623 0.596689488288855
11.7935377884271 0.571059207730694
11.811413228192 0.54485968293507
11.8292886679568 0.518117030158079
11.8471641077216 0.490857907057595
11.8650395474864 0.463109486120347
11.8829149872513 0.434899427575792
11.9007904270161 0.406255851823789
11.9186658667809 0.377207311403577
11.9365413065457 0.347782762531984
11.9544167463106 0.318011536239237
11.9722921860754 0.287923309131167
11.9901676258402 0.257548073806896
12.008043065605 0.226916108961591
12.0259185053698 0.19605794920398
12.0437939451347 0.165004354618798
12.0616693848995 0.133786280104479
12.0795448246643 0.102434844516614
12.0974202644291 0.0709812996480171
12.115295704194 0.0394569990762545
12.1331711439588 0.00789336690971289
12.1510465837236 -0.0236781335366239
12.1689220234884 -0.0552260311045075
12.1867974632533 -0.0867188781635496
12.2046729030181 -0.11812528195891
12.2225483427829 -0.149413935904262
12.2404237825477 -0.180553650788902
12.2582992223126 -0.211513385867818
12.2761746620774 -0.242262279803786
12.2940501018422 -0.272769681430601
12.311925541607 -0.303005180306873
12.3298009813719 -0.332938637029762
12.3476764211367 -0.362540213278624
12.3655518609015 -0.391780401558495
12.3834273006663 -0.420630054613782
12.4013027404312 -0.449060414482921
12.419178180196 -0.47704314116489
12.4370536199608 -0.504550340869177
12.4549290597256 -0.5315545938209
12.4728044994905 -0.558028981593439
12.4906799392553 -0.583947113941307
12.5085553790201 -0.609283155106516
12.5264308187849 -0.634011849572238
12.5443062585497 -0.658108547238039
12.5621816983146 -0.681549227991634
12.5800571380794 -0.704310525652672
12.5979325778442 -0.726369751264639
12.615808017609 -0.747704915711708
12.6336834573739 -0.768294751637972
12.6515588971387 -0.788118734647193
12.6694343369035 -0.807157103761985
12.6873097766683 -0.825390881121976
12.7051852164332 -0.84280189090135
12.723060656198 -0.859372777426912
12.7409360959628 -0.875087022478592
12.7588115357276 -0.889928961755181
12.7766869754925 -0.903883800488823
12.7945624152573 -0.916937628192788
12.8124378550221 -0.92907743252773
12.8303132947869 -0.940291112272676
12.8481887345518 -0.950567489387783
12.8660641743166 -0.959896320156857
12.8839396140814 -0.968268305398507
12.9018150538462 -0.975675099735774
12.9196904936111 -0.982109319914981
12.9375659333759 -0.987564552165524
12.9554413731407 -0.992035358593258
12.9733168129055 -0.995517282601106
12.9911922526704 -0.998006853331493
13.0090676924352 -0.999501589126174
13.0269431322 -1
13.035314470804 -0.999501589126174
13.043685809408 -0.998006853331494
13.0520571480121 -0.995517282601106
13.0604284866161 -0.992035358593257
13.0687998252201 -0.987564552165523
13.0771711638241 -0.98210931991498
13.0855425024281 -0.975675099735774
13.0939138410322 -0.968268305398508
13.1022851796362 -0.959896320156858
13.1106565182402 -0.950567489387784
13.1190278568442 -0.940291112272675
13.1273991954482 -0.92907743252773
13.1357705340523 -0.916937628192788
13.1441418726563 -0.903883800488824
13.1525132112603 -0.889928961755181
13.1608845498643 -0.875087022478595
13.1692558884683 -0.859372777426914
13.1776272270724 -0.842801890901349
13.1859985656764 -0.825390881121975
13.1943699042804 -0.807157103761985
13.2027412428844 -0.788118734647193
13.2111125814884 -0.768294751637972
13.2194839200925 -0.747704915711711
13.2278552586965 -0.726369751264637
13.2362265973005 -0.70431052565267
13.2445979359045 -0.681549227991633
13.2529692745085 -0.658108547238037
13.2613406131126 -0.634011849572239
13.2697119517166 -0.609283155106518
13.2780832903206 -0.583947113941308
13.2864546289246 -0.558028981593438
13.2948259675286 -0.5315545938209
13.3031973061327 -0.504550340869176
13.3115686447367 -0.477043141164889
13.3199399833407 -0.449060414482921
13.3283113219447 -0.420630054613786
13.3366826605487 -0.391780401558496
13.3450539991528 -0.362540213278622
13.3534253377568 -0.332938637029759
13.3617966763608 -0.303005180306872
13.3701680149648 -0.272769681430603
13.3785393535688 -0.242262279803784
13.3869106921729 -0.211513385867821
13.3952820307769 -0.180553650788905
13.4036533693809 -0.149413935904258
13.4120247079849 -0.118125281958906
13.4203960465889 -0.0867188781635498
13.428767385193 -0.0552260311045082
13.437138723797 -0.023678133536625
13.445510062401 0.00789336690971131
13.453881401005 0.0394569990762498
13.462252739609 0.0709812996480187
13.4706240782131 0.102434844516615
13.4789954168171 0.13378628010448
13.4873667554211 0.165004354618799
13.4957380940251 0.196057949203977
13.5041094326291 0.226916108961588
13.5124807712332 0.257548073806894
13.5208521098372 0.287923309131169
13.5292234484412 0.31801153623924
13.5375947870452 0.347782762531983
13.5459661256492 0.377207311403576
13.5543374642533 0.406255851823788
13.5627088028573 0.434899427575791
13.5710801414613 0.463109486120345
13.5794514800653 0.490857907057596
13.5878228186693 0.518117030158079
13.5961941572734 0.544859682935071
13.6045654958774 0.571059207730694
13.6129368344814 0.596689488288855
13.6213081730854 0.621724975788493
13.6296795116894 0.646140714311207
13.6380508502935 0.669912365717857
13.6464221888975 0.693016233909333
13.6547935275015 0.715429288447372
13.6631648661055 0.737129187511779
13.6715362047095 0.758094300171244
13.6799075433136 0.778303727945528
13.6882788819176 0.797737325637517
13.6966502205216 0.8163757214144
13.7050215591256 0.834200336117918
13.7133928977296 0.851193401784495
13.7217642363337 0.867337979356714
13.7301355749377 0.882617975568546
13.7385069135417 0.897018158987462
13.7468782521457 0.910524175197461
13.7552495907497 0.923122561107862
13.7636209293538 0.934800758373599
13.7719922679578 0.945547125913667
13.7803636065618 0.955350951515194
13.7887349451658 0.964202462511611
13.7971062837698 0.972092835524256
13.8054776223739 0.979014205257714
13.8138489609779 0.984959672340111
13.8222202995819 0.989923310200557
13.8305916381859 0.993900170976888
13.8389629767899 0.996886290447793
13.847334315394 0.998878691984443
13.855705653998 0.999875389517657
13.864076992602 0.999875389517657
13.872448331206 0.998878691984444
13.88081966981 0.996886290447793
13.8891910084141 0.993900170976888
13.8975623470181 0.989923310200557
13.9059336856221 0.984959672340111
13.9143050242261 0.979014205257715
13.9226763628302 0.972092835524256
13.9310477014342 0.964202462511611
13.9394190400382 0.955350951515195
13.9477903786422 0.945547125913667
13.9561617172462 0.934800758373599
13.9645330558503 0.923122561107862
13.9729043944543 0.910524175197461
13.9812757330583 0.897018158987462
13.9896470716623 0.882617975568546
13.9980184102663 0.867337979356714
14.0063897488704 0.851193401784495
14.0147610874744 0.834200336117918
14.0231324260784 0.816375721414401
14.0315037646824 0.797737325637517
14.0398751032864 0.778303727945528
14.0482464418905 0.758094300171245
14.0566177804945 0.737129187511779
14.0649891190985 0.715429288447371
14.0733604577025 0.693016233909333
14.0817317963065 0.669912365717857
14.0901031349106 0.646140714311207
14.0984744735146 0.621724975788493
14.1068458121186 0.596689488288855
14.1152171507226 0.571059207730695
14.1235884893266 0.544859682935071
14.1319598279307 0.518117030158079
14.1403311665347 0.490857907057596
14.1487025051387 0.463109486120345
14.1570738437427 0.434899427575792
14.1654451823467 0.406255851823788
14.1738165209508 0.377207311403576
14.1821878595548 0.347782762531983
14.1905591981588 0.31801153623924
14.1989305367628 0.287923309131169
14.2073018753668 0.257548073806894
14.2156732139709 0.226916108961589
14.2240445525749 0.196057949203977
14.2324158911789 0.165004354618799
14.2407872297829 0.13378628010448
14.2491585683869 0.102434844516615
14.257529906991 0.0709812996480189
14.265901245595 0.0394569990762501
14.274272584199 0.007893366909712
14.282643922803 -0.0236781335366247
14.291015261407 -0.0552260311045084
14.2993866000111 -0.0867188781635496
14.3077579386151 -0.118125281958905
14.3161292772191 -0.149413935904258
14.3245006158231 -0.180553650788905
14.3328719544271 -0.21151338586782
14.3412432930312 -0.242262279803784
14.3496146316352 -0.272769681430602
14.3579859702392 -0.303005180306871
14.3663573088432 -0.332938637029759
14.3747286474472 -0.362540213278621
14.3830999860513 -0.391780401558495
14.3914713246553 -0.420630054613785
14.3998426632593 -0.449060414482921
14.4082140018633 -0.477043141164889
14.4165853404673 -0.504550340869175
14.4249566790714 -0.5315545938209
14.4333280176754 -0.558028981593443
14.4416993562794 -0.583947113941308
14.4500706948834 -0.609283155106517
14.4584420334874 -0.634011849572239
14.4668133720915 -0.658108547238037
14.4751847106955 -0.681549227991632
14.4835560492995 -0.704310525652671
14.4919273879035 -0.726369751264637
14.5002987265075 -0.74770491571171
14.5086700651116 -0.768294751637971
14.5170414037156 -0.788118734647193
14.5254127423196 -0.807157103761985
14.5337840809236 -0.825390881121975
14.5421554195276 -0.842801890901349
14.5505267581317 -0.859372777426914
14.5588980967357 -0.875087022478595
14.5672694353397 -0.889928961755181
14.5756407739437 -0.903883800488824
14.5840121125477 -0.916937628192788
14.5923834511518 -0.92907743252773
14.6007547897558 -0.940291112272675
14.6091261283598 -0.950567489387782
14.6174974669638 -0.959896320156858
14.6258688055678 -0.968268305398507
14.6342401441719 -0.975675099735774
14.6426114827759 -0.98210931991498
14.6509828213799 -0.987564552165524
14.6593541599839 -0.992035358593258
14.6677254985879 -0.995517282601106
14.676096837192 -0.998006853331493
14.684468175796 -0.999501589126174
14.6928395144 -1
14.7128929886462 -0.999501589126174
14.7329464628925 -0.998006853331493
14.7529999371387 -0.995517282601106
14.7730534113849 -0.992035358593258
14.7931068856312 -0.987564552165524
14.8131603598774 -0.98210931991498
14.8332138341236 -0.975675099735774
14.8532673083698 -0.968268305398508
14.8733207826161 -0.959896320156857
14.8933742568623 -0.950567489387783
14.9134277311085 -0.940291112272676
14.9334812053548 -0.92907743252773
14.953534679601 -0.916937628192789
14.9735881538472 -0.903883800488824
14.9936416280935 -0.88992896175518
15.0136951023397 -0.875087022478593
15.0337485765859 -0.859372777426912
15.0538020508322 -0.84280189090135
15.0738555250784 -0.825390881121976
15.0939089993246 -0.807157103761986
15.1139624735709 -0.788118734647193
15.1340159478171 -0.76829475163797
15.1540694220633 -0.747704915711709
15.1741228963095 -0.72636975126464
15.1941763705558 -0.704310525652671
15.214229844802 -0.681549227991634
15.2342833190482 -0.658108547238038
15.2543367932945 -0.634011849572238
15.2743902675407 -0.609283155106517
15.2944437417869 -0.583947113941307
15.3144972160332 -0.558028981593441
15.3345506902794 -0.531554593820901
15.3546041645256 -0.504550340869178
15.3746576387719 -0.477043141164891
15.3947111130181 -0.44906041448292
15.4147645872643 -0.420630054613784
15.4348180615106 -0.391780401558494
15.4548715357568 -0.362540213278624
15.474925010003 -0.332938637029761
15.4949784842492 -0.303005180306873
15.5150319584955 -0.272769681430602
15.5350854327417 -0.242262279803783
15.5551389069879 -0.21151338586782
15.5751923812342 -0.180553650788901
15.5952458554804 -0.14941393590426
15.6152993297266 -0.118125281958908
15.6353528039729 -0.086718878163552
15.6554062782191 -0.0552260311045075
15.6754597524653 -0.0236781335366241
15.6955132267116 0.00789336690971242
15.7155667009578 0.0394569990762538
15.735620175204 0.0709812996480162
15.7556736494502 0.102434844516612
15.7757271236965 0.13378628010448
15.7957805979427 0.1650043546188
15.8158340721889 0.196057949203978
15.8358875464352 0.226916108961589
15.8559410206814 0.257548073806897
15.8759944949276 0.287923309131166
15.8960479691739 0.318011536239237
15.9161014434201 0.347782762531983
15.9361549176663 0.377207311403576
15.9562083919126 0.406255851823788
15.9762618661588 0.434899427575794
15.996315340405 0.463109486120348
16.0163688146513 0.490857907057593
16.0364222888975 0.518117030158078
16.0564757631437 0.544859682935068
16.0765292373899 0.571059207730694
16.0965827116362 0.596689488288857
16.1166361858824 0.621724975788493
16.1366896601286 0.64614071431121
16.1567431343749 0.669912365717856
16.1767966086211 0.69301623390933
16.1968500828673 0.715429288447371
16.2169035571136 0.73712918751178
16.2369570313598 0.758094300171244
16.257010505606 0.77830372794553
16.2770639798523 0.797737325637521
16.2971174540985 0.816375721414398
16.3171709283447 0.834200336117918
16.337224402591 0.851193401784496
16.3572778768372 0.867337979356714
16.3773313510834 0.882617975568547
16.3973848253296 0.897018158987462
16.4174382995759 0.910524175197462
16.4374917738221 0.923122561107861
16.4575452480683 0.934800758373599
16.4775987223146 0.945547125913667
16.4976521965608 0.955350951515195
16.517705670807 0.964202462511611
16.5377591450533 0.972092835524257
16.5578126192995 0.979014205257715
16.5778660935457 0.98495967234011
16.597919567792 0.989923310200557
16.6179730420382 0.993900170976888
16.6380265162844 0.996886290447793
16.6580799905307 0.998878691984444
16.6781334647769 0.999875389517657
16.6981869390231 0.999875389517657
16.7182404132693 0.998878691984444
16.7382938875156 0.996886290447793
16.7583473617618 0.993900170976888
16.778400836008 0.989923310200557
16.7984543102543 0.98495967234011
16.8185077845005 0.979014205257715
16.8385612587467 0.972092835524257
16.858614732993 0.964202462511611
16.8786682072392 0.955350951515195
16.8987216814854 0.945547125913667
16.9187751557317 0.934800758373597
16.9388286299779 0.923122561107861
16.9588821042241 0.910524175197462
16.9789355784703 0.897018158987465
16.9989890527166 0.882617975568547
17.0190425269628 0.867337979356714
17.039096001209 0.851193401784496
17.0591494754553 0.834200336117918
17.0792029497015 0.816375721414398
17.0992564239477 0.797737325637521
17.119309898194 0.77830372794553
17.1393633724402 0.758094300171244
17.1594168466864 0.73712918751178
17.1794703209327 0.715429288447372
17.1995237951789 0.693016233909331
17.2195772694251 0.669912365717857
17.2396307436714 0.646140714311209
17.2596842179176 0.621724975788493
17.2797376921638 0.596689488288857
17.29979116641 0.571059207730694
17.3198446406563 0.544859682935068
17.3398981149025 0.518117030158079
17.3599515891487 0.490857907057593
17.380005063395 0.463109486120346
17.4000585376412 0.434899427575795
17.4201120118874 0.406255851823789
17.4401654861337 0.377207311403579
17.4602189603799 0.347782762531983
17.4802724346261 0.318011536239238
17.5003259088724 0.287923309131169
17.5203793831186 0.257548073806897
17.5404328573648 0.22691610896159
17.5604863316111 0.196057949203981
17.5805398058573 0.1650043546188
17.6005932801035 0.133786280104478
17.6206467543497 0.10243484451661
17.640700228596 0.0709812996480162
17.6607537028422 0.0394569990762509
17.6808071770884 0.00789336690971555
17.7008606513347 -0.0236781335366239
17.7209141255809 -0.0552260311045101
17.7409675998271 -0.0867188781635487
17.7610210740734 -0.118125281958908
17.7810745483196 -0.149413935904263
17.8011280225658 -0.1805536507889
17.8211814968121 -0.211513385867819
17.8412349710583 -0.242262279803786
17.8612884453045 -0.272769681430601
17.8813419195508 -0.303005180306873
17.901395393797 -0.332938637029759
17.9214488680432 -0.362540213278624
17.9415023422894 -0.391780401558494
17.9615558165357 -0.420630054613787
17.9816092907819 -0.44906041448292
18.0016627650281 -0.47704314116489
18.0217162392744 -0.504550340869175
18.0417697135206 -0.531554593820901
18.0618231877668 -0.558028981593442
18.0818766620131 -0.583947113941304
18.1019301362593 -0.609283155106517
18.1219836105055 -0.63401184957224
18.1420370847518 -0.658108547238035
18.162090558998 -0.681549227991633
18.1821440332442 -0.704310525652673
18.2021975074904 -0.726369751264638
18.2222509817367 -0.747704915711709
18.2423044559829 -0.768294751637972
18.2623579302291 -0.788118734647191
18.2824114044754 -0.807157103761985
18.3024648787216 -0.825390881121977
18.3225183529678 -0.84280189090135
18.3425718272141 -0.859372777426912
18.3626253014603 -0.875087022478595
18.3826787757065 -0.88992896175518
18.4027322499528 -0.903883800488824
18.422785724199 -0.91693762819279
18.4428391984452 -0.92907743252773
18.4628926726915 -0.940291112272676
18.4829461469377 -0.950567489387782
18.5029996211839 -0.959896320156857
18.5230530954301 -0.968268305398508
18.5431065696764 -0.975675099735773
18.5631600439226 -0.98210931991498
18.5832135181688 -0.987564552165524
18.6032669924151 -0.992035358593258
18.6233204666613 -0.995517282601106
18.6433739409075 -0.998006853331493
18.6634274151538 -0.999501589126174
18.6834808894 -1
18.6986170230221 -0.999501589126174
18.7137531566442 -0.998006853331493
18.7288892902663 -0.995517282601106
18.7440254238884 -0.992035358593258
18.7591615575106 -0.987564552165523
18.7742976911327 -0.98210931991498
18.7894338247548 -0.975675099735773
18.8045699583769 -0.968268305398507
18.819706091999 -0.959896320156856
18.8348422256211 -0.950567489387784
18.8499783592432 -0.940291112272677
18.8651144928653 -0.929077432527732
18.8802506264874 -0.91693762819279
18.8953867601095 -0.903883800488824
18.9105228937317 -0.889928961755181
18.9256590273538 -0.875087022478594
18.9407951609759 -0.859372777426913
18.955931294598 -0.842801890901351
18.9710674282201 -0.825390881121976
18.9862035618422 -0.807157103761985
19.0013396954643 -0.788118734647192
19.0164758290864 -0.76829475163797
19.0316119627085 -0.747704915711708
19.0467480963307 -0.726369751264638
19.0618842299528 -0.704310525652671
19.0770203635749 -0.681549227991632
19.092156497197 -0.658108547238036
19.1072926308191 -0.634011849572236
19.1224287644412 -0.609283155106514
19.1375648980633 -0.583947113941303
19.1527010316854 -0.558028981593443
19.1678371653075 -0.531554593820904
19.1829732989296 -0.50455034086918
19.1981094325518 -0.477043141164891
19.2132455661739 -0.449060414482922
19.228381699796 -0.420630054613786
19.2435178334181 -0.391780401558494
19.2586539670402 -0.362540213278625
19.2737901006623 -0.332938637029761
19.2889262342844 -0.303005180306873
19.3040623679065 -0.272769681430603
19.3191985015286 -0.242262279803783
19.3343346351508 -0.211513385867818
19.3494707687729 -0.180553650788901
19.364606902395 -0.149413935904259
19.3797430360171 -0.118125281958906
19.3948791696392 -0.0867188781635481
19.4100153032613 -0.0552260311045053
19.4251514368834 -0.0236781335366208
19.4402875705055 0.00789336690970954
19.4554237041276 0.0394569990762496
19.4705598377497 0.0709812996480131
19.4856959713719 0.102434844516611
19.500832104994 0.133786280104477
19.5159682386161 0.165004354618798
19.5311043722382 0.196057949203977
19.5462405058603 0.226916108961589
19.5613766394824 0.257548073806896
19.5765127731045 0.287923309131166
19.5916489067266 0.318011536239238
19.6067850403487 0.347782762531983
19.6219211739709 0.377207311403577
19.637057307593 0.40625585182379
19.6521934412151 0.434899427575794
19.6673295748372 0.463109486120349
19.6824657084593 0.490857907057595
19.6976018420814 0.51811703015808
19.7127379757035 0.544859682935073
19.7278741093256 0.571059207730698
19.7430102429477 0.596689488288859
19.7581463765698 0.621724975788493
19.773282510192 0.646140714311207
19.7884186438141 0.669912365717853
19.8035547774362 0.69301623390933
19.8186909110583 0.71542928844737
19.8338270446804 0.737129187511778
19.8489631783025 0.758094300171245
19.8640993119246 0.778303727945529
19.8792354455467 0.797737325637519
19.8943715791688 0.816375721414399
19.909507712791 0.834200336117918
19.9246438464131 0.851193401784495
19.9397799800352 0.867337979356715
19.9549161136573 0.882617975568548
19.9700522472794 0.897018158987465
19.9851883809015 0.910524175197463
20.0003245145236 0.923122561107862
20.0154606481457 0.934800758373599
20.0305967817678 0.945547125913668
20.0457329153899 0.955350951515194
20.0608690490121 0.964202462511611
20.0760051826342 0.972092835524256
20.0911413162563 0.979014205257714
20.1062774498784 0.98495967234011
20.1214135835005 0.989923310200557
20.1365497171226 0.993900170976888
20.1516858507447 0.996886290447793
20.1668219843668 0.998878691984444
20.1819581179889 0.999875389517657
20.1970942516111 0.999875389517657
20.2122303852332 0.998878691984444
20.2273665188553 0.996886290447793
20.2425026524774 0.993900170976888
20.2576387860995 0.989923310200557
20.2727749197216 0.98495967234011
20.2879110533437 0.979014205257714
20.3030471869658 0.972092835524256
20.3181833205879 0.964202462511611
20.33331945421 0.955350951515196
20.3484555878322 0.945547125913666
20.3635917214543 0.9348007583736
20.3787278550764 0.923122561107862
20.3938639886985 0.910524175197463
20.4090001223206 0.897018158987464
20.4241362559427 0.882617975568548
20.4392723895648 0.867337979356715
20.4544085231869 0.851193401784495
20.469544656809 0.834200336117918
20.4846807904312 0.816375721414399
20.4998169240533 0.797737325637519
20.5149530576754 0.77830372794553
20.5300891912975 0.758094300171245
20.5452253249196 0.737129187511778
20.5603614585417 0.71542928844737
20.5754975921638 0.69301623390933
20.5906337257859 0.669912365717854
20.605769859408 0.646140714311208
20.6209059930302 0.621724975788493
20.6360421266523 0.596689488288853
20.6511782602744 0.571059207730698
20.6663143938965 0.544859682935073
20.6814505275186 0.518117030158079
20.6965866611407 0.490857907057596
20.7117227947628 0.46310948612035
20.7268589283849 0.434899427575795
20.741995062007 0.40625585182379
20.7571311956291 0.377207311403576
20.7722673292513 0.347782762531983
20.7874034628734 0.318011536239239
20.8025395964955 0.287923309131167
20.8176757301176 0.257548073806896
20.8328118637397 0.226916108961589
20.8479479973618 0.196057949203977
20.8630841309839 0.165004354618797
20.878220264606 0.133786280104478
20.8933563982281 0.102434844516611
20.9084925318503 0.0709812996480127
20.9236286654724 0.0394569990762501
20.9387647990945 0.00789336690971733
20.9539009327166 -0.0236781335366203
20.9690370663387 -0.0552260311045048
20.9841731999608 -0.0867188781635478
20.9993093335829 -0.118125281958905
21.014445467205 -0.149413935904259
21.0295816008271 -0.1805536507889
21.0447177344492 -0.211513385867818
21.0598538680714 -0.242262279803782
21.0749900016935 -0.272769681430602
21.0901261353156 -0.303005180306872
21.1052622689377 -0.332938637029762
21.1203984025598 -0.362540213278625
21.1355345361819 -0.391780401558494
21.150670669804 -0.420630054613785
21.1658068034261 -0.449060414482921
21.1809429370482 -0.477043141164892
21.1960790706704 -0.504550340869179
21.2112152042925 -0.531554593820904
21.2263513379146 -0.558028981593437
21.2414874715367 -0.583947113941309
21.2566236051588 -0.609283155106515
21.2717597387809 -0.634011849572236
21.286895872403 -0.658108547238035
21.3020320060251 -0.681549227991632
21.3171681396472 -0.704310525652671
21.3323042732693 -0.726369751264638
21.3474404068915 -0.747704915711708
21.3625765405136 -0.768294751637971
21.3777126741357 -0.788118734647192
21.3928488077578 -0.807157103761985
21.4079849413799 -0.825390881121977
21.423121075002 -0.842801890901351
21.4382572086241 -0.859372777426912
21.4533933422462 -0.875087022478594
21.4685294758683 -0.889928961755181
21.4836656094905 -0.903883800488824
21.4988017431126 -0.91693762819279
21.5139378767347 -0.929077432527732
21.5290740103568 -0.940291112272677
21.5442101439789 -0.950567489387782
21.559346277601 -0.959896320156856
21.5744824112231 -0.968268305398506
21.5896185448452 -0.975675099735773
21.6047546784673 -0.98210931991498
21.6198908120894 -0.987564552165523
21.6350269457116 -0.992035358593258
21.6501630793337 -0.995517282601106
21.6652992129558 -0.998006853331493
21.6804353465779 -0.999501589126174
21.6955714802 -1
21.7050215454965 -0.999501589126174
21.714471610793 -0.998006853331493
21.7239216760895 -0.995517282601106
21.7333717413859 -0.992035358593258
21.7428218066824 -0.987564552165523
21.7522718719789 -0.982109319914981
21.7617219372754 -0.975675099735773
21.7711720025719 -0.968268305398506
21.7806220678683 -0.959896320156857
21.7900721331648 -0.950567489387781
21.7995221984613 -0.940291112272676
21.8089722637578 -0.929077432527729
21.8184223290543 -0.91693762819279
21.8278723943508 -0.903883800488823
21.8373224596472 -0.889928961755183
21.8467725249437 -0.875087022478594
21.8562225902402 -0.859372777426909
21.8656726555367 -0.842801890901351
21.8751227208332 -0.825390881121974
21.8845727861296 -0.807157103761987
21.8940228514261 -0.788118734647191
21.9034729167226 -0.768294751637974
21.9129229820191 -0.747704915711709
21.9223730473156 -0.726369751264635
21.9318231126121 -0.704310525652673
21.9412731779085 -0.681549227991631
21.950723243205 -0.658108547238039
21.9601733085015 -0.634011849572236
21.969623373798 -0.60928315510652
21.9790734390945 -0.583947113941305
21.988523504391 -0.558028981593445
21.9979735696874 -0.531554593820902
22.0074236349839 -0.504550340869173
22.0168737002804 -0.477043141164891
22.0263237655769 -0.449060414482917
22.0357738308734 -0.420630054613787
22.0452238961699 -0.391780401558491
22.0546739614663 -0.362540213278629
22.0641240267628 -0.332938637029761
22.0735740920593 -0.303005180306867
22.0830241573558 -0.272769681430604
22.0924742226523 -0.242262279803779
22.1019242879487 -0.211513385867821
22.1113743532452 -0.180553650788899
22.1208244185417 -0.149413935904265
22.1302744838382 -0.118125281958907
22.1397245491347 -0.0867188781635563
22.1491746144312 -0.0552260311045084
22.1586246797276 -0.023678133536619
22.1680747450241 0.00789336690971176
22.1775248103206 0.0394569990762563
22.1869748756171 0.0709812996480127
22.1964249409136 0.102434844516615
22.2058750062101 0.133786280104474
22.2153250715065 0.1650043546188
22.224775136803 0.196057949203984
22.2342252020995 0.226916108961589
22.243675267396 0.257548073806901
22.2531253326925 0.287923309131164
22.2625753979889 0.318011536239241
22.2720254632854 0.347782762531979
22.2814755285819 0.377207311403577
22.2909255938784 0.406255851823784
22.3003756591749 0.434899427575793
22.3098257244714 0.463109486120352
22.3192757897678 0.490857907057592
22.3287258550643 0.51811703015808
22.3381759203608 0.544859682935067
22.3476259856573 0.571059207730696
22.3570760509538 0.596689488288852
22.3665261162503 0.621724975788495
22.3759761815467 0.646140714311214
22.3854262468432 0.669912365717854
22.3948763121397 0.693016233909335
22.4043263774362 0.715429288447369
22.4137764427327 0.737129187511781
22.4232265080291 0.758094300171243
22.4326765733256 0.778303727945531
22.4421266386221 0.797737325637516
22.4515767039186 0.816375721414399
22.4610267692151 0.83420033611792
22.4704768345116 0.851193401784494
22.479926899808 0.867337979356716
22.4893769651045 0.882617975568545
22.498827030401 0.897018158987464
22.5082770956975 0.91052417519746
22.517727160994 0.923122561107861
22.5271772262905 0.9348007583736
22.5366272915869 0.945547125913667
22.5460773568834 0.955350951515196
22.5555274221799 0.964202462511611
22.5649774874764 0.972092835524258
22.5744275527729 0.979014205257714
22.5838776180693 0.984959672340111
22.5933276833658 0.989923310200556
22.6027777486623 0.993900170976888
22.6122278139588 0.996886290447794
22.6216778792553 0.998878691984443
22.6311279445518 0.999875389517657
22.6405780098482 0.999875389517657
22.6500280751447 0.998878691984444
22.6594781404412 0.996886290447794
22.6689282057377 0.993900170976888
22.6783782710342 0.989923310200556
22.6878283363307 0.984959672340111
22.6972784016271 0.979014205257714
22.7067284669236 0.972092835524258
22.7161785322201 0.964202462511611
22.7256285975166 0.955350951515196
22.7350786628131 0.945547125913667
22.7445287281095 0.9348007583736
22.753978793406 0.923122561107861
22.7634288587025 0.91052417519746
22.772878923999 0.897018158987464
22.7823289892955 0.882617975568546
22.791779054592 0.867337979356716
22.8012291198884 0.851193401784494
22.8106791851849 0.83420033611792
22.8201292504814 0.816375721414399
22.8295793157779 0.797737325637516
22.8390293810744 0.778303727945531
22.8484794463709 0.758094300171243
22.8579295116673 0.737129187511781
22.8673795769638 0.71542928844737
22.8768296422603 0.693016233909335
22.8862797075568 0.669912365717854
22.8957297728533 0.646140714311214
22.9051798381497 0.621724975788496
22.9146299034462 0.596689488288852
22.9240799687427 0.571059207730696
22.9335300340392 0.544859682935067
22.9429800993357 0.518117030158081
22.9524301646322 0.490857907057592
22.9618802299286 0.463109486120352
22.9713302952251 0.434899427575793
22.9807803605216 0.406255851823784
22.9902304258181 0.377207311403578
22.9996804911146 0.347782762531979
23.0091305564111 0.31801153623924
23.0185806217075 0.287923309131164
23.028030687004 0.257548073806901
23.0374807523005 0.22691610896159
23.046930817597 0.196057949203973
23.0563808828935 0.1650043546188
23.06583094819 0.133786280104475
23.0752810134864 0.102434844516616
23.0847310787829 0.0709812996480136
23.0941811440794 0.0394569990762563
23.1036312093759 0.007893366909712
23.1130812746724 -0.0236781335366185
23.1225313399688 -0.0552260311045084
23.1319814052653 -0.0867188781635558
23.1414314705618 -0.118125281958907
23.1508815358583 -0.149413935904265
23.1603316011548 -0.180553650788899
23.1697816664513 -0.211513385867821
23.1792317317477 -0.242262279803779
23.1886817970442 -0.272769681430604
23.1981318623407 -0.303005180306867
23.2075819276372 -0.33293863702976
23.2170319929337 -0.362540213278628
23.2264820582302 -0.391780401558491
23.2359321235266 -0.420630054613787
23.2453821888231 -0.449060414482917
23.2548322541196 -0.477043141164891
23.2642823194161 -0.504550340869172
23.2737323847126 -0.531554593820902
23.283182450009 -0.558028981593445
23.2926325153055 -0.583947113941305
23.302082580602 -0.609283155106519
23.3115326458985 -0.634011849572236
23.320982711195 -0.658108547238039
23.3304327764915 -0.681549227991631
23.3398828417879 -0.704310525652672
23.3493329070844 -0.726369751264643
23.3587829723809 -0.747704915711708
23.3682330376774 -0.768294751637974
23.3776831029739 -0.788118734647191
23.3871331682704 -0.807157103761987
23.3965832335668 -0.825390881121974
23.4060332988633 -0.842801890901351
23.4154833641598 -0.859372777426909
23.4249334294563 -0.875087022478594
23.4343834947528 -0.889928961755183
23.4438335600492 -0.903883800488823
23.4532836253457 -0.91693762819279
23.4627336906422 -0.929077432527729
23.4721837559387 -0.940291112272676
23.4816338212352 -0.950567489387781
23.4910838865317 -0.959896320156857
23.5005339518281 -0.968268305398506
23.5099840171246 -0.975675099735773
23.5194340824211 -0.982109319914981
23.5288841477176 -0.987564552165523
23.5383342130141 -0.992035358593258
23.5477842783106 -0.995517282601106
23.557234343607 -0.998006853331493
23.5666844089035 -0.999501589126174
23.5761344742 -1
23.593339828601 -0.999501589126174
23.610545183002 -0.998006853331493
23.627750537403 -0.995517282601106
23.644955891804 -0.992035358593258
23.662161246205 -0.987564552165524
23.679366600606 -0.98210931991498
23.696571955007 -0.975675099735774
23.713777309408 -0.968268305398507
23.730982663809 -0.959896320156857
23.7481880182101 -0.950567489387782
23.7653933726111 -0.940291112272676
23.7825987270121 -0.92907743252773
23.7998040814131 -0.916937628192789
23.8170094358141 -0.903883800488822
23.8342147902151 -0.889928961755181
23.8514201446161 -0.875087022478592
23.8686254990171 -0.859372777426912
23.8858308534181 -0.842801890901349
23.9030362078191 -0.825390881121976
23.9202415622201 -0.807157103761987
23.9374469166211 -0.788118734647192
23.9546522710221 -0.768294751637972
23.9718576254231 -0.747704915711708
23.9890629798241 -0.726369751264641
24.0062683342251 -0.704310525652671
24.0234736886261 -0.681549227991635
24.0406790430271 -0.658108547238037
24.0578843974281 -0.63401184957224
24.0750897518291 -0.609283155106515
24.0922951062302 -0.583947113941307
24.1095004606312 -0.558028981593438
24.1267058150322 -0.531554593820902
24.1439111694332 -0.504550340869175
24.1611165238342 -0.47704314116489
24.1783218782352 -0.449060414482917
24.1955272326362 -0.420630054613784
24.2127325870372 -0.391780401558496
24.2299379414382 -0.362540213278624
24.2471432958392 -0.332938637029764
24.2643486502402 -0.303005180306872
24.2815540046412 -0.272769681430606
24.2987593590422 -0.242262279803782
24.3159647134432 -0.211513385867821
24.3331700678442 -0.180553650788901
24.3503754222452 -0.149413935904263
24.3675807766462 -0.118125281958906
24.3847861310472 -0.086718878163552
24.4019914854482 -0.0552260311045062
24.4191968398492 -0.023678133536625
24.4364021942503 0.00789336690971575
24.4536075486513 0.039456999076252
24.4708129030523 0.0709812996480187
24.4880182574533 0.102434844516613
24.5052236118543 0.133786280104482
24.5224289662553 0.165004354618799
24.5396343206563 0.196057949203975
24.5568396750573 0.226916108961591
24.5740450294583 0.257548073806894
24.5912503838593 0.287923309131167
24.6084557382603 0.318011536239236
24.6256610926613 0.347782762531983
24.6428664470623 0.377207311403574
24.6600718014633 0.40625585182379
24.6772771558643 0.434899427575791
24.6944825102653 0.46310948612035
24.7116878646663 0.490857907057592
24.7288932190673 0.518117030158079
24.7460985734683 0.54485968293507
24.7633039278693 0.571059207730697
24.7805092822704 0.596689488288855
24.7977146366714 0.621724975788498
24.8149199910724 0.64614071431121
24.8321253454734 0.669912365717853
24.8493306998744 0.693016233909332
24.8665360542754 0.715429288447369
24.8837414086764 0.737129187511779
24.9009467630774 0.758094300171244
24.9181521174784 0.77830372794553
24.9353574718794 0.797737325637518
24.9525628262804 0.8163757214144
24.9697681806814 0.834200336117917
24.9869735350824 0.851193401784496
25.0041788894834 0.867337979356714
25.0213842438844 0.882617975568548
25.0385895982854 0.897018158987463
25.0557949526864 0.910524175197463
25.0730003070874 0.923122561107861
25.0902056614884 0.934800758373599
25.1074110158894 0.945547125913667
25.1246163702905 0.955350951515196
25.1418217246915 0.964202462511612
25.1590270790925 0.972092835524256
25.1762324334935 0.979014205257715
25.1934377878945 0.98495967234011
25.2106431422955 0.989923310200557
25.2278484966965 0.993900170976888
25.2450538510975 0.996886290447793
25.2622592054985 0.998878691984443
25.2794645598995 0.999875389517657
25.2966699143005 0.999875389517657
25.3138752687015 0.998878691984444
25.3310806231025 0.996886290447793
25.3482859775035 0.993900170976888
25.3654913319045 0.989923310200557
25.3826966863055 0.98495967234011
25.3999020407065 0.979014205257715
25.4171073951075 0.972092835524256
25.4343127495085 0.964202462511612
25.4515181039095 0.955350951515194
25.4687234583106 0.945547125913667
25.4859288127116 0.934800758373599
25.5031341671126 0.923122561107861
25.5203395215136 0.910524175197463
25.5375448759146 0.897018158987463
25.5547502303156 0.882617975568548
25.5719555847166 0.867337979356714
25.5891609391176 0.851193401784496
25.6063662935186 0.834200336117917
25.6235716479196 0.8163757214144
25.6407770023206 0.797737325637518
25.6579823567216 0.77830372794553
25.6751877111226 0.758094300171244
25.6923930655236 0.737129187511779
25.7095984199246 0.71542928844737
25.7268037743256 0.693016233909332
25.7440091287266 0.669912365717858
25.7612144831276 0.64614071431121
25.7784198375286 0.621724975788493
25.7956251919296 0.596689488288856
25.8128305463307 0.571059207730697
25.8300359007317 0.54485968293507
25.8472412551327 0.51811703015808
25.8644466095337 0.490857907057593
25.8816519639347 0.46310948612035
25.8988573183357 0.434899427575792
25.9160626727367 0.40625585182379
25.9332680271377 0.377207311403575
25.9504733815387 0.347782762531983
25.9676787359397 0.318011536239236
25.9848840903407 0.287923309131167
26.0020894447417 0.257548073806894
26.0192947991427 0.22691610896159
26.0365001535437 0.196057949203975
26.0537055079447 0.1650043546188
26.0709108623457 0.133786280104483
26.0881162167467 0.102434844516613
26.1053215711477 0.0709812996480189
26.1225269255487 0.0394569990762527
26.1397322799497 0.00789336690971555
26.1569376343508 -0.0236781335366247
26.1741429887518 -0.0552260311045057
26.1913483431528 -0.0867188781635514
26.2085536975538 -0.118125281958906
26.2257590519548 -0.149413935904262
26.2429644063558 -0.1805536507889
26.2601697607568 -0.21151338586782
26.2773751151578 -0.242262279803782
26.2945804695588 -0.272769681430605
26.3117858239598 -0.303005180306872
26.3289911783608 -0.332938637029763
26.3461965327618 -0.362540213278624
26.3634018871628 -0.391780401558496
26.3806072415638 -0.420630054613784
26.3978125959648 -0.449060414482917
26.4150179503658 -0.47704314116489
26.4322233047668 -0.504550340869175
26.4494286591678 -0.531554593820902
26.4666340135688 -0.558028981593437
26.4838393679698 -0.583947113941307
26.5010447223709 -0.609283155106515
26.5182500767719 -0.63401184957224
26.5354554311729 -0.658108547238037
26.5526607855739 -0.681549227991635
26.5698661399749 -0.704310525652671
26.5870714943759 -0.726369751264641
26.6042768487769 -0.747704915711709
26.6214822031779 -0.768294751637972
26.6386875575789 -0.788118734647192
26.6558929119799 -0.807157103761983
26.6730982663809 -0.825390881121976
26.6903036207819 -0.842801890901352
26.7075089751829 -0.859372777426912
26.7247143295839 -0.875087022478592
26.7419196839849 -0.889928961755181
26.7591250383859 -0.903883800488825
26.7763303927869 -0.916937628192789
26.7935357471879 -0.929077432527729
26.8107411015889 -0.940291112272676
26.8279464559899 -0.950567489387782
26.845151810391 -0.959896320156858
26.862357164792 -0.968268305398507
26.879562519193 -0.975675099735774
26.896767873594 -0.98210931991498
26.913973227995 -0.987564552165524
26.931178582396 -0.992035358593258
26.948383936797 -0.995517282601106
26.965589291198 -0.998006853331493
26.982794645599 -0.999501589126174
27 -1
