0 -1
0.00958049538241206 -0.999501589126174
0.0191609907648241 -0.998006853331493
0.0287414861472362 -0.995517282601106
0.0383219815296482 -0.992035358593258
0.0479024769120603 -0.987564552165524
0.0574829722944724 -0.98210931991498
0.0670634676768844 -0.975675099735774
0.0766439630592965 -0.968268305398507
0.0862244584417085 -0.959896320156857
0.0958049538241206 -0.950567489387783
0.105385449206533 -0.940291112272676
0.114965944588945 -0.929077432527731
0.124546439971357 -0.916937628192789
0.134126935353769 -0.903883800488824
0.143707430736181 -0.88992896175518
0.153287926118593 -0.875087022478594
0.162868421501005 -0.859372777426912
0.172448916883417 -0.842801890901351
0.182029412265829 -0.825390881121976
0.191609907648241 -0.807157103761985
0.201190403030653 -0.788118734647192
0.210770898413065 -0.768294751637971
0.220351393795477 -0.747704915711709
0.229931889177889 -0.726369751264639
0.239512384560302 -0.704310525652672
0.249092879942714 -0.681549227991634
0.258673375325126 -0.658108547238038
0.268253870707538 -0.634011849572239
0.27783436608995 -0.609283155106517
0.287414861472362 -0.583947113941306
0.296995356854774 -0.55802898159344
0.306575852237186 -0.531554593820901
0.316156347619598 -0.504550340869177
0.32573684300201 -0.47704314116489
0.335317338384422 -0.44906041448292
0.344897833766834 -0.420630054613784
0.354478329149246 -0.391780401558493
0.364058824531658 -0.362540213278624
0.37363931991407 -0.332938637029761
0.383219815296482 -0.303005180306873
0.392800310678894 -0.272769681430603
0.402380806061307 -0.242262279803783
0.411961301443719 -0.211513385867819
0.421541796826131 -0.180553650788902
0.431122292208543 -0.149413935904261
0.440702787590955 -0.118125281958908
0.450283282973367 -0.0867188781635509
0.459863778355779 -0.0552260311045082
0.469444273738191 -0.0236781335366239
0.479024769120603 0.00789336690971331
0.488605264503015 0.0394569990762527
0.498185759885427 0.070981299648016
0.507766255267839 0.102434844516613
0.517346750650251 0.133786280104479
0.526927246032663 0.165004354618799
0.536507741415075 0.196057949203978
0.546088236797487 0.22691610896159
0.5556687321799 0.257548073806897
0.565249227562312 0.287923309131166
0.574829722944724 0.318011536239238
0.584410218327136 0.347782762531982
0.593990713709548 0.377207311403576
0.60357120909196 0.406255851823789
0.613151704474372 0.434899427575793
0.622732199856784 0.463109486120348
0.632312695239196 0.490857907057594
0.641893190621608 0.518117030158078
0.65147368600402 0.54485968293507
0.661054181386432 0.571059207730695
0.670634676768844 0.596689488288856
0.680215172151256 0.621724975788495
0.689795667533668 0.64614071431121
0.69937616291608 0.669912365717855
0.708956658298493 0.693016233909332
0.718537153680905 0.715429288447371
0.728117649063317 0.737129187511779
0.737698144445729 0.758094300171245
0.747278639828141 0.77830372794553
0.756859135210553 0.797737325637519
0.766439630592965 0.816375721414399
0.776020125975377 0.834200336117917
0.785600621357789 0.851193401784495
0.795181116740201 0.867337979356715
0.804761612122613 0.882617975568547
0.814342107505025 0.897018158987464
0.823922602887437 0.910524175197462
0.833503098269849 0.923122561107861
0.843083593652261 0.934800758373598
0.852664089034673 0.945547125913667
0.862244584417086 0.955350951515195
0.871825079799498 0.964202462511612
0.88140557518191 0.972092835524257
0.890986070564322 0.979014205257715
0.900566565946734 0.98495967234011
0.910147061329146 0.989923310200557
0.919727556711558 0.993900170976888
0.92930805209397 0.996886290447793
0.938888547476382 0.998878691984444
0.948469042858794 0.999875389517657
0.958049538241206 0.999875389517657
0.967630033623618 0.998878691984444
0.97721052900603 0.996886290447793
0.986791024388442 0.993900170976888
0.996371519770854 0.989923310200557
1.00595201515327 0.984959672340111
1.01553251053568 0.979014205257715
1.02511300591809 0.972092835524257
1.0346935013005 0.964202462511612
1.04427399668291 0.955350951515195
1.05385449206533 0.945547125913667
1.06343498744774 0.934800758373598
1.07301548283015 0.923122561107861
1.08259597821256 0.910524175197462
1.09217647359497 0.897018158987464
1.10175696897739 0.882617975568547
1.1113374643598 0.867337979356715
1.12091795974221 0.851193401784495
1.13049845512462 0.834200336117918
1.14007895050704 0.816375721414399
1.14965944588945 0.797737325637519
1.15923994127186 0.77830372794553
1.16882043665427 0.758094300171246
1.17840093203668 0.737129187511779
1.1879814274191 0.715429288447372
1.19756192280151 0.693016233909332
1.20714241818392 0.669912365717855
1.21672291356633 0.646140714311209
1.22630340894874 0.621724975788495
1.23588390433116 0.596689488288856
1.24546439971357 0.571059207730695
1.25504489509598 0.544859682935071
1.26462539047839 0.518117030158078
1.2742058858608 0.490857907057594
1.28378638124322 0.463109486120348
1.29336687662563 0.434899427575793
1.30294737200804 0.406255851823789
1.31252786739045 0.377207311403577
1.32210836277286 0.347782762531982
1.33168885815528 0.318011536239239
1.34126935353769 0.287923309131167
1.3508498489201 0.257548073806897
1.36043034430251 0.22691610896159
1.37001083968492 0.196057949203979
1.37959133506734 0.1650043546188
1.38917183044975 0.133786280104479
1.39875232583216 0.102434844516613
1.40833282121457 0.0709812996480153
1.41791331659699 0.0394569990762527
1.4274938119794 0.00789336690971378
1.43707430736181 -0.0236781335366239
1.44665480274422 -0.0552260311045075
1.45623529812663 -0.0867188781635514
1.46581579350905 -0.118125281958908
1.47539628889146 -0.14941393590426
1.48497678427387 -0.180553650788901
1.49455727965628 -0.211513385867819
1.50413777503869 -0.242262279803783
1.51371827042111 -0.272769681430603
1.52329876580352 -0.303005180306871
1.53287926118593 -0.33293863702976
1.54245975656834 -0.362540213278624
1.55204025195075 -0.391780401558493
1.56162074733317 -0.420630054613784
1.57120124271558 -0.449060414482921
1.58078173809799 -0.477043141164889
1.5903622334804 -0.504550340869178
1.59994272886281 -0.531554593820901
1.60952322424523 -0.55802898159344
1.61910371962764 -0.583947113941306
1.62868421501005 -0.609283155106517
1.63826471039246 -0.634011849572238
1.64784520577487 -0.658108547238037
1.65742570115729 -0.681549227991633
1.6670061965397 -0.704310525652672
1.67658669192211 -0.726369751264639
1.68616718730452 -0.747704915711709
1.69574768268693 -0.76829475163797
1.70532817806935 -0.788118734647192
1.71490867345176 -0.807157103761985
1.72448916883417 -0.825390881121976
1.73406966421658 -0.842801890901351
1.743650159599 -0.859372777426912
1.75323065498141 -0.875087022478593
1.76281115036382 -0.889928961755181
1.77239164574623 -0.903883800488824
1.78197214112864 -0.916937628192789
1.79155263651106 -0.92907743252773
1.80113313189347 -0.940291112272675
1.81071362727588 -0.950567489387783
1.82029412265829 -0.959896320156857
1.8298746180407 -0.968268305398507
1.83945511342312 -0.975675099735774
1.84903560880553 -0.98210931991498
1.85861610418794 -0.987564552165524
1.86819659957035 -0.992035358593258
1.87777709495276 -0.995517282601106
1.88735759033518 -0.998006853331493
1.89693808571759 -0.999501589126174
1.9065185811 -1
1.92630486106533 -0.999501589126174
1.94609114103065 -0.998006853331493
1.96587742099598 -0.995517282601106
1.98566370096131 -0.992035358593258
2.00544998092663 -0.987564552165524
2.02523626089196 -0.98210931991498
2.04502254085729 -0.975675099735774
2.06480882082261 -0.968268305398507
2.08459510078794 -0.959896320156857
2.10438138075327 -0.950567489387783
2.12416766071859 -0.940291112272675
2.14395394068392 -0.929077432527731
2.16374022064925 -0.916937628192789
2.18352650061457 -0.903883800488823
2.2033127805799 -0.88992896175518
2.22309906054523 -0.875087022478594
2.24288534051055 -0.859372777426912
2.26267162047588 -0.84280189090135
2.28245790044121 -0.825390881121976
2.30224418040653 -0.807157103761985
2.32203046037186 -0.788118734647192
2.34181674033719 -0.768294751637971
2.36160302030251 -0.747704915711709
2.38138930026784 -0.72636975126464
2.40117558023317 -0.704310525652672
2.42096186019849 -0.681549227991634
2.44074814016382 -0.658108547238038
2.46053442012915 -0.634011849572239
2.48032070009447 -0.609283155106517
2.5001069800598 -0.583947113941306
2.51989326002513 -0.55802898159344
2.53967953999045 -0.531554593820901
2.55946581995578 -0.504550340869177
2.57925209992111 -0.47704314116489
2.59903837988643 -0.44906041448292
2.61882465985176 -0.420630054613784
2.63861093981709 -0.391780401558493
2.65839721978241 -0.362540213278624
2.67818349974774 -0.332938637029761
2.69796977971307 -0.303005180306873
2.71775605967839 -0.272769681430603
2.73754233964372 -0.242262279803783
2.75732861960905 -0.211513385867819
2.77711489957437 -0.180553650788902
2.7969011795397 -0.14941393590426
2.81668745950503 -0.118125281958908
2.83647373947035 -0.0867188781635507
2.85626001943568 -0.0552260311045084
2.876046299401 -0.0236781335366239
2.89583257936633 0.00789336690971264
2.91561885933166 0.0394569990762525
2.93540513929698 0.070981299648016
2.95519141926231 0.102434844516613
2.97497769922764 0.133786280104479
2.99476397919296 0.165004354618799
3.01455025915829 0.196057949203978
3.03433653912362 0.22691610896159
3.05412281908894 0.257548073806896
3.07390909905427 0.287923309131166
3.0936953790196 0.318011536239239
3.11348165898492 0.347782762531982
3.13326793895025 0.377207311403575
3.15305421891558 0.406255851823789
3.1728404988809 0.434899427575793
3.19262677884623 0.463109486120347
3.21241305881156 0.490857907057594
3.23219933877688 0.518117030158078
3.25198561874221 0.54485968293507
3.27177189870754 0.571059207730695
3.29155817867286 0.596689488288856
3.31134445863819 0.621724975788495
3.33113073860352 0.64614071431121
3.35091701856884 0.669912365717855
3.37070329853417 0.693016233909331
3.3904895784995 0.715429288447371
3.41027585846482 0.737129187511779
3.43006213843015 0.758094300171245
3.44984841839548 0.77830372794553
3.4696346983608 0.797737325637519
3.48942097832613 0.816375721414399
3.50920725829146 0.834200336117917
3.52899353825678 0.851193401784495
3.54877981822211 0.867337979356715
3.56856609818744 0.882617975568547
3.58835237815276 0.897018158987464
3.60813865811809 0.910524175197462
3.62792493808342 0.923122561107861
3.64771121804874 0.934800758373598
3.66749749801407 0.945547125913667
3.6872837779794 0.955350951515195
3.70707005794472 0.964202462511612
3.72685633791005 0.972092835524257
3.74664261787538 0.979014205257714
3.7664288978407 0.984959672340111
3.78621517780603 0.989923310200557
3.80600145777136 0.993900170976888
3.82578773773668 0.996886290447793
3.84557401770201 0.998878691984444
3.86536029766734 0.999875389517657
3.88514657763266 0.999875389517657
3.90493285759799 0.998878691984444
3.92471913756332 0.996886290447793
3.94450541752864 0.993900170976888
3.96429169749397 0.989923310200557
3.9840779774593 0.984959672340111
4.00386425742462 0.979014205257715
4.02365053738995 0.972092835524257
4.04343681735528 0.964202462511612
4.0632230973206 0.955350951515195
4.08300937728593 0.945547125913667
4.10279565725126 0.934800758373598
4.12258193721658 0.923122561107861
4.14236821718191 0.910524175197463
4.16215449714724 0.897018158987464
4.18194077711256 0.882617975568547
4.20172705707789 0.867337979356715
4.22151333704322 0.851193401784494
4.24129961700854 0.834200336117918
4.26108589697387 0.8163757214144
4.2808721769392 0.797737325637519
4.30065845690452 0.77830372794553
4.32044473686985 0.758094300171246
4.34023101683518 0.737129187511779
4.3600172968005 0.715429288447372
4.37980357676583 0.693016233909332
4.39958985673116 0.669912365717855
4.41937613669648 0.64614071431121
4.43916241666181 0.621724975788496
4.45894869662713 0.596689488288857
4.47873497659246 0.571059207730695
4.49852125655779 0.544859682935071
4.51830753652312 0.518117030158077
4.53809381648844 0.490857907057594
4.55788009645377 0.463109486120348
4.5776663764191 0.434899427575793
4.59745265638442 0.40625585182379
4.61723893634975 0.377207311403577
4.63702521631507 0.347782762531983
4.6568114962804 0.318011536239239
4.67659777624573 0.287923309131167
4.69638405621105 0.257548073806898
4.71617033617638 0.22691610896159
4.73595661614171 0.196057949203979
4.75574289610704 0.165004354618799
4.77552917607236 0.133786280104479
4.79531545603769 0.102434844516614
4.81510173600302 0.0709812996480162
4.83488801596834 0.0394569990762527
4.85467429593367 0.00789336690971378
4.87446057589899 -0.023678133536623
4.89424685586432 -0.0552260311045075
4.91403313582965 -0.0867188781635496
4.93381941579497 -0.118125281958906
4.9536056957603 -0.149413935904261
4.97339197572563 -0.180553650788901
4.99317825569095 -0.211513385867819
5.01296453565628 -0.242262279803783
5.03275081562161 -0.272769681430602
5.05253709558693 -0.303005180306873
5.07232337555226 -0.332938637029761
5.09210965551759 -0.362540213278624
5.11189593548291 -0.391780401558492
5.13168221544824 -0.420630054613784
5.15146849541357 -0.44906041448292
5.17125477537889 -0.477043141164889
5.19104105534422 -0.504550340869177
5.21082733530955 -0.531554593820901
5.23061361527487 -0.55802898159344
5.2503998952402 -0.583947113941306
5.27018617520553 -0.609283155106517
5.28997245517085 -0.634011849572238
5.30975873513618 -0.658108547238037
5.32954501510151 -0.681549227991633
5.34933129506683 -0.704310525652671
5.36911757503216 -0.726369751264639
5.38890385499749 -0.747704915711709
5.40869013496281 -0.768294751637971
5.42847641492814 -0.788118734647192
5.44826269489347 -0.807157103761985
5.46804897485879 -0.825390881121977
5.48783525482412 -0.842801890901351
5.50762153478945 -0.859372777426911
5.52740781475477 -0.875087022478593
5.5471940947201 -0.88992896175518
5.56698037468543 -0.903883800488823
5.58676665465075 -0.916937628192789
5.60655293461608 -0.92907743252773
5.62633921458141 -0.940291112272675
5.64612549454673 -0.950567489387783
5.66591177451206 -0.959896320156857
5.68569805447739 -0.968268305398507
5.70548433444271 -0.975675099735773
5.72527061440804 -0.98210931991498
5.74505689437337 -0.987564552165524
5.76484317433869 -0.992035358593258
5.78462945430402 -0.995517282601106
5.80441573426935 -0.998006853331493
5.82420201423467 -0.999501589126174
5.8439882942 -1
5.85208192620603 -0.999501589126174
5.86017555821206 -0.998006853331493
5.86826919021809 -0.995517282601106
5.87636282222412 -0.992035358593258
5.88445645423015 -0.987564552165524
5.89255008623618 -0.98210931991498
5.90064371824221 -0.975675099735773
5.90873735024824 -0.968268305398507
5.91683098225427 -0.959896320156857
5.9249246142603 -0.950567489387783
5.93301824626633 -0.940291112272676
5.94111187827236 -0.92907743252773
5.94920551027839 -0.916937628192788
5.95729914228442 -0.903883800488823
5.96539277429045 -0.889928961755181
5.97348640629648 -0.875087022478594
5.98158003830251 -0.859372777426912
5.98967367030854 -0.84280189090135
5.99776730231457 -0.825390881121976
6.0058609343206 -0.807157103761984
6.01395456632663 -0.788118734647193
6.02204819833266 -0.768294751637971
6.03014183033869 -0.747704915711709
6.03823546234472 -0.726369751264639
6.04632909435075 -0.704310525652671
6.05442272635678 -0.681549227991633
6.06251635836281 -0.658108547238039
6.07060999036884 -0.634011849572239
6.07870362237487 -0.609283155106517
6.0867972543809 -0.583947113941306
6.09489088638693 -0.558028981593439
6.10298451839297 -0.5315545938209
6.11107815039899 -0.504550340869178
6.11917178240502 -0.47704314116489
6.12726541441106 -0.44906041448292
6.13535904641709 -0.420630054613784
6.14345267842312 -0.391780401558492
6.15154631042915 -0.362540213278626
6.15963994243518 -0.332938637029762
6.16773357444121 -0.303005180306873
6.17582720644724 -0.272769681430603
6.18392083845327 -0.242262279803783
6.1920144704593 -0.211513385867818
6.20010810246533 -0.180553650788904
6.20820173447136 -0.149413935904262
6.21629536647739 -0.118125281958908
6.22438899848342 -0.0867188781635509
6.23248263048945 -0.0552260311045075
6.24057626249548 -0.0236781335366225
6.24866989450151 0.00789336690971153
6.25676352650754 0.0394569990762518
6.26485715851357 0.0709812996480153
6.2729507905196 0.102434844516614
6.28104442252563 0.13378628010448
6.28913805453166 0.165004354618801
6.29723168653769 0.196057949203976
6.30532531854372 0.226916108961589
6.31341895054975 0.257548073806896
6.32151258255578 0.287923309131167
6.32960621456181 0.318011536239239
6.33769984656784 0.347782762531984
6.34579347857387 0.377207311403574
6.3538871105799 0.406255851823788
6.36198074258593 0.434899427575793
6.37007437459196 0.463109486120348
6.37816800659799 0.490857907057595
6.38626163860402 0.518117030158079
6.39435527061005 0.544859682935069
6.40244890261608 0.571059207730694
6.41054253462211 0.596689488288856
6.41863616662814 0.621724975788496
6.42672979863417 0.646140714311211
6.4348234306402 0.669912365717854
6.44291706264623 0.693016233909331
6.45101069465226 0.715429288447371
6.45910432665829 0.737129187511779
6.46719795866432 0.758094300171246
6.47529159067035 0.778303727945531
6.48338522267638 0.79773732563752
6.49147885468241 0.816375721414398
6.49957248668844 0.834200336117917
6.50766611869447 0.851193401784495
6.5157597507005 0.867337979356715
6.52385338270653 0.882617975568548
6.53194701471256 0.897018158987463
6.54004064671859 0.910524175197462
6.54813427872462 0.923122561107861
6.55622791073065 0.934800758373598
6.56432154273668 0.945547125913667
6.57241517474271 0.955350951515195
6.58050880674874 0.964202462511612
6.58860243875477 0.972092835524257
6.5966960707608 0.979014205257714
6.60478970276683 0.98495967234011
6.61288333477286 0.989923310200557
6.62097696677889 0.993900170976888
6.62907059878492 0.996886290447793
6.63716423079095 0.998878691984444
6.64525786279698 0.999875389517657
6.65335149480302 0.999875389517657
6.66144512680905 0.998878691984444
6.66953875881508 0.996886290447793
6.67763239082111 0.993900170976888
6.68572602282714 0.989923310200557
6.69381965483317 0.984959672340111
6.7019132868392 0.979014205257714
6.71000691884523 0.972092835524257
6.71810055085126 0.964202462511612
6.72619418285729 0.955350951515195
6.73428781486332 0.945547125913667
6.74238144686935 0.934800758373598
6.75047507887538 0.923122561107861
6.75856871088141 0.910524175197462
6.76666234288744 0.897018158987463
6.77475597489347 0.882617975568547
6.7828496068995 0.867337979356715
6.79094323890553 0.851193401784495
6.79903687091156 0.834200336117917
6.80713050291759 0.816375721414398
6.81522413492362 0.79773732563752
6.82331776692965 0.778303727945531
6.83141139893568 0.758094300171246
6.83950503094171 0.737129187511779
6.84759866294774 0.715429288447371
6.85569229495377 0.693016233909331
6.8637859269598 0.669912365717854
6.87187955896583 0.646140714311211
6.87997319097186 0.621724975788496
6.88806682297789 0.596689488288856
6.89616045498392 0.571059207730694
6.90425408698995 0.544859682935073
6.91234771899598 0.518117030158079
6.92044135100201 0.490857907057595
6.92853498300804 0.463109486120348
6.93662861501407 0.434899427575793
6.9447222470201 0.406255851823789
6.95281587902613 0.377207311403575
6.96090951103216 0.347782762531981
6.96900314303819 0.318011536239239
6.97709677504422 0.287923309131167
6.98519040705025 0.257548073806896
6.99328403905628 0.226916108961589
7.00137767106231 0.196057949203981
7.00947130306834 0.165004354618801
7.01756493507437 0.13378628010448
7.0256585670804 0.102434844516614
7.03375219908643 0.0709812996480162
7.04184583109246 0.0394569990762518
7.04993946309849 0.007893366909712
7.05803309510452 -0.023678133536623
7.06612672711055 -0.0552260311045075
7.07422035911658 -0.0867188781635505
7.08231399112261 -0.118125281958908
7.09040762312864 -0.149413935904262
7.09850125513467 -0.1805536507889
7.1065948871407 -0.211513385867818
7.11468851914673 -0.242262279803782
7.12278215115276 -0.272769681430602
7.13087578315879 -0.303005180306873
7.13896941516482 -0.332938637029763
7.14706304717085 -0.362540213278626
7.15515667917689 -0.391780401558495
7.16325031118291 -0.420630054613784
7.17134394318894 -0.44906041448292
7.17943757519498 -0.47704314116489
7.187531207201 -0.504550340869175
7.19562483920703 -0.531554593820901
7.20371847121307 -0.558028981593439
7.2118121032191 -0.583947113941306
7.21990573522513 -0.609283155106517
7.22799936723116 -0.634011849572239
7.23609299923719 -0.658108547238039
7.24418663124322 -0.681549227991632
7.25228026324925 -0.704310525652671
7.26037389525528 -0.726369751264639
7.26846752726131 -0.747704915711709
7.27656115926734 -0.768294751637971
7.28465479127337 -0.788118734647191
7.2927484232794 -0.807157103761985
7.30084205528543 -0.825390881121976
7.30893568729146 -0.84280189090135
7.31702931929749 -0.859372777426912
7.32512295130352 -0.875087022478594
7.33321658330955 -0.889928961755181
7.34131021531558 -0.903883800488824
7.34940384732161 -0.916937628192788
7.35749747932764 -0.92907743252773
7.36559111133367 -0.940291112272675
7.3736847433397 -0.950567489387783
7.38177837534573 -0.959896320156857
7.38987200735176 -0.968268305398507
7.39796563935779 -0.975675099735773
7.40605927136382 -0.98210931991498
7.41415290336985 -0.987564552165524
7.42224653537588 -0.992035358593258
7.43034016738191 -0.995517282601106
7.43843379938794 -0.998006853331493
7.44652743139397 -0.999501589126174
7.4546210634 -1
7.47206956743819 -0.999501589126174
7.48951807147638 -0.998006853331493
7.50696657551457 -0.995517282601106
7.52441507955276 -0.992035358593258
7.54186358359096 -0.987564552165524
7.55931208762915 -0.98210931991498
7.57676059166734 -0.975675099735774
7.59420909570553 -0.968268305398507
7.61165759974372 -0.959896320156857
7.62910610378191 -0.950567489387783
7.6465546078201 -0.940291112272675
7.66400311185829 -0.929077432527731
7.68145161589648 -0.916937628192788
7.69890011993467 -0.903883800488823
7.71634862397286 -0.88992896175518
7.73379712801106 -0.875087022478593
7.75124563204925 -0.859372777426912
7.76869413608744 -0.842801890901351
7.78614264012563 -0.825390881121976
7.80359114416382 -0.807157103761985
7.82103964820201 -0.788118734647193
7.8384881522402 -0.76829475163797
7.85593665627839 -0.747704915711709
7.87338516031658 -0.72636975126464
7.89083366435477 -0.704310525652672
7.90828216839297 -0.681549227991634
7.92573067243116 -0.658108547238038
7.94317917646935 -0.634011849572238
7.96062768050754 -0.609283155106517
7.97807618454573 -0.583947113941307
7.99552468858392 -0.55802898159344
8.01297319262211 -0.531554593820902
8.0304216966603 -0.504550340869178
8.04787020069849 -0.477043141164891
8.06531870473668 -0.449060414482919
8.08276720877488 -0.420630054613784
8.10021571281307 -0.391780401558493
8.11766421685126 -0.362540213278625
8.13511272088945 -0.332938637029762
8.15256122492764 -0.303005180306874
8.17000972896583 -0.272769681430602
8.18745823300402 -0.242262279803783
8.20490673704221 -0.211513385867819
8.2223552410804 -0.180553650788903
8.23980374511859 -0.149413935904262
8.25725224915679 -0.118125281958906
8.27470075319498 -0.0867188781635498
8.29214925723317 -0.0552260311045077
8.30959776127136 -0.0236781335366241
8.32704626530955 0.00789336690971264
8.34449476934774 0.0394569990762516
8.36194327338593 0.070981299648014
8.37939177742412 0.102434844516614
8.39684028146231 0.133786280104479
8.4142887855005 0.165004354618799
8.43173728953869 0.196057949203977
8.44918579357688 0.226916108961589
8.46663429761508 0.257548073806898
8.48408280165327 0.287923309131167
8.50153130569146 0.318011536239238
8.51897980972965 0.347782762531982
8.53642831376784 0.377207311403575
8.55387681780603 0.406255851823791
8.57132532184422 0.434899427575794
8.58877382588241 0.463109486120348
8.6062223299206 0.490857907057594
8.62367083395879 0.518117030158077
8.64111933799698 0.54485968293507
8.65856784203518 0.571059207730694
8.67601634607337 0.596689488288857
8.69346485011156 0.621724975788496
8.71091335414975 0.64614071431121
8.72836185818794 0.669912365717855
8.74581036222613 0.693016233909331
8.76325886626432 0.715429288447372
8.78070737030251 0.73712918751178
8.7981558743407 0.758094300171246
8.81560437837889 0.77830372794553
8.83305288241709 0.797737325637519
8.85050138645528 0.816375721414399
8.86794989049347 0.834200336117916
8.88539839453166 0.851193401784495
8.90284689856985 0.867337979356715
8.92029540260804 0.882617975568547
8.93774390664623 0.897018158987463
8.95519241068442 0.910524175197462
8.97264091472261 0.923122561107861
8.9900894187608 0.934800758373599
9.007537922799 0.945547125913667
9.02498642683719 0.955350951515195
9.04243493087538 0.964202462511611
9.05988343491357 0.972092835524257
9.07733193895176 0.979014205257715
9.09478044298995 0.984959672340111
9.11222894702814 0.989923310200557
9.12967745106633 0.993900170976888
9.14712595510452 0.996886290447793
9.16457445914271 0.998878691984443
9.18202296318091 0.999875389517657
9.1994714672191 0.999875389517657
9.21691997125729 0.998878691984444
9.23436847529548 0.996886290447793
9.25181697933367 0.993900170976888
9.26926548337186 0.989923310200557
9.28671398741005 0.98495967234011
9.30416249144824 0.979014205257714
9.32161099548643 0.972092835524257
9.33905949952462 0.964202462511612
9.35650800356282 0.955350951515194
9.37395650760101 0.945547125913667
9.3914050116392 0.934800758373598
9.40885351567739 0.923122561107861
9.42630201971558 0.910524175197462
9.44375052375377 0.897018158987464
9.46119902779196 0.882617975568548
9.47864753183015 0.867337979356714
9.49609603586834 0.851193401784494
9.51354453990653 0.834200336117918
9.53099304394472 0.816375721414399
9.54844154798291 0.79773732563752
9.56589005202111 0.778303727945529
9.5833385560593 0.758094300171245
9.60078706009749 0.737129187511779
9.61823556413568 0.715429288447371
9.63568406817387 0.693016233909332
9.65313257221206 0.669912365717854
9.67058107625025 0.646140714311211
9.68802958028844 0.621724975788495
9.70547808432663 0.596689488288856
9.72292658836482 0.571059207730695
9.74037509240302 0.544859682935071
9.75782359644121 0.518117030158079
9.7752721004794 0.490857907057593
9.79272060451759 0.463109486120347
9.81016910855578 0.434899427575793
9.82761761259397 0.406255851823789
9.84506611663216 0.377207311403577
9.86251462067035 0.347782762531984
9.87996312470854 0.318011536239237
9.89741162874673 0.287923309131166
9.91486013278493 0.257548073806896
9.93230863682312 0.22691610896159
9.94975714086131 0.19605794920398
9.9672056448995 0.165004354618801
9.98465414893769 0.133786280104478
10.0021026529759 0.102434844516612
10.0195511570141 0.0709812996480162
10.0369996610523 0.0394569990762536
10.0544481650905 0.00789336690971467
10.0718966691286 -0.0236781335366256
10.0893451731668 -0.0552260311045057
10.106793677205 -0.0867188781635505
10.1242421812432 -0.118125281958907
10.1416906852814 -0.14941393590426
10.1591391893196 -0.180553650788904
10.1765876933578 -0.211513385867817
10.194036197396 -0.242262279803785
10.2114847014342 -0.272769681430603
10.2289332054724 -0.303005180306872
10.2463817095106 -0.33293863702976
10.2638302135487 -0.362540213278624
10.2812787175869 -0.391780401558495
10.2987272216251 -0.420630054613784
10.3161757256633 -0.44906041448292
10.3336242297015 -0.47704314116489
10.3510727337397 -0.504550340869177
10.3685212377779 -0.531554593820903
10.3859697418161 -0.55802898159344
10.4034182458543 -0.583947113941307
10.4208667498925 -0.609283155106517
10.4383152539307 -0.634011849572238
10.4557637579688 -0.658108547238036
10.473212262007 -0.681549227991633
10.4906607660452 -0.704310525652672
10.5081092700834 -0.726369751264639
10.5255577741216 -0.747704915711709
10.5430062781598 -0.76829475163797
10.560454782198 -0.788118734647191
10.5779032862362 -0.807157103761986
10.5953517902744 -0.825390881121977
10.6128002943126 -0.842801890901351
10.6302487983508 -0.859372777426912
10.6476973023889 -0.875087022478593
10.6651458064271 -0.889928961755181
10.6825943104653 -0.903883800488823
10.7000428145035 -0.916937628192789
10.7174913185417 -0.929077432527731
10.7349398225799 -0.940291112272675
10.7523883266181 -0.950567489387784
10.7698368306563 -0.959896320156857
10.7872853346945 -0.968268305398508
10.8047338387327 -0.975675099735774
10.8221823427709 -0.98210931991498
10.839630846809 -0.987564552165524
10.8570793508472 -0.992035358593258
10.8745278548854 -0.995517282601106
10.8919763589236 -0.998006853331493
10.9094248629618 -0.999501589126174
10.926873367 -1
10.9422256704864 -0.999501589126174
10.9575779739729 -0.998006853331493
10.9729302774593 -0.995517282601106
10.9882825809457 -0.992035358593258
11.0036348844322 -0.987564552165524
11.0189871879186 -0.98210931991498
11.034339491405 -0.975675099735773
11.0496917948915 -0.968268305398507
11.0650440983779 -0.959896320156857
11.0803964018643 -0.950567489387783
11.0957487053508 -0.940291112272676
11.1111010088372 -0.92907743252773
11.1264533123236 -0.916937628192788
11.1418056158101 -0.903883800488823
11.1571579192965 -0.889928961755181
11.1725102227829 -0.875087022478594
11.1878625262693 -0.859372777426912
11.2032148297558 -0.84280189090135
11.2185671332422 -0.825390881121976
11.2339194367286 -0.807157103761984
11.2492717402151 -0.788118734647193
11.2646240437015 -0.768294751637971
11.2799763471879 -0.747704915711709
11.2953286506744 -0.726369751264639
11.3106809541608 -0.704310525652671
11.3260332576472 -0.681549227991633
11.3413855611337 -0.658108547238039
11.3567378646201 -0.634011849572239
11.3720901681065 -0.609283155106517
11.387442471593 -0.583947113941306
11.4027947750794 -0.558028981593439
11.4181470785658 -0.5315545938209
11.4334993820523 -0.504550340869179
11.4488516855387 -0.47704314116489
11.4642039890251 -0.44906041448292
11.4795562925116 -0.420630054613784
11.494908595998 -0.391780401558492
11.5102608994844 -0.362540213278626
11.5256132029709 -0.332938637029762
11.5409655064573 -0.303005180306873
11.5563178099437 -0.272769681430603
11.5716701134302 -0.242262279803783
11.5870224169166 -0.211513385867818
11.602374720403 -0.1805536507889
11.6177270238894 -0.149413935904262
11.6330793273759 -0.118125281958908
11.6484316308623 -0.0867188781635507
11.6637839343487 -0.0552260311045073
11.6791362378352 -0.0236781335366228
11.6944885413216 0.00789336690971153
11.709840844808 0.0394569990762516
11.7251931482945 0.0709812996480156
11.7405454517809 0.102434844516614
11.7558977552673 0.13378628010448
11.7712500587538 0.165004354618801
11.7866023622402 0.19605794920398
11.8019546657266 0.226916108961589
11.8173069692131 0.257548073806896
11.8326592726995 0.287923309131167
11.8480115761859 0.318011536239239
11.8633638796724 0.347782762531984
11.8787161831588 0.377207311403574
11.8940684866452 0.406255851823788
11.9094207901317 0.434899427575793
11.9247730936181 0.463109486120348
11.9401253971045 0.490857907057594
11.955477700591 0.518117030158076
11.9708300040774 0.544859682935069
11.9861823075638 0.571059207730694
12.0015346110503 0.596689488288856
12.0168869145367 0.621724975788496
12.0322392180231 0.646140714311211
12.0475915215095 0.669912365717856
12.062943824996 0.693016233909331
12.0782961284824 0.715429288447371
12.0936484319688 0.737129187511779
12.1090007354553 0.758094300171246
12.1243530389417 0.778303727945531
12.1397053424281 0.797737325637518
12.1550576459146 0.816375721414398
12.170409949401 0.834200336117917
12.1857622528874 0.851193401784495
12.2011145563739 0.867337979356715
12.2164668598603 0.882617975568547
12.2318191633467 0.897018158987464
12.2471714668332 0.910524175197462
12.2625237703196 0.923122561107861
12.277876073806 0.934800758373598
12.2932283772925 0.945547125913667
12.3085806807789 0.955350951515195
12.3239329842653 0.964202462511611
12.3392852877518 0.972092835524257
12.3546375912382 0.979014205257714
12.3699898947246 0.984959672340111
12.3853421982111 0.989923310200557
12.4006945016975 0.993900170976888
12.4160468051839 0.996886290447793
12.4313991086704 0.998878691984444
12.4467514121568 0.999875389517657
12.4621037156432 0.999875389517657
12.4774560191296 0.998878691984444
12.4928083226161 0.996886290447793
12.5081606261025 0.993900170976888
12.5235129295889 0.989923310200557
12.5388652330754 0.984959672340111
12.5542175365618 0.979014205257714
12.5695698400482 0.972092835524257
12.5849221435347 0.964202462511612
12.6002744470211 0.955350951515195
12.6156267505075 0.945547125913668
12.630979053994 0.934800758373598
12.6463313574804 0.923122561107861
12.6616836609668 0.910524175197462
12.6770359644533 0.897018158987463
12.6923882679397 0.882617975568547
12.7077405714261 0.867337979356715
12.7230928749126 0.851193401784495
12.738445178399 0.834200336117917
12.7537974818854 0.816375721414398
12.7691497853719 0.79773732563752
12.7845020888583 0.778303727945531
12.7998543923447 0.758094300171246
12.8152066958312 0.737129187511779
12.8305589993176 0.715429288447371
12.845911302804 0.693016233909331
12.8612636062905 0.669912365717854
12.8766159097769 0.646140714311211
12.8919682132633 0.621724975788495
12.9073205167497 0.596689488288856
12.9226728202362 0.571059207730694
12.9380251237226 0.54485968293507
12.953377427209 0.518117030158079
12.9687297306955 0.490857907057595
12.9840820341819 0.463109486120348
12.9994343376683 0.434899427575792
13.0147866411548 0.406255851823788
13.0301389446412 0.377207311403575
13.0454912481276 0.347782762531984
13.0608435516141 0.31801153623924
13.0761958551005 0.287923309131167
13.0915481585869 0.257548073806896
13.1069004620734 0.226916108961589
13.1222527655598 0.196057949203976
13.1376050690462 0.165004354618801
13.1529573725327 0.13378628010448
13.1683096760191 0.102434844516614
13.1836619795055 0.0709812996480162
13.199014282992 0.0394569990762518
13.2143665864784 0.00789336690971555
13.2297188899648 -0.0236781335366265
13.2450711934513 -0.0552260311045075
13.2604234969377 -0.0867188781635505
13.2757758004241 -0.118125281958908
13.2911281039106 -0.149413935904261
13.306480407397 -0.180553650788904
13.3218327108834 -0.211513385867818
13.3371850143698 -0.242262279803782
13.3525373178563 -0.272769681430603
13.3678896213427 -0.303005180306873
13.3832419248291 -0.332938637029762
13.3985942283156 -0.362540213278623
13.413946531802 -0.391780401558492
13.4292988352884 -0.420630054613784
13.4446511387749 -0.44906041448292
13.4600034422613 -0.47704314116489
13.4753557457477 -0.504550340869175
13.4907080492342 -0.531554593820903
13.5060603527206 -0.558028981593439
13.521412656207 -0.583947113941306
13.5367649596935 -0.609283155106517
13.5521172631799 -0.63401184957224
13.5674695666663 -0.658108547238038
13.5828218701528 -0.681549227991633
13.5981741736392 -0.704310525652671
13.6135264771256 -0.726369751264639
13.6288787806121 -0.747704915711709
13.6442310840985 -0.768294751637971
13.6595833875849 -0.788118734647191
13.6749356910714 -0.807157103761986
13.6902879945578 -0.825390881121976
13.7056402980442 -0.84280189090135
13.7209926015307 -0.859372777426912
13.7363449050171 -0.875087022478594
13.7516972085035 -0.889928961755181
13.7670495119899 -0.903883800488823
13.7824018154764 -0.916937628192788
13.7977541189628 -0.92907743252773
13.8131064224492 -0.940291112272676
13.8284587259357 -0.950567489387783
13.8438110294221 -0.959896320156856
13.8591633329085 -0.968268305398508
13.874515636395 -0.975675099735774
13.8898679398814 -0.98210931991498
13.9052202433678 -0.987564552165524
13.9205725468543 -0.992035358593258
13.9359248503407 -0.995517282601106
13.9512771538271 -0.998006853331493
13.9666294573136 -0.999501589126174
13.9819817608 -1
13.9881586377834 -0.999501589126174
13.9943355147668 -0.998006853331493
14.0005123917503 -0.995517282601106
14.0066892687337 -0.992035358593258
14.0128661457171 -0.987564552165524
14.0190430227005 -0.98210931991498
14.0252198996839 -0.975675099735773
14.0313967766673 -0.968268305398506
14.0375736536508 -0.959896320156858
14.0437505306342 -0.950567489387784
14.0499274076176 -0.940291112272676
14.056104284601 -0.92907743252773
14.0622811615844 -0.916937628192788
14.0684580385678 -0.903883800488822
14.0746349155513 -0.889928961755182
14.0808117925347 -0.875087022478594
14.0869886695181 -0.859372777426912
14.0931655465015 -0.84280189090135
14.0993424234849 -0.825390881121974
14.1055193004683 -0.807157103761988
14.1116961774518 -0.788118734647194
14.1178730544352 -0.768294751637971
14.1240499314186 -0.747704915711709
14.130226808402 -0.726369751264638
14.1364036853854 -0.70431052565267
14.1425805623688 -0.681549227991637
14.1487574393523 -0.658108547238039
14.1549343163357 -0.634011849572239
14.1611111933191 -0.609283155106516
14.1672880703025 -0.583947113941304
14.1734649472859 -0.558028981593437
14.1796418242693 -0.531554593820904
14.1858187012528 -0.504550340869179
14.1919955782362 -0.47704314116489
14.1981724552196 -0.449060414482919
14.204349332203 -0.420630054613782
14.2105262091864 -0.391780401558497
14.2167030861698 -0.362540213278627
14.2228799631533 -0.332938637029762
14.2290568401367 -0.303005180306873
14.2352337171201 -0.272769681430601
14.2414105941035 -0.24226227980378
14.2475874710869 -0.211513385867823
14.2537643480704 -0.180553650788905
14.2599412250538 -0.149413935904262
14.2661181020372 -0.118125281958907
14.2722949790206 -0.0867188781635485
14.278471856004 -0.0552260311045042
14.2846487329874 -0.0236781335366274
14.2908256099709 0.00789336690971131
14.2970024869543 0.0394569990762523
14.3031793639377 0.0709812996480171
14.3093562409211 0.102434844516616
14.3155331179045 0.133786280104475
14.3217099948879 0.165004354618796
14.3278868718714 0.196057949203976
14.3340637488548 0.22691610896159
14.3402406258382 0.257548073806898
14.3464175028216 0.28792330913117
14.352594379805 0.318011536239235
14.3587712567884 0.34778276253198
14.3649481337719 0.377207311403575
14.3711250107553 0.406255851823789
14.3773018877387 0.434899427575795
14.3834787647221 0.463109486120351
14.3896556417055 0.490857907057591
14.3958325186889 0.518117030158076
14.4020093956724 0.54485968293507
14.4081862726558 0.571059207730696
14.4143631496392 0.596689488288858
14.4205400266226 0.621724975788499
14.426716903606 0.646140714311207
14.4328937805894 0.669912365717854
14.4390706575729 0.693016233909332
14.4452475345563 0.715429288447373
14.4514244115397 0.737129187511781
14.4576012885231 0.758094300171243
14.4637781655065 0.778303727945528
14.4699550424899 0.797737325637519
14.4761319194734 0.816375721414399
14.4823087964568 0.834200336117919
14.4884856734402 0.851193401784497
14.4946625504236 0.867337979356713
14.500839427407 0.882617975568546
14.5070163043905 0.897018158987463
14.5131931813739 0.910524175197463
14.5193700583573 0.923122561107862
14.5255469353407 0.934800758373597
14.5317238123241 0.945547125913666
14.5379006893075 0.955350951515194
14.544077566291 0.964202462511612
14.5502544432744 0.972092835524257
14.5564313202578 0.979014205257715
14.5626081972412 0.984959672340111
14.5687850742246 0.989923310200557
14.574961951208 0.993900170976888
14.5811388281915 0.996886290447793
14.5873157051749 0.998878691984444
14.5934925821583 0.999875389517657
14.5996694591417 0.999875389517657
14.6058463361251 0.998878691984444
14.6120232131085 0.996886290447793
14.618200090092 0.993900170976888
14.6243769670754 0.989923310200557
14.6305538440588 0.98495967234011
14.6367307210422 0.979014205257715
14.6429075980256 0.972092835524257
14.649084475009 0.964202462511612
14.6552613519925 0.955350951515194
14.6614382289759 0.945547125913666
14.6676151059593 0.9348007583736
14.6737919829427 0.923122561107862
14.6799688599261 0.910524175197463
14.6861457369095 0.897018158987463
14.692322613893 0.882617975568546
14.6984994908764 0.867337979356713
14.7046763678598 0.851193401784497
14.7108532448432 0.834200336117919
14.7170301218266 0.8163757214144
14.7232069988101 0.797737325637519
14.7293838757935 0.778303727945528
14.7355607527769 0.758094300171243
14.7417376297603 0.737129187511781
14.7479145067437 0.715429288447373
14.7540913837271 0.693016233909332
14.7602682607106 0.669912365717854
14.766445137694 0.646140714311207
14.7726220146774 0.621724975788492
14.7787988916608 0.596689488288859
14.7849757686442 0.571059207730696
14.7911526456276 0.54485968293507
14.7973295226111 0.518117030158076
14.8035063995945 0.490857907057591
14.8096832765779 0.463109486120351
14.8158601535613 0.434899427575796
14.8220370305447 0.40625585182379
14.8282139075281 0.377207311403576
14.8343907845116 0.347782762531981
14.840567661495 0.318011536239235
14.8467445384784 0.28792330913117
14.8529214154618 0.257548073806899
14.8590982924452 0.22691610896159
14.8652751694286 0.196057949203977
14.8714520464121 0.165004354618796
14.8776289233955 0.133786280104485
14.8838058003789 0.102434844516617
14.8899826773623 0.070981299648018
14.8961595543457 0.0394569990762527
14.9023364313291 0.007893366909712
14.9085133083126 -0.0236781335366274
14.914690185296 -0.0552260311045039
14.9208670622794 -0.0867188781635478
14.9270439392628 -0.118125281958907
14.9332208162462 -0.149413935904261
14.9393976932296 -0.180553650788904
14.9455745702131 -0.211513385867823
14.9517514471965 -0.242262279803779
14.9579283241799 -0.272769681430601
14.9641052011633 -0.303005180306872
14.9702820781467 -0.332938637029762
14.9764589551302 -0.362540213278627
14.9826358321136 -0.391780401558497
14.988812709097 -0.420630054613781
14.9949895860804 -0.449060414482918
15.0011664630638 -0.47704314116489
15.0073433400472 -0.504550340869178
15.0135202170307 -0.531554593820904
15.0196970940141 -0.558028981593437
15.0258739709975 -0.583947113941304
15.0320508479809 -0.609283155106515
15.0382277249643 -0.634011849572239
15.0444046019477 -0.658108547238039
15.0505814789312 -0.681549227991637
15.0567583559146 -0.70431052565267
15.062935232898 -0.726369751264638
15.0691121098814 -0.747704915711709
15.0752889868648 -0.768294751637971
15.0814658638482 -0.788118734647194
15.0876427408317 -0.807157103761982
15.0938196178151 -0.825390881121974
15.0999964947985 -0.842801890901349
15.1061733717819 -0.859372777426912
15.1123502487653 -0.875087022478594
15.1185271257487 -0.889928961755182
15.1247040027322 -0.903883800488825
15.1308808797156 -0.916937628192787
15.137057756699 -0.92907743252773
15.1432346336824 -0.940291112272676
15.1494115106658 -0.950567489387783
15.1555883876492 -0.959896320156856
15.1617652646327 -0.968268305398506
15.1679421416161 -0.975675099735773
15.1741190185995 -0.98210931991498
15.1802958955829 -0.987564552165524
15.1864727725663 -0.992035358593258
15.1926496495498 -0.995517282601106
15.1988265265332 -0.998006853331493
15.2050034035166 -0.999501589126174
15.2111802805 -1
15.2273067372402 -0.999501589126174
15.2434331939804 -0.998006853331493
15.2595596507206 -0.995517282601106
15.2756861074608 -0.992035358593258
15.291812564201 -0.987564552165524
15.3079390209412 -0.98210931991498
15.3240654776814 -0.975675099735773
15.3401919344216 -0.968268305398507
15.3563183911618 -0.959896320156857
15.372444847902 -0.950567489387782
15.3885713046422 -0.940291112272675
15.4046977613824 -0.92907743252773
15.4208242181226 -0.916937628192789
15.4369506748628 -0.903883800488824
15.453077131603 -0.889928961755181
15.4692035883432 -0.875087022478594
15.4853300450834 -0.859372777426913
15.5014565018236 -0.842801890901351
15.5175829585638 -0.825390881121977
15.533709415304 -0.807157103761986
15.5498358720442 -0.788118734647193
15.5659623287844 -0.768294751637971
15.5820887855246 -0.747704915711709
15.5982152422648 -0.726369751264639
15.614341699005 -0.704310525652672
15.6304681557452 -0.681549227991634
15.6465946124854 -0.658108547238037
15.6627210692256 -0.634011849572238
15.6788475259658 -0.609283155106516
15.694973982706 -0.583947113941306
15.7111004394462 -0.55802898159344
15.7272268961864 -0.531554593820901
15.7433533529266 -0.504550340869177
15.7594798096668 -0.477043141164889
15.775606266407 -0.449060414482919
15.7917327231472 -0.420630054613783
15.8078591798874 -0.391780401558495
15.8239856366276 -0.362540213278623
15.8401120933678 -0.332938637029763
15.856238550108 -0.303005180306874
15.8723650068482 -0.272769681430604
15.8884914635884 -0.242262279803784
15.9046179203286 -0.21151338586782
15.9207443770688 -0.180553650788903
15.936870833809 -0.149413935904262
15.9529972905492 -0.118125281958908
15.9691237472894 -0.0867188781635512
15.9852502040296 -0.0552260311045084
16.0013766607698 -0.0236781335366241
16.0175031175101 0.00789336690971664
16.0336295742503 0.0394569990762529
16.0497560309905 0.0709812996480127
16.0658824877307 0.102434844516614
16.0820089444709 0.133786280104476
16.0981354012111 0.1650043546188
16.1142618579513 0.196057949203975
16.1303883146915 0.226916108961591
16.1465147714317 0.257548073806894
16.1626412281719 0.287923309131168
16.1787676849121 0.318011536239236
16.1948941416523 0.347782762531984
16.2110205983925 0.377207311403574
16.2271470551327 0.40625585182379
16.2432735118729 0.434899427575792
16.2593999686131 0.46310948612035
16.2755264253533 0.490857907057593
16.2916528820935 0.518117030158079
16.3077793388337 0.54485968293507
16.3239057955739 0.571059207730697
16.3400322523141 0.596689488288855
16.3561587090543 0.621724975788498
16.3722851657945 0.646140714311209
16.3884116225347 0.669912365717858
16.4045380792749 0.693016233909331
16.4206645360151 0.715429288447369
16.4367909927553 0.737129187511779
16.4529174494955 0.758094300171243
16.4690439062357 0.77830372794553
16.4851703629759 0.797737325637517
16.5012968197161 0.8163757214144
16.5174232764563 0.834200336117916
16.5335497331965 0.851193401784495
16.5496761899367 0.867337979356713
16.5658026466769 0.882617975568548
16.5819291034171 0.897018158987463
16.5980555601573 0.910524175197463
16.6141820168975 0.92312256110786
16.6303084736377 0.934800758373599
16.6464349303779 0.945547125913667
16.6625613871181 0.955350951515195
16.6786878438583 0.964202462511611
16.6948143005985 0.972092835524258
16.7109407573387 0.979014205257714
16.7270672140789 0.984959672340111
16.7431936708191 0.989923310200557
16.7593201275593 0.993900170976888
16.7754465842995 0.996886290447793
16.7915730410397 0.998878691984443
16.8076994977799 0.999875389517657
16.8238259545201 0.999875389517657
16.8399524112603 0.998878691984444
16.8560788680005 0.996886290447793
16.8722053247407 0.993900170976888
16.8883317814809 0.989923310200558
16.9044582382211 0.98495967234011
16.9205846949613 0.979014205257715
16.9367111517015 0.972092835524257
16.9528376084417 0.964202462511612
16.9689640651819 0.955350951515194
16.9850905219221 0.945547125913668
17.0012169786623 0.934800758373598
17.0173434354025 0.923122561107862
17.0334698921427 0.910524175197461
17.0495963488829 0.897018158987464
17.0657228056231 0.882617975568546
17.0818492623633 0.867337979356715
17.0979757191035 0.851193401784493
17.1141021758437 0.834200336117918
17.1302286325839 0.816375721414397
17.1463550893241 0.79773732563752
17.1624815460643 0.778303727945528
17.1786080028045 0.758094300171246
17.1947344595447 0.737129187511777
17.2108609162849 0.715429288447371
17.2269873730251 0.693016233909334
17.2431138297653 0.669912365717855
17.2592402865055 0.646140714311212
17.2753667432457 0.621724975788495
17.2914931999859 0.596689488288859
17.3076196567261 0.571059207730694
17.3237461134663 0.544859682935073
17.3398725702065 0.518117030158077
17.3559990269467 0.490857907057596
17.3721254836869 0.463109486120347
17.3882519404271 0.434899427575795
17.4043783971673 0.406255851823787
17.4205048539075 0.377207311403577
17.4366313106477 0.347782762531981
17.4527577673879 0.31801153623924
17.4688842241281 0.287923309131164
17.4850106808683 0.257548073806897
17.5011371376085 0.226916108961588
17.5172635943487 0.196057949203979
17.5333900510889 0.165004354618796
17.5495165078291 0.13378628010448
17.5656429645693 0.10243484451661
17.5817694213095 0.0709812996480162
17.5978958780497 0.0394569990762563
17.61402233479 0.00789336690971378
17.6301487915302 -0.0236781335366274
17.6462752482704 -0.0552260311045084
17.6624017050106 -0.0867188781635478
17.6785281617508 -0.118125281958908
17.694654618491 -0.149413935904258
17.7107810752312 -0.180553650788903
17.7269075319714 -0.211513385867817
17.7430339887116 -0.242262279803784
17.7591604454518 -0.272769681430601
17.775286902192 -0.303005180306874
17.7914133589322 -0.332938637029759
17.8075398156724 -0.362540213278626
17.8236662724126 -0.391780401558491
17.8397927291528 -0.420630054613786
17.855919185893 -0.449060414482918
17.8720456426332 -0.477043141164892
17.8881720993734 -0.504550340869176
17.9042985561136 -0.531554593820904
17.9204250128538 -0.558028981593439
17.936551469594 -0.583947113941308
17.9526779263342 -0.609283155106516
17.9688043830744 -0.63401184957224
17.9849308398146 -0.658108547238037
18.0010572965548 -0.681549227991636
18.017183753295 -0.704310525652672
18.0333102100352 -0.726369751264637
18.0494366667754 -0.747704915711709
18.0655631235156 -0.768294751637973
18.0816895802558 -0.788118734647193
18.097816036996 -0.807157103761984
18.1139424937362 -0.825390881121976
18.1300689504764 -0.842801890901349
18.1461954072166 -0.859372777426912
18.1623218639568 -0.875087022478592
18.178448320697 -0.889928961755181
18.1945747774372 -0.903883800488822
18.2107012341774 -0.916937628192789
18.2268276909176 -0.92907743252773
18.2429541476578 -0.940291112272676
18.259080604398 -0.950567489387782
18.2752070611382 -0.959896320156858
18.2913335178784 -0.968268305398507
18.3074599746186 -0.975675099735774
18.3235864313588 -0.98210931991498
18.339712888099 -0.987564552165524
18.3558393448392 -0.992035358593258
18.3719658015794 -0.995517282601106
18.3880922583196 -0.998006853331493
18.4042187150598 -0.999501589126174
18.4203451718 -1
18.4359940130367 -0.999501589126174
18.4516428542734 -0.998006853331494
18.4672916955101 -0.995517282601106
18.4829405367467 -0.992035358593258
18.4985893779834 -0.987564552165524
18.5142382192201 -0.982109319914981
18.5298870604568 -0.975675099735773
18.5455359016935 -0.968268305398507
18.5611847429302 -0.959896320156857
18.5768335841668 -0.950567489387783
18.5924824254035 -0.940291112272676
18.6081312666402 -0.929077432527729
18.6237801078769 -0.916937628192788
18.6394289491136 -0.903883800488824
18.6550777903503 -0.889928961755181
18.6707266315869 -0.875087022478595
18.6863754728236 -0.859372777426911
18.7020243140603 -0.84280189090135
18.717673155297 -0.825390881121977
18.7333219965337 -0.807157103761987
18.7489708377704 -0.78811873464719
18.764619679007 -0.76829475163797
18.7802685202437 -0.747704915711709
18.7959173614804 -0.72636975126464
18.8115662027171 -0.704310525652674
18.8272150439538 -0.681549227991632
18.8428638851905 -0.658108547238037
18.8585127264271 -0.634011849572239
18.8741615676638 -0.609283155106518
18.8898104089005 -0.583947113941309
18.9054592501372 -0.558028981593438
18.9211080913739 -0.531554593820901
18.9367569326106 -0.504550340869178
18.9524057738472 -0.477043141164892
18.9680546150839 -0.449060414482917
18.9837034563206 -0.420630054613783
18.9993522975573 -0.391780401558493
19.015001138794 -0.362540213278626
19.0306499800307 -0.332938637029764
19.0462988212673 -0.30300518030687
19.061947662504 -0.272769681430602
19.0775965037407 -0.242262279803784
19.0932453449774 -0.211513385867821
19.1088941862141 -0.180553650788899
19.1245430274508 -0.149413935904259
19.1401918686874 -0.118125281958908
19.1558407099241 -0.086718878163552
19.1714895511608 -0.0552260311045108
19.1871383923975 -0.0236781335366212
19.2027872336342 0.00789336690971464
19.2184360748709 0.0394569990762527
19.2340849161075 0.070981299648014
19.2497337573442 0.10243484451661
19.2653825985809 0.133786280104481
19.2810314398176 0.1650043546188
19.2966802810543 0.196057949203977
19.312329122291 0.226916108961588
19.3279779635276 0.2575480738069
19.3436268047643 0.287923309131168
19.359275646001 0.318011536239239
19.3749244872377 0.347782762531981
19.3905733284744 0.377207311403573
19.4062221697111 0.406255851823791
19.4218710109477 0.434899427575794
19.4375198521844 0.463109486120347
19.4531686934211 0.490857907057592
19.4688175346578 0.518117030158075
19.4844663758945 0.544859682935072
19.5001152171312 0.571059207730695
19.5157640583678 0.596689488288855
19.5314128996045 0.621724975788493
19.5470617408412 0.646140714311212
19.5627105820779 0.669912365717856
19.5783594233146 0.693016233909332
19.5940082645513 0.71542928844737
19.6096571057879 0.737129187511777
19.6253059470246 0.758094300171247
19.6409547882613 0.778303727945531
19.656603629498 0.797737325637519
19.6722524707347 0.816375721414398
19.6879013119714 0.834200336117919
19.703550153208 0.851193401784496
19.7191989944447 0.867337979356715
19.7348478356814 0.882617975568546
19.7504966769181 0.897018158987462
19.7661455181548 0.910524175197463
19.7817943593915 0.923122561107861
19.7974432006281 0.934800758373598
19.8130920418648 0.945547125913666
19.8287408831015 0.955350951515194
19.8443897243382 0.964202462511612
19.8600385655749 0.972092835524257
19.8756874068116 0.979014205257714
19.8913362480482 0.98495967234011
19.9069850892849 0.989923310200558
19.9226339305216 0.993900170976888
19.9382827717583 0.996886290447793
19.953931612995 0.998878691984444
19.9695804542317 0.999875389517657
19.9852292954683 0.999875389517657
20.000878136705 0.998878691984444
20.0165269779417 0.996886290447793
20.0321758191784 0.993900170976888
20.0478246604151 0.989923310200558
20.0634735016518 0.98495967234011
20.0791223428884 0.979014205257714
20.0947711841251 0.972092835524257
20.1104200253618 0.964202462511612
20.1260688665985 0.955350951515194
20.1417177078352 0.945547125913667
20.1573665490719 0.934800758373598
20.1730153903085 0.923122561107861
20.1886642315452 0.910524175197463
20.2043130727819 0.897018158987462
20.2199619140186 0.882617975568546
20.2356107552553 0.867337979356715
20.251259596492 0.851193401784496
20.2669084377286 0.834200336117916
20.2825572789653 0.816375721414398
20.298206120202 0.797737325637519
20.3138549614387 0.778303727945531
20.3295038026754 0.758094300171247
20.3451526439121 0.737129187511777
20.3608014851487 0.715429288447371
20.3764503263854 0.693016233909332
20.3920991676221 0.669912365717856
20.4077480088588 0.646140714311207
20.4233968500955 0.621724975788493
20.4390456913322 0.596689488288855
20.4546945325688 0.571059207730696
20.4703433738055 0.544859682935073
20.4859922150422 0.518117030158081
20.5016410562789 0.490857907057592
20.5172898975156 0.463109486120348
20.5329387387523 0.434899427575794
20.5485875799889 0.406255851823791
20.5642364212256 0.377207311403574
20.5798852624623 0.347782762531982
20.595534103699 0.318011536239239
20.6111829449357 0.287923309131168
20.6268317861724 0.2575480738069
20.642480627409 0.226916108961588
20.6581294686457 0.196057949203977
20.6737783098824 0.1650043546188
20.6894271511191 0.133786280104482
20.7050759923558 0.10243484451661
20.7207248335925 0.0709812996480145
20.7363736748291 0.0394569990762527
20.7520225160658 0.00789336690971467
20.7676713573025 -0.0236781335366212
20.7833201985392 -0.0552260311045101
20.7989690397759 -0.0867188781635514
20.8146178810126 -0.118125281958907
20.8302667222492 -0.149413935904259
20.8459155634859 -0.180553650788906
20.8615644047226 -0.211513385867821
20.8772132459593 -0.242262279803784
20.892862087196 -0.272769681430602
20.9085109284327 -0.30300518030687
20.9241597696693 -0.332938637029764
20.939808610906 -0.362540213278626
20.9554574521427 -0.391780401558493
20.9711062933794 -0.420630054613782
20.9867551346161 -0.449060414482924
21.0024039758528 -0.477043141164892
21.0180528170894 -0.504550340869178
21.0337016583261 -0.531554593820901
21.0493504995628 -0.558028981593438
21.0649993407995 -0.583947113941302
21.0806481820362 -0.609283155106518
21.0962970232729 -0.634011849572239
21.1119458645095 -0.658108547238037
21.1275947057462 -0.681549227991631
21.1432435469829 -0.704310525652674
21.1588923882196 -0.726369751264641
21.1745412294563 -0.747704915711709
21.190190070693 -0.76829475163797
21.2058389119296 -0.78811873464719
21.2214877531663 -0.807157103761987
21.237136594403 -0.825390881121977
21.2527854356397 -0.84280189090135
21.2684342768764 -0.859372777426911
21.2840831181131 -0.875087022478595
21.2997319593497 -0.889928961755181
21.3153808005864 -0.903883800488824
21.3310296418231 -0.916937628192788
21.3466784830598 -0.929077432527729
21.3623273242965 -0.940291112272677
21.3779761655332 -0.950567489387783
21.3936250067698 -0.959896320156857
21.4092738480065 -0.968268305398507
21.4249226892432 -0.975675099735774
21.4405715304799 -0.982109319914981
21.4562203717166 -0.987564552165524
21.4718692129533 -0.992035358593258
21.4875180541899 -0.995517282601106
21.5031668954266 -0.998006853331494
21.5188157366633 -0.999501589126174
21.5344645779 -1
21.5429023515291 -0.999501589126174
21.5513401251583 -0.998006853331494
21.5597778987874 -0.995517282601106
21.5682156724166 -0.992035358593258
21.5766534460457 -0.987564552165524
21.5850912196749 -0.982109319914982
21.593528993304 -0.975675099735774
21.6019667669332 -0.968268305398506
21.6104045405623 -0.959896320156858
21.6188423141915 -0.950567489387782
21.6272800878206 -0.940291112272677
21.6357178614497 -0.929077432527731
21.6441556350789 -0.916937628192787
21.652593408708 -0.903883800488824
21.6610311823372 -0.889928961755179
21.6694689559663 -0.875087022478596
21.6779067295955 -0.859372777426911
21.6863445032246 -0.842801890901354
21.6947822768538 -0.825390881121977
21.7032200504829 -0.807157103761983
21.7116578241121 -0.788118734647194
21.7200955977412 -0.768294751637969
21.7285333713704 -0.747704915711713
21.7369711449995 -0.726369751264639
21.7454089186286 -0.704310525652668
21.7538466922578 -0.681549227991635
21.7622844658869 -0.658108547238035
21.7707222395161 -0.634011849572242
21.7791600131452 -0.609283155106516
21.7875977867744 -0.583947113941311
21.7960355604035 -0.558028981593441
21.8044733340327 -0.531554593820898
21.8129111076618 -0.50455034086918
21.821348881291 -0.477043141164888
21.8297866549201 -0.449060414482925
21.8382244285492 -0.420630054613784
21.8466622021784 -0.391780401558488
21.8550999758075 -0.362540213278626
21.8635377494367 -0.332938637029758
21.8719755230658 -0.303005180306877
21.880413296695 -0.272769681430602
21.8888510703241 -0.242262279803776
21.8972888439533 -0.21151338586782
21.9057266175824 -0.180553650788898
21.9141643912116 -0.149413935904264
21.9226021648407 -0.118125281958906
21.9310399384698 -0.086718878163556
21.939477712099 -0.0552260311045079
21.9479154857281 -0.0236781335366181
21.9563532593573 0.00789336690971131
21.9647910329864 0.0394569990762563
21.9732288066156 0.0709812996480118
21.9816665802447 0.102434844516615
21.9901043538739 0.133786280104473
21.998542127503 0.165004354618798
22.0069799011322 0.196057949203983
22.0154176747613 0.226916108961587
22.0238554483905 0.257548073806899
22.0322932220196 0.287923309131161
22.0407309956487 0.318011536239239
22.0491687692779 0.347782762531988
22.057606542907 0.377207311403574
22.0660443165362 0.406255851823792
22.0744820901653 0.434899427575789
22.0829198637945 0.463109486120349
22.0913576374236 0.490857907057588
22.0997954110528 0.518117030158077
22.1082331846819 0.544859682935074
22.1166709583111 0.571059207730692
22.1251087319402 0.596689488288858
22.1335465055693 0.621724975788491
22.1419842791985 0.64614071431121
22.1504220528276 0.66991236571786
22.1588598264568 0.69301623390933
22.1672976000859 0.715429288447374
22.1757353737151 0.737129187511776
22.1841731473442 0.758094300171246
22.1926109209734 0.778303727945526
22.2010486946025 0.797737325637519
22.2094864682317 0.816375721414402
22.2179242418608 0.834200336117916
22.22636201549 0.851193401784496
22.2347997891191 0.867337979356712
22.2432375627482 0.882617975568547
22.2516753363774 0.897018158987466
22.2601131100065 0.910524175197461
22.2685508836357 0.923122561107862
22.2769886572648 0.934800758373597
22.285426430894 0.945547125913668
22.2938642045231 0.955350951515193
22.3023019781523 0.964202462511612
22.3107397517814 0.972092835524258
22.3191775254106 0.979014205257714
22.3276152990397 0.984959672340111
22.3360530726688 0.989923310200556
22.344490846298 0.993900170976888
22.3529286199271 0.996886290447794
22.3613663935563 0.998878691984443
22.3698041671854 0.999875389517657
22.3782419408146 0.999875389517657
22.3866797144437 0.998878691984444
22.3951174880729 0.996886290447794
22.403555261702 0.993900170976888
22.4119930353312 0.989923310200556
22.4204308089603 0.984959672340111
22.4288685825894 0.979014205257714
22.4373063562186 0.972092835524258
22.4457441298477 0.964202462511612
22.4541819034769 0.955350951515193
22.462619677106 0.945547125913668
22.4710574507352 0.934800758373597
22.4794952243643 0.923122561107862
22.4879329979935 0.910524175197462
22.4963707716226 0.897018158987466
22.5048085452518 0.882617975568547
22.5132463188809 0.867337979356712
22.52168409251 0.851193401784496
22.5301218661392 0.834200336117916
22.5385596397683 0.816375721414402
22.5469974133975 0.797737325637519
22.5554351870266 0.778303727945534
22.5638729606558 0.758094300171247
22.5723107342849 0.737129187511777
22.5807485079141 0.715429288447374
22.5891862815432 0.69301623390933
22.5976240551724 0.66991236571786
22.6060618288015 0.64614071431121
22.6144996024307 0.621724975788492
22.6229373760598 0.596689488288858
22.6313751496889 0.571059207730692
22.6398129233181 0.544859682935075
22.6482506969472 0.518117030158077
22.6566884705764 0.490857907057588
22.6651262442055 0.463109486120349
22.6735640178347 0.434899427575789
22.6820017914638 0.406255851823792
22.690439565093 0.377207311403575
22.6988773387221 0.347782762531988
22.7073151123513 0.318011536239239
22.7157528859804 0.287923309131162
22.7241906596095 0.257548073806899
22.7326284332387 0.226916108961588
22.7410662068678 0.196057949203983
22.749503980497 0.165004354618798
22.7579417541261 0.133786280104486
22.7663795277553 0.102434844516615
22.7748173013844 0.0709812996480118
22.7832550750136 0.0394569990762563
22.7916928486427 0.00789336690971111
22.8001306222719 -0.0236781335366185
22.808568395901 -0.0552260311045075
22.8170061695302 -0.0867188781635567
22.8254439431593 -0.118125281958905
22.8338817167884 -0.149413935904263
22.8423194904176 -0.180553650788897
22.8507572640467 -0.21151338586782
22.8591950376759 -0.24226227980379
22.867632811305 -0.272769681430602
22.8760705849342 -0.303005180306877
22.8845083585633 -0.332938637029757
22.8929461321925 -0.362540213278626
22.9013839058216 -0.391780401558488
22.9098216794508 -0.420630054613784
22.9182594530799 -0.449060414482924
22.926697226709 -0.477043141164887
22.9351350003382 -0.50455034086918
22.9435727739673 -0.531554593820898
22.9520105475965 -0.558028981593441
22.9604483212256 -0.583947113941311
22.9688860948548 -0.609283155106515
22.9773238684839 -0.634011849572242
22.9857616421131 -0.658108547238035
22.9941994157422 -0.681549227991635
23.0026371893714 -0.704310525652668
23.0110749630005 -0.726369751264639
23.0195127366297 -0.747704915711712
23.0279505102588 -0.768294751637969
23.0363882838879 -0.788118734647195
23.0448260575171 -0.807157103761982
23.0532638311462 -0.825390881121976
23.0617016047754 -0.842801890901354
23.0701393784045 -0.859372777426911
23.0785771520337 -0.875087022478596
23.0870149256628 -0.889928961755179
23.095452699292 -0.903883800488824
23.1038904729211 -0.916937628192786
23.1123282465503 -0.92907743252773
23.1207660201794 -0.940291112272677
23.1292037938085 -0.950567489387782
23.1376415674377 -0.959896320156858
23.1460793410668 -0.968268305398506
23.154517114696 -0.975675099735774
23.1629548883251 -0.982109319914979
23.1713926619543 -0.987564552165524
23.1798304355834 -0.992035358593258
23.1882682092126 -0.995517282601106
23.1967059828417 -0.998006853331493
23.2051437564709 -0.999501589126174
23.2135815301 -1
23.232608758592 -0.999501589126174
23.2516359870839 -0.998006853331494
23.2706632155759 -0.995517282601106
23.2896904440678 -0.992035358593258
23.3087176725598 -0.987564552165523
23.3277449010518 -0.982109319914981
23.3467721295437 -0.975675099735774
23.3657993580357 -0.968268305398507
23.3848265865276 -0.959896320156858
23.4038538150196 -0.950567489387783
23.4228810435116 -0.940291112272675
23.4419082720035 -0.92907743252773
23.4609355004955 -0.916937628192789
23.4799627289874 -0.903883800488824
23.4989899574794 -0.88992896175518
23.5180171859714 -0.875087022478595
23.5370444144633 -0.859372777426912
23.5560716429553 -0.84280189090135
23.5750988714472 -0.825390881121975
23.5941260999392 -0.807157103761986
23.6131533284312 -0.788118734647192
23.6321805569231 -0.76829475163797
23.6512077854151 -0.747704915711711
23.670235013907 -0.72636975126464
23.689262242399 -0.704310525652671
23.708289470891 -0.681549227991632
23.7273166993829 -0.658108547238039
23.7463439278749 -0.634011849572239
23.7653711563668 -0.609283155106515
23.7843983848588 -0.583947113941308
23.8034256133508 -0.558028981593441
23.8224528418427 -0.531554593820901
23.8414800703347 -0.504550340869175
23.8605072988266 -0.477043141164891
23.8795345273186 -0.44906041448292
23.8985617558106 -0.420630054613783
23.9175889843025 -0.391780401558495
23.9366162127945 -0.362540213278625
23.9556434412864 -0.33293863702976
23.9746706697784 -0.30300518030687
23.9936978982704 -0.272769681430605
24.0127251267623 -0.242262279803783
24.0317523552543 -0.211513385867817
24.0507795837462 -0.180553650788905
24.0698068122382 -0.149413935904262
24.0888340407302 -0.118125281958907
24.1078612692221 -0.0867188781635483
24.1268884977141 -0.0552260311045095
24.145915726206 -0.0236781335366239
24.164942954698 0.00789336690971509
24.1839701831899 0.0394569990762505
24.2029974116819 0.0709812996480153
24.2220246401739 0.102434844516614
24.2410518686658 0.133786280104482
24.2600790971578 0.165004354618798
24.2791063256497 0.196057949203978
24.2981335541417 0.226916108961592
24.3171607826337 0.257548073806895
24.3361880111256 0.287923309131166
24.3552152396176 0.318011536239239
24.3742424681095 0.347782762531985
24.3932696966015 0.377207311403575
24.4122969250935 0.406255851823789
24.4313241535854 0.434899427575795
24.4503513820774 0.463109486120346
24.4693786105693 0.490857907057593
24.4884058390613 0.518117030158078
24.5074330675533 0.544859682935067
24.5264602960452 0.571059207730694
24.5454875245372 0.596689488288856
24.5645147530291 0.621724975788497
24.5835419815211 0.646140714311208
24.6025692100131 0.669912365717855
24.621596438505 0.693016233909333
24.640623666997 0.715429288447373
24.6596508954889 0.737129187511778
24.6786781239809 0.758094300171246
24.6977053524729 0.778303727945531
24.7167325809648 0.797737325637518
24.7357598094568 0.816375721414399
24.7547870379487 0.834200336117918
24.7738142664407 0.851193401784496
24.7928414949327 0.867337979356714
24.8118687234246 0.882617975568547
24.8308959519166 0.897018158987464
24.8499231804085 0.910524175197461
24.8689504089005 0.923122561107861
24.8879776373925 0.934800758373599
24.9070048658844 0.945547125913668
24.9260320943764 0.955350951515194
24.9450593228683 0.964202462511612
24.9640865513603 0.972092835524258
24.9831137798523 0.979014205257714
25.0021410083442 0.98495967234011
25.0211682368362 0.989923310200557
25.0401954653281 0.993900170976888
25.0592226938201 0.996886290447793
25.0782499223121 0.998878691984444
25.097277150804 0.999875389517657
25.116304379296 0.999875389517657
25.1353316077879 0.998878691984444
25.1543588362799 0.996886290447793
25.1733860647719 0.993900170976887
25.1924132932638 0.989923310200557
25.2114405217558 0.984959672340111
25.2304677502477 0.979014205257714
25.2494949787397 0.972092835524258
25.2685222072317 0.964202462511612
25.2875494357236 0.955350951515194
25.3065766642156 0.945547125913668
25.3256038927075 0.934800758373599
25.3446311211995 0.923122561107861
25.3636583496915 0.910524175197461
25.3826855781834 0.897018158987464
25.4017128066754 0.882617975568547
25.4207400351673 0.867337979356714
25.4397672636593 0.851193401784493
25.4587944921513 0.834200336117918
25.4778217206432 0.816375721414399
25.4968489491352 0.797737325637518
25.5158761776271 0.778303727945531
25.5349034061191 0.758094300171246
25.5539306346111 0.737129187511778
25.572957863103 0.715429288447373
25.591985091595 0.693016233909333
25.6110123200869 0.669912365717855
25.6300395485789 0.646140714311208
25.6490667770709 0.621724975788497
25.6680940055628 0.596689488288856
25.6871212340548 0.571059207730694
25.7061484625467 0.544859682935068
25.7251756910387 0.518117030158079
25.7442029195307 0.490857907057594
25.7632301480226 0.463109486120346
25.7822573765146 0.434899427575795
25.8012846050065 0.406255851823789
25.8203118334985 0.377207311403575
25.8393390619905 0.347782762531985
25.8583662904824 0.318011536239239
25.8773935189744 0.287923309131166
25.8964207474663 0.257548073806901
25.9154479759583 0.226916108961592
25.9344752044503 0.196057949203978
25.9535024329422 0.165004354618798
25.9725296614342 0.133786280104476
25.9915568899261 0.102434844516614
26.0105841184181 0.0709812996480153
26.0296113469101 0.0394569990762501
26.048638575402 0.00789336690971467
26.067665803894 -0.0236781335366239
26.0866930323859 -0.0552260311045093
26.1057202608779 -0.0867188781635487
26.1247474893698 -0.118125281958907
26.1437747178618 -0.149413935904261
26.1628019463538 -0.180553650788905
26.1818291748457 -0.211513385867818
26.2008564033377 -0.242262279803783
26.2198836318296 -0.272769681430605
26.2389108603216 -0.303005180306871
26.2579380888136 -0.33293863702976
26.2769653173055 -0.362540213278625
26.2959925457975 -0.391780401558495
26.3150197742894 -0.420630054613783
26.3340470027814 -0.44906041448292
26.3530742312734 -0.477043141164891
26.3721014597653 -0.504550340869175
26.3911286882573 -0.531554593820901
26.4101559167492 -0.558028981593441
26.4291831452412 -0.583947113941308
26.4482103737332 -0.609283155106515
26.4672376022251 -0.634011849572238
26.4862648307171 -0.658108547238039
26.505292059209 -0.681549227991632
26.524319287701 -0.704310525652671
26.543346516193 -0.72636975126464
26.5623737446849 -0.74770491571171
26.5814009731769 -0.768294751637969
26.6004282016688 -0.788118734647193
26.6194554301608 -0.807157103761986
26.6384826586528 -0.825390881121975
26.6575098871447 -0.84280189090135
26.6765371156367 -0.859372777426912
26.6955643441286 -0.875087022478595
26.7145915726206 -0.889928961755179
26.7336188011126 -0.903883800488824
26.7526460296045 -0.916937628192789
26.7716732580965 -0.929077432527732
26.7907004865884 -0.940291112272675
26.8097277150804 -0.950567489387783
26.8287549435724 -0.959896320156858
26.8477821720643 -0.968268305398507
26.8668094005563 -0.975675099735774
26.8858366290482 -0.982109319914981
26.9048638575402 -0.987564552165523
26.9238910860322 -0.992035358593258
26.9429183145241 -0.995517282601106
26.9619455430161 -0.998006853331493
26.980972771508 -0.999501589126174
27 -1
