0 -1
0.00625392775427136 -0.999501589126174
0.0125078555085427 -0.998006853331493
0.0187617832628141 -0.995517282601106
0.0250157110170854 -0.992035358593258
0.0312696387713568 -0.987564552165524
0.0375235665256281 -0.98210931991498
0.0437774942798995 -0.975675099735774
0.0500314220341709 -0.968268305398507
0.0562853497884422 -0.959896320156857
0.0625392775427136 -0.950567489387783
0.0687932052969849 -0.940291112272676
0.0750471330512563 -0.929077432527731
0.0813010608055277 -0.916937628192789
0.087554988559799 -0.903883800488824
0.0938089163140704 -0.88992896175518
0.100062844068342 -0.875087022478594
0.106316771822613 -0.859372777426912
0.112570699576884 -0.842801890901351
0.118824627331156 -0.825390881121976
0.125078555085427 -0.807157103761985
0.131332482839699 -0.788118734647192
0.13758641059397 -0.768294751637971
0.143840338348241 -0.747704915711709
0.150094266102513 -0.726369751264639
0.156348193856784 -0.704310525652672
0.162602121611055 -0.681549227991634
0.168856049365327 -0.658108547238038
0.175109977119598 -0.634011849572239
0.181363904873869 -0.609283155106517
0.187617832628141 -0.583947113941306
0.193871760382412 -0.55802898159344
0.200125688136683 -0.531554593820901
0.206379615890955 -0.504550340869177
0.212633543645226 -0.47704314116489
0.218887471399497 -0.44906041448292
0.225141399153769 -0.420630054613784
0.23139532690804 -0.391780401558493
0.237649254662312 -0.362540213278625
0.243903182416583 -0.332938637029761
0.250157110170854 -0.303005180306873
0.256411037925126 -0.272769681430603
0.262664965679397 -0.242262279803783
0.268918893433668 -0.211513385867819
0.27517282118794 -0.180553650788902
0.281426748942211 -0.149413935904261
0.287680676696482 -0.118125281958908
0.293934604450754 -0.0867188781635507
0.300188532205025 -0.0552260311045084
0.306442459959296 -0.0236781335366241
0.312696387713568 0.00789336690971331
0.318950315467839 0.0394569990762529
0.325204243222111 0.0709812996480162
0.331458170976382 0.102434844516613
0.337712098730653 0.133786280104479
0.343966026484925 0.165004354618799
0.350219954239196 0.196057949203978
0.356473881993467 0.22691610896159
0.362727809747739 0.257548073806897
0.36898173750201 0.287923309131166
0.375235665256281 0.318011536239239
0.381489593010553 0.347782762531982
0.387743520764824 0.377207311403576
0.393997448519096 0.406255851823789
0.400251376273367 0.434899427575793
0.406505304027638 0.463109486120348
0.41275923178191 0.490857907057594
0.419013159536181 0.518117030158078
0.425267087290452 0.54485968293507
0.431521015044724 0.571059207730695
0.437774942798995 0.596689488288855
0.444028870553266 0.621724975788495
0.450282798307538 0.64614071431121
0.456536726061809 0.669912365717855
0.46279065381608 0.693016233909332
0.469044581570352 0.715429288447371
0.475298509324623 0.737129187511779
0.481552437078895 0.758094300171245
0.487806364833166 0.77830372794553
0.494060292587437 0.797737325637519
0.500314220341709 0.816375721414399
0.50656814809598 0.834200336117917
0.512822075850251 0.851193401784495
0.519076003604523 0.867337979356715
0.525329931358794 0.882617975568547
0.531583859113065 0.897018158987464
0.537837786867337 0.910524175197462
0.544091714621608 0.923122561107861
0.550345642375879 0.934800758373598
0.556599570130151 0.945547125913667
0.562853497884422 0.955350951515195
0.569107425638694 0.964202462511612
0.575361353392965 0.972092835524257
0.581615281147236 0.979014205257715
0.587869208901508 0.984959672340111
0.594123136655779 0.989923310200557
0.60037706441005 0.993900170976888
0.606630992164322 0.996886290447793
0.612884919918593 0.998878691984444
0.619138847672864 0.999875389517657
0.625392775427136 0.999875389517657
0.631646703181407 0.998878691984444
0.637900630935679 0.996886290447793
0.64415455868995 0.993900170976888
0.650408486444221 0.989923310200557
0.656662414198492 0.984959672340111
0.662916341952764 0.979014205257715
0.669170269707035 0.972092835524257
0.675424197461307 0.964202462511612
0.681678125215578 0.955350951515195
0.687932052969849 0.945547125913667
0.694185980724121 0.934800758373598
0.700439908478392 0.923122561107861
0.706693836232663 0.910524175197462
0.712947763986935 0.897018158987464
0.719201691741206 0.882617975568547
0.725455619495477 0.867337979356715
0.731709547249749 0.851193401784495
0.73796347500402 0.834200336117918
0.744217402758292 0.816375721414399
0.750471330512563 0.797737325637519
0.756725258266834 0.77830372794553
0.762979186021105 0.758094300171246
0.769233113775377 0.737129187511779
0.775487041529648 0.715429288447371
0.78174096928392 0.693016233909332
0.787994897038191 0.669912365717855
0.794248824792462 0.64614071431121
0.800502752546734 0.621724975788495
0.806756680301005 0.596689488288856
0.813010608055276 0.571059207730695
0.819264535809548 0.544859682935071
0.825518463563819 0.518117030158077
0.83177239131809 0.490857907057595
0.838026319072362 0.463109486120348
0.844280246826633 0.434899427575792
0.850534174580905 0.40625585182379
0.856788102335176 0.377207311403576
0.863042030089447 0.347782762531982
0.869295957843719 0.318011536239238
0.87554988559799 0.287923309131167
0.881803813352261 0.257548073806896
0.888057741106533 0.22691610896159
0.894311668860804 0.196057949203978
0.900565596615076 0.165004354618799
0.906819524369347 0.133786280104479
0.913073452123618 0.102434844516613
0.919327379877889 0.0709812996480162
0.925581307632161 0.0394569990762527
0.931835235386432 0.00789336690971378
0.938089163140704 -0.0236781335366239
0.944343090894975 -0.0552260311045075
0.950597018649246 -0.0867188781635505
0.956850946403518 -0.118125281958908
0.963104874157789 -0.14941393590426
0.96935880191206 -0.180553650788903
0.975612729666332 -0.211513385867819
0.981866657420603 -0.242262279803783
0.988120585174874 -0.272769681430602
0.994374512929146 -0.303005180306872
1.00062844068342 -0.332938637029761
1.00688236843769 -0.362540213278624
1.01313629619196 -0.391780401558493
1.01939022394623 -0.420630054613784
1.0256441517005 -0.44906041448292
1.03189807945477 -0.477043141164889
1.03815200720905 -0.504550340869178
1.04440593496332 -0.531554593820902
1.05065986271759 -0.558028981593439
1.05691379047186 -0.583947113941307
1.06316771822613 -0.609283155106517
1.0694216459804 -0.634011849572238
1.07567557373467 -0.658108547238037
1.08192950148894 -0.681549227991633
1.08818342924322 -0.704310525652672
1.09443735699749 -0.726369751264639
1.10069128475176 -0.747704915711709
1.10694521250603 -0.768294751637971
1.1131991402603 -0.788118734647192
1.11945306801457 -0.807157103761985
1.12570699576884 -0.825390881121976
1.13196092352312 -0.84280189090135
1.13821485127739 -0.859372777426912
1.14446877903166 -0.875087022478593
1.15072270678593 -0.889928961755181
1.1569766345402 -0.903883800488824
1.16323056229447 -0.916937628192789
1.16948449004874 -0.92907743252773
1.17573841780302 -0.940291112272676
1.18199234555729 -0.950567489387783
1.18824627331156 -0.959896320156857
1.19450020106583 -0.968268305398507
1.2007541288201 -0.975675099735773
1.20700805657437 -0.98210931991498
1.21326198432864 -0.987564552165524
1.21951591208291 -0.992035358593258
1.22576983983719 -0.995517282601106
1.23202376759146 -0.998006853331493
1.23827769534573 -0.999501589126174
1.2445316231 -1
1.26427667588643 -0.999501589126174
1.28402172867286 -0.998006853331493
1.3037667814593 -0.995517282601106
1.32351183424573 -0.992035358593258
1.34325688703216 -0.987564552165524
1.36300193981859 -0.98210931991498
1.38274699260503 -0.975675099735774
1.40249204539146 -0.968268305398507
1.42223709817789 -0.959896320156857
1.44198215096432 -0.950567489387783
1.46172720375075 -0.940291112272676
1.48147225653719 -0.929077432527731
1.50121730932362 -0.916937628192789
1.52096236211005 -0.903883800488824
1.54070741489648 -0.88992896175518
1.56045246768291 -0.875087022478594
1.58019752046935 -0.859372777426912
1.59994257325578 -0.842801890901351
1.61968762604221 -0.825390881121976
1.63943267882864 -0.807157103761985
1.65917773161508 -0.788118734647192
1.67892278440151 -0.768294751637971
1.69866783718794 -0.747704915711709
1.71841288997437 -0.726369751264639
1.7381579427608 -0.704310525652672
1.75790299554724 -0.681549227991634
1.77764804833367 -0.658108547238038
1.7973931011201 -0.634011849572239
1.81713815390653 -0.609283155106517
1.83688320669296 -0.583947113941306
1.8566282594794 -0.55802898159344
1.87637331226583 -0.531554593820901
1.89611836505226 -0.504550340869178
1.91586341783869 -0.47704314116489
1.93560847062513 -0.44906041448292
1.95535352341156 -0.420630054613784
1.97509857619799 -0.391780401558493
1.99484362898442 -0.362540213278625
2.01458868177085 -0.332938637029761
2.03433373455729 -0.303005180306872
2.05407878734372 -0.272769681430603
2.07382384013015 -0.242262279803783
2.09356889291658 -0.21151338586782
2.11331394570302 -0.180553650788902
2.13305899848945 -0.149413935904261
2.15280405127588 -0.118125281958908
2.17254910406231 -0.0867188781635507
2.19229415684874 -0.0552260311045082
2.21203920963518 -0.0236781335366245
2.23178426242161 0.00789336690971331
2.25152931520804 0.0394569990762534
2.27127436799447 0.0709812996480156
2.2910194207809 0.102434844516614
2.31076447356734 0.133786280104479
2.33050952635377 0.165004354618799
2.3502545791402 0.196057949203978
2.36999963192663 0.22691610896159
2.38974468471307 0.257548073806896
2.4094897374995 0.287923309131167
2.42923479028593 0.318011536239238
2.44897984307236 0.347782762531982
2.46872489585879 0.377207311403576
2.48846994864523 0.406255851823789
2.50821500143166 0.434899427575793
2.52796005421809 0.463109486120348
2.54770510700452 0.490857907057594
2.56745015979095 0.518117030158077
2.58719521257739 0.54485968293507
2.60694026536382 0.571059207730694
2.62668531815025 0.596689488288855
2.64643037093668 0.621724975788495
2.66617542372312 0.64614071431121
2.68592047650955 0.669912365717855
2.70566552929598 0.693016233909332
2.72541058208241 0.715429288447371
2.74515563486884 0.737129187511779
2.76490068765528 0.758094300171246
2.78464574044171 0.77830372794553
2.80439079322814 0.797737325637519
2.82413584601457 0.816375721414399
2.84388089880101 0.834200336117917
2.86362595158744 0.851193401784495
2.88337100437387 0.867337979356715
2.9031160571603 0.882617975568547
2.92286110994673 0.897018158987464
2.94260616273317 0.910524175197462
2.9623512155196 0.923122561107861
2.98209626830603 0.934800758373598
3.00184132109246 0.945547125913667
3.02158637387889 0.955350951515195
3.04133142666533 0.964202462511612
3.06107647945176 0.972092835524257
3.08082153223819 0.979014205257714
3.10056658502462 0.98495967234011
3.12031163781106 0.989923310200557
3.14005669059749 0.993900170976888
3.15980174338392 0.996886290447793
3.17954679617035 0.998878691984444
3.19929184895678 0.999875389517657
3.21903690174322 0.999875389517657
3.23878195452965 0.998878691984444
3.25852700731608 0.996886290447793
3.27827206010251 0.993900170976888
3.29801711288895 0.989923310200557
3.31776216567538 0.984959672340111
3.33750721846181 0.979014205257715
3.35725227124824 0.972092835524257
3.37699732403467 0.964202462511612
3.39674237682111 0.955350951515195
3.41648742960754 0.945547125913667
3.43623248239397 0.934800758373599
3.4559775351804 0.923122561107861
3.47572258796683 0.910524175197462
3.49546764075327 0.897018158987464
3.5152126935397 0.882617975568547
3.53495774632613 0.867337979356715
3.55470279911256 0.851193401784495
3.574447851899 0.834200336117918
3.59419290468543 0.816375721414399
3.61393795747186 0.79773732563752
3.63368301025829 0.77830372794553
3.65342806304472 0.758094300171246
3.67317311583116 0.73712918751178
3.69291816861759 0.715429288447372
3.71266322140402 0.693016233909332
3.73240827419045 0.669912365717856
3.75215332697688 0.64614071431121
3.77189837976332 0.621724975788495
3.79164343254975 0.596689488288856
3.81138848533618 0.571059207730695
3.83113353812261 0.54485968293507
3.85087859090905 0.518117030158079
3.87062364369548 0.490857907057595
3.89036869648191 0.463109486120349
3.91011374926834 0.434899427575794
3.92985880205477 0.406255851823789
3.94960385484121 0.377207311403577
3.96934890762764 0.347782762531983
3.98909396041407 0.318011536239239
4.0088390132005 0.287923309131167
4.02858406598694 0.257548073806896
4.04832911877337 0.22691610896159
4.0680741715598 0.196057949203978
4.08781922434623 0.1650043546188
4.10756427713266 0.13378628010448
4.1273093299191 0.102434844516613
4.14705438270553 0.0709812996480171
4.16679943549196 0.0394569990762527
4.18654448827839 0.00789336690971289
4.20628954106482 -0.023678133536623
4.22603459385126 -0.0552260311045075
4.24577964663769 -0.0867188781635496
4.26552469942412 -0.118125281958907
4.28526975221055 -0.14941393590426
4.30501480499698 -0.1805536507889
4.32475985778342 -0.211513385867818
4.34450491056985 -0.242262279803783
4.36424996335628 -0.272769681430602
4.38399501614271 -0.303005180306871
4.40374006892915 -0.33293863702976
4.42348512171558 -0.362540213278625
4.44323017450201 -0.391780401558492
4.46297522728844 -0.420630054613784
4.48272028007487 -0.44906041448292
4.50246533286131 -0.47704314116489
4.52221038564774 -0.504550340869177
4.54195543843417 -0.531554593820901
4.5617004912206 -0.558028981593439
4.58144554400704 -0.583947113941306
4.60119059679347 -0.609283155106517
4.6209356495799 -0.634011849572238
4.64068070236633 -0.658108547238037
4.66042575515276 -0.681549227991633
4.6801708079392 -0.704310525652671
4.69991586072563 -0.726369751264639
4.71966091351206 -0.747704915711708
4.73940596629849 -0.76829475163797
4.75915101908492 -0.788118734647193
4.77889607187136 -0.807157103761985
4.79864112465779 -0.825390881121976
4.81838617744422 -0.84280189090135
4.83813123023065 -0.859372777426912
4.85787628301709 -0.875087022478593
4.87762133580352 -0.88992896175518
4.89736638858995 -0.903883800488824
4.91711144137638 -0.916937628192789
4.93685649416281 -0.92907743252773
4.95660154694925 -0.940291112272676
4.97634659973568 -0.950567489387782
4.99609165252211 -0.959896320156857
5.01583670530854 -0.968268305398507
5.03558175809497 -0.975675099735774
5.05532681088141 -0.98210931991498
5.07507186366784 -0.987564552165524
5.09481691645427 -0.992035358593258
5.1145619692407 -0.995517282601106
5.13430702202714 -0.998006853331493
5.15405207481357 -0.999501589126174
5.1737971276 -1
5.18380312938392 -0.999501589126174
5.19380913116784 -0.998006853331493
5.20381513295176 -0.995517282601106
5.21382113473568 -0.992035358593258
5.2238271365196 -0.987564552165524
5.23383313830352 -0.982109319914981
5.24383914008744 -0.975675099735774
5.25384514187136 -0.968268305398507
5.26385114365528 -0.959896320156857
5.2738571454392 -0.950567489387783
5.28386314722312 -0.940291112272676
5.29386914900704 -0.929077432527731
5.30387515079096 -0.916937628192788
5.31388115257487 -0.903883800488823
5.32388715435879 -0.88992896175518
5.33389315614271 -0.875087022478594
5.34389915792663 -0.859372777426913
5.35390515971055 -0.84280189090135
5.36391116149447 -0.825390881121976
5.37391716327839 -0.807157103761985
5.38392316506231 -0.788118734647193
5.39392916684623 -0.768294751637971
5.40393516863015 -0.747704915711708
5.41394117041407 -0.726369751264639
5.42394717219799 -0.704310525652672
5.43395317398191 -0.681549227991634
5.44395917576583 -0.658108547238039
5.45396517754975 -0.634011849572238
5.46397117933367 -0.609283155106516
5.47397718111759 -0.583947113941306
5.48398318290151 -0.558028981593441
5.49398918468543 -0.531554593820903
5.50399518646935 -0.504550340869177
5.51400118825327 -0.477043141164889
5.52400719003719 -0.44906041448292
5.53401319182111 -0.420630054613785
5.54401919360502 -0.391780401558494
5.55402519538895 -0.362540213278624
5.56403119717286 -0.332938637029761
5.57403719895678 -0.303005180306873
5.5840432007407 -0.272769681430604
5.59404920252462 -0.242262279803784
5.60405520430854 -0.211513385867818
5.61406120609246 -0.180553650788902
5.62406720787638 -0.149413935904261
5.6340732096603 -0.118125281958909
5.64407921144422 -0.086718878163552
5.65408521322814 -0.0552260311045073
5.66409121501206 -0.0236781335366237
5.67409721679598 0.00789336690971309
5.6841032185799 0.039456999076252
5.69410922036382 0.0709812996480144
5.70411522214774 0.102434844516614
5.71412122393166 0.133786280104479
5.72412722571558 0.165004354618799
5.7341332274995 0.196057949203977
5.74413922928342 0.226916108961592
5.75414523106734 0.257548073806898
5.76415123285126 0.287923309131167
5.77415723463518 0.318011536239238
5.7841632364191 0.347782762531982
5.79416923820301 0.377207311403575
5.80417523998694 0.40625585182379
5.81418124177085 0.434899427575793
5.82418724355477 0.463109486120348
5.83419324533869 0.490857907057593
5.84419924712261 0.518117030158076
5.85420524890653 0.544859682935071
5.86421125069045 0.571059207730695
5.87421725247437 0.596689488288855
5.88422325425829 0.621724975788494
5.89422925604221 0.646140714311209
5.90423525782613 0.669912365717856
5.91424125961005 0.693016233909332
5.92424726139397 0.715429288447371
5.93425326317789 0.737129187511779
5.94425926496181 0.758094300171246
5.95426526674573 0.77830372794553
5.96427126852965 0.79773732563752
5.97427727031357 0.816375721414399
5.98428327209749 0.834200336117917
5.99428927388141 0.851193401784494
6.00429527566533 0.867337979356715
6.01430127744925 0.882617975568547
6.02430727923317 0.897018158987463
6.03431328101709 0.910524175197462
6.04431928280101 0.923122561107861
6.05432528458492 0.934800758373599
6.06433128636884 0.945547125913667
6.07433728815276 0.955350951515195
6.08434328993668 0.964202462511611
6.0943492917206 0.972092835524257
6.10435529350452 0.979014205257715
6.11436129528844 0.984959672340111
6.12436729707236 0.989923310200557
6.13437329885628 0.993900170976888
6.1443793006402 0.996886290447793
6.15438530242412 0.998878691984444
6.16439130420804 0.999875389517657
6.17439730599196 0.999875389517657
6.18440330777588 0.998878691984444
6.1944093095598 0.996886290447793
6.20441531134372 0.993900170976888
6.21442131312764 0.989923310200557
6.22442731491156 0.984959672340111
6.23443331669548 0.979014205257715
6.2444393184794 0.972092835524257
6.25444532026332 0.964202462511612
6.26445132204724 0.955350951515195
6.27445732383116 0.945547125913667
6.28446332561508 0.934800758373599
6.29446932739899 0.923122561107861
6.30447532918291 0.910524175197462
6.31448133096683 0.897018158987463
6.32448733275075 0.882617975568547
6.33449333453467 0.867337979356715
6.34449933631859 0.851193401784494
6.35450533810251 0.834200336117917
6.36451133988643 0.816375721414399
6.37451734167035 0.79773732563752
6.38452334345427 0.778303727945531
6.39452934523819 0.758094300171247
6.40453534702211 0.737129187511778
6.41454134880603 0.715429288447371
6.42454735058995 0.693016233909332
6.43455335237387 0.669912365717856
6.44455935415779 0.646140714311209
6.45456535594171 0.621724975788495
6.46457135772563 0.596689488288856
6.47457735950955 0.571059207730695
6.48458336129347 0.544859682935072
6.49458936307739 0.518117030158076
6.50459536486131 0.490857907057593
6.51460136664523 0.463109486120348
6.52460736842915 0.434899427575793
6.53461337021306 0.40625585182379
6.54461937199699 0.377207311403576
6.5546253737809 0.347782762531982
6.56463137556482 0.318011536239239
6.57463737734874 0.287923309131167
6.58464337913266 0.257548073806897
6.59464938091658 0.22691610896159
6.6046553827005 0.196057949203977
6.61466138448442 0.165004354618799
6.62466738626834 0.13378628010448
6.63467338805226 0.102434844516614
6.64467938983618 0.0709812996480145
6.6546853916201 0.0394569990762527
6.66469139340402 0.00789336690971289
6.67469739518794 -0.023678133536623
6.68470339697186 -0.0552260311045066
6.69470939875578 -0.0867188781635523
6.7047154005397 -0.118125281958908
6.71472140232362 -0.14941393590426
6.72472740410754 -0.180553650788902
6.73473340589146 -0.211513385867818
6.74473940767538 -0.242262279803785
6.7547454094593 -0.272769681430604
6.76475141124322 -0.303005180306872
6.77475741302714 -0.332938637029761
6.78476341481105 -0.362540213278623
6.79476941659497 -0.391780401558491
6.80477541837889 -0.420630054613785
6.81478142016281 -0.44906041448292
6.82478742194673 -0.477043141164889
6.83479342373065 -0.504550340869177
6.84479942551457 -0.531554593820902
6.85480542729849 -0.55802898159344
6.86481142908241 -0.583947113941307
6.87481743086633 -0.609283155106516
6.88482343265025 -0.634011849572238
6.89482943443417 -0.658108547238036
6.90483543621809 -0.681549227991634
6.91484143800201 -0.704310525652672
6.92484743978593 -0.726369751264639
6.93485344156985 -0.74770491571171
6.94485944335377 -0.768294751637972
6.95486544513769 -0.788118734647193
6.96487144692161 -0.807157103761985
6.97487744870553 -0.825390881121976
6.98488345048945 -0.84280189090135
6.99488945227337 -0.859372777426911
7.00489545405729 -0.875087022478594
7.01490145584121 -0.88992896175518
7.02490745762513 -0.903883800488823
7.03491345940905 -0.916937628192789
7.04491946119296 -0.929077432527731
7.05492546297688 -0.940291112272676
7.0649314647608 -0.950567489387783
7.07493746654472 -0.959896320156857
7.08494346832864 -0.968268305398507
7.09494947011256 -0.975675099735773
7.10495547189648 -0.98210931991498
7.1149614736804 -0.987564552165524
7.12496747546432 -0.992035358593258
7.13497347724824 -0.995517282601106
7.14497947903216 -0.998006853331493
7.15498548081608 -0.999501589126174
7.1649914826 -1
7.18134402326332 -0.999501589126174
7.19769656392663 -0.998006853331493
7.21404910458995 -0.995517282601106
7.23040164525327 -0.992035358593258
7.24675418591658 -0.987564552165524
7.2631067265799 -0.98210931991498
7.27945926724322 -0.975675099735773
7.29581180790653 -0.968268305398507
7.31216434856985 -0.959896320156857
7.32851688923317 -0.950567489387783
7.34486942989648 -0.940291112272676
7.3612219705598 -0.929077432527731
7.37757451122312 -0.916937628192789
7.39392705188643 -0.903883800488824
7.41027959254975 -0.889928961755181
7.42663213321307 -0.875087022478593
7.44298467387638 -0.859372777426912
7.4593372145397 -0.842801890901351
7.47568975520301 -0.825390881121976
7.49204229586633 -0.807157103761986
7.50839483652965 -0.788118734647192
7.52474737719296 -0.768294751637971
7.54109991785628 -0.747704915711709
7.5574524585196 -0.726369751264639
7.57380499918291 -0.704310525652672
7.59015753984623 -0.681549227991634
7.60651008050955 -0.658108547238037
7.62286262117286 -0.634011849572239
7.63921516183618 -0.609283155106517
7.6555677024995 -0.583947113941306
7.67192024316281 -0.55802898159344
7.68827278382613 -0.531554593820901
7.70462532448945 -0.504550340869177
7.72097786515276 -0.47704314116489
7.73733040581608 -0.44906041448292
7.7536829464794 -0.420630054613784
7.77003548714271 -0.391780401558494
7.78638802780603 -0.362540213278624
7.80274056846935 -0.332938637029761
7.81909310913266 -0.303005180306874
7.83544564979598 -0.272769681430603
7.8517981904593 -0.242262279803784
7.86815073112261 -0.211513385867818
7.88450327178593 -0.180553650788902
7.90085581244925 -0.149413935904262
7.91720835311256 -0.118125281958907
7.93356089377588 -0.0867188781635507
7.9499134344392 -0.0552260311045088
7.96626597510251 -0.0236781335366237
7.98261851576583 0.00789336690971287
7.99897105642914 0.039456999076252
8.01532359709246 0.0709812996480147
8.03167613775578 0.102434844516615
8.0480286784191 0.13378628010448
8.06438121908241 0.165004354618799
8.08073375974573 0.196057949203978
8.09708630040904 0.226916108961589
8.11343884107236 0.257548073806898
8.12979138173568 0.287923309131167
8.14614392239899 0.318011536239239
8.16249646306231 0.347782762531982
8.17884900372563 0.377207311403575
8.19520154438894 0.406255851823788
8.21155408505226 0.434899427575794
8.22790662571558 0.463109486120348
8.24425916637889 0.490857907057594
8.26061170704221 0.518117030158077
8.27696424770553 0.54485968293507
8.29331678836884 0.571059207730696
8.30966932903216 0.596689488288857
8.32602186969548 0.621724975788496
8.34237441035879 0.64614071431121
8.35872695102211 0.669912365717855
8.37507949168543 0.693016233909331
8.39143203234874 0.71542928844737
8.40778457301206 0.737129187511779
8.42413711367538 0.758094300171246
8.44048965433869 0.778303727945529
8.45684219500201 0.797737325637519
8.47319473566533 0.8163757214144
8.48954727632864 0.834200336117918
8.50589981699196 0.851193401784495
8.52225235765528 0.867337979356715
8.53860489831859 0.882617975568546
8.55495743898191 0.897018158987463
8.57130997964522 0.910524175197461
8.58766252030854 0.923122561107861
8.60401506097186 0.934800758373598
8.62036760163518 0.945547125913667
8.63672014229849 0.955350951515194
8.65307268296181 0.964202462511612
8.66942522362513 0.972092835524257
8.68577776428844 0.979014205257715
8.70213030495176 0.984959672340111
8.71848284561507 0.989923310200557
8.73483538627839 0.993900170976888
8.75118792694171 0.996886290447793
8.76754046760503 0.998878691984444
8.78389300826834 0.999875389517657
8.80024554893166 0.999875389517657
8.81659808959497 0.998878691984444
8.83295063025829 0.996886290447793
8.84930317092161 0.993900170976888
8.86565571158492 0.989923310200557
8.88200825224824 0.984959672340111
8.89836079291156 0.979014205257715
8.91471333357487 0.972092835524257
8.93106587423819 0.964202462511612
8.94741841490151 0.955350951515195
8.96377095556482 0.945547125913667
8.98012349622814 0.934800758373599
8.99647603689146 0.923122561107861
9.01282857755477 0.910524175197461
9.02918111821809 0.897018158987463
9.04553365888141 0.882617975568547
9.06188619954472 0.867337979356715
9.07823874020804 0.851193401784495
9.09459128087136 0.834200336117918
9.11094382153467 0.8163757214144
9.12729636219799 0.797737325637519
9.14364890286131 0.77830372794553
9.16000144352462 0.758094300171246
9.17635398418794 0.73712918751178
9.19270652485126 0.71542928844737
9.20905906551457 0.693016233909331
9.22541160617789 0.669912365717855
9.24176414684121 0.64614071431121
9.25811668750452 0.621724975788496
9.27446922816784 0.596689488288857
9.29082176883115 0.571059207730696
9.30717430949447 0.54485968293507
9.32352685015779 0.518117030158077
9.33987939082111 0.490857907057594
9.35623193148442 0.463109486120348
9.37258447214774 0.434899427575792
9.38893701281106 0.406255851823788
9.40528955347437 0.377207311403576
9.42164209413769 0.347782762531982
9.437994634801 0.318011536239239
9.45434717546432 0.287923309131167
9.47069971612764 0.257548073806898
9.48705225679095 0.226916108961589
9.50340479745427 0.196057949203977
9.51975733811759 0.1650043546188
9.5361098787809 0.13378628010448
9.55246241944422 0.102434844516615
9.56881496010754 0.0709812996480145
9.58516750077085 0.0394569990762518
9.60152004143417 0.00789336690971378
9.61787258209749 -0.023678133536623
9.6342251227608 -0.0552260311045066
9.65057766342412 -0.0867188781635487
9.66693020408744 -0.118125281958909
9.68328274475075 -0.149413935904261
9.69963528541407 -0.180553650788902
9.71598782607739 -0.211513385867818
9.7323403667407 -0.242262279803786
9.74869290740402 -0.272769681430605
9.76504544806734 -0.303005180306874
9.78139798873065 -0.332938637029762
9.79775052939397 -0.362540213278624
9.81410307005729 -0.391780401558492
9.8304556107206 -0.420630054613783
9.84680815138392 -0.449060414482918
9.86316069204724 -0.47704314116489
9.87951323271055 -0.504550340869178
9.89586577337387 -0.531554593820901
9.91221831403719 -0.558028981593442
9.9285708547005 -0.583947113941307
9.94492339536382 -0.609283155106517
9.96127593602714 -0.634011849572239
9.97762847669045 -0.658108547238037
9.99398101735377 -0.681549227991633
10.0103335580171 -0.704310525652671
10.0266860986804 -0.726369751264638
10.0430386393437 -0.747704915711709
10.059391180007 -0.76829475163797
10.0757437206704 -0.788118734647191
10.0920962613337 -0.807157103761987
10.108448801997 -0.825390881121977
10.1248013426603 -0.842801890901351
10.1411538833236 -0.859372777426912
10.1575064239869 -0.875087022478594
10.1738589646503 -0.88992896175518
10.1902115053136 -0.903883800488823
10.2065640459769 -0.916937628192789
10.2229165866402 -0.929077432527731
10.2392691273035 -0.940291112272676
10.2556216679668 -0.950567489387782
10.2719742086301 -0.959896320156857
10.2883267492935 -0.968268305398508
10.3046792899568 -0.975675099735774
10.3210318306201 -0.98210931991498
10.3373843712834 -0.987564552165524
10.3537369119467 -0.992035358593258
10.37008945261 -0.995517282601106
10.3864419932734 -0.998006853331493
10.4027945339367 -0.999501589126174
10.4191470746 -1
10.4289657693714 -0.999501589126174
10.4387844641427 -0.998006853331493
10.4486031589141 -0.995517282601106
10.4584218536854 -0.992035358593257
10.4682405484568 -0.987564552165524
10.4780592432281 -0.982109319914981
10.4878779379995 -0.975675099735773
10.4976966327709 -0.968268305398507
10.5075153275422 -0.959896320156858
10.5173340223136 -0.950567489387783
10.5271527170849 -0.940291112272676
10.5369714118563 -0.92907743252773
10.5467901066276 -0.916937628192789
10.556608801399 -0.903883800488824
10.5664274961704 -0.88992896175518
10.5762461909417 -0.875087022478594
10.5860648857131 -0.859372777426913
10.5958835804844 -0.84280189090135
10.6057022752558 -0.825390881121977
10.6155209700271 -0.807157103761984
10.6253396647985 -0.788118734647193
10.6351583595698 -0.768294751637972
10.6449770543412 -0.747704915711708
10.6547957491126 -0.72636975126464
10.6646144438839 -0.70431052565267
10.6744331386553 -0.681549227991634
10.6842518334266 -0.658108547238039
10.694070528198 -0.634011849572237
10.7038892229693 -0.609283155106517
10.7137079177407 -0.583947113941308
10.7235266125121 -0.558028981593439
10.7333453072834 -0.531554593820903
10.7431640020548 -0.504550340869175
10.7529826968261 -0.47704314116489
10.7628013915975 -0.449060414482922
10.7726200863688 -0.420630054613783
10.7824387811402 -0.391780401558494
10.7922574759116 -0.362540213278622
10.8020761706829 -0.33293863702976
10.8118948654543 -0.303005180306874
10.8217135602256 -0.272769681430601
10.831532254997 -0.242262279803784
10.8413509497683 -0.211513385867821
10.8511696445397 -0.180553650788901
10.8609883393111 -0.149413935904262
10.8708070340824 -0.118125281958905
10.8806257288538 -0.0867188781635505
10.8904444236251 -0.0552260311045102
10.9002631183965 -0.0236781335366223
10.9100818131678 0.00789336690971264
10.9199005079392 0.0394569990762556
10.9297192027106 0.0709812996480167
10.9395378974819 0.102434844516612
10.9493565922533 0.133786280104481
10.9591752870246 0.165004354618799
10.968993981796 0.196057949203976
10.9788126765673 0.226916108961591
10.9886313713387 0.257548073806896
10.99845006611 0.287923309131163
11.0082687608814 0.318011536239239
11.0180874556528 0.347782762531981
11.0279061504241 0.377207311403578
11.0377248451955 0.406255851823789
11.0475435399668 0.434899427575791
11.0573622347382 0.463109486120349
11.0671809295095 0.490857907057592
11.0769996242809 0.518117030158079
11.0868183190523 0.54485968293507
11.0966370138236 0.571059207730693
11.106455708595 0.596689488288857
11.1162744033663 0.621724975788494
11.1260930981377 0.646140714311212
11.135911792909 0.669912365717856
11.1457304876804 0.69301623390933
11.1555491824518 0.715429288447373
11.1653678772231 0.737129187511779
11.1751865719945 0.758094300171244
11.1850052667658 0.778303727945531
11.1948239615372 0.797737325637519
11.2046426563085 0.8163757214144
11.2144613510799 0.834200336117918
11.2242800458513 0.851193401784494
11.2340987406226 0.867337979356716
11.243917435394 0.882617975568546
11.2537361301653 0.897018158987462
11.2635548249367 0.910524175197463
11.273373519708 0.92312256110786
11.2831922144794 0.934800758373599
11.2930109092508 0.945547125913667
11.3028296040221 0.955350951515194
11.3126482987935 0.964202462511612
11.3224669935648 0.972092835524257
11.3322856883362 0.979014205257715
11.3421043831075 0.984959672340111
11.3519230778789 0.989923310200557
11.3617417726503 0.993900170976888
11.3715604674216 0.996886290447793
11.381379162193 0.998878691984443
11.3911978569643 0.999875389517657
11.4010165517357 0.999875389517657
11.410835246507 0.998878691984443
11.4206539412784 0.996886290447793
11.4304726360497 0.993900170976888
11.4402913308211 0.989923310200557
11.4501100255925 0.984959672340111
11.4599287203638 0.979014205257714
11.4697474151352 0.972092835524257
11.4795661099065 0.964202462511612
11.4893848046779 0.955350951515194
11.4992034994492 0.945547125913667
11.5090221942206 0.934800758373599
11.518840888992 0.92312256110786
11.5286595837633 0.910524175197463
11.5384782785347 0.897018158987465
11.548296973306 0.882617975568547
11.5581156680774 0.867337979356716
11.5679343628487 0.851193401784494
11.5777530576201 0.834200336117918
11.5875717523915 0.816375721414401
11.5973904471628 0.797737325637519
11.6072091419342 0.778303727945531
11.6170278367055 0.758094300171244
11.6268465314769 0.737129187511779
11.6366652262482 0.715429288447373
11.6464839210196 0.693016233909331
11.656302615791 0.669912365717856
11.6661213105623 0.646140714311212
11.6759400053337 0.621724975788495
11.685758700105 0.596689488288857
11.6955773948764 0.571059207730693
11.7053960896477 0.544859682935071
11.7152147844191 0.51811703015808
11.7250334791905 0.490857907057593
11.7348521739618 0.463109486120349
11.7446708687332 0.434899427575791
11.7544895635045 0.406255851823789
11.7643082582759 0.377207311403578
11.7741269530472 0.347782762531981
11.7839456478186 0.318011536239239
11.7937643425899 0.287923309131169
11.8035830373613 0.257548073806896
11.8134017321327 0.226916108961592
11.823220426904 0.196057949203975
11.8330391216754 0.1650043546188
11.8428578164467 0.133786280104482
11.8526765112181 0.102434844516612
11.8624952059894 0.0709812996480171
11.8723139007608 0.0394569990762501
11.8821325955322 0.00789336690971289
11.8919512903035 -0.0236781335366221
11.9017699850749 -0.0552260311045101
11.9115886798462 -0.0867188781635505
11.9214073746176 -0.118125281958905
11.9312260693889 -0.149413935904262
11.9410447641603 -0.1805536507889
11.9508634589317 -0.211513385867822
11.960682153703 -0.242262279803783
11.9705008484744 -0.272769681430601
11.9803195432457 -0.303005180306874
11.9901382380171 -0.33293863702976
11.9999569327884 -0.362540213278627
12.0097756275598 -0.391780401558494
12.0195943223312 -0.420630054613783
12.0294130171025 -0.449060414482922
12.0392317118739 -0.47704314116489
12.0490504066452 -0.504550340869175
12.0588691014166 -0.531554593820903
12.0686877961879 -0.558028981593439
12.0785064909593 -0.583947113941303
12.0883251857307 -0.609283155106517
12.098143880502 -0.634011849572237
12.1079625752734 -0.658108547238039
12.1177812700447 -0.681549227991633
12.1275999648161 -0.70431052565267
12.1374186595874 -0.72636975126464
12.1472373543588 -0.747704915711708
12.1570560491302 -0.768294751637972
12.1668747439015 -0.788118734647193
12.1766934386729 -0.807157103761984
12.1865121334442 -0.825390881121977
12.1963308282156 -0.84280189090135
12.2061495229869 -0.85937277742691
12.2159682177583 -0.875087022478594
12.2257869125296 -0.889928961755179
12.235605607301 -0.903883800488824
12.2454243020724 -0.916937628192789
12.2552429968437 -0.929077432527729
12.2650616916151 -0.940291112272676
12.2748803863864 -0.950567489387782
12.2846990811578 -0.959896320156858
12.2945177759291 -0.968268305398507
12.3043364707005 -0.975675099735773
12.3141551654719 -0.982109319914981
12.3239738602432 -0.987564552165524
12.3337925550146 -0.992035358593257
12.3436112497859 -0.995517282601106
12.3534299445573 -0.998006853331493
12.3632486393286 -0.999501589126174
12.3730673341 -1
12.3881678823573 -0.999501589126174
12.4032684306146 -0.998006853331493
12.4183689788719 -0.995517282601106
12.4334695271291 -0.992035358593258
12.4485700753864 -0.987564552165524
12.4636706236437 -0.98210931991498
12.478771171901 -0.975675099735773
12.4938717201583 -0.968268305398508
12.5089722684156 -0.959896320156857
12.5240728166729 -0.950567489387783
12.5391733649302 -0.940291112272676
12.5542739131874 -0.929077432527731
12.5693744614447 -0.916937628192788
12.584475009702 -0.903883800488824
12.5995755579593 -0.88992896175518
12.6146761062166 -0.875087022478593
12.6297766544739 -0.859372777426913
12.6448772027312 -0.842801890901351
12.6599777509884 -0.825390881121976
12.6750782992457 -0.807157103761986
12.690178847503 -0.788118734647193
12.7052793957603 -0.76829475163797
12.7203799440176 -0.74770491571171
12.7354804922749 -0.72636975126464
12.7505810405322 -0.704310525652672
12.7656815887894 -0.681549227991632
12.7807821370467 -0.658108547238038
12.795882685304 -0.634011849572238
12.8109832335613 -0.609283155106515
12.8260837818186 -0.583947113941307
12.8411843300759 -0.55802898159344
12.8562848783332 -0.5315545938209
12.8713854265905 -0.504550340869178
12.8864859748477 -0.477043141164889
12.901586523105 -0.449060414482919
12.9166870713623 -0.420630054613785
12.9317876196196 -0.391780401558493
12.9468881678769 -0.362540213278623
12.9619887161342 -0.332938637029762
12.9770892643915 -0.303005180306873
12.9921898126487 -0.272769681430602
13.007290360906 -0.242262279803784
13.0223909091633 -0.211513385867819
13.0374914574206 -0.180553650788901
13.0525920056779 -0.149413935904262
13.0676925539352 -0.118125281958908
13.0827931021925 -0.0867188781635496
13.0978936504497 -0.0552260311045093
13.112994198707 -0.0236781335366241
13.1280947469643 0.00789336690971442
13.1431952952216 0.0394569990762514
13.1582958434789 0.070981299648016
13.1733963917362 0.102434844516614
13.1884969399935 0.133786280104478
13.2035974882508 0.165004354618799
13.218698036508 0.196057949203979
13.2337985847653 0.226916108961589
13.2488991330226 0.257548073806896
13.2639996812799 0.287923309131167
13.2791002295372 0.318011536239237
13.2942007777945 0.347782762531982
13.3093013260518 0.377207311403577
13.324401874309 0.406255851823787
13.3395024225663 0.434899427575793
13.3546029708236 0.463109486120348
13.3697035190809 0.490857907057592
13.3848040673382 0.518117030158077
13.3999046155955 0.544859682935071
13.4150051638528 0.571059207730696
13.4301057121101 0.596689488288855
13.4452062603673 0.621724975788496
13.4603068086246 0.646140714311208
13.4754073568819 0.669912365717855
13.4905079051392 0.693016233909332
13.5056084533965 0.715429288447373
13.5207090016538 0.737129187511779
13.5358095499111 0.758094300171246
13.5509100981683 0.778303727945529
13.5660106464256 0.797737325637519
13.5811111946829 0.816375721414399
13.5962117429402 0.834200336117918
13.6113122911975 0.851193401784494
13.6264128394548 0.867337979356715
13.6415133877121 0.882617975568548
13.6566139359693 0.897018158987463
13.6717144842266 0.910524175197462
13.6868150324839 0.923122561107861
13.7019155807412 0.934800758373598
13.7170161289985 0.945547125913667
13.7321166772558 0.955350951515194
13.7472172255131 0.964202462511611
13.7623177737704 0.972092835524257
13.7774183220276 0.979014205257715
13.7925188702849 0.98495967234011
13.8076194185422 0.989923310200557
13.8227199667995 0.993900170976888
13.8378205150568 0.996886290447793
13.8529210633141 0.998878691984444
13.8680216115714 0.999875389517657
13.8831221598286 0.999875389517657
13.8982227080859 0.998878691984444
13.9133232563432 0.996886290447793
13.9284238046005 0.993900170976888
13.9435243528578 0.989923310200557
13.9586249011151 0.98495967234011
13.9737254493724 0.979014205257715
13.9888259976296 0.972092835524257
14.0039265458869 0.964202462511612
14.0190270941442 0.955350951515195
14.0341276424015 0.945547125913667
14.0492281906588 0.934800758373598
14.0643287389161 0.923122561107861
14.0794292871734 0.910524175197462
14.0945298354307 0.897018158987463
14.1096303836879 0.882617975568548
14.1247309319452 0.867337979356715
14.1398314802025 0.851193401784494
14.1549320284598 0.834200336117916
14.1700325767171 0.816375721414399
14.1851331249744 0.797737325637519
14.2002336732317 0.778303727945531
14.2153342214889 0.758094300171246
14.2304347697462 0.737129187511779
14.2455353180035 0.71542928844737
14.2606358662608 0.693016233909332
14.2757364145181 0.669912365717855
14.2908369627754 0.646140714311211
14.3059375110327 0.621724975788496
14.32103805929 0.596689488288856
14.3361386075472 0.571059207730694
14.3512391558045 0.544859682935071
14.3663397040618 0.518117030158077
14.3814402523191 0.490857907057596
14.3965408005764 0.463109486120348
14.4116413488337 0.434899427575793
14.426741897091 0.406255851823788
14.4418424453482 0.377207311403577
14.4569429936055 0.347782762531982
14.4720435418628 0.31801153623924
14.4871440901201 0.287923309131167
14.5022446383774 0.257548073806896
14.5173451866347 0.226916108961589
14.532445734892 0.196057949203979
14.5475462831492 0.1650043546188
14.5626468314065 0.133786280104478
14.5777473796638 0.102434844516615
14.5928479279211 0.0709812996480162
14.6079484761784 0.0394569990762518
14.6230490244357 0.00789336690971467
14.638149572693 -0.0236781335366239
14.6532501209503 -0.0552260311045093
14.6683506692075 -0.0867188781635496
14.6834512174648 -0.118125281958907
14.6985517657221 -0.149413935904262
14.7136523139794 -0.180553650788905
14.7287528622367 -0.211513385867818
14.743853410494 -0.242262279803784
14.7589539587513 -0.272769681430601
14.7740545070085 -0.303005180306872
14.7891550552658 -0.332938637029762
14.8042556035231 -0.362540213278626
14.8193561517804 -0.391780401558493
14.8344567000377 -0.420630054613785
14.849557248295 -0.449060414482918
14.8646577965523 -0.47704314116489
14.8797583448095 -0.504550340869178
14.8948588930668 -0.531554593820903
14.9099594413241 -0.558028981593439
14.9250599895814 -0.583947113941307
14.9401605378387 -0.609283155106515
14.955261086096 -0.634011849572238
14.9703616343533 -0.658108547238038
14.9854621826106 -0.681549227991635
15.0005627308678 -0.704310525652672
15.0156632791251 -0.72636975126464
15.0307638273824 -0.747704915711707
15.0458643756397 -0.76829475163797
15.060964923897 -0.788118734647193
15.0760654721543 -0.807157103761987
15.0911660204116 -0.825390881121976
15.1062665686688 -0.842801890901351
15.1213671169261 -0.859372777426913
15.1364676651834 -0.875087022478593
15.1515682134407 -0.88992896175518
15.166668761698 -0.903883800488824
15.1817693099553 -0.916937628192789
15.1968698582126 -0.92907743252773
15.2119704064699 -0.940291112272676
15.2270709547271 -0.950567489387782
15.2421715029844 -0.959896320156857
15.2572720512417 -0.968268305398507
15.272372599499 -0.975675099735773
15.2874731477563 -0.98210931991498
15.3025736960136 -0.987564552165523
15.3176742442709 -0.992035358593258
15.3327747925281 -0.995517282601106
15.3478753407854 -0.998006853331493
15.3629758890427 -0.999501589126174
15.3780764373 -1
15.3946763912678 -0.999501589126174
15.4112763452357 -0.998006853331493
15.4278762992035 -0.995517282601106
15.4444762531714 -0.992035358593258
15.4610762071392 -0.987564552165524
15.477676161107 -0.98210931991498
15.4942761150749 -0.975675099735774
15.5108760690427 -0.968268305398507
15.5274760230106 -0.959896320156857
15.5440759769784 -0.950567489387783
15.5606759309462 -0.940291112272676
15.5772758849141 -0.929077432527731
15.5938758388819 -0.916937628192789
15.6104757928497 -0.903883800488824
15.6270757468176 -0.88992896175518
15.6436757007854 -0.875087022478594
15.6602756547533 -0.859372777426912
15.6768756087211 -0.842801890901351
15.6934755626889 -0.825390881121976
15.7100755166568 -0.807157103761985
15.7266754706246 -0.788118734647192
15.7432754245925 -0.768294751637971
15.7598753785603 -0.747704915711709
15.7764753325281 -0.726369751264639
15.793075286496 -0.704310525652672
15.8096752404638 -0.681549227991634
15.8262751944317 -0.658108547238038
15.8428751483995 -0.634011849572239
15.8594751023673 -0.609283155106517
15.8760750563352 -0.583947113941306
15.892675010303 -0.55802898159344
15.9092749642709 -0.531554593820901
15.9258749182387 -0.504550340869177
15.9424748722065 -0.47704314116489
15.9590748261744 -0.44906041448292
15.9756747801422 -0.420630054613784
15.9922747341101 -0.391780401558493
16.0088746880779 -0.362540213278628
16.0254746420457 -0.332938637029761
16.0420745960136 -0.303005180306876
16.0586745499814 -0.272769681430603
16.0752745039492 -0.242262279803787
16.0918744579171 -0.211513385867819
16.1084744118849 -0.180553650788899
16.1250743658528 -0.149413935904261
16.1416743198206 -0.118125281958911
16.1582742737884 -0.0867188781635507
16.1748742277563 -0.0552260311045046
16.1914741817241 -0.0236781335366241
16.208074135692 0.00789336690970976
16.2246740896598 0.0394569990762527
16.2412740436276 0.0709812996480193
16.2578739975955 0.102434844516613
16.2744739515633 0.133786280104476
16.2910739055312 0.165004354618799
16.307673859499 0.196057949203981
16.3242738134668 0.22691610896159
16.3408737674347 0.257548073806893
16.3574737214025 0.287923309131166
16.3740736753704 0.318011536239241
16.3906736293382 0.347782762531982
16.407273583306 0.377207311403573
16.4238735372739 0.406255851823789
16.4404734912417 0.434899427575796
16.4570734452095 0.463109486120348
16.4736733991774 0.490857907057591
16.4902733531452 0.518117030158078
16.5068733071131 0.544859682935073
16.5234732610809 0.571059207730695
16.5400732150487 0.596689488288853
16.5566731690166 0.621724975788495
16.5732731229844 0.646140714311212
16.5898730769523 0.669912365717855
16.6064730309201 0.693016233909329
16.6230729848879 0.715429288447371
16.6396729388558 0.737129187511781
16.6562728928236 0.758094300171246
16.6728728467915 0.778303727945527
16.6894728007593 0.797737325637519
16.7060727547271 0.816375721414397
16.722672708695 0.834200336117917
16.7392726626628 0.851193401784493
16.7558726166307 0.867337979356715
16.7724725705985 0.882617975568548
16.7890725245663 0.897018158987464
16.8056724785342 0.910524175197461
16.822272432502 0.923122561107861
16.8388723864699 0.934800758373599
16.8554723404377 0.945547125913667
16.8720722944055 0.955350951515194
16.8886722483734 0.964202462511612
16.9052722023412 0.972092835524258
16.921872156309 0.979014205257714
16.9384721102769 0.98495967234011
16.9550720642447 0.989923310200557
16.9716720182126 0.993900170976888
16.9882719721804 0.996886290447793
17.0048719261482 0.998878691984444
17.0214718801161 0.999875389517657
17.0380718340839 0.999875389517657
17.0546717880518 0.998878691984444
17.0712717420196 0.996886290447793
17.0878716959874 0.993900170976888
17.1044716499553 0.989923310200557
17.1210716039231 0.984959672340111
17.137671557891 0.979014205257715
17.1542715118588 0.972092835524257
17.1708714658266 0.964202462511611
17.1874714197945 0.955350951515195
17.2040713737623 0.945547125913668
17.2206713277302 0.934800758373598
17.237271281698 0.92312256110786
17.2538712356658 0.910524175197462
17.2704711896337 0.897018158987465
17.2870711436015 0.882617975568547
17.3036710975693 0.867337979356713
17.3202710515372 0.851193401784495
17.336871005505 0.834200336117919
17.3534709594729 0.816375721414399
17.3700709134407 0.797737325637518
17.3866708674085 0.77830372794553
17.4032708213764 0.758094300171248
17.4198707753442 0.737129187511779
17.4364707293121 0.715429288447369
17.4530706832799 0.693016233909332
17.4696706372477 0.669912365717858
17.4862705912156 0.64614071431121
17.5028705451834 0.621724975788493
17.5194704991513 0.596689488288856
17.5360704531191 0.571059207730698
17.5526704070869 0.54485968293507
17.5692703610548 0.518117030158075
17.5858703150226 0.490857907057594
17.6024702689905 0.463109486120351
17.6190702229583 0.434899427575793
17.6356701769261 0.406255851823786
17.652270130894 0.377207311403576
17.6688700848618 0.347782762531986
17.6854700388296 0.318011536239238
17.7020699927975 0.287923309131163
17.7186699467653 0.257548073806896
17.7352699007332 0.226916108961593
17.751869854701 0.196057949203978
17.7684698086688 0.165004354618796
17.7850697626367 0.133786280104479
17.8016697166045 0.102434844516618
17.8182696705724 0.0709812996480162
17.8348696245402 0.0394569990762501
17.851469578508 0.00789336690971378
17.8680695324759 -0.0236781335366203
17.8846694864437 -0.0552260311045084
17.9012694404116 -0.086718878163554
17.9178693943794 -0.118125281958908
17.9344693483472 -0.149413935904257
17.9510693023151 -0.180553650788902
17.9676692562829 -0.211513385867822
17.9842692102508 -0.242262279803783
18.0008691642186 -0.2727696814306
18.0174691181864 -0.303005180306873
18.0340690721543 -0.332938637029758
18.0506690261221 -0.362540213278625
18.0672689800899 -0.39178040155849
18.0838689340578 -0.420630054613784
18.1004688880256 -0.449060414482924
18.1170688419935 -0.47704314116489
18.1336687959613 -0.504550340869175
18.1502687499291 -0.531554593820901
18.166868703897 -0.558028981593442
18.1834686578648 -0.583947113941306
18.2000686118327 -0.609283155106514
18.2166685658005 -0.634011849572239
18.2332685197683 -0.658108547238039
18.2498684737362 -0.681549227991634
18.266468427704 -0.704310525652669
18.2830683816719 -0.726369751264639
18.2996683356397 -0.747704915711712
18.3162682896075 -0.768294751637971
18.3328682435754 -0.788118734647195
18.3494681975432 -0.807157103761985
18.3660681515111 -0.825390881121978
18.3826681054789 -0.84280189090135
18.3992680594467 -0.85937277742691
18.4158680134146 -0.875087022478594
18.4324679673824 -0.889928961755181
18.4490679213503 -0.903883800488824
18.4656678753181 -0.916937628192787
18.4822678292859 -0.92907743252773
18.4988677832538 -0.940291112272674
18.5154677372216 -0.950567489387783
18.5320676911894 -0.959896320156856
18.5486676451573 -0.968268305398507
18.5652675991251 -0.975675099735774
18.581867553093 -0.98210931991498
18.5984675070608 -0.987564552165523
18.6150674610286 -0.992035358593258
18.6316674149965 -0.995517282601106
18.6482673689643 -0.998006853331493
18.6648673229322 -0.999501589126174
18.6814672769 -1
18.6891151080598 -0.999501589126174
18.6967629392196 -0.998006853331493
18.7044107703794 -0.995517282601106
18.7120586015392 -0.992035358593257
18.719706432699 -0.987564552165524
18.7273542638588 -0.98210931991498
18.7350020950186 -0.975675099735774
18.7426499261784 -0.968268305398506
18.7502977573382 -0.959896320156857
18.757945588498 -0.950567489387785
18.7655934196578 -0.940291112272675
18.7732412508176 -0.929077432527733
18.7808890819774 -0.916937628192788
18.7885369131372 -0.903883800488825
18.796184744297 -0.889928961755178
18.8038325754568 -0.875087022478595
18.8114804066166 -0.859372777426909
18.8191282377764 -0.842801890901351
18.8267760689362 -0.825390881121972
18.834423900096 -0.807157103761985
18.8420717312558 -0.788118734647196
18.8497195624156 -0.768294751637969
18.8573673935754 -0.747704915711712
18.8650152247352 -0.726369751264637
18.872663055895 -0.704310525652674
18.8803108870548 -0.68154922799163
18.8879587182146 -0.658108547238039
18.8956065493744 -0.634011849572233
18.9032543805342 -0.609283155106516
18.910902211694 -0.583947113941311
18.9185500428538 -0.558028981593439
18.9261978740136 -0.531554593820905
18.9338457051734 -0.504550340869174
18.9414935363332 -0.477043141164892
18.949141367493 -0.449060414482916
18.9567891986528 -0.420630054613786
18.9644370298126 -0.391780401558487
18.9720848609724 -0.362540213278624
18.9797326921322 -0.332938637029767
18.987380523292 -0.303005180306871
18.9950283544518 -0.272769681430608
19.0026761856116 -0.24226227980378
19.0103240167714 -0.211513385867823
19.0179718479312 -0.180553650788898
19.025619679091 -0.149413935904263
19.0332675102508 -0.118125281958902
19.0409153414106 -0.0867188781635512
19.0485631725704 -0.0552260311045153
19.0562110037302 -0.0236781335366228
19.0638588348899 0.00789336690970776
19.0715066660497 0.0394569990762556
19.0791544972095 0.070981299648012
19.0868023283693 0.102434844516618
19.0944501595291 0.133786280104477
19.1020979906889 0.165004354618805
19.1097458218487 0.196057949203977
19.1173936530085 0.226916108961583
19.1250414841683 0.257548073806898
19.1326893153281 0.287923309131161
19.1403371464879 0.318011536239241
19.1479849776477 0.347782762531978
19.1556328088075 0.37720731140358
19.1632806399673 0.406255851823787
19.1709284711271 0.434899427575798
19.1785763022869 0.463109486120347
19.1862241334467 0.4908579070576
19.1938719646065 0.518117030158078
19.2015197957663 0.544859682935065
19.2091676269261 0.571059207730697
19.2168154580859 0.596689488288852
19.2244632892457 0.621724975788498
19.2321111204055 0.646140714311207
19.2397589515653 0.669912365717859
19.2474067827251 0.693016233909331
19.2550546138849 0.715429288447376
19.2627024450447 0.737129187511779
19.2703502762045 0.758094300171241
19.2779981073643 0.778303727945531
19.2856459385241 0.797737325637516
19.2932937696839 0.816375721414401
19.3009416008437 0.834200336117916
19.3085894320035 0.851193401784497
19.3162372631633 0.867337979356714
19.3238850943231 0.88261797556855
19.3315329254829 0.897018158987463
19.3391807566427 0.910524175197459
19.3468285878025 0.923122561107861
19.3544764189623 0.934800758373596
19.3621242501221 0.945547125913668
19.3697720812819 0.955350951515194
19.3774199124417 0.964202462511613
19.3850677436015 0.972092835524257
19.3927155747613 0.979014205257716
19.4003634059211 0.98495967234011
19.4080112370809 0.989923310200558
19.4156590682407 0.993900170976888
19.4233068994005 0.996886290447793
19.4309547305603 0.998878691984444
19.4386025617201 0.999875389517657
19.4462503928799 0.999875389517657
19.4538982240397 0.998878691984444
19.4615460551995 0.996886290447793
19.4691938863593 0.993900170976888
19.4768417175191 0.989923310200558
19.4844895486789 0.98495967234011
19.4921373798387 0.979014205257716
19.4997852109985 0.972092835524257
19.5074330421583 0.964202462511613
19.5150808733181 0.955350951515194
19.5227287044779 0.945547125913668
19.5303765356377 0.934800758373596
19.5380243667975 0.923122561107861
19.5456721979573 0.91052417519746
19.5533200291171 0.897018158987464
19.5609678602769 0.88261797556855
19.5686156914367 0.867337979356714
19.5762635225965 0.851193401784497
19.5839113537563 0.834200336117916
19.5915591849161 0.816375721414401
19.5992070160759 0.797737325637516
19.6068548472357 0.778303727945531
19.6145026783955 0.758094300171241
19.6221505095553 0.737129187511779
19.6297983407151 0.715429288447376
19.6374461718749 0.693016233909331
19.6450940030347 0.669912365717859
19.6527418341945 0.646140714311208
19.6603896653543 0.621724975788498
19.6680374965141 0.596689488288852
19.6756853276739 0.571059207730696
19.6833331588337 0.544859682935066
19.6909809899935 0.518117030158078
19.6986288211533 0.4908579070576
19.7062766523131 0.463109486120347
19.7139244834729 0.434899427575798
19.7215723146327 0.406255851823787
19.7292201457925 0.37720731140358
19.7368679769523 0.347782762531978
19.7445158081121 0.31801153623924
19.7521636392719 0.287923309131162
19.7598114704317 0.257548073806898
19.7674593015915 0.226916108961583
19.7751071327513 0.196057949203977
19.7827549639111 0.165004354618805
19.7904027950709 0.133786280104478
19.7980506262307 0.102434844516618
19.8056984573905 0.0709812996480118
19.8133462885502 0.0394569990762554
19.8209941197101 0.00789336690970845
19.8286419508698 -0.0236781335366221
19.8362897820296 -0.0552260311045146
19.8439376131894 -0.0867188781635514
19.8515854443492 -0.118125281958902
19.859233275509 -0.149413935904262
19.8668811066688 -0.180553650788897
19.8745289378286 -0.211513385867822
19.8821767689884 -0.24226227980378
19.8898246001482 -0.272769681430607
19.897472431308 -0.303005180306871
19.9051202624678 -0.332938637029767
19.9127680936276 -0.362540213278625
19.9204159247874 -0.391780401558487
19.9280637559472 -0.420630054613785
19.935711587107 -0.449060414482915
19.9433594182668 -0.477043141164892
19.9510072494266 -0.504550340869175
19.9586550805864 -0.531554593820905
19.9663029117462 -0.558028981593438
19.973950742906 -0.583947113941311
19.9815985740658 -0.609283155106516
19.9892464052256 -0.634011849572244
19.9968942363854 -0.658108547238038
20.0045420675452 -0.681549227991629
20.012189898705 -0.704310525652674
20.0198377298648 -0.726369751264637
20.0274855610246 -0.747704915711712
20.0351333921844 -0.768294751637969
20.0427812233442 -0.788118734647196
20.050429054504 -0.807157103761985
20.0580768856638 -0.825390881121972
20.0657247168236 -0.842801890901351
20.0733725479834 -0.859372777426909
20.0810203791432 -0.875087022478595
20.088668210303 -0.889928961755179
20.0963160414628 -0.903883800488825
20.1039638726226 -0.916937628192787
20.1116117037824 -0.929077432527732
20.1192595349422 -0.940291112272675
20.126907366102 -0.950567489387785
20.1345551972618 -0.959896320156857
20.1422030284216 -0.968268305398506
20.1498508595814 -0.975675099735774
20.1574986907412 -0.98210931991498
20.165146521901 -0.987564552165524
20.1727943530608 -0.992035358593257
20.1804421842206 -0.995517282601106
20.1880900153804 -0.998006853331493
20.1957378465402 -0.999501589126174
20.2033856777 -1
20.2214040720804 -0.999501589126174
20.2394224664608 -0.998006853331493
20.2574408608412 -0.995517282601106
20.2754592552216 -0.992035358593258
20.293477649602 -0.987564552165524
20.3114960439824 -0.982109319914981
20.3295144383628 -0.975675099735773
20.3475328327432 -0.968268305398507
20.3655512271236 -0.959896320156856
20.383569621504 -0.950567489387782
20.4015880158844 -0.940291112272675
20.4196064102648 -0.92907743252773
20.4376248046452 -0.916937628192789
20.4556431990256 -0.903883800488824
20.473661593406 -0.889928961755181
20.4916799877864 -0.875087022478594
20.5096983821668 -0.859372777426913
20.5277167765472 -0.842801890901352
20.5457351709276 -0.825390881121978
20.563753565308 -0.807157103761984
20.5817719596884 -0.788118734647191
20.5997903540688 -0.768294751637969
20.6178087484492 -0.747704915711708
20.6358271428296 -0.726369751264639
20.65384553721 -0.704310525652672
20.6718639315905 -0.681549227991634
20.6898823259709 -0.658108547238038
20.7079007203513 -0.634011849572239
20.7259191147317 -0.609283155106518
20.7439375091121 -0.583947113941308
20.7619559034925 -0.558028981593442
20.7799742978729 -0.531554593820904
20.7979926922533 -0.504550340869175
20.8160110866337 -0.477043141164887
20.8340294810141 -0.449060414482918
20.8520478753945 -0.420630054613783
20.8700662697749 -0.391780401558492
20.8880846641553 -0.362540213278624
20.9061030585357 -0.332938637029761
20.9241214529161 -0.303005180306873
20.9421398472965 -0.272769681430604
20.9601582416769 -0.242262279803784
20.9781766360573 -0.21151338586782
20.9961950304377 -0.180553650788904
21.0142134248181 -0.149413935904263
21.0322318191985 -0.118125281958911
21.0502502135789 -0.0867188781635478
21.0682686079593 -0.0552260311045057
21.0862870023397 -0.0236781335366221
21.1043053967201 0.00789336690971464
21.1223237911005 0.0394569990762536
21.1403421854809 0.0709812996480164
21.1583605798613 0.102434844516613
21.1763789742417 0.133786280104479
21.1943973686221 0.165004354618798
21.2124157630025 0.196057949203977
21.2304341573829 0.226916108961588
21.2484525517633 0.257548073806894
21.2664709461437 0.287923309131164
21.2844893405241 0.318011536239235
21.3025077349045 0.347782762531985
21.3205261292849 0.377207311403578
21.3385445236653 0.40625585182379
21.3565629180457 0.434899427575794
21.3745813124261 0.463109486120348
21.3925997068065 0.490857907057594
21.4106181011869 0.518117030158077
21.4286364955673 0.54485968293507
21.4466548899477 0.571059207730694
21.4646732843281 0.596689488288854
21.4826916787085 0.621724975788493
21.5007100730889 0.646140714311208
21.5187284674693 0.669912365717853
21.5367468618497 0.693016233909333
21.5547652562302 0.715429288447373
21.5727836506106 0.73712918751178
21.590802044991 0.758094300171246
21.6088204393714 0.77830372794553
21.6268388337518 0.797737325637519
21.6448572281322 0.816375721414399
21.6628756225126 0.834200336117917
21.680894016893 0.851193401784494
21.6989124112734 0.867337979356714
21.7169308056538 0.882617975568546
21.7349492000342 0.897018158987462
21.7529675944146 0.910524175197461
21.770985988795 0.923122561107862
21.7890043831754 0.934800758373599
21.8070227775558 0.945547125913668
21.8250411719362 0.955350951515195
21.8430595663166 0.964202462511612
21.861077960697 0.972092835524257
21.8790963550774 0.979014205257714
21.8971147494578 0.98495967234011
21.9151331438382 0.989923310200557
21.9331515382186 0.993900170976888
21.951169932599 0.996886290447793
21.9691883269794 0.998878691984443
21.9872067213598 0.999875389517657
22.0052251157402 0.999875389517657
22.0232435101206 0.998878691984443
22.041261904501 0.996886290447793
22.0592802988814 0.993900170976888
22.0772986932618 0.989923310200557
22.0953170876422 0.984959672340111
22.1133354820226 0.979014205257715
22.131353876403 0.972092835524257
22.1493722707834 0.964202462511612
22.1673906651638 0.955350951515195
22.1854090595442 0.945547125913668
22.2034274539246 0.934800758373599
22.221445848305 0.923122561107862
22.2394642426854 0.910524175197461
22.2574826370658 0.897018158987462
22.2755010314462 0.882617975568546
22.2935194258266 0.867337979356714
22.311537820207 0.851193401784494
22.3295562145874 0.834200336117917
22.3475746089678 0.816375721414399
22.3655930033482 0.79773732563752
22.3836113977286 0.77830372794553
22.401629792109 0.758094300171246
22.4196481864894 0.73712918751178
22.4376665808698 0.715429288447373
22.4556849752503 0.693016233909334
22.4737033696307 0.669912365717853
22.4917217640111 0.646140714311213
22.5097401583915 0.621724975788494
22.5277585527719 0.596689488288855
22.5457769471523 0.571059207730694
22.5637953415327 0.54485968293507
22.5818137359131 0.518117030158077
22.5998321302935 0.490857907057595
22.6178505246739 0.463109486120348
22.6358689190543 0.434899427575794
22.6538873134347 0.40625585182379
22.6719057078151 0.377207311403578
22.6899241021955 0.347782762531985
22.7079424965759 0.318011536239235
22.7259608909563 0.28792330913117
22.7439792853367 0.257548073806895
22.7619976797171 0.226916108961589
22.7800160740975 0.196057949203977
22.7980344684779 0.165004354618798
22.8160528628583 0.133786280104478
22.8340712572387 0.102434844516614
22.8520896516191 0.0709812996480171
22.8701080459995 0.0394569990762536
22.8881264403799 0.00789336690971467
22.9061448347603 -0.0236781335366221
22.9241632291407 -0.0552260311045048
22.9421816235211 -0.086718878163554
22.9602000179015 -0.118125281958904
22.9782184122819 -0.149413935904263
22.9962368066623 -0.180553650788904
23.0142552010427 -0.21151338586782
23.0322735954231 -0.242262279803785
23.0502919898035 -0.272769681430603
23.0683103841839 -0.303005180306872
23.0863287785643 -0.33293863702976
23.1043471729447 -0.362540213278624
23.1223655673251 -0.391780401558492
23.1403839617055 -0.420630054613782
23.1584023560859 -0.449060414482918
23.1764207504663 -0.477043141164892
23.1944391448467 -0.504550340869175
23.2124575392271 -0.531554593820904
23.2304759336075 -0.558028981593442
23.2484943279879 -0.583947113941307
23.2665127223683 -0.609283155106517
23.2845311167487 -0.634011849572239
23.3025495111291 -0.658108547238037
23.3205679055095 -0.681549227991634
23.33858629989 -0.704310525652671
23.3566046942704 -0.726369751264638
23.3746230886508 -0.747704915711707
23.3926414830312 -0.768294751637969
23.4106598774116 -0.788118734647195
23.428678271792 -0.807157103761984
23.4466966661724 -0.825390881121978
23.4647150605528 -0.842801890901351
23.4827334549332 -0.859372777426913
23.5007518493136 -0.875087022478594
23.518770243694 -0.889928961755181
23.5367886380744 -0.903883800488824
23.5548070324548 -0.916937628192789
23.5728254268352 -0.92907743252773
23.5908438212156 -0.940291112272675
23.608862215596 -0.950567489387782
23.6268806099764 -0.959896320156857
23.6448990043568 -0.968268305398508
23.6629173987372 -0.975675099735773
23.6809357931176 -0.982109319914981
23.698954187498 -0.987564552165524
23.7169725818784 -0.992035358593258
23.7349909762588 -0.995517282601106
23.7530093706392 -0.998006853331493
23.7710277650196 -0.999501589126174
23.7890461594 -1
23.8051816058352 -0.999501589126174
23.8213170522704 -0.998006853331494
23.8374524987055 -0.995517282601106
23.8535879451407 -0.992035358593258
23.8697233915759 -0.987564552165524
23.8858588380111 -0.98210931991498
23.9019942844462 -0.975675099735774
23.9181297308814 -0.968268305398508
23.9342651773166 -0.959896320156858
23.9504006237518 -0.950567489387782
23.9665360701869 -0.940291112272675
23.9826715166221 -0.929077432527731
23.9988069630573 -0.916937628192789
24.0149424094925 -0.903883800488824
24.0310778559276 -0.889928961755182
24.0472133023628 -0.875087022478592
24.063348748798 -0.859372777426911
24.0794841952332 -0.842801890901351
24.0956196416683 -0.825390881121977
24.1117550881035 -0.807157103761987
24.1278905345387 -0.788118734647195
24.1440259809739 -0.768294751637969
24.160161427409 -0.747704915711708
24.1762968738442 -0.726369751264639
24.1924323202794 -0.704310525652673
24.2085677667146 -0.681549227991635
24.2247032131497 -0.65810854723804
24.2408386595849 -0.634011849572237
24.2569741060201 -0.609283155106516
24.2731095524553 -0.583947113941306
24.2892449988905 -0.558028981593441
24.3053804453256 -0.531554593820903
24.3215158917608 -0.50455034086918
24.337651338196 -0.477043141164887
24.3537867846312 -0.449060414482919
24.3699222310663 -0.420630054613784
24.3860576775015 -0.391780401558494
24.4021931239367 -0.362540213278627
24.4183285703719 -0.332938637029764
24.434464016807 -0.30300518030687
24.4505994632422 -0.272769681430602
24.4667349096774 -0.242262279803783
24.4828703561126 -0.21151338586782
24.4990058025477 -0.180553650788904
24.5151412489829 -0.149413935904264
24.5312766954181 -0.118125281958905
24.5474121418533 -0.0867188781635494
24.5635475882884 -0.0552260311045079
24.5796830347236 -0.023678133536625
24.5958184811588 0.00789336690971131
24.611953927594 0.0394569990762496
24.6280893740291 0.0709812996480184
24.6442248204643 0.102434844516615
24.6603602668995 0.133786280104479
24.6764957133347 0.165004354618798
24.6926311597698 0.196057949203976
24.708766606205 0.226916108961587
24.7249020526402 0.257548073806899
24.7410374990754 0.287923309131168
24.7571729455106 0.318011536239239
24.7733083919457 0.347782762531982
24.7894438383809 0.377207311403574
24.8055792848161 0.406255851823786
24.8217147312513 0.434899427575795
24.8378501776864 0.463109486120349
24.8539856241216 0.490857907057594
24.8701210705568 0.518117030158077
24.886256516992 0.544859682935069
24.9023919634271 0.571059207730692
24.9185274098623 0.596689488288858
24.9346628562975 0.621724975788496
24.9507983027327 0.64614071431121
24.9669337491678 0.669912365717855
24.983069195603 0.69301623390933
24.9992046420382 0.715429288447369
25.0153400884734 0.737129187511781
25.0314755349085 0.758094300171246
25.0476109813437 0.77830372794553
25.0637464277789 0.797737325637519
25.0798818742141 0.816375721414398
25.0960173206492 0.834200336117916
25.1121527670844 0.851193401784496
25.1282882135196 0.867337979356715
25.1444236599548 0.882617975568547
25.16055910639 0.897018158987463
25.1766945528251 0.910524175197461
25.1928299992603 0.92312256110786
25.2089654456955 0.934800758373599
25.2251008921307 0.945547125913668
25.2412363385658 0.955350951515195
25.257371785001 0.964202462511612
25.2735072314362 0.972092835524257
25.2896426778714 0.979014205257714
25.3057781243065 0.984959672340111
25.3219135707417 0.989923310200557
25.3380490171769 0.993900170976888
25.3541844636121 0.996886290447793
25.3703199100472 0.998878691984443
25.3864553564824 0.999875389517657
25.4025908029176 0.999875389517657
25.4187262493528 0.998878691984444
25.4348616957879 0.996886290447793
25.4509971422231 0.993900170976888
25.4671325886583 0.989923310200557
25.4832680350935 0.984959672340111
25.4994034815286 0.979014205257714
25.5155389279638 0.972092835524257
25.531674374399 0.964202462511612
25.5478098208342 0.955350951515195
25.5639452672693 0.945547125913668
25.5800807137045 0.934800758373599
25.5962161601397 0.92312256110786
25.6123516065749 0.910524175197461
25.6284870530101 0.897018158987463
25.6446224994452 0.882617975568547
25.6607579458804 0.867337979356716
25.6768933923156 0.851193401784496
25.6930288387508 0.834200336117916
25.7091642851859 0.816375721414398
25.7252997316211 0.797737325637519
25.7414351780563 0.77830372794553
25.7575706244915 0.758094300171247
25.7737060709266 0.737129187511781
25.7898415173618 0.715429288447369
25.805976963797 0.69301623390933
25.8221124102322 0.669912365717855
25.8382478566673 0.64614071431121
25.8543833031025 0.621724975788497
25.8705187495377 0.596689488288859
25.8866541959729 0.571059207730692
25.902789642408 0.544859682935069
25.9189250888432 0.518117030158077
25.9350605352784 0.490857907057595
25.9511959817136 0.463109486120349
25.9673314281487 0.434899427575796
25.9834668745839 0.406255851823793
25.9996023210191 0.377207311403575
26.0157377674543 0.347782762531982
26.0318732138894 0.318011536239239
26.0480086603246 0.287923309131168
26.0641441067598 0.257548073806899
26.080279553195 0.226916108961587
26.0964149996302 0.196057949203976
26.1125504460653 0.165004354618798
26.1286858925005 0.133786280104479
26.1448213389357 0.102434844516615
26.1609567853709 0.0709812996480189
26.177092231806 0.0394569990762572
26.1932276782412 0.007893366909712
26.2093631246764 -0.0236781335366247
26.2254985711116 -0.0552260311045075
26.2416340175467 -0.0867188781635487
26.2577694639819 -0.118125281958905
26.2739049104171 -0.149413935904264
26.2900403568523 -0.180553650788904
26.3061758032874 -0.21151338586782
26.3223112497226 -0.242262279803783
26.3384466961578 -0.272769681430601
26.354582142593 -0.303005180306871
26.3707175890281 -0.332938637029757
26.3868530354633 -0.362540213278626
26.4029884818985 -0.391780401558494
26.4191239283337 -0.420630054613784
26.4352593747688 -0.449060414482918
26.451394821204 -0.477043141164888
26.4675302676392 -0.50455034086918
26.4836657140744 -0.531554593820904
26.4998011605095 -0.558028981593441
26.5159366069447 -0.583947113941307
26.5320720533799 -0.609283155106515
26.5482074998151 -0.634011849572236
26.5643429462503 -0.65810854723804
26.5804783926854 -0.681549227991636
26.5966138391206 -0.704310525652672
26.6127492855558 -0.726369751264639
26.628884731991 -0.747704915711708
26.6450201784261 -0.768294751637969
26.6611556248613 -0.788118734647194
26.6772910712965 -0.807157103761986
26.6934265177317 -0.825390881121977
26.7095619641668 -0.84280189090135
26.725697410602 -0.859372777426911
26.7418328570372 -0.875087022478592
26.7579683034724 -0.889928961755179
26.7741037499075 -0.903883800488824
26.7902391963427 -0.916937628192789
26.8063746427779 -0.92907743252773
26.8225100892131 -0.940291112272675
26.8386455356482 -0.950567489387782
26.8547809820834 -0.959896320156858
26.8709164285186 -0.968268305398508
26.8870518749538 -0.975675099735774
26.9031873213889 -0.98210931991498
26.9193227678241 -0.987564552165523
26.9354582142593 -0.992035358593258
26.9515936606945 -0.995517282601106
26.9677291071296 -0.998006853331494
26.9838645535648 -0.999501589126174
27 -1
