0 -1
0.00676894162462312 -0.999501589126174
0.0135378832492462 -0.998006853331493
0.0203068248738693 -0.995517282601106
0.0270757664984925 -0.992035358593258
0.0338447081231156 -0.987564552165524
0.0406136497477387 -0.98210931991498
0.0473825913723618 -0.975675099735774
0.0541515329969849 -0.968268305398507
0.060920474621608 -0.959896320156857
0.0676894162462311 -0.950567489387783
0.0744583578708543 -0.940291112272676
0.0812272994954774 -0.929077432527731
0.0879962411201005 -0.916937628192789
0.0947651827447236 -0.903883800488824
0.101534124369347 -0.88992896175518
0.10830306599397 -0.875087022478594
0.115072007618593 -0.859372777426912
0.121840949243216 -0.842801890901351
0.128609890867839 -0.825390881121976
0.135378832492462 -0.807157103761985
0.142147774117085 -0.788118734647192
0.148916715741709 -0.768294751637971
0.155685657366332 -0.747704915711709
0.162454598990955 -0.726369751264639
0.169223540615578 -0.704310525652672
0.175992482240201 -0.681549227991634
0.182761423864824 -0.658108547238038
0.189530365489447 -0.634011849572239
0.19629930711407 -0.609283155106517
0.203068248738693 -0.583947113941306
0.209837190363317 -0.55802898159344
0.21660613198794 -0.531554593820901
0.223375073612563 -0.504550340869177
0.230144015237186 -0.47704314116489
0.236912956861809 -0.44906041448292
0.243681898486432 -0.420630054613784
0.250450840111055 -0.391780401558493
0.257219781735678 -0.362540213278625
0.263988723360301 -0.332938637029761
0.270757664984925 -0.303005180306873
0.277526606609548 -0.272769681430603
0.284295548234171 -0.242262279803783
0.291064489858794 -0.211513385867819
0.297833431483417 -0.180553650788902
0.30460237310804 -0.149413935904261
0.311371314732663 -0.118125281958908
0.318140256357286 -0.0867188781635507
0.32490919798191 -0.0552260311045082
0.331678139606533 -0.0236781335366239
0.338447081231156 0.00789336690971309
0.345216022855779 0.0394569990762529
0.351984964480402 0.070981299648016
0.358753906105025 0.102434844516613
0.365522847729648 0.133786280104479
0.372291789354271 0.165004354618799
0.379060730978894 0.196057949203978
0.385829672603518 0.22691610896159
0.392598614228141 0.257548073806896
0.399367555852764 0.287923309131166
0.406136497477387 0.318011536239238
0.41290543910201 0.347782762531982
0.419674380726633 0.377207311403576
0.426443322351256 0.406255851823789
0.433212263975879 0.434899427575793
0.439981205600502 0.463109486120348
0.446750147225126 0.490857907057594
0.453519088849749 0.518117030158077
0.460288030474372 0.54485968293507
0.467056972098995 0.571059207730695
0.473825913723618 0.596689488288856
0.480594855348241 0.621724975788495
0.487363796972864 0.64614071431121
0.494132738597487 0.669912365717855
0.50090168022211 0.693016233909331
0.507670621846734 0.715429288447371
0.514439563471357 0.737129187511779
0.52120850509598 0.758094300171245
0.527977446720603 0.77830372794553
0.534746388345226 0.797737325637519
0.541515329969849 0.816375721414399
0.548284271594472 0.834200336117917
0.555053213219096 0.851193401784495
0.561822154843719 0.867337979356715
0.568591096468342 0.882617975568547
0.575360038092965 0.897018158987463
0.582128979717588 0.910524175197462
0.588897921342211 0.923122561107861
0.595666862966834 0.934800758373598
0.602435804591457 0.945547125913667
0.60920474621608 0.955350951515195
0.615973687840703 0.964202462511612
0.622742629465327 0.972092835524257
0.62951157108995 0.979014205257714
0.636280512714573 0.984959672340111
0.643049454339196 0.989923310200557
0.649818395963819 0.993900170976888
0.656587337588442 0.996886290447793
0.663356279213065 0.998878691984444
0.670125220837688 0.999875389517657
0.676894162462311 0.999875389517657
0.683663104086935 0.998878691984444
0.690432045711558 0.996886290447793
0.697200987336181 0.993900170976888
0.703969928960804 0.989923310200557
0.710738870585427 0.984959672340111
0.71750781221005 0.979014205257715
0.724276753834673 0.972092835524257
0.731045695459296 0.964202462511612
0.73781463708392 0.955350951515195
0.744583578708543 0.945547125913667
0.751352520333166 0.934800758373598
0.758121461957789 0.923122561107861
0.764890403582412 0.910524175197462
0.771659345207035 0.897018158987464
0.778428286831658 0.882617975568547
0.785197228456281 0.867337979356715
0.791966170080905 0.851193401784495
0.798735111705528 0.834200336117918
0.805504053330151 0.816375721414399
0.812272994954774 0.79773732563752
0.819041936579397 0.77830372794553
0.82581087820402 0.758094300171246
0.832579819828643 0.737129187511779
0.839348761453266 0.715429288447371
0.846117703077889 0.693016233909332
0.852886644702513 0.669912365717855
0.859655586327136 0.646140714311209
0.866424527951759 0.621724975788495
0.873193469576382 0.596689488288856
0.879962411201005 0.571059207730695
0.886731352825628 0.54485968293507
0.893500294450251 0.518117030158077
0.900269236074874 0.490857907057594
0.907038177699497 0.463109486120348
0.913807119324121 0.434899427575793
0.920576060948744 0.406255851823789
0.927345002573367 0.377207311403576
0.93411394419799 0.347782762531982
0.940882885822613 0.318011536239239
0.947651827447236 0.287923309131167
0.954420769071859 0.257548073806897
0.961189710696482 0.22691610896159
0.967958652321105 0.196057949203979
0.974727593945728 0.1650043546188
0.981496535570352 0.133786280104479
0.988265477194975 0.102434844516614
0.995034418819598 0.0709812996480162
1.00180336044422 0.0394569990762536
1.00857230206884 0.00789336690971378
1.01534124369347 -0.0236781335366239
1.02211018531809 -0.0552260311045084
1.02887912694271 -0.0867188781635505
1.03564806856734 -0.118125281958908
1.04241701019196 -0.14941393590426
1.04918595181658 -0.180553650788902
1.05595489344121 -0.211513385867819
1.06272383506583 -0.242262279803783
1.06949277669045 -0.272769681430602
1.07626171831508 -0.303005180306873
1.0830306599397 -0.332938637029761
1.08979960156432 -0.362540213278625
1.09656854318894 -0.391780401558493
1.10333748481357 -0.420630054613784
1.11010642643819 -0.449060414482921
1.11687536806281 -0.47704314116489
1.12364430968744 -0.504550340869177
1.13041325131206 -0.531554593820901
1.13718219293668 -0.558028981593439
1.14395113456131 -0.583947113941306
1.15072007618593 -0.609283155106516
1.15748901781055 -0.634011849572239
1.16425795943518 -0.658108547238037
1.1710269010598 -0.681549227991633
1.17779584268442 -0.704310525652672
1.18456478430905 -0.726369751264639
1.19133372593367 -0.747704915711709
1.19810266755829 -0.76829475163797
1.20487160918291 -0.788118734647193
1.21164055080754 -0.807157103761985
1.21840949243216 -0.825390881121976
1.22517843405678 -0.84280189090135
1.23194737568141 -0.859372777426912
1.23871631730603 -0.875087022478593
1.24548525893065 -0.88992896175518
1.25225420055528 -0.903883800488824
1.2590231421799 -0.916937628192789
1.26579208380452 -0.92907743252773
1.27256102542915 -0.940291112272676
1.27932996705377 -0.950567489387783
1.28609890867839 -0.959896320156857
1.29286785030301 -0.968268305398507
1.29963679192764 -0.975675099735774
1.30640573355226 -0.98210931991498
1.31317467517688 -0.987564552165524
1.31994361680151 -0.992035358593258
1.32671255842613 -0.995517282601106
1.33348150005075 -0.998006853331493
1.34025044167538 -0.999501589126174
1.3470193833 -1
1.36226988556985 -0.999501589126174
1.3775203878397 -0.998006853331493
1.39277089010955 -0.995517282601106
1.4080213923794 -0.992035358593258
1.42327189464925 -0.987564552165524
1.4385223969191 -0.98210931991498
1.45377289918894 -0.975675099735774
1.46902340145879 -0.968268305398507
1.48427390372864 -0.959896320156857
1.49952440599849 -0.950567489387783
1.51477490826834 -0.940291112272675
1.53002541053819 -0.92907743252773
1.54527591280804 -0.916937628192789
1.56052641507789 -0.903883800488823
1.57577691734774 -0.88992896175518
1.59102741961759 -0.875087022478594
1.60627792188744 -0.859372777426912
1.62152842415729 -0.842801890901351
1.63677892642714 -0.825390881121976
1.65202942869698 -0.807157103761985
1.66727993096683 -0.788118734647193
1.68253043323668 -0.768294751637971
1.69778093550653 -0.747704915711709
1.71303143777638 -0.726369751264639
1.72828194004623 -0.704310525652672
1.74353244231608 -0.681549227991634
1.75878294458593 -0.658108547238038
1.77403344685578 -0.634011849572239
1.78928394912563 -0.609283155106517
1.80453445139548 -0.583947113941306
1.81978495366533 -0.55802898159344
1.83503545593518 -0.531554593820901
1.85028595820503 -0.504550340869177
1.86553646047487 -0.47704314116489
1.88078696274472 -0.44906041448292
1.89603746501457 -0.420630054613784
1.91128796728442 -0.391780401558493
1.92653846955427 -0.362540213278625
1.94178897182412 -0.332938637029761
1.95703947409397 -0.303005180306873
1.97228997636382 -0.272769681430603
1.98754047863367 -0.242262279803783
2.00279098090352 -0.211513385867819
2.01804148317337 -0.180553650788902
2.03329198544322 -0.149413935904261
2.04854248771307 -0.118125281958908
2.06379298998291 -0.0867188781635505
2.07904349225276 -0.0552260311045079
2.09429399452261 -0.0236781335366237
2.10954449679246 0.00789336690971353
2.12479499906231 0.0394569990762531
2.14004550133216 0.0709812996480151
2.15529600360201 0.102434844516614
2.17054650587186 0.133786280104479
2.18579700814171 0.1650043546188
2.20104751041156 0.196057949203978
2.21629801268141 0.22691610896159
2.23154851495126 0.257548073806896
2.24679901722111 0.287923309131167
2.26204951949095 0.318011536239239
2.2773000217608 0.347782762531983
2.29255052403065 0.377207311403576
2.3078010263005 0.406255851823789
2.32305152857035 0.434899427575793
2.3383020308402 0.463109486120348
2.35355253311005 0.490857907057593
2.3688030353799 0.518117030158078
2.38405353764975 0.54485968293507
2.3993040399196 0.571059207730695
2.41455454218945 0.596689488288855
2.4298050444593 0.621724975788496
2.44505554672915 0.646140714311209
2.460306048999 0.669912365717856
2.47555655126884 0.693016233909331
2.49080705353869 0.715429288447372
2.50605755580854 0.737129187511779
2.52130805807839 0.758094300171246
2.53655856034824 0.77830372794553
2.55180906261809 0.797737325637519
2.56705956488794 0.816375721414399
2.58231006715779 0.834200336117918
2.59756056942764 0.851193401784494
2.61281107169749 0.867337979356715
2.62806157396734 0.882617975568547
2.64331207623719 0.897018158987464
2.65856257850704 0.910524175197462
2.67381308077688 0.923122561107861
2.68906358304673 0.934800758373598
2.70431408531658 0.945547125913667
2.71956458758643 0.955350951515195
2.73481508985628 0.964202462511612
2.75006559212613 0.972092835524257
2.76531609439598 0.979014205257714
2.78056659666583 0.984959672340111
2.79581709893568 0.989923310200557
2.81106760120553 0.993900170976888
2.82631810347538 0.996886290447793
2.84156860574523 0.998878691984444
2.85681910801508 0.999875389517657
2.87206961028492 0.999875389517657
2.88732011255477 0.998878691984444
2.90257061482462 0.996886290447793
2.91782111709447 0.993900170976888
2.93307161936432 0.989923310200557
2.94832212163417 0.984959672340111
2.96357262390402 0.979014205257715
2.97882312617387 0.972092835524257
2.99407362844372 0.964202462511612
3.00932413071357 0.955350951515195
3.02457463298342 0.945547125913667
3.03982513525327 0.934800758373598
3.05507563752312 0.923122561107861
3.07032613979296 0.910524175197462
3.08557664206281 0.897018158987463
3.10082714433266 0.882617975568547
3.11607764660251 0.867337979356715
3.13132814887236 0.851193401784495
3.14657865114221 0.834200336117917
3.16182915341206 0.816375721414399
3.17707965568191 0.797737325637519
3.19233015795176 0.77830372794553
3.20758066022161 0.758094300171245
3.22283116249146 0.737129187511779
3.23808166476131 0.715429288447371
3.25333216703116 0.693016233909332
3.26858266930101 0.669912365717855
3.28383317157085 0.646140714311209
3.2990836738407 0.621724975788495
3.31433417611055 0.596689488288856
3.3295846783804 0.571059207730694
3.34483518065025 0.544859682935071
3.3600856829201 0.518117030158078
3.37533618518995 0.490857907057595
3.3905866874598 0.463109486120348
3.40583718972965 0.434899427575794
3.4210876919995 0.406255851823789
3.43633819426935 0.377207311403577
3.4515886965392 0.347782762531982
3.46683919880905 0.318011536239239
3.48208970107889 0.287923309131167
3.49734020334874 0.257548073806897
3.51259070561859 0.22691610896159
3.52784120788844 0.196057949203979
3.54309171015829 0.165004354618799
3.55834221242814 0.13378628010448
3.57359271469799 0.102434844516613
3.58884321696784 0.0709812996480171
3.60409371923769 0.0394569990762527
3.61934422150754 0.00789336690971378
3.63459472377739 -0.0236781335366239
3.64984522604724 -0.0552260311045075
3.66509572831709 -0.0867188781635505
3.68034623058693 -0.118125281958907
3.69559673285678 -0.149413935904261
3.71084723512663 -0.180553650788901
3.72609773739648 -0.211513385867819
3.74134823966633 -0.242262279803782
3.75659874193618 -0.272769681430601
3.77184924420603 -0.303005180306872
3.78709974647588 -0.332938637029761
3.80235024874573 -0.362540213278624
3.81760075101558 -0.391780401558493
3.83285125328543 -0.420630054613784
3.84810175555528 -0.449060414482919
3.86335225782513 -0.477043141164889
3.87860276009498 -0.504550340869178
3.89385326236482 -0.531554593820901
3.90910376463467 -0.558028981593439
3.92435426690452 -0.583947113941305
3.93960476917437 -0.609283155106517
3.95485527144422 -0.634011849572238
3.97010577371407 -0.658108547238038
3.98535627598392 -0.681549227991633
4.00060677825377 -0.704310525652671
4.01585728052362 -0.726369751264639
4.03110778279347 -0.74770491571171
4.04635828506332 -0.76829475163797
4.06160878733317 -0.788118734647193
4.07685928960302 -0.807157103761985
4.09210979187286 -0.825390881121975
4.10736029414271 -0.842801890901351
4.12261079641256 -0.859372777426911
4.13786129868241 -0.875087022478593
4.15311180095226 -0.889928961755181
4.16836230322211 -0.903883800488824
4.18361280549196 -0.916937628192788
4.19886330776181 -0.92907743252773
4.21411381003166 -0.940291112272675
4.22936431230151 -0.950567489387783
4.24461481457136 -0.959896320156857
4.25986531684121 -0.968268305398507
4.27511581911105 -0.975675099735773
4.2903663213809 -0.98210931991498
4.30561682365075 -0.987564552165523
4.3208673259206 -0.992035358593258
4.33611782819045 -0.995517282601106
4.3513683304603 -0.998006853331493
4.36661883273015 -0.999501589126174
4.381869335 -1
4.40080798696985 -0.999501589126174
4.4197466389397 -0.998006853331493
4.43868529090955 -0.995517282601106
4.4576239428794 -0.992035358593258
4.47656259484925 -0.987564552165524
4.4955012468191 -0.98210931991498
4.51443989878894 -0.975675099735774
4.53337855075879 -0.968268305398507
4.55231720272864 -0.959896320156857
4.57125585469849 -0.950567489387783
4.59019450666834 -0.940291112272675
4.60913315863819 -0.92907743252773
4.62807181060804 -0.916937628192789
4.64701046257789 -0.903883800488824
4.66594911454774 -0.88992896175518
4.68488776651759 -0.875087022478594
4.70382641848744 -0.859372777426912
4.72276507045729 -0.84280189090135
4.74170372242714 -0.825390881121976
4.76064237439699 -0.807157103761985
4.77958102636683 -0.788118734647192
4.79851967833668 -0.768294751637971
4.81745833030653 -0.747704915711709
4.83639698227638 -0.72636975126464
4.85533563424623 -0.704310525652672
4.87427428621608 -0.681549227991634
4.89321293818593 -0.658108547238038
4.91215159015578 -0.634011849572239
4.93109024212563 -0.609283155106517
4.95002889409548 -0.583947113941307
4.96896754606533 -0.55802898159344
4.98790619803518 -0.531554593820901
5.00684485000503 -0.504550340869177
5.02578350197487 -0.47704314116489
5.04472215394472 -0.44906041448292
5.06366080591457 -0.420630054613785
5.08259945788442 -0.391780401558494
5.10153810985427 -0.362540213278625
5.12047676182412 -0.332938637029761
5.13941541379397 -0.303005180306873
5.15835406576382 -0.272769681430603
5.17729271773367 -0.242262279803783
5.19623136970352 -0.211513385867819
5.21517002167337 -0.180553650788903
5.23410867364322 -0.14941393590426
5.25304732561307 -0.118125281958908
5.27198597758291 -0.0867188781635507
5.29092462955276 -0.0552260311045082
5.30986328152261 -0.0236781335366243
5.32880193349246 0.00789336690971287
5.34774058546231 0.039456999076252
5.36667923743216 0.0709812996480164
5.38561788940201 0.102434844516614
5.40455654137186 0.133786280104479
5.42349519334171 0.165004354618799
5.44243384531156 0.196057949203978
5.46137249728141 0.22691610896159
5.48031114925126 0.257548073806898
5.49924980122111 0.287923309131167
5.51818845319096 0.318011536239239
5.5371271051608 0.347782762531983
5.55606575713065 0.377207311403576
5.5750044091005 0.406255851823789
5.59394306107035 0.434899427575793
5.6128817130402 0.463109486120347
5.63182036501005 0.490857907057594
5.6507590169799 0.518117030158078
5.66969766894975 0.54485968293507
5.6886363209196 0.571059207730695
5.70757497288945 0.596689488288855
5.7265136248593 0.621724975788496
5.74545227682915 0.646140714311209
5.764390928799 0.669912365717856
5.78332958076884 0.693016233909332
5.80226823273869 0.715429288447371
5.82120688470854 0.737129187511779
5.84014553667839 0.758094300171245
5.85908418864824 0.77830372794553
5.87802284061809 0.797737325637519
5.89696149258794 0.816375721414399
5.91590014455779 0.834200336117918
5.93483879652764 0.851193401784495
5.95377744849749 0.867337979356715
5.97271610046734 0.882617975568547
5.99165475243719 0.897018158987463
6.01059340440704 0.910524175197463
6.02953205637689 0.923122561107861
6.04847070834673 0.934800758373598
6.06740936031658 0.945547125913667
6.08634801228643 0.955350951515195
6.10528666425628 0.964202462511612
6.12422531622613 0.972092835524257
6.14316396819598 0.979014205257714
6.16210262016583 0.984959672340111
6.18104127213568 0.989923310200557
6.19997992410553 0.993900170976888
6.21891857607538 0.996886290447793
6.23785722804523 0.998878691984444
6.25679588001508 0.999875389517657
6.27573453198493 0.999875389517657
6.29467318395477 0.998878691984444
6.31361183592462 0.996886290447793
6.33255048789447 0.993900170976888
6.35148913986432 0.989923310200557
6.37042779183417 0.984959672340111
6.38936644380402 0.979014205257715
6.40830509577387 0.972092835524257
6.42724374774372 0.964202462511612
6.44618239971357 0.955350951515195
6.46512105168342 0.945547125913667
6.48405970365327 0.934800758373598
6.50299835562312 0.923122561107861
6.52193700759297 0.910524175197462
6.54087565956281 0.897018158987463
6.55981431153266 0.882617975568547
6.57875296350251 0.867337979356715
6.59769161547236 0.851193401784495
6.61663026744221 0.834200336117918
6.63556891941206 0.816375721414399
6.65450757138191 0.79773732563752
6.67344622335176 0.77830372794553
6.69238487532161 0.758094300171245
6.71132352729146 0.737129187511779
6.73026217926131 0.715429288447371
6.74920083123116 0.693016233909332
6.76813948320101 0.669912365717854
6.78707813517086 0.646140714311209
6.8060167871407 0.621724975788495
6.82495543911055 0.596689488288856
6.8438940910804 0.571059207730695
6.86283274305025 0.54485968293507
6.8817713950201 0.518117030158078
6.90071004698995 0.490857907057595
6.9196486989598 0.463109486120349
6.93858735092965 0.434899427575792
6.9575260028995 0.406255851823789
6.97646465486935 0.377207311403576
6.9954033068392 0.347782762531982
7.01434195880905 0.318011536239237
7.0332806107789 0.287923309131165
7.05221926274874 0.257548073806896
7.07115791471859 0.22691610896159
7.09009656668844 0.196057949203978
7.10903521865829 0.1650043546188
7.12797387062814 0.133786280104479
7.14691252259799 0.102434844516614
7.16585117456784 0.0709812996480162
7.18478982653769 0.0394569990762545
7.20372847850754 0.00789336690971467
7.22266713047739 -0.023678133536623
7.24160578244724 -0.0552260311045084
7.26054443441709 -0.0867188781635505
7.27948308638693 -0.118125281958907
7.29842173835678 -0.149413935904261
7.31736039032663 -0.180553650788903
7.33629904229648 -0.211513385867819
7.35523769426633 -0.242262279803783
7.37417634623618 -0.272769681430603
7.39311499820603 -0.303005180306872
7.41205365017588 -0.332938637029761
7.43099230214573 -0.362540213278623
7.44993095411558 -0.391780401558492
7.46886960608543 -0.420630054613784
7.48780825805528 -0.449060414482921
7.50674691002513 -0.477043141164889
7.52568556199498 -0.504550340869178
7.54462421396483 -0.531554593820902
7.56356286593467 -0.558028981593439
7.58250151790452 -0.583947113941307
7.60144016987437 -0.609283155106517
7.62037882184422 -0.634011849572239
7.63931747381407 -0.658108547238037
7.65825612578392 -0.681549227991634
7.67719477775377 -0.704310525652671
7.69613342972362 -0.726369751264639
7.71507208169347 -0.747704915711709
7.73401073366332 -0.768294751637969
7.75294938563317 -0.788118734647192
7.77188803760302 -0.807157103761985
7.79082668957286 -0.825390881121976
7.80976534154271 -0.842801890901351
7.82870399351256 -0.859372777426912
7.84764264548241 -0.875087022478594
7.86658129745226 -0.88992896175518
7.88551994942211 -0.903883800488824
7.90445860139196 -0.916937628192789
7.92339725336181 -0.92907743252773
7.94233590533166 -0.940291112272675
7.96127455730151 -0.950567489387783
7.98021320927136 -0.959896320156857
7.99915186124121 -0.968268305398507
8.01809051321105 -0.975675099735773
8.0370291651809 -0.98210931991498
8.05596781715075 -0.987564552165524
8.0749064691206 -0.992035358593258
8.09384512109045 -0.995517282601106
8.1127837730603 -0.998006853331493
8.13172242503015 -0.999501589126174
8.150661077 -1
8.16024782332814 -0.999501589126174
8.16983456965628 -0.998006853331494
8.17942131598442 -0.995517282601106
8.18900806231256 -0.992035358593258
8.1985948086407 -0.987564552165523
8.20818155496884 -0.982109319914981
8.21776830129699 -0.975675099735774
8.22735504762513 -0.968268305398507
8.23694179395327 -0.959896320156856
8.24652854028141 -0.950567489387784
8.25611528660955 -0.940291112272676
8.26570203293769 -0.92907743252773
8.27528877926583 -0.916937628192788
8.28487552559397 -0.903883800488825
8.29446227192211 -0.889928961755181
8.30404901825025 -0.875087022478593
8.31363576457839 -0.859372777426911
8.32322251090653 -0.842801890901352
8.33280925723467 -0.825390881121977
8.34239600356281 -0.807157103761985
8.35198274989096 -0.788118734647191
8.3615694962191 -0.768294751637972
8.37115624254724 -0.747704915711709
8.38074298887538 -0.726369751264639
8.39032973520352 -0.70431052565267
8.39991648153166 -0.681549227991635
8.4095032278598 -0.658108547238038
8.41908997418794 -0.634011849572238
8.42867672051608 -0.609283155106515
8.43826346684422 -0.583947113941308
8.44785021317236 -0.55802898159344
8.4574369595005 -0.531554593820901
8.46702370582864 -0.504550340869175
8.47661045215678 -0.477043141164891
8.48619719848493 -0.44906041448292
8.49578394481307 -0.420630054613783
8.50537069114121 -0.391780401558491
8.51495743746935 -0.362540213278626
8.52454418379749 -0.332938637029761
8.53413093012563 -0.303005180306871
8.54371767645377 -0.2727696814306
8.55330442278191 -0.242262279803785
8.56289116911005 -0.211513385867819
8.57247791543819 -0.180553650788901
8.58206466176633 -0.149413935904264
8.59165140809447 -0.118125281958909
8.60123815442261 -0.0867188781635507
8.61082490075075 -0.0552260311045064
8.62041164707889 -0.0236781335366268
8.62999839340704 0.0078933669097122
8.63958513973518 0.0394569990762531
8.64917188606332 0.0709812996480175
8.65875863239146 0.102434844516611
8.6683453787196 0.133786280104478
8.67793212504774 0.1650043546188
8.68751887137588 0.19605794920398
8.69710561770402 0.226916108961588
8.70669236403216 0.257548073806896
8.7162791103603 0.287923309131167
8.72586585668844 0.31801153623924
8.73545260301658 0.34778276253198
8.74503934934472 0.377207311403575
8.75462609567287 0.40625585182379
8.76421284200101 0.434899427575795
8.77379958832915 0.463109486120346
8.78338633465729 0.490857907057593
8.79297308098543 0.518117030158078
8.80255982731357 0.544859682935073
8.81214657364171 0.571059207730693
8.82173331996985 0.596689488288855
8.83132006629799 0.621724975788496
8.84090681262613 0.646140714311212
8.85049355895427 0.669912365717854
8.86008030528241 0.693016233909332
8.86966705161055 0.715429288447372
8.87925379793869 0.737129187511781
8.88884054426683 0.758094300171244
8.89842729059498 0.77830372794553
8.90801403692312 0.79773732563752
8.91760078325126 0.816375721414397
8.9271875295794 0.834200336117917
8.93677427590754 0.851193401784495
8.94636102223568 0.867337979356715
8.95594776856382 0.882617975568548
8.96553451489196 0.897018158987463
8.9751212612201 0.910524175197462
8.98470800754824 0.923122561107861
8.99429475387638 0.934800758373597
9.00388150020452 0.945547125913667
9.01346824653266 0.955350951515195
9.02305499286081 0.964202462511612
9.03264173918894 0.972092835524256
9.04222848551709 0.979014205257714
9.05181523184523 0.984959672340111
9.06140197817337 0.989923310200557
9.07098872450151 0.993900170976888
9.08057547082965 0.996886290447793
9.09016221715779 0.998878691984444
9.09974896348593 0.999875389517657
9.10933570981407 0.999875389517657
9.11892245614221 0.998878691984444
9.12850920247035 0.996886290447793
9.13809594879849 0.993900170976888
9.14768269512663 0.989923310200557
9.15726944145477 0.984959672340111
9.16685618778292 0.979014205257714
9.17644293411105 0.972092835524258
9.1860296804392 0.964202462511612
9.19561642676734 0.955350951515195
9.20520317309548 0.945547125913667
9.21478991942362 0.934800758373597
9.22437666575176 0.923122561107861
9.2339634120799 0.910524175197462
9.24355015840804 0.897018158987463
9.25313690473618 0.882617975568548
9.26272365106432 0.867337979356716
9.27231039739246 0.851193401784495
9.2818971437206 0.834200336117917
9.29148389004875 0.816375721414397
9.30107063637688 0.79773732563752
9.31065738270503 0.77830372794553
9.32024412903317 0.758094300171244
9.32983087536131 0.737129187511781
9.33941762168945 0.715429288447372
9.34900436801759 0.693016233909332
9.35859111434573 0.669912365717854
9.36817786067387 0.646140714311211
9.37776460700201 0.621724975788496
9.38735135333015 0.596689488288856
9.39693809965829 0.571059207730694
9.40652484598643 0.544859682935073
9.41611159231457 0.518117030158079
9.42569833864271 0.490857907057594
9.43528508497086 0.463109486120347
9.444871831299 0.43489942757579
9.45445857762714 0.40625585182379
9.46404532395528 0.377207311403576
9.47363207028342 0.347782762531981
9.48321881661156 0.31801153623924
9.4928055629397 0.287923309131167
9.50239230926784 0.257548073806896
9.51197905559598 0.226916108961588
9.52156580192412 0.196057949203981
9.53115254825226 0.1650043546188
9.5407392945804 0.133786280104478
9.55032604090854 0.10243484451661
9.55991278723668 0.070981299648018
9.56949953356482 0.0394569990762527
9.57908627989297 0.007893366909712
9.58867302622111 -0.0236781335366212
9.59825977254925 -0.0552260311045066
9.60784651887739 -0.0867188781635505
9.61743326520553 -0.118125281958909
9.62702001153367 -0.149413935904263
9.63660675786181 -0.1805536507889
9.64619350418995 -0.211513385867818
9.65578025051809 -0.242262279803784
9.66536699684623 -0.2727696814306
9.67495374317437 -0.303005180306871
9.68454048950251 -0.332938637029761
9.69412723583065 -0.362540213278626
9.7037139821588 -0.391780401558495
9.71330072848694 -0.420630054613783
9.72288747481508 -0.44906041448292
9.73247422114322 -0.47704314116489
9.74206096747136 -0.504550340869175
9.7516477137995 -0.5315545938209
9.76123446012764 -0.55802898159344
9.77082120645578 -0.583947113941308
9.78040795278392 -0.609283155106519
9.78999469911206 -0.634011849572238
9.7995814454402 -0.658108547238038
9.80916819176834 -0.681549227991635
9.81875493809648 -0.704310525652671
9.82834168442462 -0.726369751264639
9.83792843075276 -0.747704915711709
9.84751517708091 -0.768294751637972
9.85710192340905 -0.788118734647191
9.86668866973719 -0.807157103761985
9.87627541606533 -0.825390881121977
9.88586216239347 -0.842801890901352
9.89544890872161 -0.859372777426911
9.90503565504975 -0.875087022478593
9.91462240137789 -0.889928961755181
9.92420914770603 -0.903883800488822
9.93379589403417 -0.916937628192788
9.94338264036231 -0.92907743252773
9.95296938669045 -0.940291112272676
9.96255613301859 -0.950567489387783
9.97214287934673 -0.959896320156856
9.98172962567488 -0.968268305398507
9.99131637200302 -0.975675099735774
10.0009031183312 -0.98210931991498
10.0104898646593 -0.987564552165523
10.0200766109874 -0.992035358593258
10.0296633573156 -0.995517282601106
10.0392501036437 -0.998006853331494
10.0488368499719 -0.999501589126174
10.0584235963 -1
10.074237585798 -0.999501589126174
10.090051575296 -0.998006853331493
10.105865564794 -0.995517282601106
10.121679554292 -0.992035358593258
10.13749354379 -0.987564552165524
10.1533075332879 -0.982109319914981
10.1691215227859 -0.975675099735773
10.1849355122839 -0.968268305398508
10.2007495017819 -0.959896320156857
10.2165634912799 -0.950567489387782
10.2323774807779 -0.940291112272676
10.2481914702759 -0.92907743252773
10.2640054597739 -0.916937628192789
10.2798194492719 -0.903883800488823
10.2956334387698 -0.889928961755181
10.3114474282678 -0.875087022478594
10.3272614177658 -0.859372777426913
10.3430754072638 -0.842801890901351
10.3588893967618 -0.825390881121975
10.3747033862598 -0.807157103761986
10.3905173757578 -0.788118734647192
10.4063313652558 -0.768294751637971
10.4221453547538 -0.747704915711709
10.4379593442518 -0.72636975126464
10.4537733337497 -0.704310525652672
10.4695873232477 -0.681549227991633
10.4854013127457 -0.658108547238038
10.5012153022437 -0.634011849572238
10.5170292917417 -0.609283155106517
10.5328432812397 -0.583947113941306
10.5486572707377 -0.558028981593441
10.5644712602357 -0.531554593820901
10.5802852497337 -0.504550340869179
10.5960992392317 -0.47704314116489
10.6119132287296 -0.449060414482922
10.6277272182276 -0.420630054613785
10.6435412077256 -0.391780401558492
10.6593551972236 -0.362540213278625
10.6751691867216 -0.33293863702976
10.6909831762196 -0.303005180306874
10.7067971657176 -0.272769681430603
10.7226111552156 -0.242262279803785
10.7384251447136 -0.211513385867819
10.7542391342116 -0.180553650788901
10.7700531237095 -0.149413935904261
10.7858671132075 -0.118125281958907
10.8016811027055 -0.0867188781635516
10.8174950922035 -0.0552260311045075
10.8333090817015 -0.0236781335366252
10.8491230711995 0.00789336690971353
10.8649370606975 0.0394569990762511
10.8807510501955 0.070981299648016
10.8965650396935 0.102434844516615
10.9123790291915 0.133786280104479
10.9281930186894 0.1650043546188
10.9440070081874 0.196057949203977
10.9598209976854 0.226916108961591
10.9756349871834 0.257548073806895
10.9914489766814 0.287923309131167
11.0072629661794 0.318011536239237
11.0230769556774 0.347782762531982
11.0388909451754 0.377207311403577
11.0547049346734 0.406255851823788
11.0705189241714 0.434899427575794
11.0863329136693 0.463109486120347
11.1021469031673 0.490857907057594
11.1179608926653 0.518117030158076
11.1337748821633 0.54485968293507
11.1495888716613 0.571059207730696
11.1654028611593 0.596689488288856
11.1812168506573 0.621724975788496
11.1970308401553 0.646140714311209
11.2128448296533 0.669912365717856
11.2286588191513 0.693016233909331
11.2444728086492 0.715429288447372
11.2602867981472 0.737129187511778
11.2761007876452 0.758094300171246
11.2919147771432 0.778303727945529
11.3077287666412 0.797737325637519
11.3235427561392 0.8163757214144
11.3393567456372 0.834200336117917
11.3551707351352 0.851193401784495
11.3709847246332 0.867337979356714
11.3867987141312 0.882617975568547
11.4026127036291 0.897018158987463
11.4184266931271 0.910524175197462
11.4342406826251 0.923122561107861
11.4500546721231 0.934800758373598
11.4658686616211 0.945547125913668
11.4816826511191 0.955350951515195
11.4974966406171 0.964202462511612
11.5133106301151 0.972092835524257
11.5291246196131 0.979014205257715
11.5449386091111 0.98495967234011
11.560752598609 0.989923310200557
11.576566588107 0.993900170976888
11.592380577605 0.996886290447793
11.608194567103 0.998878691984444
11.624008556601 0.999875389517657
11.639822546099 0.999875389517657
11.655636535597 0.998878691984444
11.671450525095 0.996886290447793
11.687264514593 0.993900170976888
11.703078504091 0.989923310200557
11.7188924935889 0.98495967234011
11.7347064830869 0.979014205257715
11.7505204725849 0.972092835524257
11.7663344620829 0.964202462511612
11.7821484515809 0.955350951515195
11.7979624410789 0.945547125913668
11.8137764305769 0.934800758373598
11.8295904200749 0.92312256110786
11.8454044095729 0.910524175197462
11.8612183990709 0.897018158987464
11.8770323885688 0.882617975568547
11.8928463780668 0.867337979356714
11.9086603675648 0.851193401784495
11.9244743570628 0.834200336117917
11.9402883465608 0.8163757214144
11.9561023360588 0.797737325637519
11.9719163255568 0.778303727945531
11.9877303150548 0.758094300171246
12.0035443045528 0.737129187511778
12.0193582940508 0.715429288447372
12.0351722835487 0.693016233909331
12.0509862730467 0.669912365717856
12.0668002625447 0.646140714311209
12.0826142520427 0.621724975788497
12.0984282415407 0.596689488288856
12.1142422310387 0.571059207730694
12.1300562205367 0.544859682935071
12.1458702100347 0.518117030158076
12.1616841995327 0.490857907057595
12.1774981890307 0.463109486120347
12.1933121785286 0.434899427575794
12.2091261680266 0.406255851823789
12.2249401575246 0.377207311403575
12.2407541470226 0.347782762531982
12.2565681365206 0.31801153623924
12.2723821260186 0.287923309131167
12.2881961155166 0.257548073806896
12.3040101050146 0.22691610896159
12.3198240945126 0.196057949203978
12.3356380840106 0.165004354618801
12.3514520735085 0.133786280104479
12.3672660630065 0.102434844516615
12.3830800525045 0.0709812996480162
12.3988940420025 0.0394569990762518
12.4147080315005 0.00789336690971378
12.4305220209985 -0.0236781335366247
12.4463360104965 -0.0552260311045075
12.4621499999945 -0.0867188781635514
12.4779639894925 -0.118125281958907
12.4937779789905 -0.149413935904261
12.5095919684884 -0.180553650788904
12.5254059579864 -0.211513385867818
12.5412199474844 -0.242262279803781
12.5570339369824 -0.272769681430602
12.5728479264804 -0.303005180306874
12.5886619159784 -0.33293863702976
12.6044759054764 -0.362540213278625
12.6202898949744 -0.391780401558495
12.6361038844724 -0.420630054613784
12.6519178739704 -0.449060414482919
12.6677318634683 -0.47704314116489
12.6835458529663 -0.504550340869178
12.6993598424643 -0.531554593820901
12.7151738319623 -0.558028981593441
12.7309878214603 -0.583947113941309
12.7468018109583 -0.609283155106517
12.7626158004563 -0.634011849572238
12.7784297899543 -0.658108547238037
12.7942437794523 -0.681549227991633
12.8100577689503 -0.704310525652671
12.8258717584482 -0.726369751264638
12.8416857479462 -0.747704915711709
12.8574997374442 -0.768294751637971
12.8733137269422 -0.788118734647191
12.8891277164402 -0.807157103761985
12.9049417059382 -0.825390881121977
12.9207556954362 -0.842801890901351
12.9365696849342 -0.859372777426911
12.9523836744322 -0.875087022478593
12.9681976639302 -0.889928961755181
12.9840116534281 -0.903883800488823
12.9998256429261 -0.916937628192789
13.0156396324241 -0.929077432527731
13.0314536219221 -0.940291112272676
13.0472676114201 -0.950567489387782
13.0630816009181 -0.959896320156857
13.0788955904161 -0.968268305398508
13.0947095799141 -0.975675099735773
13.1105235694121 -0.98210931991498
13.1263375589101 -0.987564552165524
13.142151548408 -0.992035358593258
13.157965537906 -0.995517282601106
13.173779527404 -0.998006853331493
13.189593516902 -0.999501589126174
13.2054075064 -1
13.2212863176593 -0.999501589126174
13.2371651289186 -0.998006853331493
13.2530439401779 -0.995517282601106
13.2689227514372 -0.992035358593258
13.2848015626965 -0.987564552165524
13.3006803739558 -0.98210931991498
13.3165591852151 -0.975675099735774
13.3324379964744 -0.968268305398507
13.3483168077337 -0.959896320156857
13.364195618993 -0.950567489387782
13.3800744302523 -0.940291112272676
13.3959532415116 -0.929077432527731
13.4118320527709 -0.916937628192788
13.4277108640302 -0.903883800488823
13.4435896752894 -0.889928961755181
13.4594684865487 -0.875087022478594
13.475347297808 -0.859372777426912
13.4912261090673 -0.84280189090135
13.5071049203266 -0.825390881121977
13.5229837315859 -0.807157103761986
13.5388625428452 -0.788118734647192
13.5547413541045 -0.76829475163797
13.5706201653638 -0.74770491571171
13.5864989766231 -0.72636975126464
13.6023777878824 -0.704310525652672
13.6182565991417 -0.681549227991633
13.634135410401 -0.658108547238039
13.6500142216603 -0.634011849572239
13.6658930329196 -0.609283155106516
13.6817718441789 -0.583947113941305
13.6976506554382 -0.558028981593441
13.7135294666975 -0.531554593820902
13.7294082779568 -0.504550340869177
13.7452870892161 -0.477043141164888
13.7611659004754 -0.449060414482921
13.7770447117347 -0.420630054613785
13.792923522994 -0.391780401558493
13.8088023342533 -0.362540213278623
13.8246811455126 -0.332938637029763
13.8405599567719 -0.303005180306873
13.8564387680312 -0.272769681430603
13.8723175792905 -0.242262279803782
13.8881963905497 -0.211513385867821
13.904075201809 -0.180553650788903
13.9199540130683 -0.149413935904261
13.9358328243276 -0.118125281958907
13.9517116355869 -0.0867188781635523
13.9675904468462 -0.0552260311045088
13.9834692581055 -0.0236781335366239
13.9993480693648 0.00789336690971442
14.0152268806241 0.0394569990762511
14.0311056918834 0.0709812996480151
14.0469845031427 0.102434844516614
14.062863314402 0.13378628010448
14.0787421256613 0.165004354618798
14.0946209369206 0.196057949203977
14.1104997481799 0.22691610896159
14.1263785594392 0.257548073806897
14.1422573706985 0.287923309131165
14.1581361819578 0.318011536239238
14.1740149932171 0.347782762531982
14.1898938044764 0.377207311403577
14.2057726157357 0.40625585182379
14.221651426995 0.434899427575792
14.2375302382543 0.463109486120348
14.2534090495136 0.490857907057594
14.2692878607729 0.518117030158076
14.2851666720322 0.544859682935069
14.3010454832915 0.571059207730695
14.3169242945508 0.596689488288857
14.3328031058101 0.621724975788496
14.3486819170693 0.646140714311209
14.3645607283286 0.669912365717855
14.3804395395879 0.693016233909332
14.3963183508472 0.71542928844737
14.4121971621065 0.737129187511778
14.4280759733658 0.758094300171245
14.4439547846251 0.77830372794553
14.4598335958844 0.79773732563752
14.4757124071437 0.816375721414398
14.491591218403 0.834200336117917
14.5074700296623 0.851193401784495
14.5233488409216 0.867337979356715
14.5392276521809 0.882617975568546
14.5551064634402 0.897018158987463
14.5709852746995 0.910524175197463
14.5868640859588 0.923122561107861
14.6027428972181 0.934800758373598
14.6186217084774 0.945547125913667
14.6345005197367 0.955350951515195
14.650379330996 0.964202462511612
14.6662581422553 0.972092835524257
14.6821369535146 0.979014205257714
14.6980157647739 0.984959672340111
14.7138945760332 0.989923310200557
14.7297733872925 0.993900170976888
14.7456521985518 0.996886290447793
14.7615310098111 0.998878691984444
14.7774098210704 0.999875389517657
14.7932886323296 0.999875389517657
14.8091674435889 0.998878691984444
14.8250462548482 0.996886290447793
14.8409250661075 0.993900170976888
14.8568038773668 0.989923310200557
14.8726826886261 0.984959672340111
14.8885614998854 0.979014205257714
14.9044403111447 0.972092835524257
14.920319122404 0.964202462511612
14.9361979336633 0.955350951515195
14.9520767449226 0.945547125913667
14.9679555561819 0.934800758373598
14.9838343674412 0.923122561107861
14.9997131787005 0.910524175197462
15.0155919899598 0.897018158987463
15.0314708012191 0.882617975568546
15.0473496124784 0.867337979356716
15.0632284237377 0.851193401784495
15.079107234997 0.834200336117917
15.0949860462563 0.816375721414398
15.1108648575156 0.79773732563752
15.1267436687749 0.77830372794553
15.1426224800342 0.758094300171246
15.1585012912935 0.737129187511778
15.1743801025528 0.71542928844737
15.1902589138121 0.693016233909332
15.2061377250714 0.669912365717855
15.2220165363307 0.646140714311209
15.2378953475899 0.621724975788497
15.2537741588492 0.596689488288857
15.2696529701085 0.571059207730695
15.2855317813678 0.54485968293507
15.3014105926271 0.518117030158076
15.3172894038864 0.490857907057595
15.3331682151457 0.463109486120348
15.349047026405 0.434899427575792
15.3649258376643 0.406255851823791
15.3808046489236 0.377207311403577
15.3966834601829 0.347782762531982
15.4125622714422 0.318011536239238
15.4284410827015 0.287923309131165
15.4443198939608 0.257548073806898
15.4601987052201 0.22691610896159
15.4760775164794 0.196057949203977
15.4919563277387 0.165004354618801
15.507835138998 0.13378628010448
15.5237139502573 0.102434844516614
15.5395927615166 0.0709812996480153
15.5554715727759 0.0394569990762518
15.5713503840352 0.00789336690971467
15.5872291952945 -0.0236781335366239
15.6031080065538 -0.0552260311045084
15.6189868178131 -0.0867188781635487
15.6348656290724 -0.118125281958906
15.6507444403317 -0.14941393590426
15.666623251591 -0.180553650788902
15.6825020628503 -0.21151338586782
15.6983808741095 -0.242262279803782
15.7142596853688 -0.272769681430602
15.7301384966281 -0.303005180306873
15.7460173078874 -0.332938637029759
15.7618961191467 -0.362540213278624
15.777774930406 -0.391780401558493
15.7936537416653 -0.420630054613784
15.8095325529246 -0.449060414482921
15.8254113641839 -0.477043141164888
15.8412901754432 -0.504550340869177
15.8571689867025 -0.531554593820901
15.8730477979618 -0.558028981593441
15.8889266092211 -0.583947113941304
15.9048054204804 -0.609283155106516
15.9206842317397 -0.634011849572238
15.936563042999 -0.658108547238039
15.9524418542583 -0.681549227991633
15.9683206655176 -0.704310525652672
15.9841994767769 -0.726369751264639
16.0000782880362 -0.747704915711707
16.0159570992955 -0.768294751637972
16.0318359105548 -0.788118734647192
16.0477147218141 -0.807157103761983
16.0635935330734 -0.825390881121977
16.0794723443327 -0.842801890901349
16.095351155592 -0.859372777426913
16.1112299668513 -0.875087022478593
16.1271087781105 -0.889928961755179
16.1429875893698 -0.903883800488824
16.1588664006291 -0.916937628192789
16.1747452118884 -0.929077432527732
16.1906240231477 -0.940291112272676
16.206502834407 -0.950567489387782
16.2223816456663 -0.959896320156858
16.2382604569256 -0.968268305398507
16.2541392681849 -0.975675099735773
16.2700180794442 -0.982109319914981
16.2858968907035 -0.987564552165524
16.3017757019628 -0.992035358593257
16.3176545132221 -0.995517282601106
16.3335333244814 -0.998006853331493
16.3494121357407 -0.999501589126174
16.365290947 -1
16.3721362345704 -0.999501589126173
16.3789815221407 -0.998006853331493
16.3858268097111 -0.995517282601105
16.3926720972814 -0.992035358593258
16.3995173848518 -0.987564552165523
16.4063626724221 -0.982109319914981
16.4132079599925 -0.975675099735772
16.4200532475628 -0.968268305398508
16.4268985351332 -0.959896320156855
16.4337438227035 -0.950567489387783
16.4405891102739 -0.940291112272673
16.4474343978442 -0.929077432527731
16.4542796854146 -0.916937628192786
16.4611249729849 -0.903883800488824
16.4679702605553 -0.889928961755177
16.4748155481256 -0.875087022478595
16.481660835696 -0.859372777426909
16.4885061232663 -0.842801890901352
16.4953514108367 -0.825390881121973
16.502196698407 -0.807157103761987
16.5090419859774 -0.788118734647189
16.5158872735477 -0.768294751637972
16.5227325611181 -0.747704915711706
16.5295778486884 -0.726369751264641
16.5364231362588 -0.704310525652669
16.5432684238291 -0.681549227991636
16.5501137113995 -0.658108547238034
16.5569589989698 -0.634011849572241
16.5638042865402 -0.609283155106513
16.5706495741106 -0.583947113941309
16.5774948616809 -0.558028981593437
16.5843401492513 -0.531554593820905
16.5911854368216 -0.504550340869174
16.598030724392 -0.477043141164893
16.6048760119623 -0.449060414482917
16.6117212995327 -0.420630054613788
16.618566587103 -0.39178040155849
16.6254118746734 -0.362540213278629
16.6322571622437 -0.332938637029758
16.6391024498141 -0.303005180306878
16.6459477373844 -0.2727696814306
16.6527930249548 -0.242262279803788
16.6596383125251 -0.211513385867816
16.6664836000955 -0.180553650788908
16.6733288876658 -0.149413935904259
16.6801741752362 -0.118125281958914
16.6870194628065 -0.0867188781635485
16.6938647503769 -0.0552260311045139
16.7007100379472 -0.0236781335366221
16.7075553255176 0.00789336690970709
16.7144006130879 0.0394569990762547
16.7212459006583 0.0709812996480094
16.7280911882286 0.102434844516615
16.734936475799 0.133786280104472
16.7417817633693 0.165004354618801
16.7486270509397 0.196057949203971
16.75547233851 0.226916108961591
16.7623176260804 0.25754807380689
16.7691629136508 0.287923309131167
16.7760082012211 0.318011536239231
16.7828534887915 0.347782762531983
16.7896987763618 0.377207311403569
16.7965440639322 0.406255851823789
16.8033893515025 0.434899427575786
16.8102346390729 0.463109486120348
16.8170799266432 0.490857907057601
16.8239252142136 0.518117030158078
16.8307705017839 0.544859682935077
16.8376157893543 0.571059207730694
16.8444610769246 0.596689488288862
16.851306364495 0.621724975788495
16.8581516520653 0.646140714311215
16.8649969396357 0.669912365717855
16.871842227206 0.693016233909337
16.8786875147764 0.71542928844737
16.8855328023467 0.737129187511784
16.8923780899171 0.758094300171244
16.8992233774874 0.778303727945534
16.9060686650578 0.797737325637518
16.9129139526281 0.816375721414403
16.9197592401985 0.834200336117916
16.9266045277688 0.851193401784498
16.9334498153392 0.867337979356714
16.9402951029095 0.88261797556855
16.9471403904799 0.897018158987463
16.9539856780503 0.910524175197465
16.9608309656206 0.92312256110786
16.967676253191 0.9348007583736
16.9745215407613 0.945547125913666
16.9813668283317 0.955350951515196
16.988212115902 0.964202462511611
16.9950574034724 0.972092835524258
17.0019026910427 0.979014205257714
17.0087479786131 0.984959672340111
17.0155932661834 0.989923310200557
17.0224385537538 0.993900170976888
17.0292838413241 0.996886290447793
17.0361291288945 0.998878691984444
17.0429744164648 0.999875389517657
17.0498197040352 0.999875389517657
17.0566649916055 0.998878691984444
17.0635102791759 0.996886290447793
17.0703555667462 0.993900170976888
17.0772008543166 0.989923310200557
17.0840461418869 0.984959672340111
17.0908914294573 0.979014205257714
17.0977367170276 0.972092835524258
17.104582004598 0.964202462511611
17.1114272921683 0.955350951515196
17.1182725797387 0.945547125913666
17.125117867309 0.9348007583736
17.1319631548794 0.92312256110786
17.1388084424497 0.910524175197465
17.1456537300201 0.897018158987462
17.1524990175905 0.88261797556855
17.1593443051608 0.867337979356714
17.1661895927312 0.851193401784498
17.1730348803015 0.834200336117917
17.1798801678719 0.816375721414403
17.1867254554422 0.797737325637518
17.1935707430126 0.778303727945534
17.2004160305829 0.758094300171245
17.2072613181533 0.737129187511784
17.2141066057236 0.715429288447371
17.220951893294 0.693016233909337
17.2277971808643 0.669912365717855
17.2346424684347 0.646140714311215
17.241487756005 0.621724975788495
17.2483330435754 0.596689488288863
17.2551783311457 0.571059207730695
17.2620236187161 0.544859682935077
17.2688689062864 0.518117030158078
17.2757141938568 0.490857907057587
17.2825594814271 0.463109486120348
17.2894047689975 0.434899427575786
17.2962500565678 0.40625585182379
17.3030953441382 0.377207311403569
17.3099406317085 0.347782762531983
17.3167859192789 0.318011536239231
17.3236312068492 0.287923309131167
17.3304764944196 0.25754807380689
17.3373217819899 0.226916108961591
17.3441670695603 0.196057949203972
17.3510123571307 0.165004354618801
17.357857644701 0.133786280104472
17.3647029322714 0.102434844516615
17.3715482198417 0.0709812996480092
17.3783935074121 0.0394569990762554
17.3852387949824 0.00789336690970756
17.3920840825528 -0.0236781335366212
17.3989293701231 -0.0552260311045137
17.4057746576935 -0.0867188781635487
17.4126199452638 -0.118125281958913
17.4194652328342 -0.149413935904258
17.4263105204045 -0.180553650788907
17.4331558079749 -0.211513385867816
17.4400010955452 -0.242262279803788
17.4468463831156 -0.2727696814306
17.4536916706859 -0.303005180306877
17.4605369582563 -0.332938637029758
17.4673822458266 -0.362540213278628
17.474227533397 -0.39178040155849
17.4810728209673 -0.420630054613788
17.4879181085377 -0.449060414482917
17.494763396108 -0.477043141164893
17.5016086836784 -0.504550340869174
17.5084539712487 -0.531554593820904
17.5152992588191 -0.558028981593437
17.5221445463894 -0.583947113941309
17.5289898339598 -0.609283155106513
17.5358351215302 -0.634011849572241
17.5426804091005 -0.658108547238034
17.5495256966709 -0.681549227991636
17.5563709842412 -0.704310525652668
17.5632162718116 -0.726369751264641
17.5700615593819 -0.747704915711705
17.5769068469523 -0.768294751637972
17.5837521345226 -0.788118734647189
17.590597422093 -0.807157103761987
17.5974427096633 -0.825390881121973
17.6042879972337 -0.842801890901352
17.611133284804 -0.859372777426909
17.6179785723744 -0.875087022478595
17.6248238599447 -0.889928961755177
17.6316691475151 -0.903883800488824
17.6385144350854 -0.916937628192786
17.6453597226558 -0.929077432527731
17.6522050102261 -0.940291112272673
17.6590502977965 -0.950567489387783
17.6658955853668 -0.959896320156855
17.6727408729372 -0.968268305398508
17.6795861605075 -0.975675099735772
17.6864314480779 -0.98210931991498
17.6932767356482 -0.987564552165523
17.7001220232186 -0.992035358593258
17.7069673107889 -0.995517282601107
17.7138125983593 -0.998006853331493
17.7206578859296 -0.999501589126173
17.7275031735 -1
17.747349458295 -0.999501589126174
17.7671957430899 -0.998006853331493
17.7870420278849 -0.995517282601106
17.8068883126799 -0.992035358593258
17.8267345974749 -0.987564552165524
17.8465808822699 -0.98210931991498
17.8664271670648 -0.975675099735774
17.8862734518598 -0.968268305398507
17.9061197366548 -0.959896320156858
17.9259660214497 -0.950567489387783
17.9458123062447 -0.940291112272675
17.9656585910397 -0.929077432527731
17.9855048758347 -0.916937628192788
18.0053511606296 -0.903883800488824
18.0251974454246 -0.88992896175518
18.0450437302196 -0.875087022478592
18.0648900150146 -0.859372777426912
18.0847362998095 -0.84280189090135
18.1045825846045 -0.825390881121977
18.1244288693995 -0.807157103761985
18.1442751541945 -0.788118734647191
18.1641214389894 -0.768294751637971
18.1839677237844 -0.747704915711708
18.2038140085794 -0.726369751264641
18.2236602933744 -0.704310525652672
18.2435065781693 -0.681549227991632
18.2633528629643 -0.658108547238038
18.2831991477593 -0.634011849572238
18.3030454325543 -0.609283155106518
18.3228917173492 -0.583947113941306
18.3427380021442 -0.558028981593438
18.3625842869392 -0.531554593820902
18.3824305717342 -0.504550340869176
18.4022768565291 -0.477043141164891
18.4221231413241 -0.44906041448292
18.4419694261191 -0.420630054613787
18.4618157109141 -0.391780401558494
18.481661995709 -0.362540213278623
18.501508280504 -0.332938637029763
18.521354565299 -0.303005180306872
18.541200850094 -0.2727696814306
18.5610471348889 -0.242262279803784
18.5808934196839 -0.211513385867818
18.6007397044789 -0.180553650788904
18.6205859892739 -0.14941393590426
18.6404322740688 -0.118125281958905
18.6602785588638 -0.0867188781635514
18.6801248436588 -0.0552260311045064
18.6999711284538 -0.0236781335366259
18.7198174132487 0.00789336690971375
18.7396636980437 0.0394569990762556
18.7595099828387 0.0709812996480153
18.7793562676337 0.102434844516615
18.7992025524286 0.133786280104477
18.8190488372236 0.1650043546188
18.8388951220186 0.196057949203975
18.8587414068136 0.22691610896159
18.8785876916085 0.257548073806898
18.8984339764035 0.287923309131165
18.9182802611985 0.318011536239239
18.9381265459935 0.347782762531985
18.9579728307884 0.377207311403575
18.9778191155834 0.406255851823791
18.9976654003784 0.434899427575791
19.0175116851734 0.463109486120348
19.0373579699683 0.490857907057591
19.0572042547633 0.518117030158077
19.0770505395583 0.544859682935072
19.0968968243533 0.571059207730693
19.1167431091482 0.596689488288857
19.1365893939432 0.621724975788498
19.1564356787382 0.64614071431121
19.1762819635332 0.669912365717857
19.1961282483281 0.693016233909331
19.2159745331231 0.715429288447372
19.2358208179181 0.737129187511777
19.2556671027131 0.758094300171245
19.275513387508 0.778303727945531
19.295359672303 0.797737325637519
19.315205957098 0.8163757214144
19.335052241893 0.834200336117916
19.3548985266879 0.851193401784494
19.3747448114829 0.867337979356716
19.3945910962779 0.882617975568546
19.4144373810729 0.897018158987464
19.4342836658678 0.910524175197461
19.4541299506628 0.923122561107861
19.4739762354578 0.934800758373599
19.4938225202528 0.945547125913667
19.5136688050477 0.955350951515195
19.5335150898427 0.964202462511611
19.5533613746377 0.972092835524257
19.5732076594327 0.979014205257715
19.5930539442276 0.98495967234011
19.6129002290226 0.989923310200557
19.6327465138176 0.993900170976888
19.6525927986126 0.996886290447793
19.6724390834075 0.998878691984444
19.6922853682025 0.999875389517657
19.7121316529975 0.999875389517657
19.7319779377925 0.998878691984444
19.7518242225874 0.996886290447793
19.7716705073824 0.993900170976888
19.7915167921774 0.989923310200557
19.8113630769724 0.98495967234011
19.8312093617673 0.979014205257715
19.8510556465623 0.972092835524257
19.8709019313573 0.964202462511611
19.8907482161523 0.955350951515195
19.9105945009472 0.945547125913667
19.9304407857422 0.934800758373599
19.9502870705372 0.923122561107861
19.9701333553322 0.910524175197461
19.9899796401271 0.897018158987464
20.0098259249221 0.882617975568546
20.0296722097171 0.867337979356716
20.0495184945121 0.851193401784495
20.069364779307 0.834200336117916
20.089211064102 0.8163757214144
20.109057348897 0.797737325637519
20.128903633692 0.778303727945531
20.1487499184869 0.758094300171246
20.1685962032819 0.737129187511781
20.1884424880769 0.715429288447372
20.2082887728719 0.693016233909331
20.2281350576668 0.669912365717857
20.2479813424618 0.646140714311209
20.2678276272568 0.621724975788493
20.2876739120518 0.596689488288856
20.3075201968467 0.571059207730694
20.3273664816417 0.544859682935072
20.3472127664367 0.518117030158078
20.3670590512317 0.490857907057597
20.3869053360266 0.463109486120348
20.4067516208216 0.434899427575792
20.4265979056166 0.40625585182379
20.4464441904116 0.377207311403576
20.4662904752065 0.34778276253198
20.4861367600015 0.318011536239239
20.5059830447965 0.287923309131165
20.5258293295915 0.257548073806899
20.5456756143864 0.22691610896159
20.5655218991814 0.196057949203981
20.5853681839764 0.1650043546188
20.6052144687714 0.133786280104478
20.6250607535663 0.102434844516616
20.6449070383613 0.0709812996480153
20.6647533231563 0.0394569990762501
20.6845996079513 0.00789336690971378
20.7044458927462 -0.0236781335366256
20.7242921775412 -0.0552260311045057
20.7441384623362 -0.0867188781635514
20.7639847471312 -0.118125281958905
20.7838310319261 -0.14941393590426
20.8036773167211 -0.180553650788903
20.8235236015161 -0.211513385867817
20.8433698863111 -0.242262279803784
20.863216171106 -0.272769681430606
20.883062455901 -0.303005180306872
20.902908740696 -0.332938637029763
20.922755025491 -0.362540213278623
20.9426013102859 -0.391780401558494
20.9624475950809 -0.420630054613782
20.9822938798759 -0.449060414482919
21.0021401646709 -0.477043141164891
21.0219864494658 -0.504550340869176
21.0418327342608 -0.531554593820902
21.0616790190558 -0.558028981593438
21.0815253038508 -0.583947113941305
21.1013715886457 -0.609283155106518
21.1212178734407 -0.634011849572238
21.1410641582357 -0.658108547238038
21.1609104430307 -0.681549227991632
21.1807567278256 -0.704310525652672
21.2006030126206 -0.726369751264641
21.2204492974156 -0.747704915711708
21.2402955822106 -0.768294751637971
21.2601418670055 -0.78811873464719
21.2799881518005 -0.807157103761985
21.2998344365955 -0.825390881121977
21.3196807213905 -0.84280189090135
21.3395270061854 -0.859372777426912
21.3593732909804 -0.875087022478592
21.3792195757754 -0.88992896175518
21.3990658605704 -0.903883800488824
21.4189121453653 -0.916937628192788
21.4387584301603 -0.929077432527731
21.4586047149553 -0.940291112272675
21.4784509997503 -0.950567489387783
21.4982972845452 -0.959896320156858
21.5181435693402 -0.968268305398507
21.5379898541352 -0.975675099735774
21.5578361389301 -0.98210931991498
21.5776824237251 -0.987564552165524
21.5975287085201 -0.992035358593258
21.6173749933151 -0.995517282601106
21.6372212781101 -0.998006853331493
21.657067562905 -0.999501589126174
21.6769138477 -1
21.6844980099648 -0.999501589126174
21.6920821722296 -0.998006853331494
21.6996663344945 -0.995517282601105
21.7072504967593 -0.992035358593258
21.7148346590241 -0.987564552165524
21.7224188212889 -0.982109319914981
21.7300029835538 -0.975675099735775
21.7375871458186 -0.968268305398506
21.7451713080834 -0.959896320156856
21.7527554703482 -0.950567489387783
21.7603396326131 -0.940291112272677
21.7679237948779 -0.929077432527733
21.7755079571427 -0.916937628192787
21.7830921194075 -0.903883800488823
21.7906762816724 -0.889928961755181
21.7982604439372 -0.875087022478596
21.805844606202 -0.859372777426916
21.8134287684668 -0.842801890901348
21.8210129307317 -0.825390881121975
21.8285970929965 -0.807157103761986
21.8361812552613 -0.788118734647195
21.8437654175261 -0.768294751637966
21.851349579791 -0.747704915711706
21.8589337420558 -0.726369751264639
21.8665179043206 -0.704310525652674
21.8741020665854 -0.681549227991638
21.8816862288503 -0.658108547238033
21.8892703911151 -0.634011849572236
21.8968545533799 -0.609283155106516
21.9044387156447 -0.583947113941308
21.9120228779095 -0.558028981593445
21.9196070401744 -0.531554593820896
21.9271912024392 -0.504550340869175
21.934775364704 -0.47704314116489
21.9423595269688 -0.449060414482923
21.9499436892337 -0.42063005461379
21.9575278514985 -0.391780401558488
21.9651120137633 -0.362540213278622
21.9726961760281 -0.332938637029762
21.980280338293 -0.303005180306876
21.9878645005578 -0.27276968143061
21.9954486628226 -0.242262279803778
22.0030328250874 -0.211513385867817
22.0106169873523 -0.180553650788903
22.0182011496171 -0.149413935904265
22.0257853118819 -0.118125281958915
22.0333694741467 -0.0867188781635463
22.0409536364116 -0.0552260311045064
22.0485377986764 -0.0236781335366254
22.0561219609412 0.00789336690970865
22.063706123206 0.03945699907626
22.0712902854709 0.07098129964802
22.0788744477357 0.102434844516614
22.0864586100005 0.133786280104477
22.0940427722653 0.165004354618794
22.1016269345302 0.196057949203985
22.109211096795 0.226916108961594
22.1167952590598 0.257548073806897
22.1243794213246 0.287923309131164
22.1319635835894 0.318011536239233
22.1395477458543 0.347782762531988
22.1471319081191 0.377207311403579
22.1547160703839 0.406255851823789
22.1623002326487 0.434899427575791
22.1698843949136 0.463109486120343
22.1774685571784 0.490857907057599
22.1850527194432 0.51811703015808
22.192636881708 0.54485968293507
22.2002210439729 0.571059207730692
22.2078052062377 0.596689488288851
22.2153893685025 0.6217249757885
22.2229735307673 0.646140714311212
22.2305576930322 0.669912365717855
22.238141855297 0.693016233909329
22.2457260175618 0.715429288447367
22.2533101798266 0.737129187511782
22.2608943420915 0.758094300171247
22.2684785043563 0.778303727945529
22.2760626666211 0.797737325637517
22.2836468288859 0.816375721414395
22.2912309911508 0.83420033611792
22.2988151534156 0.851193401784495
22.3063993156804 0.867337979356714
22.3139834779452 0.882617975568545
22.32156764021 0.89701815898746
22.3291518024749 0.910524175197464
22.3367359647397 0.923122561107861
22.3443201270045 0.934800758373598
22.3519042892693 0.945547125913665
22.3594884515342 0.955350951515197
22.367072613799 0.964202462511613
22.3746567760638 0.972092835524257
22.3822409383286 0.979014205257714
22.3898251005935 0.98495967234011
22.3974092628583 0.989923310200558
22.4049934251231 0.993900170976888
22.4125775873879 0.996886290447793
22.4201617496528 0.998878691984443
22.4277459119176 0.999875389517657
22.4353300741824 0.999875389517657
22.4429142364472 0.998878691984443
22.4504983987121 0.996886290447793
22.4580825609769 0.993900170976888
22.4656667232417 0.989923310200558
22.4732508855065 0.98495967234011
22.4808350477714 0.979014205257714
22.4884192100362 0.972092835524257
22.496003372301 0.964202462511613
22.5035875345658 0.955350951515197
22.5111716968307 0.945547125913666
22.5187558590955 0.934800758373598
22.5263400213603 0.923122561107861
22.5339241836251 0.910524175197464
22.54150834589 0.89701815898746
22.5490925081548 0.882617975568545
22.5566766704196 0.867337979356714
22.5642608326844 0.851193401784496
22.5718449949492 0.83420033611792
22.5794291572141 0.816375721414395
22.5870133194789 0.797737325637517
22.5945974817437 0.778303727945529
22.6021816440085 0.758094300171247
22.6097658062734 0.737129187511783
22.6173499685382 0.715429288447367
22.624934130803 0.693016233909329
22.6325182930678 0.669912365717855
22.6401024553327 0.646140714311212
22.6476866175975 0.621724975788499
22.6552707798623 0.596689488288851
22.6628549421271 0.571059207730692
22.670439104392 0.54485968293507
22.6780232666568 0.51811703015808
22.6856074289216 0.490857907057599
22.6931915911864 0.463109486120343
22.7007757534513 0.434899427575791
22.7083599157161 0.406255851823789
22.7159440779809 0.377207311403579
22.7235282402457 0.347782762531988
22.7311124025106 0.318011536239234
22.7386965647754 0.287923309131165
22.7462807270402 0.257548073806897
22.753864889305 0.226916108961594
22.7614490515698 0.196057949203985
22.7690332138347 0.165004354618795
22.7766173760995 0.133786280104478
22.7842015383643 0.102434844516615
22.7917857006291 0.0709812996480198
22.799369862894 0.0394569990762598
22.8069540251588 0.00789336690970934
22.8145381874236 -0.0236781335366247
22.8221223496884 -0.0552260311045066
22.8297065119533 -0.0867188781635461
22.8372906742181 -0.1181252819589
22.8448748364829 -0.149413935904265
22.8524589987477 -0.180553650788903
22.8600431610126 -0.211513385867817
22.8676273232774 -0.242262279803778
22.8752114855422 -0.272769681430609
22.882795647807 -0.303005180306876
22.8903798100719 -0.332938637029762
22.8979639723367 -0.362540213278622
22.9055481346015 -0.391780401558488
22.9131322968663 -0.420630054613789
22.9207164591312 -0.449060414482923
22.928300621396 -0.47704314116489
22.9358847836608 -0.504550340869175
22.9434689459256 -0.531554593820896
22.9510531081905 -0.558028981593445
22.9586372704553 -0.583947113941309
22.9662214327201 -0.609283155106516
22.9738055949849 -0.634011849572236
22.9813897572497 -0.658108547238032
22.9889739195146 -0.681549227991638
22.9965580817794 -0.704310525652673
23.0041422440442 -0.726369751264639
23.011726406309 -0.747704915711706
23.0193105685739 -0.768294751637966
23.0268947308387 -0.788118734647195
23.0344788931035 -0.807157103761987
23.0420630553683 -0.825390881121975
23.0496472176332 -0.842801890901348
23.057231379898 -0.859372777426916
23.0648155421628 -0.875087022478595
23.0723997044276 -0.889928961755181
23.0799838666925 -0.903883800488823
23.0875680289573 -0.916937628192787
23.0951521912221 -0.929077432527733
23.1027363534869 -0.940291112272677
23.1103205157518 -0.950567489387783
23.1179046780166 -0.959896320156856
23.1254888402814 -0.968268305398506
23.1330730025462 -0.975675099735775
23.1406571648111 -0.982109319914981
23.1482413270759 -0.987564552165524
23.1558254893407 -0.992035358593257
23.1634096516055 -0.995517282601105
23.1709938138704 -0.998006853331494
23.1785779761352 -0.999501589126174
23.1861621384 -1
23.2053271527799 -0.999501589126174
23.2244921671598 -0.998006853331493
23.2436571815397 -0.995517282601106
23.2628221959196 -0.992035358593258
23.2819872102995 -0.987564552165524
23.3011522246794 -0.98210931991498
23.3203172390593 -0.975675099735774
23.3394822534392 -0.968268305398507
23.3586472678191 -0.959896320156858
23.377812282199 -0.950567489387783
23.3969772965789 -0.940291112272675
23.4161423109588 -0.929077432527731
23.4353073253387 -0.916937628192788
23.4544723397186 -0.903883800488824
23.4736373540985 -0.88992896175518
23.4928023684784 -0.875087022478592
23.5119673828583 -0.859372777426912
23.5311323972382 -0.84280189090135
23.5502974116181 -0.825390881121977
23.569462425998 -0.807157103761985
23.5886274403779 -0.788118734647191
23.6077924547578 -0.768294751637971
23.6269574691377 -0.747704915711708
23.6461224835176 -0.726369751264641
23.6652874978975 -0.704310525652672
23.6844525122774 -0.681549227991632
23.7036175266573 -0.658108547238038
23.7227825410372 -0.634011849572238
23.7419475554171 -0.609283155106518
23.761112569797 -0.583947113941306
23.7802775841769 -0.558028981593438
23.7994425985568 -0.531554593820902
23.8186076129367 -0.504550340869176
23.8377726273166 -0.477043141164891
23.8569376416965 -0.44906041448292
23.8761026560764 -0.420630054613782
23.8952676704563 -0.391780401558494
23.9144326848362 -0.362540213278623
23.9335976992161 -0.332938637029763
23.952762713596 -0.303005180306872
23.9719277279759 -0.2727696814306
23.9910927423558 -0.242262279803784
24.0102577567357 -0.211513385867817
24.0294227711156 -0.180553650788904
24.0485877854955 -0.14941393590426
24.0677527998754 -0.118125281958905
24.0869178142553 -0.0867188781635516
24.1060828286352 -0.0552260311045066
24.1252478430151 -0.0236781335366259
24.144412857395 0.00789336690971375
24.1635778717749 0.0394569990762556
24.1827428861548 0.0709812996480151
24.2019079005347 0.102434844516615
24.2210729149146 0.133786280104477
24.2402379292945 0.1650043546188
24.2594029436744 0.196057949203981
24.2785679580543 0.22691610896159
24.2977329724342 0.257548073806898
24.3168979868141 0.287923309131165
24.336063001194 0.318011536239239
24.3552280155739 0.347782762531985
24.3743930299538 0.377207311403575
24.3935580443337 0.406255851823791
24.4127230587136 0.434899427575791
24.4318880730935 0.463109486120348
24.4510530874734 0.490857907057596
24.4702181018533 0.518117030158077
24.4893831162332 0.544859682935072
24.5085481306131 0.571059207730693
24.527713144993 0.596689488288857
24.5468781593729 0.621724975788493
24.5660431737528 0.64614071431121
24.5852081881327 0.669912365717857
24.6043732025126 0.693016233909331
24.6235382168925 0.715429288447372
24.6427032312724 0.737129187511777
24.6618682456523 0.758094300171245
24.6810332600322 0.778303727945531
24.7001982744121 0.797737325637518
24.719363288792 0.8163757214144
24.7385283031719 0.834200336117916
24.7576933175518 0.851193401784495
24.7768583319317 0.867337979356716
24.7960233463116 0.882617975568546
24.8151883606915 0.897018158987464
24.8343533750714 0.910524175197461
24.8535183894513 0.923122561107861
24.8726834038312 0.934800758373599
24.8918484182111 0.945547125913667
24.911013432591 0.955350951515195
24.9301784469709 0.964202462511611
24.9493434613508 0.972092835524257
24.9685084757307 0.979014205257715
24.9876734901106 0.98495967234011
25.0068385044905 0.989923310200557
25.0260035188704 0.993900170976888
25.0451685332503 0.996886290447793
25.0643335476302 0.998878691984444
25.08349856201 0.999875389517657
25.10266357639 0.999875389517657
25.1218285907698 0.998878691984444
25.1409936051497 0.996886290447793
25.1601586195296 0.993900170976888
25.1793236339095 0.989923310200557
25.1984886482894 0.98495967234011
25.2176536626693 0.979014205257715
25.2368186770492 0.972092835524257
25.2559836914291 0.964202462511613
25.275148705809 0.955350951515195
25.2943137201889 0.945547125913667
25.3134787345688 0.934800758373599
25.3326437489487 0.923122561107861
25.3518087633286 0.910524175197461
25.3709737777085 0.897018158987464
25.3901387920884 0.882617975568546
25.4093038064683 0.867337979356716
25.4284688208482 0.851193401784495
25.4476338352281 0.83420033611792
25.466798849608 0.8163757214144
25.4859638639879 0.797737325637519
25.5051288783678 0.778303727945531
25.5242938927477 0.758094300171245
25.5434589071276 0.737129187511777
25.5626239215075 0.715429288447372
25.5817889358874 0.693016233909331
25.6009539502673 0.669912365717857
25.6201189646472 0.646140714311209
25.6392839790271 0.621724975788498
25.658448993407 0.596689488288856
25.6776140077869 0.571059207730694
25.6967790221668 0.544859682935073
25.7159440365467 0.518117030158077
25.7351090509266 0.490857907057596
25.7542740653065 0.463109486120348
25.7734390796864 0.434899427575792
25.7926040940663 0.40625585182379
25.8117691084462 0.377207311403576
25.8309341228261 0.347782762531986
25.850099137206 0.318011536239239
25.8692641515859 0.287923309131165
25.8884291659658 0.257548073806899
25.9075941803457 0.22691610896159
25.9267591947256 0.196057949203975
25.9459242091055 0.1650043546188
25.9650892234854 0.133786280104478
25.9842542378653 0.102434844516616
26.0034192522452 0.0709812996480153
26.0225842666251 0.0394569990762554
26.041749281005 0.00789336690971467
26.0609142953849 -0.0236781335366256
26.0800793097648 -0.0552260311045066
26.0992443241447 -0.0867188781635514
26.1184093385246 -0.118125281958905
26.1375743529045 -0.14941393590426
26.1567393672844 -0.180553650788904
26.1759043816643 -0.211513385867818
26.1950693960442 -0.242262279803784
26.2142344104241 -0.2727696814306
26.233399424804 -0.303005180306872
26.2525644391839 -0.332938637029763
26.2717294535638 -0.362540213278623
26.2908944679437 -0.391780401558494
26.3100594823236 -0.420630054613781
26.3292244967035 -0.44906041448292
26.3483895110834 -0.477043141164891
26.3675545254633 -0.504550340869175
26.3867195398432 -0.531554593820902
26.4058845542231 -0.558028981593437
26.425049568603 -0.583947113941306
26.4442145829829 -0.609283155106518
26.4633795973628 -0.634011849572237
26.4825446117427 -0.658108547238038
26.5017096261226 -0.681549227991632
26.5208746405025 -0.704310525652671
26.5400396548824 -0.726369751264641
26.5592046692623 -0.747704915711708
26.5783696836422 -0.768294751637971
26.5975346980221 -0.788118734647191
26.616699712402 -0.807157103761985
26.6358647267819 -0.825390881121977
26.6550297411618 -0.84280189090135
26.6741947555417 -0.859372777426912
26.6933597699216 -0.875087022478592
26.7125247843015 -0.88992896175518
26.7316897986814 -0.903883800488824
26.7508548130613 -0.916937628192788
26.7700198274412 -0.929077432527731
26.7891848418211 -0.940291112272674
26.808349856201 -0.950567489387783
26.8275148705809 -0.959896320156858
26.8466798849608 -0.968268305398507
26.8658448993407 -0.975675099735774
26.8850099137206 -0.98210931991498
26.9041749281005 -0.987564552165524
26.9233399424804 -0.992035358593258
26.9425049568603 -0.995517282601106
26.9616699712402 -0.998006853331493
26.9808349856201 -0.999501589126174
27 -1
