0 -1
0.00968634151055276 -0.999501589126174
0.0193726830211055 -0.998006853331493
0.0290590245316583 -0.995517282601106
0.0387453660422111 -0.992035358593258
0.0484317075527638 -0.987564552165524
0.0581180490633166 -0.98210931991498
0.0678043905738693 -0.975675099735774
0.0774907320844221 -0.968268305398507
0.0871770735949749 -0.959896320156857
0.0968634151055276 -0.950567489387783
0.10654975661608 -0.940291112272676
0.116236098126633 -0.929077432527731
0.125922439637186 -0.916937628192789
0.135608781147739 -0.903883800488824
0.145295122658291 -0.88992896175518
0.154981464168844 -0.875087022478594
0.164667805679397 -0.859372777426912
0.17435414718995 -0.842801890901351
0.184040488700502 -0.825390881121976
0.193726830211055 -0.807157103761985
0.203413171721608 -0.788118734647192
0.213099513232161 -0.768294751637971
0.222785854742714 -0.747704915711709
0.232472196253266 -0.726369751264639
0.242158537763819 -0.704310525652672
0.251844879274372 -0.681549227991634
0.261531220784925 -0.658108547238038
0.271217562295477 -0.634011849572239
0.28090390380603 -0.609283155106517
0.290590245316583 -0.583947113941306
0.300276586827136 -0.55802898159344
0.309962928337688 -0.531554593820901
0.319649269848241 -0.504550340869177
0.329335611358794 -0.47704314116489
0.339021952869347 -0.44906041448292
0.3487082943799 -0.420630054613784
0.358394635890452 -0.391780401558493
0.368080977401005 -0.362540213278625
0.377767318911558 -0.332938637029761
0.387453660422111 -0.303005180306873
0.397140001932663 -0.272769681430603
0.406826343443216 -0.242262279803783
0.416512684953769 -0.211513385867819
0.426199026464322 -0.180553650788902
0.435885367974874 -0.149413935904261
0.445571709485427 -0.118125281958908
0.45525805099598 -0.0867188781635509
0.464944392506533 -0.0552260311045082
0.474630734017085 -0.0236781335366239
0.484317075527638 0.00789336690971309
0.494003417038191 0.0394569990762527
0.503689758548744 0.0709812996480156
0.513376100059296 0.102434844516613
0.523062441569849 0.133786280104479
0.532748783080402 0.165004354618799
0.542435124590955 0.196057949203978
0.552121466101507 0.22691610896159
0.56180780761206 0.257548073806896
0.571494149122613 0.287923309131166
0.581180490633166 0.318011536239238
0.590866832143719 0.347782762531982
0.600553173654271 0.377207311403576
0.610239515164824 0.406255851823789
0.619925856675377 0.434899427575793
0.62961219818593 0.463109486120348
0.639298539696482 0.490857907057594
0.648984881207035 0.518117030158077
0.658671222717588 0.54485968293507
0.668357564228141 0.571059207730695
0.678043905738693 0.596689488288856
0.687730247249246 0.621724975788495
0.697416588759799 0.64614071431121
0.707102930270352 0.669912365717855
0.716789271780904 0.693016233909331
0.726475613291457 0.715429288447371
0.73616195480201 0.737129187511779
0.745848296312563 0.758094300171245
0.755534637823116 0.77830372794553
0.765220979333668 0.79773732563752
0.774907320844221 0.816375721414399
0.784593662354774 0.834200336117918
0.794280003865327 0.851193401784495
0.803966345375879 0.867337979356715
0.813652686886432 0.882617975568547
0.823339028396985 0.897018158987464
0.833025369907538 0.910524175197462
0.84271171141809 0.923122561107861
0.852398052928643 0.934800758373598
0.862084394439196 0.945547125913667
0.871770735949749 0.955350951515195
0.881457077460302 0.964202462511612
0.891143418970854 0.972092835524257
0.900829760481407 0.979014205257714
0.91051610199196 0.98495967234011
0.920202443502513 0.989923310200557
0.929888785013065 0.993900170976888
0.939575126523618 0.996886290447793
0.949261468034171 0.998878691984444
0.958947809544724 0.999875389517657
0.968634151055276 0.999875389517657
0.978320492565829 0.998878691984444
0.988006834076382 0.996886290447793
0.997693175586935 0.993900170976888
1.00737951709749 0.989923310200557
1.01706585860804 0.984959672340111
1.02675220011859 0.979014205257715
1.03643854162915 0.972092835524257
1.0461248831397 0.964202462511612
1.05581122465025 0.955350951515195
1.0654975661608 0.945547125913667
1.07518390767136 0.934800758373598
1.08487024918191 0.923122561107861
1.09455659069246 0.910524175197462
1.10424293220301 0.897018158987464
1.11392927371357 0.882617975568547
1.12361561522412 0.867337979356715
1.13330195673467 0.851193401784495
1.14298829824523 0.834200336117918
1.15267463975578 0.816375721414399
1.16236098126633 0.79773732563752
1.17204732277688 0.77830372794553
1.18173366428744 0.758094300171246
1.19142000579799 0.737129187511779
1.20110634730854 0.715429288447372
1.2107926888191 0.693016233909332
1.22047903032965 0.669912365717855
1.2301653718402 0.646140714311209
1.23985171335075 0.621724975788495
1.24953805486131 0.596689488288856
1.25922439637186 0.571059207730695
1.26891073788241 0.54485968293507
1.27859707939296 0.518117030158078
1.28828342090352 0.490857907057593
1.29796976241407 0.463109486120348
1.30765610392462 0.434899427575793
1.31734244543518 0.40625585182379
1.32702878694573 0.377207311403576
1.33671512845628 0.347782762531982
1.34640146996683 0.318011536239238
1.35608781147739 0.287923309131167
1.36577415298794 0.257548073806896
1.37546049449849 0.22691610896159
1.38514683600905 0.196057949203978
1.3948331775196 0.165004354618799
1.40451951903015 0.133786280104479
1.4142058605407 0.102434844516614
1.42389220205126 0.0709812996480162
1.43357854356181 0.0394569990762536
1.44326488507236 0.00789336690971289
1.45295122658291 -0.0236781335366239
1.46263756809347 -0.0552260311045075
1.47232390960402 -0.0867188781635505
1.48201025111457 -0.118125281958908
1.49169659262513 -0.14941393590426
1.50138293413568 -0.180553650788902
1.51106927564623 -0.211513385867819
1.52075561715678 -0.242262279803782
1.53044195866734 -0.272769681430604
1.54012830017789 -0.303005180306872
1.54981464168844 -0.332938637029761
1.55950098319899 -0.362540213278624
1.56918732470955 -0.391780401558494
1.5788736662201 -0.420630054613784
1.58856000773065 -0.44906041448292
1.59824634924121 -0.47704314116489
1.60793269075176 -0.504550340869177
1.61761903226231 -0.531554593820901
1.62730537377286 -0.55802898159344
1.63699171528342 -0.583947113941306
1.64667805679397 -0.609283155106517
1.65636439830452 -0.634011849572239
1.66605073981508 -0.658108547238037
1.67573708132563 -0.681549227991634
1.68542342283618 -0.704310525652672
1.69510976434673 -0.72636975126464
1.70479610585729 -0.747704915711709
1.71448244736784 -0.768294751637971
1.72416878887839 -0.788118734647193
1.73385513038894 -0.807157103761985
1.7435414718995 -0.825390881121976
1.75322781341005 -0.842801890901351
1.7629141549206 -0.859372777426912
1.77260049643116 -0.875087022478593
1.78228683794171 -0.88992896175518
1.79197317945226 -0.903883800488824
1.80165952096281 -0.916937628192788
1.81134586247337 -0.929077432527731
1.82103220398392 -0.940291112272675
1.83071854549447 -0.950567489387782
1.84040488700503 -0.959896320156857
1.85009122851558 -0.968268305398507
1.85977757002613 -0.975675099735774
1.86946391153668 -0.98210931991498
1.87915025304724 -0.987564552165524
1.88883659455779 -0.992035358593258
1.89852293606834 -0.995517282601106
1.90820927757889 -0.998006853331493
1.91789561908945 -0.999501589126174
1.9275819606 -1
1.94588454739045 -0.999501589126174
1.9641871341809 -0.998006853331493
1.98248972097136 -0.995517282601106
2.00079230776181 -0.992035358593258
2.01909489455226 -0.987564552165524
2.03739748134271 -0.98210931991498
2.05570006813317 -0.975675099735774
2.07400265492362 -0.968268305398507
2.09230524171407 -0.959896320156857
2.11060782850452 -0.950567489387783
2.12891041529497 -0.940291112272676
2.14721300208543 -0.92907743252773
2.16551558887588 -0.916937628192789
2.18381817566633 -0.903883800488823
2.20212076245678 -0.88992896175518
2.22042334924724 -0.875087022478594
2.23872593603769 -0.859372777426912
2.25702852282814 -0.842801890901351
2.27533110961859 -0.825390881121976
2.29363369640905 -0.807157103761985
2.3119362831995 -0.788118734647193
2.33023886998995 -0.768294751637971
2.3485414567804 -0.747704915711709
2.36684404357085 -0.726369751264639
2.38514663036131 -0.704310525652672
2.40344921715176 -0.681549227991634
2.42175180394221 -0.658108547238038
2.44005439073266 -0.634011849572239
2.45835697752312 -0.609283155106517
2.47665956431357 -0.583947113941306
2.49496215110402 -0.55802898159344
2.51326473789447 -0.531554593820902
2.53156732468492 -0.504550340869177
2.54986991147538 -0.477043141164889
2.56817249826583 -0.44906041448292
2.58647508505628 -0.420630054613785
2.60477767184673 -0.391780401558493
2.62308025863719 -0.362540213278624
2.64138284542764 -0.332938637029761
2.65968543221809 -0.303005180306873
2.67798801900854 -0.272769681430603
2.696290605799 -0.242262279803783
2.71459319258945 -0.211513385867819
2.7328957793799 -0.180553650788903
2.75119836617035 -0.149413935904261
2.7695009529608 -0.118125281958908
2.78780353975126 -0.0867188781635507
2.80610612654171 -0.0552260311045084
2.82440871333216 -0.0236781335366239
2.84271130012261 0.00789336690971375
2.86101388691307 0.0394569990762529
2.87931647370352 0.0709812996480156
2.89761906049397 0.102434844516614
2.91592164728442 0.133786280104479
2.93422423407487 0.165004354618799
2.95252682086533 0.196057949203978
2.97082940765578 0.22691610896159
2.98913199444623 0.257548073806897
3.00743458123668 0.287923309131167
3.02573716802714 0.318011536239238
3.04403975481759 0.347782762531983
3.06234234160804 0.377207311403576
3.08064492839849 0.406255851823789
3.09894751518894 0.434899427575793
3.1172501019794 0.463109486120347
3.13555268876985 0.490857907057594
3.1538552755603 0.518117030158078
3.17215786235075 0.54485968293507
3.19046044914121 0.571059207730694
3.20876303593166 0.596689488288856
3.22706562272211 0.621724975788495
3.24536820951256 0.64614071431121
3.26367079630302 0.669912365717856
3.28197338309347 0.693016233909331
3.30027596988392 0.715429288447372
3.31857855667437 0.737129187511779
3.33688114346482 0.758094300171245
3.35518373025528 0.77830372794553
3.37348631704573 0.797737325637519
3.39178890383618 0.816375721414399
3.41009149062663 0.834200336117917
3.42839407741709 0.851193401784495
3.44669666420754 0.867337979356715
3.46499925099799 0.882617975568547
3.48330183778844 0.897018158987463
3.50160442457889 0.910524175197462
3.51990701136935 0.923122561107861
3.5382095981598 0.934800758373598
3.55651218495025 0.945547125913667
3.5748147717407 0.955350951515195
3.59311735853116 0.964202462511612
3.61141994532161 0.972092835524257
3.62972253211206 0.979014205257714
3.64802511890251 0.984959672340111
3.66632770569297 0.989923310200557
3.68463029248342 0.993900170976888
3.70293287927387 0.996886290447793
3.72123546606432 0.998878691984444
3.73953805285477 0.999875389517657
3.75784063964523 0.999875389517657
3.77614322643568 0.998878691984444
3.79444581322613 0.996886290447793
3.81274840001658 0.993900170976888
3.83105098680704 0.989923310200557
3.84935357359749 0.984959672340111
3.86765616038794 0.979014205257715
3.88595874717839 0.972092835524257
3.90426133396884 0.964202462511612
3.9225639207593 0.955350951515195
3.94086650754975 0.945547125913667
3.9591690943402 0.934800758373598
3.97747168113065 0.923122561107861
3.99577426792111 0.910524175197462
4.01407685471156 0.897018158987464
4.03237944150201 0.882617975568547
4.05068202829246 0.867337979356715
4.06898461508291 0.851193401784495
4.08728720187337 0.834200336117918
4.10558978866382 0.816375721414399
4.12389237545427 0.797737325637519
4.14219496224472 0.77830372794553
4.16049754903518 0.758094300171246
4.17880013582563 0.737129187511778
4.19710272261608 0.715429288447372
4.21540530940653 0.693016233909332
4.23370789619699 0.669912365717854
4.25201048298744 0.646140714311211
4.27031306977789 0.621724975788495
4.28861565656834 0.596689488288856
4.30691824335879 0.571059207730695
4.32522083014925 0.54485968293507
4.3435234169397 0.518117030158077
4.36182600373015 0.490857907057594
4.3801285905206 0.463109486120348
4.39843117731106 0.434899427575794
4.41673376410151 0.406255851823789
4.43503635089196 0.377207311403576
4.45333893768241 0.347782762531982
4.47164152447286 0.318011536239239
4.48994411126332 0.287923309131167
4.50824669805377 0.257548073806896
4.52654928484422 0.22691610896159
4.54485187163467 0.196057949203978
4.56315445842513 0.165004354618799
4.58145704521558 0.133786280104478
4.59975963200603 0.102434844516613
4.61806221879648 0.0709812996480171
4.63636480558693 0.0394569990762545
4.65466739237739 0.00789336690971289
4.67296997916784 -0.023678133536623
4.69127256595829 -0.0552260311045075
4.70957515274874 -0.0867188781635505
4.7278777395392 -0.118125281958906
4.74618032632965 -0.14941393590426
4.7644829131201 -0.180553650788901
4.78278549991055 -0.211513385867818
4.80108808670101 -0.242262279803783
4.81939067349146 -0.272769681430602
4.83769326028191 -0.303005180306872
4.85599584707236 -0.332938637029761
4.87429843386281 -0.362540213278623
4.89260102065327 -0.391780401558493
4.91090360744372 -0.420630054613785
4.92920619423417 -0.449060414482919
4.94750878102462 -0.47704314116489
4.96581136781507 -0.504550340869176
4.98411395460553 -0.531554593820901
5.00241654139598 -0.55802898159344
5.02071912818643 -0.583947113941305
5.03902171497688 -0.609283155106517
5.05732430176734 -0.63401184957224
5.07562688855779 -0.658108547238037
5.09392947534824 -0.681549227991634
5.11223206213869 -0.704310525652672
5.13053464892915 -0.726369751264639
5.1488372357196 -0.747704915711709
5.16713982251005 -0.768294751637971
5.1854424093005 -0.788118734647193
5.20374499609095 -0.807157103761985
5.22204758288141 -0.825390881121976
5.24035016967186 -0.842801890901351
5.25865275646231 -0.859372777426912
5.27695534325276 -0.875087022478593
5.29525793004322 -0.889928961755181
5.31356051683367 -0.903883800488823
5.33186310362412 -0.916937628192789
5.35016569041457 -0.92907743252773
5.36846827720503 -0.940291112272675
5.38677086399548 -0.950567489387783
5.40507345078593 -0.959896320156857
5.42337603757638 -0.968268305398507
5.44167862436683 -0.975675099735774
5.45998121115729 -0.98210931991498
5.47828379794774 -0.987564552165524
5.49658638473819 -0.992035358593258
5.51488897152864 -0.995517282601106
5.5331915583191 -0.998006853331493
5.55149414510955 -0.999501589126174
5.5697967319 -1
5.5769519249 -0.999501589126174
5.5841071179 -0.998006853331493
5.5912623109 -0.995517282601106
5.5984175039 -0.992035358593258
5.6055726969 -0.987564552165524
5.6127278899 -0.98210931991498
5.6198830829 -0.975675099735774
5.6270382759 -0.968268305398507
5.6341934689 -0.959896320156857
5.6413486619 -0.950567489387783
5.6485038549 -0.940291112272675
5.6556590479 -0.92907743252773
5.6628142409 -0.916937628192789
5.6699694339 -0.903883800488823
5.6771246269 -0.88992896175518
5.6842798199 -0.875087022478594
5.6914350129 -0.859372777426912
5.6985902059 -0.84280189090135
5.7057453989 -0.825390881121976
5.7129005919 -0.807157103761985
5.7200557849 -0.788118734647192
5.7272109779 -0.76829475163797
5.7343661709 -0.747704915711709
5.7415213639 -0.726369751264639
5.7486765569 -0.704310525652672
5.7558317499 -0.681549227991633
5.7629869429 -0.658108547238037
5.7701421359 -0.634011849572238
5.7772973289 -0.609283155106516
5.7844525219 -0.583947113941306
5.7916077149 -0.55802898159344
5.7987629079 -0.531554593820901
5.8059181009 -0.504550340869177
5.8130732939 -0.477043141164889
5.8202284869 -0.44906041448292
5.8273836799 -0.420630054613784
5.8345388729 -0.391780401558493
5.8416940659 -0.362540213278624
5.8488492589 -0.33293863702976
5.8560044519 -0.303005180306872
5.8631596449 -0.272769681430602
5.8703148379 -0.242262279803782
5.8774700309 -0.211513385867818
5.8846252239 -0.180553650788901
5.8917804169 -0.14941393590426
5.8989356099 -0.118125281958907
5.9060908029 -0.0867188781635498
5.9132459959 -0.0552260311045073
5.9204011889 -0.023678133536623
5.9275563819 0.0078933669097142
5.9347115749 0.0394569990762536
5.9418667679 0.0709812996480171
5.9490219609 0.102434844516614
5.9561771539 0.13378628010448
5.9633323469 0.1650043546188
5.9704875399 0.196057949203979
5.9776427329 0.226916108961591
5.9847979259 0.257548073806898
5.9919531189 0.287923309131168
5.9991083119 0.318011536239239
6.0062635049 0.347782762531983
6.0134186979 0.377207311403577
6.0205738909 0.40625585182379
6.0277290839 0.434899427575794
6.0348842769 0.463109486120349
6.0420394699 0.490857907057595
6.0491946629 0.518117030158078
6.0563498559 0.544859682935072
6.0635050489 0.571059207730696
6.0706602419 0.596689488288857
6.0778154349 0.621724975788496
6.0849706279 0.646140714311211
6.0921258209 0.669912365717856
6.0992810139 0.693016233909333
6.1064362069 0.715429288447372
6.1135913999 0.73712918751178
6.1207465929 0.758094300171246
6.1279017859 0.778303727945531
6.1350569789 0.79773732563752
6.1422121719 0.8163757214144
6.1493673649 0.834200336117918
6.1565225579 0.851193401784495
6.1636777509 0.867337979356715
6.1708329439 0.882617975568548
6.1779881369 0.897018158987464
6.1851433299 0.910524175197463
6.1922985229 0.92312256110786
6.1994537159 0.934800758373599
6.2066089089 0.945547125913668
6.2137641019 0.955350951515195
6.2209192949 0.964202462511611
6.2280744879 0.972092835524258
6.2352296809 0.979014205257715
6.2423848739 0.984959672340111
6.2495400669 0.989923310200557
6.2566952599 0.993900170976888
6.2638504529 0.996886290447793
6.2710056459 0.998878691984444
6.2781608389 0.999875389517657
6.2853160319 0.999875389517657
6.2924712249 0.998878691984444
6.2996264179 0.996886290447793
6.3067816109 0.993900170976888
6.3139368039 0.989923310200557
6.3210919969 0.984959672340111
6.3282471899 0.979014205257714
6.3354023829 0.972092835524257
6.3425575759 0.964202462511611
6.3497127689 0.955350951515195
6.3568679619 0.945547125913668
6.3640231549 0.934800758373599
6.3711783479 0.923122561107861
6.3783335409 0.910524175197463
6.3854887339 0.897018158987463
6.3926439269 0.882617975568548
6.3997991199 0.867337979356716
6.4069543129 0.851193401784496
6.4141095059 0.834200336117919
6.4212646989 0.8163757214144
6.4284198919 0.797737325637518
6.4355750849 0.778303727945531
6.4427302779 0.758094300171247
6.4498854709 0.73712918751178
6.4570406639 0.715429288447373
6.4641958569 0.693016233909333
6.4713510499 0.669912365717856
6.4785062429 0.646140714311211
6.4856614359 0.621724975788497
6.4928166289 0.596689488288857
6.4999718219 0.571059207730696
6.5071270149 0.544859682935072
6.5142822079 0.518117030158079
6.5214374009 0.490857907057595
6.5285925939 0.463109486120349
6.5357477869 0.434899427575794
6.5429029799 0.40625585182379
6.5500581729 0.377207311403577
6.5572133659 0.347782762531983
6.5643685589 0.31801153623924
6.5715237519 0.287923309131167
6.5786789449 0.257548073806897
6.5858341379 0.226916108961591
6.5929893309 0.196057949203979
6.6001445239 0.165004354618801
6.6072997169 0.13378628010448
6.6144549099 0.102434844516615
6.6216101029 0.0709812996480171
6.6287652959 0.0394569990762545
6.6359204889 0.00789336690971467
6.6430756819 -0.023678133536623
6.6502308749 -0.0552260311045066
6.6573860679 -0.0867188781635496
6.6645412609 -0.118125281958907
6.6716964539 -0.14941393590426
6.6788516469 -0.180553650788901
6.6860068399 -0.211513385867818
6.6931620329 -0.242262279803782
6.7003172259 -0.272769681430602
6.7074724189 -0.303005180306871
6.7146276119 -0.33293863702976
6.7217828049 -0.362540213278624
6.7289379979 -0.391780401558492
6.7360931909 -0.420630054613784
6.7432483839 -0.44906041448292
6.7504035769 -0.477043141164889
6.7575587699 -0.504550340869177
6.7647139629 -0.531554593820901
6.7718691559 -0.558028981593439
6.7790243489 -0.583947113941305
6.7861795419 -0.609283155106516
6.7933347349 -0.634011849572238
6.8004899279 -0.658108547238037
6.8076451209 -0.681549227991633
6.8148003139 -0.704310525652671
6.8219555069 -0.726369751264639
6.8291106999 -0.747704915711709
6.8362658929 -0.76829475163797
6.8434210859 -0.788118734647193
6.8505762789 -0.807157103761985
6.8577314719 -0.825390881121976
6.8648866649 -0.84280189090135
6.8720418579 -0.859372777426912
6.8791970509 -0.875087022478594
6.8863522439 -0.88992896175518
6.8935074369 -0.903883800488823
6.9006626299 -0.916937628192789
6.9078178229 -0.92907743252773
6.9149730159 -0.940291112272676
6.9221282089 -0.950567489387783
6.9292834019 -0.959896320156857
6.9364385949 -0.968268305398507
6.9435937879 -0.975675099735774
6.9507489809 -0.98210931991498
6.9579041739 -0.987564552165524
6.9650593669 -0.992035358593258
6.9722145599 -0.995517282601106
6.9793697529 -0.998006853331493
6.9865249459 -0.999501589126174
6.9936801389 -1
7.01350944037337 -0.999501589126174
7.03333874184673 -0.998006853331493
7.0531680433201 -0.995517282601106
7.07299734479347 -0.992035358593258
7.09282664626683 -0.987564552165524
7.1126559477402 -0.98210931991498
7.13248524921357 -0.975675099735774
7.15231455068693 -0.968268305398507
7.1721438521603 -0.959896320156857
7.19197315363367 -0.950567489387783
7.21180245510704 -0.940291112272676
7.2316317565804 -0.929077432527731
7.25146105805377 -0.916937628192789
7.27129035952714 -0.903883800488824
7.2911196610005 -0.88992896175518
7.31094896247387 -0.875087022478594
7.33077826394724 -0.859372777426912
7.3506075654206 -0.842801890901351
7.37043686689397 -0.825390881121977
7.39026616836734 -0.807157103761986
7.4100954698407 -0.788118734647193
7.42992477131407 -0.768294751637971
7.44975407278744 -0.747704915711709
7.4695833742608 -0.72636975126464
7.48941267573417 -0.704310525652673
7.50924197720754 -0.681549227991634
7.5290712786809 -0.658108547238038
7.54890058015427 -0.634011849572238
7.56872988162764 -0.609283155106516
7.58855918310101 -0.583947113941306
7.60838848457437 -0.55802898159344
7.62821778604774 -0.531554593820901
7.64804708752111 -0.504550340869177
7.66787638899447 -0.477043141164889
7.68770569046784 -0.44906041448292
7.70753499194121 -0.420630054613784
7.72736429341457 -0.391780401558493
7.74719359488794 -0.362540213278624
7.76702289636131 -0.332938637029761
7.78685219783467 -0.303005180306873
7.80668149930804 -0.272769681430603
7.82651080078141 -0.242262279803783
7.84634010225477 -0.211513385867819
7.86616940372814 -0.180553650788902
7.88599870520151 -0.149413935904261
7.90582800667487 -0.118125281958908
7.92565730814824 -0.0867188781635507
7.94548660962161 -0.0552260311045082
7.96531591109497 -0.0236781335366241
7.98514521256834 0.00789336690971331
8.00497451404171 0.0394569990762543
8.02480381551507 0.0709812996480144
8.04463311698844 0.102434844516615
8.06446241846181 0.133786280104477
8.08429171993518 0.1650043546188
8.10412102140854 0.196057949203979
8.12395032288191 0.226916108961591
8.14377962435528 0.257548073806898
8.16360892582864 0.287923309131167
8.18343822730201 0.318011536239239
8.20326752877538 0.347782762531983
8.22309683024874 0.377207311403577
8.24292613172211 0.40625585182379
8.26275543319548 0.434899427575794
8.28258473466884 0.463109486120348
8.30241403614221 0.490857907057594
8.32224333761558 0.518117030158078
8.34207263908895 0.544859682935071
8.36190194056231 0.571059207730696
8.38173124203568 0.596689488288857
8.40156054350905 0.621724975788496
8.42138984498241 0.64614071431121
8.44121914645578 0.669912365717856
8.46104844792915 0.693016233909332
8.48087774940251 0.715429288447372
8.50070705087588 0.737129187511779
8.52053635234925 0.758094300171246
8.54036565382261 0.77830372794553
8.56019495529598 0.79773732563752
8.58002425676935 0.816375721414399
8.59985355824271 0.834200336117918
8.61968285971608 0.851193401784495
8.63951216118945 0.867337979356715
8.65934146266281 0.882617975568547
8.67917076413618 0.897018158987464
8.69900006560955 0.910524175197462
8.71882936708291 0.923122561107861
8.73865866855628 0.934800758373598
8.75848797002965 0.945547125913667
8.77831727150302 0.955350951515195
8.79814657297638 0.964202462511612
8.81797587444975 0.972092835524257
8.83780517592312 0.979014205257714
8.85763447739648 0.984959672340111
8.87746377886985 0.989923310200557
8.89729308034322 0.993900170976888
8.91712238181658 0.996886290447793
8.93695168328995 0.998878691984444
8.95678098476332 0.999875389517657
8.97661028623668 0.999875389517657
8.99643958771005 0.998878691984444
9.01626888918342 0.996886290447793
9.03609819065678 0.993900170976888
9.05592749213015 0.989923310200557
9.07575679360352 0.984959672340111
9.09558609507688 0.979014205257715
9.11541539655025 0.972092835524257
9.13524469802362 0.964202462511612
9.15507399949698 0.955350951515195
9.17490330097035 0.945547125913667
9.19473260244372 0.934800758373598
9.21456190391708 0.923122561107861
9.23439120539045 0.910524175197462
9.25422050686382 0.897018158987464
9.27404980833719 0.882617975568547
9.29387910981055 0.867337979356715
9.31370841128392 0.851193401784495
9.33353771275729 0.834200336117918
9.35336701423065 0.816375721414399
9.37319631570402 0.79773732563752
9.39302561717739 0.77830372794553
9.41285491865075 0.758094300171246
9.43268422012412 0.73712918751178
9.45251352159749 0.715429288447372
9.47234282307085 0.693016233909332
9.49217212454422 0.669912365717856
9.51200142601759 0.64614071431121
9.53183072749095 0.621724975788496
9.55166002896432 0.596689488288856
9.57148933043769 0.571059207730696
9.59131863191105 0.544859682935071
9.61114793338442 0.518117030158079
9.63097723485779 0.490857907057595
9.65080653633115 0.463109486120349
9.67063583780452 0.434899427575794
9.69046513927789 0.40625585182379
9.71029444075126 0.377207311403577
9.73012374222462 0.347782762531984
9.74995304369799 0.31801153623924
9.76978234517136 0.287923309131168
9.78961164664472 0.257548073806897
9.80944094811809 0.226916108961591
9.82927024959146 0.19605794920398
9.84909955106482 0.165004354618801
9.86892885253819 0.133786280104481
9.88875815401156 0.102434844516611
9.90858745548492 0.0709812996480171
9.92841675695829 0.0394569990762518
9.94824605843166 0.00789336690971467
9.96807535990503 -0.0236781335366247
9.98790466137839 -0.0552260311045066
10.0077339628518 -0.0867188781635523
10.0275632643251 -0.118125281958906
10.0473925657985 -0.149413935904262
10.0672218672719 -0.1805536507889
10.0870511687452 -0.21151338586782
10.1068804702186 -0.242262279803781
10.126709771692 -0.272769681430604
10.1465390731653 -0.303005180306871
10.1663683746387 -0.332938637029762
10.1861976761121 -0.362540213278626
10.2060269775854 -0.391780401558494
10.2258562790588 -0.420630054613784
10.2456855805322 -0.449060414482921
10.2655148820055 -0.47704314116489
10.2853441834789 -0.504550340869178
10.3051734849523 -0.531554593820902
10.3250027864256 -0.55802898159344
10.344832087899 -0.583947113941307
10.3646613893724 -0.609283155106517
10.3844906908457 -0.63401184957224
10.4043199923191 -0.658108547238038
10.4241492937925 -0.681549227991634
10.4439785952658 -0.704310525652672
10.4638078967392 -0.726369751264639
10.4836371982126 -0.747704915711709
10.5034664996859 -0.768294751637971
10.5232958011593 -0.788118734647193
10.5431251026327 -0.807157103761986
10.562954404106 -0.825390881121976
10.5827837055794 -0.84280189090135
10.6026130070528 -0.859372777426912
10.6224423085261 -0.875087022478594
10.6422716099995 -0.889928961755181
10.6621009114729 -0.903883800488824
10.6819302129462 -0.916937628192789
10.7017595144196 -0.92907743252773
10.721588815893 -0.940291112272676
10.7414181173663 -0.950567489387783
10.7612474188397 -0.959896320156857
10.7810767203131 -0.968268305398507
10.8009060217864 -0.975675099735774
10.8207353232598 -0.98210931991498
10.8405646247332 -0.987564552165524
10.8603939262065 -0.992035358593258
10.8802232276799 -0.995517282601106
10.9000525291533 -0.998006853331493
10.9198818306266 -0.999501589126174
10.9397111321 -1
10.9469467547508 -0.999501589126174
10.9541823774015 -0.998006853331493
10.9614180000523 -0.995517282601106
10.968653622703 -0.992035358593258
10.9758892453538 -0.987564552165524
10.9831248680045 -0.982109319914981
10.9903604906553 -0.975675099735774
10.997596113306 -0.968268305398508
11.0048317359568 -0.959896320156858
11.0120673586075 -0.950567489387783
11.0193029812583 -0.940291112272676
11.026538603909 -0.929077432527731
11.0337742265598 -0.91693762819279
11.0410098492106 -0.903883800488825
11.0482454718613 -0.889928961755182
11.0554810945121 -0.875087022478595
11.0627167171628 -0.859372777426914
11.0699523398136 -0.842801890901352
11.0771879624643 -0.825390881121978
11.0844235851151 -0.807157103761983
11.0916592077658 -0.78811873464719
11.0988948304166 -0.768294751637968
11.1061304530673 -0.747704915711707
11.1133660757181 -0.726369751264637
11.1206016983688 -0.70431052565267
11.1278373210196 -0.681549227991632
11.1350729436704 -0.658108547238036
11.1423085663211 -0.634011849572237
11.1495441889719 -0.609283155106515
11.1567798116226 -0.583947113941305
11.1640154342734 -0.558028981593439
11.1712510569241 -0.5315545938209
11.1784866795749 -0.504550340869176
11.1857223022256 -0.477043141164889
11.1929579248764 -0.449060414482919
11.2001935475271 -0.420630054613784
11.2074291701779 -0.391780401558493
11.2146647928286 -0.362540213278624
11.2219004154794 -0.332938637029761
11.2291360381302 -0.303005180306873
11.2363716607809 -0.272769681430603
11.2436072834317 -0.242262279803784
11.2508429060824 -0.21151338586782
11.2580785287332 -0.180553650788903
11.2653141513839 -0.149413935904262
11.2725497740347 -0.118125281958909
11.2797853966854 -0.0867188781635523
11.2870210193362 -0.0552260311045097
11.2942566419869 -0.0236781335366259
11.3014922646377 0.00789336690971131
11.3087278872884 0.0394569990762505
11.3159635099392 0.0709812996480133
11.3231991325899 0.102434844516611
11.3304347552407 0.133786280104476
11.3376703778915 0.165004354618796
11.3449060005422 0.196057949203975
11.352141623193 0.226916108961587
11.3593772458437 0.257548073806893
11.3666128684945 0.287923309131163
11.3738484911452 0.318011536239242
11.381084113796 0.347782762531985
11.3883197364467 0.377207311403579
11.3955553590975 0.406255851823792
11.4027909817482 0.434899427575796
11.410026604399 0.46310948612035
11.4172622270497 0.490857907057596
11.4244978497005 0.518117030158079
11.4317334723513 0.544859682935072
11.438969095002 0.571059207730696
11.4462047176528 0.596689488288857
11.4534403403035 0.621724975788496
11.4606759629543 0.646140714311211
11.467911585605 0.669912365717856
11.4751472082558 0.693016233909332
11.4823828309065 0.715429288447372
11.4896184535573 0.737129187511779
11.496854076208 0.758094300171246
11.5040896988588 0.77830372794553
11.5113253215095 0.797737325637519
11.5185609441603 0.816375721414399
11.5257965668111 0.834200336117917
11.5330321894618 0.851193401784494
11.5402678121126 0.867337979356714
11.5475034347633 0.882617975568546
11.5547390574141 0.897018158987463
11.5619746800648 0.910524175197462
11.5692103027156 0.92312256110786
11.5764459253663 0.934800758373598
11.5836815480171 0.945547125913666
11.5909171706678 0.955350951515194
11.5981527933186 0.964202462511611
11.6053884159693 0.972092835524256
11.6126240386201 0.979014205257714
11.6198596612709 0.98495967234011
11.6270952839216 0.989923310200557
11.6343309065724 0.993900170976887
11.6415665292231 0.996886290447793
11.6488021518739 0.998878691984444
11.6560377745246 0.999875389517657
11.6632733971754 0.999875389517657
11.6705090198261 0.998878691984443
11.6777446424769 0.996886290447793
11.6849802651276 0.993900170976887
11.6922158877784 0.989923310200557
11.6994515104291 0.98495967234011
11.7066871330799 0.979014205257714
11.7139227557307 0.972092835524257
11.7211583783814 0.964202462511611
11.7283940010322 0.955350951515194
11.7356296236829 0.945547125913667
11.7428652463337 0.934800758373598
11.7501008689844 0.92312256110786
11.7573364916352 0.910524175197462
11.7645721142859 0.897018158987463
11.7718077369367 0.882617975568547
11.7790433595874 0.867337979356714
11.7862789822382 0.851193401784495
11.7935146048889 0.834200336117918
11.8007502275397 0.816375721414399
11.8079858501905 0.797737325637519
11.8152214728412 0.77830372794553
11.822457095492 0.758094300171246
11.8296927181427 0.73712918751178
11.8369283407935 0.715429288447372
11.8441639634442 0.693016233909333
11.851399586095 0.669912365717856
11.8586352087457 0.646140714311211
11.8658708313965 0.621724975788497
11.8731064540472 0.596689488288857
11.880342076698 0.571059207730696
11.8875776993487 0.544859682935073
11.8948133219995 0.518117030158079
11.9020489446503 0.490857907057596
11.909284567301 0.463109486120351
11.9165201899518 0.434899427575796
11.9237558126025 0.406255851823792
11.9309914352533 0.37720731140358
11.938227057904 0.347782762531987
11.9454626805548 0.318011536239242
11.9526983032055 0.28792330913117
11.9599339258563 0.257548073806894
11.967169548507 0.226916108961595
11.9744051711578 0.196057949203975
11.9816407938085 0.165004354618796
11.9888764164593 0.133786280104477
11.9961120391101 0.10243484451661
12.0033476617608 0.0709812996480136
12.0105832844116 0.0394569990762509
12.0178189070623 0.00789336690971111
12.0250545297131 -0.0236781335366256
12.0322901523638 -0.0552260311045093
12.0395257750146 -0.0867188781635514
12.0467613976653 -0.118125281958909
12.0539970203161 -0.149413935904262
12.0612326429668 -0.180553650788903
12.0684682656176 -0.211513385867819
12.0757038882683 -0.242262279803784
12.0829395109191 -0.272769681430603
12.0901751335698 -0.303005180306872
12.0974107562206 -0.332938637029761
12.1046463788714 -0.362540213278624
12.1118820015221 -0.391780401558492
12.1191176241729 -0.420630054613783
12.1263532468236 -0.449060414482919
12.1335888694744 -0.477043141164889
12.1408244921251 -0.504550340869176
12.1480601147759 -0.5315545938209
12.1552957374266 -0.558028981593439
12.1625313600774 -0.583947113941304
12.1697669827281 -0.609283155106515
12.1770026053789 -0.634011849572237
12.1842382280296 -0.658108547238035
12.1914738506804 -0.681549227991631
12.1987094733312 -0.70431052565267
12.2059450959819 -0.726369751264638
12.2131807186327 -0.747704915711707
12.2204163412834 -0.768294751637973
12.2276519639342 -0.78811873464719
12.2348875865849 -0.807157103761987
12.2421232092357 -0.825390881121978
12.2493588318864 -0.842801890901352
12.2565944545372 -0.859372777426913
12.2638300771879 -0.875087022478595
12.2710656998387 -0.889928961755182
12.2783013224894 -0.903883800488825
12.2855369451402 -0.91693762819279
12.292772567791 -0.929077432527731
12.3000081904417 -0.940291112272676
12.3072438130925 -0.950567489387784
12.3144794357432 -0.959896320156858
12.321715058394 -0.968268305398508
12.3289506810447 -0.975675099735774
12.3361863036955 -0.982109319914981
12.3434219263462 -0.987564552165524
12.350657548997 -0.992035358593258
12.3578931716477 -0.995517282601106
12.3651287942985 -0.998006853331493
12.3723644169492 -0.999501589126174
12.3796000396 -1
12.3992859359291 -0.999501589126174
12.4189718322583 -0.998006853331493
12.4386577285874 -0.995517282601106
12.4583436249166 -0.992035358593258
12.4780295212457 -0.987564552165524
12.4977154175749 -0.982109319914981
12.517401313904 -0.975675099735773
12.5370872102332 -0.968268305398507
12.5567731065623 -0.959896320156857
12.5764590028915 -0.950567489387783
12.5961448992206 -0.940291112272676
12.6158307955497 -0.929077432527731
12.6355166918789 -0.916937628192788
12.655202588208 -0.903883800488824
12.6748884845372 -0.889928961755181
12.6945743808663 -0.875087022478593
12.7142602771955 -0.859372777426912
12.7339461735246 -0.84280189090135
12.7536320698538 -0.825390881121976
12.7733179661829 -0.807157103761986
12.7930038625121 -0.788118734647192
12.8126897588412 -0.768294751637971
12.8323756551704 -0.74770491571171
12.8520615514995 -0.726369751264639
12.8717474478286 -0.704310525652672
12.8914333441578 -0.681549227991633
12.9111192404869 -0.658108547238037
12.9308051368161 -0.634011849572239
12.9504910331452 -0.609283155106516
12.9701769294744 -0.583947113941306
12.9898628258035 -0.558028981593441
13.0095487221327 -0.531554593820901
13.0292346184618 -0.504550340869178
13.048920514791 -0.477043141164891
13.0686064111201 -0.44906041448292
13.0882923074492 -0.420630054613785
13.1079782037784 -0.391780401558492
13.1276641001075 -0.362540213278624
13.1473499964367 -0.332938637029762
13.1670358927658 -0.303005180306872
13.186721789095 -0.272769681430603
13.2064076854241 -0.242262279803784
13.2260935817533 -0.211513385867818
13.2457794780824 -0.180553650788903
13.2654653744116 -0.14941393590426
13.2851512707407 -0.118125281958908
13.3048371670698 -0.0867188781635514
13.324523063399 -0.0552260311045073
13.3442089597281 -0.0236781335366239
13.3638948560573 0.0078933669097122
13.3835807523864 0.0394569990762536
13.4032666487156 0.0709812996480156
13.4229525450447 0.102434844516612
13.4426384413739 0.13378628010448
13.462324337703 0.165004354618799
13.4820102340322 0.196057949203976
13.5016961303613 0.22691610896159
13.5213820266905 0.257548073806896
13.5410679230196 0.287923309131167
13.5607538193487 0.318011536239238
13.5804397156779 0.347782762531981
13.600125612007 0.377207311403577
13.6198115083362 0.406255851823788
13.6394974046653 0.434899427575794
13.6591833009945 0.463109486120348
13.6788691973236 0.490857907057593
13.6985550936528 0.518117030158078
13.7182409899819 0.54485968293507
13.7379268863111 0.571059207730694
13.7576127826402 0.596689488288857
13.7772986789693 0.621724975788495
13.7969845752985 0.646140714311209
13.8166704716276 0.669912365717856
13.8363563679568 0.693016233909331
13.8560422642859 0.71542928844737
13.8757281606151 0.737129187511779
13.8954140569442 0.758094300171245
13.9150999532734 0.778303727945531
13.9347858496025 0.797737325637519
13.9544717459317 0.816375721414399
13.9741576422608 0.834200336117918
13.9938435385899 0.851193401784494
14.0135294349191 0.867337979356714
14.0332153312482 0.882617975568547
14.0529012275774 0.897018158987463
14.0725871239065 0.910524175197463
14.0922730202357 0.923122561107861
14.1119589165648 0.934800758373598
14.131644812894 0.945547125913667
14.1513307092231 0.955350951515195
14.1710166055523 0.964202462511611
14.1907025018814 0.972092835524257
14.2103883982106 0.979014205257714
14.2300742945397 0.98495967234011
14.2497601908688 0.989923310200557
14.269446087198 0.993900170976888
14.2891319835271 0.996886290447793
14.3088178798563 0.998878691984444
14.3285037761854 0.999875389517657
14.3481896725146 0.999875389517657
14.3678755688437 0.998878691984444
14.3875614651729 0.996886290447793
14.407247361502 0.993900170976888
14.4269332578312 0.989923310200557
14.4466191541603 0.98495967234011
14.4663050504894 0.979014205257715
14.4859909468186 0.972092835524257
14.5056768431477 0.964202462511611
14.5253627394769 0.955350951515195
14.545048635806 0.945547125913668
14.5647345321352 0.934800758373598
14.5844204284643 0.923122561107861
14.6041063247935 0.910524175197463
14.6237922211226 0.897018158987463
14.6434781174518 0.882617975568547
14.6631640137809 0.867337979356716
14.6828499101101 0.851193401784494
14.7025358064392 0.834200336117918
14.7222217027683 0.816375721414399
14.7419075990975 0.79773732563752
14.7615934954266 0.778303727945531
14.7812793917558 0.758094300171245
14.8009652880849 0.737129187511779
14.8206511844141 0.715429288447371
14.8403370807432 0.693016233909332
14.8600229770724 0.669912365717856
14.8797088734015 0.646140714311209
14.8993947697307 0.621724975788495
14.9190806660598 0.596689488288857
14.9387665623889 0.571059207730694
14.9584524587181 0.54485968293507
14.9781383550472 0.518117030158079
14.9978242513764 0.490857907057594
15.0175101477055 0.463109486120348
15.0371960440347 0.434899427575795
15.0568819403638 0.406255851823789
15.076567836693 0.377207311403574
15.0962537330221 0.347782762531982
15.1159396293513 0.318011536239238
15.1356255256804 0.287923309131165
15.1553114220095 0.257548073806896
15.1749973183387 0.22691610896159
15.1946832146678 0.196057949203977
15.214369110997 0.165004354618799
15.2340550073261 0.13378628010448
15.2537409036553 0.102434844516612
15.2734267999844 0.0709812996480153
15.2931126963136 0.0394569990762536
15.3127985926427 0.007893366909712
15.3324844889719 -0.0236781335366239
15.352170385301 -0.0552260311045066
15.3718562816302 -0.0867188781635514
15.3915421779593 -0.118125281958907
15.4112280742884 -0.14941393590426
15.4309139706176 -0.180553650788902
15.4505998669467 -0.211513385867818
15.4702857632759 -0.242262279803785
15.489971659605 -0.272769681430603
15.5096575559342 -0.303005180306872
15.5293434522633 -0.332938637029762
15.5490293485925 -0.362540213278624
15.5687152449216 -0.391780401558495
15.5884011412508 -0.420630054613784
15.6080870375799 -0.449060414482919
15.627772933909 -0.47704314116489
15.6474588302382 -0.504550340869178
15.6671447265673 -0.531554593820901
15.6868306228965 -0.558028981593441
15.7065165192256 -0.583947113941306
15.7262024155548 -0.609283155106516
15.7458883118839 -0.634011849572239
15.7655742082131 -0.658108547238037
15.7852601045422 -0.681549227991633
15.8049460008714 -0.704310525652672
15.8246318972005 -0.726369751264639
15.8443177935296 -0.747704915711707
15.8640036898588 -0.768294751637971
15.8836895861879 -0.788118734647192
15.9033754825171 -0.807157103761984
15.9230613788462 -0.825390881121976
15.9427472751754 -0.84280189090135
15.9624331715045 -0.859372777426912
15.9821190678337 -0.875087022478593
16.0018049641628 -0.889928961755181
16.021490860492 -0.903883800488822
16.0411767568211 -0.916937628192789
16.0608626531503 -0.929077432527731
16.0805485494794 -0.940291112272675
16.1002344458085 -0.950567489387782
16.1199203421377 -0.959896320156857
16.1396062384668 -0.968268305398506
16.159292134796 -0.975675099735773
16.1789780311251 -0.98210931991498
16.1986639274543 -0.987564552165524
16.2183498237834 -0.992035358593258
16.2380357201126 -0.995517282601106
16.2577216164417 -0.998006853331493
16.2774075127709 -0.999501589126174
16.2970934091 -1
16.3046847306884 -0.999501589126174
16.3122760522769 -0.998006853331493
16.3198673738653 -0.995517282601105
16.3274586954538 -0.992035358593259
16.3350500170422 -0.987564552165525
16.3426413386307 -0.982109319914981
16.3502326602191 -0.975675099735774
16.3578239818075 -0.968268305398507
16.365415303396 -0.959896320156856
16.3730066249844 -0.950567489387781
16.3805979465729 -0.940291112272673
16.3881892681613 -0.929077432527733
16.3957805897497 -0.916937628192791
16.4033719113382 -0.903883800488825
16.4109632329266 -0.889928961755181
16.4185545545151 -0.875087022478593
16.4261458761035 -0.85937277742691
16.433737197692 -0.842801890901348
16.4413285192804 -0.825390881121972
16.4489198408688 -0.807157103761989
16.4565111624573 -0.788118734647195
16.4641024840457 -0.768294751637972
16.4716938056342 -0.747704915711709
16.4792851272226 -0.726369751264638
16.4868764488111 -0.704310525652669
16.4944677703995 -0.68154922799163
16.5020590919879 -0.658108547238043
16.5096504135764 -0.634011849572243
16.5172417351648 -0.609283155106519
16.5248330567533 -0.583947113941307
16.5324243783417 -0.55802898159344
16.5400156999302 -0.531554593820899
16.5476070215186 -0.504550340869173
16.555198343107 -0.477043141164884
16.5627896646955 -0.449060414482926
16.5703809862839 -0.420630054613788
16.5779723078724 -0.391780401558495
16.5855636294608 -0.362540213278625
16.5931549510492 -0.33293863702976
16.6007462726377 -0.30300518030687
16.6083375942261 -0.272769681430598
16.6159289158146 -0.242262279803776
16.623520237403 -0.211513385867825
16.6311115589915 -0.180553650788906
16.6387028805799 -0.149413935904263
16.6462942021683 -0.118125281958908
16.6538855237568 -0.0867188781635487
16.6614768453452 -0.0552260311045042
16.6690681669337 -0.0236781335366179
16.6766594885221 0.00789336690970643
16.6842508101106 0.0394569990762478
16.691842131699 0.0709812996480129
16.6994334532874 0.102434844516612
16.7070247748759 0.13378628010448
16.7146160964643 0.165004354618802
16.7222074180528 0.196057949203983
16.7297987396412 0.226916108961597
16.7373900612296 0.25754807380689
16.7449813828181 0.287923309131162
16.7525727044065 0.318011536239236
16.760164025995 0.347782762531982
16.7677553475834 0.377207311403577
16.7753466691719 0.406255851823792
16.7829379907603 0.434899427575798
16.7905293123487 0.463109486120354
16.7981206339372 0.490857907057589
16.8057119555256 0.518117030158074
16.8133032771141 0.544859682935069
16.8208945987025 0.571059207730695
16.828485920291 0.596689488288858
16.8360772418794 0.621724975788498
16.8436685634678 0.646140714311214
16.8512598850563 0.66991236571785
16.8588512066447 0.693016233909328
16.8664425282332 0.715429288447369
16.8740338498216 0.737129187511778
16.8816251714101 0.758094300171246
16.8892164929985 0.778303727945532
16.8968078145869 0.797737325637522
16.9043991361754 0.816375721414403
16.9119904577638 0.834200336117914
16.9195817793523 0.851193401784492
16.9271731009407 0.867337979356713
16.9347644225291 0.882617975568547
16.9423557441176 0.897018158987464
16.949947065706 0.910524175197464
16.9575383872945 0.923122561107863
16.9651297088829 0.934800758373596
16.9727210304714 0.945547125913665
16.9803123520598 0.955350951515194
16.9879036736482 0.964202462511611
16.9954949952367 0.972092835524257
17.0030863168251 0.979014205257715
17.0106776384136 0.984959672340111
17.018268960002 0.989923310200558
17.0258602815905 0.993900170976887
17.0334516031789 0.996886290447793
17.0410429247673 0.998878691984443
17.0486342463558 0.999875389517657
17.0562255679442 0.999875389517657
17.0638168895327 0.998878691984443
17.0714082111211 0.996886290447793
17.0789995327095 0.993900170976887
17.086590854298 0.989923310200558
17.0941821758864 0.984959672340111
17.1017734974749 0.979014205257715
17.1093648190633 0.972092835524257
17.1169561406518 0.964202462511611
17.1245474622402 0.955350951515194
17.1321387838286 0.945547125913665
17.1397301054171 0.934800758373596
17.1473214270055 0.923122561107863
17.154912748594 0.910524175197464
17.1625040701824 0.897018158987464
17.1700953917709 0.882617975568547
17.1776867133593 0.867337979356714
17.1852780349477 0.851193401784493
17.1928693565362 0.834200336117914
17.2004606781246 0.816375721414403
17.2080519997131 0.797737325637522
17.2156433213015 0.778303727945532
17.2232346428899 0.758094300171246
17.2308259644784 0.737129187511778
17.2384172860668 0.71542928844737
17.2460086076553 0.693016233909328
17.2535999292437 0.669912365717851
17.2611912508322 0.646140714311214
17.2687825724206 0.621724975788498
17.276373894009 0.596689488288858
17.2839652155975 0.571059207730695
17.2915565371859 0.54485968293507
17.2991478587744 0.518117030158075
17.3067391803628 0.490857907057589
17.3143305019513 0.463109486120355
17.3219218235397 0.434899427575798
17.3295131451281 0.406255851823793
17.3371044667166 0.377207311403577
17.344695788305 0.347782762531982
17.3522871098935 0.318011536239236
17.3598784314819 0.287923309131162
17.3674697530704 0.25754807380689
17.3750610746588 0.226916108961597
17.3826523962472 0.196057949203982
17.3902437178357 0.165004354618802
17.3978350394241 0.13378628010448
17.4054263610126 0.102434844516612
17.413017682601 0.0709812996480136
17.4206090041894 0.0394569990762483
17.4282003257779 0.00789336690970667
17.4357916473663 -0.0236781335366176
17.4433829689548 -0.0552260311045039
17.4509742905432 -0.0867188781635487
17.4585656121317 -0.118125281958908
17.4661569337201 -0.149413935904262
17.4737482553085 -0.180553650788906
17.481339576897 -0.211513385867824
17.4889308984854 -0.24226227980379
17.4965222200739 -0.272769681430598
17.5041135416623 -0.303005180306869
17.5117048632508 -0.332938637029759
17.5192961848392 -0.362540213278625
17.5268875064276 -0.391780401558495
17.5344788280161 -0.420630054613788
17.5420701496045 -0.449060414482926
17.549661471193 -0.477043141164883
17.5572527927814 -0.504550340869173
17.5648441143698 -0.531554593820899
17.5724354359583 -0.558028981593439
17.5800267575467 -0.583947113941307
17.5876180791352 -0.609283155106519
17.5952094007236 -0.634011849572242
17.6028007223121 -0.658108547238043
17.6103920439005 -0.681549227991629
17.6179833654889 -0.704310525652669
17.6255746870774 -0.726369751264638
17.6331660086658 -0.747704915711709
17.6407573302543 -0.768294751637972
17.6483486518427 -0.788118734647194
17.6559399734312 -0.807157103761988
17.6635312950196 -0.825390881121972
17.671122616608 -0.842801890901347
17.6787139381965 -0.85937277742691
17.6863052597849 -0.875087022478593
17.6938965813734 -0.889928961755181
17.7014879029618 -0.903883800488825
17.7090792245503 -0.91693762819279
17.7166705461387 -0.929077432527733
17.7242618677271 -0.940291112272673
17.7318531893156 -0.950567489387781
17.739444510904 -0.959896320156856
17.7470358324925 -0.968268305398507
17.7546271540809 -0.975675099735774
17.7622184756693 -0.982109319914981
17.7698097972578 -0.987564552165524
17.7774011188462 -0.992035358593259
17.7849924404347 -0.995517282601105
17.7925837620231 -0.998006853331493
17.8001750836116 -0.999501589126174
17.8077664052 -1
17.8260632417985 -0.999501589126174
17.844360078397 -0.998006853331493
17.8626569149955 -0.995517282601106
17.880953751594 -0.992035358593258
17.8992505881925 -0.987564552165524
17.917547424791 -0.982109319914981
17.9358442613894 -0.975675099735774
17.9541410979879 -0.968268305398507
17.9724379345864 -0.959896320156857
17.9907347711849 -0.950567489387784
18.0090316077834 -0.940291112272675
18.0273284443819 -0.929077432527731
18.0456252809804 -0.916937628192788
18.0639221175789 -0.903883800488823
18.0822189541774 -0.889928961755181
18.1005157907759 -0.875087022478592
18.1188126273744 -0.859372777426912
18.1371094639729 -0.842801890901351
18.1554063005714 -0.825390881121975
18.1737031371698 -0.807157103761985
18.1919999737683 -0.788118734647193
18.2102968103668 -0.768294751637969
18.2285936469653 -0.747704915711709
18.2468904835638 -0.726369751264641
18.2651873201623 -0.704310525652671
18.2834841567608 -0.681549227991634
18.3017809933593 -0.658108547238039
18.3200778299578 -0.634011849572237
18.3383746665563 -0.609283155106517
18.3566715031548 -0.583947113941308
18.3749683397533 -0.558028981593439
18.3932651763518 -0.531554593820902
18.4115620129502 -0.50455034086918
18.4298588495487 -0.477043141164889
18.4481556861472 -0.449060414482921
18.4664525227457 -0.420630054613787
18.4847493593442 -0.391780401558492
18.5030461959427 -0.362540213278626
18.5213430325412 -0.332938637029764
18.5396398691397 -0.303005180306872
18.5579367057382 -0.272769681430604
18.5762335423367 -0.242262279803781
18.5945303789352 -0.211513385867819
18.6128272155337 -0.180553650788904
18.6311240521322 -0.149413935904259
18.6494208887307 -0.118125281958908
18.6677177253291 -0.0867188781635527
18.6860145619276 -0.0552260311045062
18.7043113985261 -0.0236781335366239
18.7226082351246 0.00789336690971109
18.7409050717231 0.0394569990762547
18.7592019083216 0.0709812996480158
18.7774987449201 0.102434844516611
18.7957955815186 0.133786280104481
18.8140924181171 0.165004354618799
18.8323892547156 0.196057949203975
18.8506860913141 0.226916108961592
18.8689829279126 0.257548073806896
18.8872797645111 0.287923309131164
18.9055766011095 0.318011536239239
18.923873437708 0.347782762531981
18.9421702743065 0.377207311403579
18.960467110905 0.40625585182379
18.9787639475035 0.434899427575792
18.997060784102 0.46310948612035
19.0153576207005 0.490857907057594
19.033654457299 0.518117030158076
19.0519512938975 0.544859682935072
19.070248130496 0.571059207730695
19.0885449670945 0.596689488288854
19.106841803693 0.621724975788497
19.1251386402915 0.64614071431121
19.1434354768899 0.669912365717854
19.1617323134884 0.693016233909333
19.1800291500869 0.715429288447371
19.1983259866854 0.737129187511777
19.2166228232839 0.758094300171247
19.2349196598824 0.77830372794553
19.2532164964809 0.797737325637518
19.2715133330794 0.8163757214144
19.2898101696779 0.834200336117917
19.3081070062764 0.851193401784493
19.3264038428749 0.867337979356715
19.3447006794734 0.882617975568546
19.3629975160719 0.897018158987462
19.3812943526704 0.910524175197463
19.3995911892688 0.92312256110786
19.4178880258673 0.934800758373597
19.4361848624658 0.945547125913667
19.4544816990643 0.955350951515194
19.4727785356628 0.964202462511612
19.4910753722613 0.972092835524257
19.5093722088598 0.979014205257714
19.5276690454583 0.984959672340111
19.5459658820568 0.989923310200557
19.5642627186553 0.993900170976888
19.5825595552538 0.996886290447793
19.6008563918523 0.998878691984444
19.6191532284508 0.999875389517657
19.6374500650492 0.999875389517657
19.6557469016477 0.998878691984444
19.6740437382462 0.996886290447793
19.6923405748447 0.993900170976888
19.7106374114432 0.989923310200557
19.7289342480417 0.984959672340111
19.7472310846402 0.979014205257714
19.7655279212387 0.972092835524257
19.7838247578372 0.964202462511612
19.8021215944357 0.955350951515194
19.8204184310342 0.945547125913668
19.8387152676327 0.934800758373597
19.8570121042312 0.92312256110786
19.8753089408296 0.910524175197463
19.8936057774281 0.897018158987462
19.9119026140266 0.882617975568547
19.9301994506251 0.867337979356716
19.9484962872236 0.851193401784493
19.9667931238221 0.834200336117917
19.9850899604206 0.8163757214144
20.0033867970191 0.797737325637518
20.0216836336176 0.77830372794553
20.0399804702161 0.758094300171247
20.0582773068146 0.737129187511777
20.0765741434131 0.715429288447371
20.0948709800116 0.693016233909333
20.1131678166101 0.669912365717854
20.1314646532085 0.64614071431121
20.149761489807 0.621724975788497
20.1680583264055 0.596689488288855
20.186355163004 0.571059207730695
20.2046519996025 0.544859682935073
20.222948836201 0.518117030158076
20.2412456727995 0.490857907057595
20.259542509398 0.463109486120351
20.2778393459965 0.434899427575792
20.296136182595 0.40625585182379
20.3144330191935 0.377207311403579
20.332729855792 0.347782762531982
20.3510266923905 0.31801153623924
20.3693235289889 0.28792330913117
20.3876203655874 0.257548073806896
20.4059172021859 0.226916108961592
20.4242140387844 0.196057949203976
20.4425108753829 0.165004354618799
20.4608077119814 0.13378628010448
20.4791045485799 0.102434844516611
20.4974013851784 0.0709812996480162
20.5156982217769 0.0394569990762545
20.5339950583754 0.007893366909712
20.5522918949739 -0.0236781335366239
20.5705887315724 -0.0552260311045057
20.5888855681709 -0.0867188781635531
20.6071824047693 -0.118125281958907
20.6254792413678 -0.149413935904259
20.6437760779663 -0.180553650788904
20.6620729145648 -0.211513385867818
20.6803697511633 -0.242262279803786
20.6986665877618 -0.272769681430605
20.7169634243603 -0.303005180306871
20.7352602609588 -0.332938637029764
20.7535570975573 -0.362540213278626
20.7718539341558 -0.391780401558492
20.7901507707543 -0.420630054613787
20.8084476073528 -0.449060414482921
20.8267444439513 -0.477043141164888
20.8450412805498 -0.504550340869179
20.8633381171482 -0.531554593820902
20.8816349537467 -0.558028981593439
20.8999317903452 -0.583947113941308
20.9182286269437 -0.609283155106517
20.9365254635422 -0.634011849572237
20.9548223001407 -0.658108547238039
20.9731191367392 -0.681549227991634
20.9914159733377 -0.70431052565267
21.0097128099362 -0.726369751264641
21.0280096465347 -0.747704915711709
21.0463064831332 -0.768294751637969
21.0646033197317 -0.788118734647193
21.0829001563302 -0.807157103761985
21.1011969929286 -0.825390881121975
21.1194938295271 -0.842801890901351
21.1377906661256 -0.859372777426911
21.1560875027241 -0.875087022478592
21.1743843393226 -0.889928961755181
21.1926811759211 -0.903883800488823
21.2109780125196 -0.916937628192787
21.2292748491181 -0.929077432527731
21.2475716857166 -0.940291112272675
21.2658685223151 -0.950567489387784
21.2841653589136 -0.959896320156857
21.3024621955121 -0.968268305398507
21.3207590321106 -0.975675099735774
21.339055868709 -0.98210931991498
21.3573527053075 -0.987564552165523
21.375649541906 -0.992035358593258
21.3939463785045 -0.995517282601106
21.412243215103 -0.998006853331493
21.4305400517015 -0.999501589126174
21.4488368883 -1
21.4570853663357 -0.999501589126174
21.4653338443714 -0.998006853331493
21.473582322407 -0.995517282601106
21.4818308004427 -0.992035358593257
21.4900792784784 -0.987564552165523
21.4983277565141 -0.982109319914979
21.5065762345498 -0.975675099735772
21.5148247125854 -0.968268305398509
21.5230731906211 -0.959896320156858
21.5313216686568 -0.950567489387784
21.5395701466925 -0.940291112272677
21.5478186247281 -0.929077432527731
21.5560671027638 -0.916937628192789
21.5643155807995 -0.903883800488824
21.5725640588352 -0.88992896175518
21.5808125368709 -0.875087022478593
21.5890610149065 -0.859372777426911
21.5973094929422 -0.842801890901349
21.6055579709779 -0.825390881121974
21.6138064490136 -0.807157103761982
21.6220549270492 -0.788118734647188
21.6303034050849 -0.768294751637975
21.6385518831206 -0.747704915711713
21.6468003611563 -0.726369751264642
21.655048839192 -0.704310525652674
21.6632973172276 -0.681549227991636
21.6715457952633 -0.658108547238039
21.679794273299 -0.634011849572239
21.6880427513347 -0.609283155106516
21.6962912293704 -0.583947113941305
21.704539707406 -0.558028981593438
21.7127881854417 -0.531554593820899
21.7210366634774 -0.504550340869174
21.7292851415131 -0.477043141164885
21.7375336195487 -0.449060414482915
21.7457820975844 -0.42063005461379
21.7540305756201 -0.391780401558498
21.7622790536558 -0.362540213278629
21.7705275316915 -0.332938637029765
21.7787760097271 -0.303005180306875
21.7870244877628 -0.272769681430605
21.7952729657985 -0.242262279803784
21.8035214438342 -0.211513385867819
21.8117699218698 -0.180553650788901
21.8200183999055 -0.149413935904259
21.8282668779412 -0.118125281958905
21.8365153559769 -0.0867188781635467
21.8447638340126 -0.0552260311045031
21.8530123120482 -0.0236781335366181
21.8612607900839 0.00789336690970687
21.8695092681196 0.0394569990762472
21.8777577461553 0.0709812996480111
21.886006224191 0.10243484451661
21.8942547022266 0.133786280104476
21.9025031802623 0.165004354618797
21.910751658298 0.196057949203977
21.9190001363337 0.22691610896159
21.9272486143693 0.257548073806898
21.935497092405 0.287923309131168
21.9437455704407 0.318011536239241
21.9519940484764 0.347782762531986
21.9602425265121 0.37720731140358
21.9684910045477 0.406255851823794
21.9767394825834 0.434899427575799
21.9849879606191 0.463109486120343
21.9932364386548 0.490857907057589
22.0014849166905 0.518117030158074
22.0097333947261 0.544859682935068
22.0179818727618 0.571059207730693
22.0262303507975 0.596689488288855
22.0344788288332 0.621724975788495
22.0427273068688 0.64614071431121
22.0509757849045 0.669912365717856
22.0592242629402 0.693016233909334
22.0674727409759 0.715429288447374
22.0757212190116 0.737129187511782
22.0839696970472 0.758094300171249
22.0922181750829 0.778303727945525
22.1004666531186 0.797737325637516
22.1087151311543 0.816375721414396
22.1169636091899 0.834200336117915
22.1252120872256 0.851193401784493
22.1334605652613 0.867337979356713
22.141709043297 0.882617975568546
22.1499575213327 0.897018158987463
22.1582059993683 0.910524175197463
22.166454477404 0.923122561107861
22.1747029554397 0.934800758373599
22.1829514334754 0.945547125913668
22.1911999115111 0.955350951515196
22.1994483895467 0.964202462511613
22.2076968675824 0.972092835524259
22.2159453456181 0.979014205257713
22.2241938236538 0.98495967234011
22.2324423016894 0.989923310200557
22.2406907797251 0.993900170976887
22.2489392577608 0.996886290447793
22.2571877357965 0.998878691984444
22.2654362138322 0.999875389517657
22.2736846918678 0.999875389517657
22.2819331699035 0.998878691984444
22.2901816479392 0.996886290447793
22.2984301259749 0.993900170976887
22.3066786040106 0.989923310200557
22.3149270820462 0.98495967234011
22.3231755600819 0.979014205257713
22.3314240381176 0.972092835524258
22.3396725161533 0.964202462511613
22.3479209941889 0.955350951515196
22.3561694722246 0.945547125913668
22.3644179502603 0.934800758373599
22.372666428296 0.923122561107861
22.3809149063317 0.910524175197462
22.3891633843673 0.897018158987463
22.397411862403 0.882617975568546
22.4056603404387 0.867337979356714
22.4139088184744 0.851193401784493
22.4221572965101 0.834200336117915
22.4304057745457 0.816375721414396
22.4386542525814 0.797737325637516
22.4469027306171 0.778303727945534
22.4551512086528 0.758094300171249
22.4633996866884 0.737129187511782
22.4716481647241 0.715429288447374
22.4798966427598 0.693016233909334
22.4881451207955 0.669912365717857
22.4963935988312 0.64614071431121
22.5046420768668 0.621724975788495
22.5128905549025 0.596689488288855
22.5211390329382 0.571059207730694
22.5293875109739 0.544859682935068
22.5376359890095 0.518117030158075
22.5458844670452 0.490857907057589
22.5541329450809 0.463109486120343
22.5623814231166 0.434899427575787
22.5706299011523 0.406255851823795
22.5788783791879 0.37720731140358
22.5871268572236 0.347782762531987
22.5953753352593 0.318011536239241
22.603623813295 0.287923309131169
22.6118722913307 0.257548073806897
22.6201207693663 0.22691610896159
22.628369247402 0.196057949203977
22.6366177254377 0.165004354618798
22.6448662034734 0.133786280104477
22.653114681509 0.10243484451661
22.6613631595447 0.0709812996480109
22.6696116375804 0.0394569990762474
22.6778601156161 0.00789336690971999
22.6861085936518 -0.0236781335366176
22.6943570716874 -0.055226031104503
22.7026055497231 -0.0867188781635461
22.7108540277588 -0.118125281958904
22.7191025057945 -0.149413935904259
22.7273509838301 -0.1805536507889
22.7355994618658 -0.211513385867818
22.7438479399015 -0.242262279803783
22.7520964179372 -0.272769681430604
22.7603448959729 -0.303005180306876
22.7685933740085 -0.332938637029764
22.7768418520442 -0.362540213278629
22.7850903300799 -0.391780401558498
22.7933388081156 -0.42063005461379
22.8015872861513 -0.449060414482914
22.8098357641869 -0.477043141164885
22.8180842422226 -0.504550340869173
22.8263327202583 -0.531554593820899
22.834581198294 -0.558028981593437
22.8428296763296 -0.583947113941305
22.8510781543653 -0.609283155106516
22.859326632401 -0.634011849572239
22.8675751104367 -0.658108547238039
22.8758235884724 -0.681549227991635
22.884072066508 -0.704310525652674
22.8923205445437 -0.726369751264642
22.9005690225794 -0.747704915711712
22.9088175006151 -0.768294751637974
22.9170659786508 -0.788118734647189
22.9253144566864 -0.807157103761982
22.9335629347221 -0.825390881121974
22.9418114127578 -0.842801890901348
22.9500598907935 -0.859372777426911
22.9583083688291 -0.875087022478592
22.9665568468648 -0.88992896175518
22.9748053249005 -0.903883800488824
22.9830538029362 -0.916937628192789
22.9913022809719 -0.929077432527731
22.9995507590075 -0.940291112272677
23.0077992370432 -0.950567489387784
23.0160477150789 -0.959896320156858
23.0242961931146 -0.968268305398509
23.0325446711502 -0.975675099735772
23.0407931491859 -0.982109319914979
23.0490416272216 -0.987564552165523
23.0572901052573 -0.992035358593257
23.065538583293 -0.995517282601106
23.0737870613286 -0.998006853331493
23.0820355393643 -0.999501589126174
23.0902840174 -1
23.1099308313829 -0.999501589126174
23.1295776453658 -0.998006853331493
23.1492244593487 -0.995517282601106
23.1688712733317 -0.992035358593258
23.1885180873146 -0.987564552165524
23.2081649012975 -0.98210931991498
23.2278117152804 -0.975675099735774
23.2474585292633 -0.968268305398507
23.2671053432462 -0.959896320156857
23.2867521572291 -0.950567489387782
23.3063989712121 -0.940291112272676
23.326045785195 -0.92907743252773
23.3456925991779 -0.916937628192789
23.3653394131608 -0.903883800488823
23.3849862271437 -0.889928961755181
23.4046330411266 -0.875087022478592
23.4242798551095 -0.859372777426912
23.4439266690925 -0.842801890901349
23.4635734830754 -0.825390881121976
23.4832202970583 -0.807157103761987
23.5028671110412 -0.788118734647192
23.5225139250241 -0.768294751637972
23.542160739007 -0.747704915711709
23.5618075529899 -0.726369751264641
23.5814543669729 -0.704310525652671
23.6011011809558 -0.681549227991635
23.6207479949387 -0.658108547238037
23.6403948089216 -0.63401184957224
23.6600416229045 -0.609283155106515
23.6796884368874 -0.583947113941307
23.6993352508704 -0.558028981593439
23.7189820648533 -0.531554593820902
23.7386288788362 -0.504550340869175
23.7582756928191 -0.47704314116489
23.777922506802 -0.449060414482918
23.7975693207849 -0.420630054613784
23.8172161347678 -0.391780401558496
23.8368629487508 -0.362540213278624
23.8565097627337 -0.332938637029763
23.8761565767166 -0.303005180306872
23.8958033906995 -0.272769681430605
23.9154502046824 -0.242262279803782
23.9350970186653 -0.211513385867821
23.9547438326482 -0.180553650788901
23.9743906466312 -0.149413935904262
23.9940374606141 -0.118125281958907
24.013684274597 -0.0867188781635518
24.0333310885799 -0.0552260311045064
24.0529779025628 -0.023678133536625
24.0726247165457 0.00789336690971531
24.0922715305286 0.0394569990762523
24.1119183445116 0.0709812996480184
24.1315651584945 0.102434844516613
24.1512119724774 0.133786280104476
24.1708587864603 0.165004354618799
24.1905056004432 0.196057949203975
24.2101524144261 0.22691610896159
24.229799228409 0.257548073806894
24.249446042392 0.287923309131167
24.2690928563749 0.318011536239236
24.2887396703578 0.347782762531983
24.3083864843407 0.377207311403574
24.3280332983236 0.40625585182379
24.3476801123065 0.434899427575792
24.3673269262894 0.463109486120349
24.3869737402724 0.490857907057593
24.4066205542553 0.518117030158079
24.4262673682382 0.54485968293507
24.4459141822211 0.571059207730697
24.465560996204 0.596689488288855
24.4852078101869 0.621724975788497
24.5048546241698 0.64614071431121
24.5245014381528 0.669912365717853
24.5441482521357 0.693016233909332
24.5637950661186 0.71542928844737
24.5834418801015 0.737129187511779
24.6030886940844 0.758094300171244
24.6227355080673 0.77830372794553
24.6423823220502 0.797737325637518
24.6620291360332 0.8163757214144
24.6816759500161 0.834200336117917
24.701322763999 0.851193401784495
24.7209695779819 0.867337979356714
24.7406163919648 0.882617975568548
24.7602632059477 0.897018158987463
24.7799100199307 0.910524175197463
24.7995568339136 0.923122561107861
24.8192036478965 0.934800758373597
24.8388504618794 0.945547125913667
24.8584972758623 0.955350951515196
24.8781440898452 0.964202462511612
24.8977909038281 0.972092835524256
24.9174377178111 0.979014205257715
24.937084531794 0.98495967234011
24.9567313457769 0.989923310200557
24.9763781597598 0.993900170976888
24.9960249737427 0.996886290447793
25.0156717877256 0.998878691984443
25.0353186017085 0.999875389517657
25.0549654156915 0.999875389517657
25.0746122296744 0.998878691984444
25.0942590436573 0.996886290447793
25.1139058576402 0.993900170976888
25.1335526716231 0.989923310200557
25.153199485606 0.98495967234011
25.1728462995889 0.979014205257715
25.1924931135719 0.972092835524258
25.2121399275548 0.964202462511612
25.2317867415377 0.955350951515194
25.2514335555206 0.945547125913667
25.2710803695035 0.934800758373599
25.2907271834864 0.923122561107861
25.3103739974693 0.910524175197463
25.3300208114523 0.897018158987463
25.3496676254352 0.882617975568548
25.3693144394181 0.867337979356714
25.388961253401 0.851193401784496
25.4086080673839 0.834200336117917
25.4282548813668 0.8163757214144
25.4479016953497 0.797737325637518
25.4675485093327 0.778303727945531
25.4871953233156 0.758094300171244
25.5068421372985 0.737129187511779
25.5264889512814 0.71542928844737
25.5461357652643 0.693016233909332
25.5657825792472 0.669912365717858
25.5854293932302 0.64614071431121
25.6050762072131 0.621724975788493
25.624723021196 0.596689488288856
25.6443698351789 0.571059207730696
25.6640166491618 0.54485968293507
25.6836634631447 0.518117030158079
25.7033102771276 0.490857907057594
25.7229570911106 0.46310948612035
25.7426039050935 0.434899427575792
25.7622507190764 0.40625585182379
25.7818975330593 0.377207311403575
25.8015443470422 0.347782762531984
25.8211911610251 0.318011536239237
25.840837975008 0.287923309131167
25.860484788991 0.257548073806895
25.8801316029739 0.22691610896159
25.8997784169568 0.196057949203975
25.9194252309397 0.1650043546188
25.9390720449226 0.133786280104482
25.9587188589055 0.102434844516613
25.9783656728884 0.070981299648018
25.9980124868714 0.0394569990762518
26.0176593008543 0.00789336690971555
26.0373061148372 -0.0236781335366247
26.0569529288201 -0.0552260311045066
26.076599742803 -0.0867188781635523
26.0962465567859 -0.118125281958906
26.1158933707688 -0.149413935904261
26.1355401847518 -0.1805536507889
26.1551869987347 -0.21151338586782
26.1748338127176 -0.242262279803782
26.1944806267005 -0.272769681430605
26.2141274406834 -0.303005180306871
26.2337742546663 -0.332938637029763
26.2534210686492 -0.362540213278624
26.2730678826322 -0.391780401558495
26.2927146966151 -0.420630054613784
26.312361510598 -0.449060414482917
26.3320083245809 -0.47704314116489
26.3516551385638 -0.50455034086918
26.3713019525467 -0.531554593820902
26.3909487665296 -0.558028981593439
26.4105955805126 -0.583947113941307
26.4302423944955 -0.609283155106515
26.4498892084784 -0.63401184957224
26.4695360224613 -0.658108547238037
26.4891828364442 -0.681549227991635
26.5088296504271 -0.704310525652671
26.5284764644101 -0.72636975126464
26.548123278393 -0.747704915711708
26.5677700923759 -0.768294751637972
26.5874169063588 -0.788118734647192
26.6070637203417 -0.807157103761983
26.6267105343246 -0.825390881121976
26.6463573483075 -0.842801890901352
26.6660041622905 -0.859372777426912
26.6856509762734 -0.875087022478592
26.7052977902563 -0.889928961755181
26.7249446042392 -0.903883800488822
26.7445914182221 -0.916937628192789
26.764238232205 -0.92907743252773
26.7838850461879 -0.940291112272676
26.8035318601709 -0.950567489387782
26.8231786741538 -0.959896320156858
26.8428254881367 -0.968268305398507
26.8624723021196 -0.975675099735774
26.8821191161025 -0.98210931991498
26.9017659300854 -0.987564552165524
26.9214127440683 -0.992035358593258
26.9410595580513 -0.995517282601106
26.9607063720342 -0.998006853331493
26.9803531860171 -0.999501589126174
27 -1
