0 -1
0.0178239459030151 -0.999501589126174
0.0356478918060302 -0.998006853331493
0.0534718377090452 -0.995517282601106
0.0712957836120603 -0.992035358593258
0.0891197295150754 -0.987564552165524
0.10694367541809 -0.98210931991498
0.124767621321106 -0.975675099735774
0.142591567224121 -0.968268305398507
0.160415513127136 -0.959896320156857
0.178239459030151 -0.950567489387783
0.196063404933166 -0.940291112272676
0.213887350836181 -0.929077432527731
0.231711296739196 -0.916937628192789
0.249535242642211 -0.903883800488824
0.267359188545226 -0.88992896175518
0.285183134448241 -0.875087022478594
0.303007080351256 -0.859372777426912
0.320831026254271 -0.842801890901351
0.338654972157286 -0.825390881121976
0.356478918060302 -0.807157103761985
0.374302863963317 -0.788118734647192
0.392126809866332 -0.768294751637971
0.409950755769347 -0.747704915711709
0.427774701672362 -0.726369751264639
0.445598647575377 -0.704310525652672
0.463422593478392 -0.681549227991634
0.481246539381407 -0.658108547238038
0.499070485284422 -0.634011849572239
0.516894431187437 -0.609283155106517
0.534718377090452 -0.583947113941306
0.552542322993467 -0.55802898159344
0.570366268896482 -0.531554593820901
0.588190214799498 -0.504550340869177
0.606014160702513 -0.47704314116489
0.623838106605528 -0.44906041448292
0.641662052508543 -0.420630054613784
0.659485998411558 -0.391780401558493
0.677309944314573 -0.362540213278625
0.695133890217588 -0.332938637029761
0.712957836120603 -0.303005180306873
0.730781782023618 -0.272769681430603
0.748605727926633 -0.242262279803783
0.766429673829648 -0.211513385867819
0.784253619732663 -0.180553650788902
0.802077565635678 -0.149413935904261
0.819901511538694 -0.118125281958908
0.837725457441709 -0.0867188781635507
0.855549403344724 -0.0552260311045082
0.873373349247739 -0.0236781335366239
0.891197295150754 0.00789336690971309
0.909021241053769 0.0394569990762525
0.926845186956784 0.0709812996480158
0.944669132859799 0.102434844516613
0.962493078762814 0.133786280104479
0.980317024665829 0.165004354618799
0.998140970568844 0.196057949203978
1.01596491647186 0.22691610896159
1.03378886237487 0.257548073806896
1.05161280827789 0.287923309131166
1.0694367541809 0.318011536239238
1.08726070008392 0.347782762531982
1.10508464598693 0.377207311403576
1.12290859188995 0.406255851823789
1.14073253779296 0.434899427575793
1.15855648369598 0.463109486120348
1.176380429599 0.490857907057594
1.19420437550201 0.518117030158077
1.21202832140503 0.54485968293507
1.22985226730804 0.571059207730695
1.24767621321106 0.596689488288856
1.26550015911407 0.621724975788495
1.28332410501709 0.64614071431121
1.3011480509201 0.669912365717855
1.31897199682312 0.693016233909332
1.33679594272613 0.715429288447371
1.35461988862915 0.737129187511779
1.37244383453216 0.758094300171246
1.39026778043518 0.77830372794553
1.40809172633819 0.797737325637519
1.42591567224121 0.816375721414399
1.44373961814422 0.834200336117917
1.46156356404724 0.851193401784495
1.47938750995025 0.867337979356715
1.49721145585327 0.882617975568547
1.51503540175628 0.897018158987463
1.5328593476593 0.910524175197462
1.55068329356231 0.923122561107861
1.56850723946533 0.934800758373598
1.58633118536834 0.945547125913667
1.60415513127136 0.955350951515195
1.62197907717437 0.964202462511612
1.63980302307739 0.972092835524257
1.6576269689804 0.979014205257714
1.67545091488342 0.984959672340111
1.69327486078643 0.989923310200557
1.71109880668945 0.993900170976888
1.72892275259246 0.996886290447793
1.74674669849548 0.998878691984444
1.76457064439849 0.999875389517657
1.78239459030151 0.999875389517657
1.80021853620452 0.998878691984444
1.81804248210754 0.996886290447793
1.83586642801055 0.993900170976888
1.85369037391357 0.989923310200557
1.87151431981658 0.984959672340111
1.8893382657196 0.979014205257715
1.90716221162261 0.972092835524257
1.92498615752563 0.964202462511612
1.94281010342864 0.955350951515195
1.96063404933166 0.945547125913667
1.97845799523467 0.934800758373598
1.99628194113769 0.923122561107861
2.0141058870407 0.910524175197462
2.03192983294372 0.897018158987464
2.04975377884673 0.882617975568547
2.06757772474975 0.867337979356715
2.08540167065276 0.851193401784495
2.10322561655578 0.834200336117918
2.12104956245879 0.816375721414399
2.13887350836181 0.797737325637519
2.15669745426482 0.77830372794553
2.17452140016784 0.758094300171246
2.19234534607085 0.737129187511779
2.21016929197387 0.715429288447371
2.22799323787688 0.693016233909332
2.2458171837799 0.669912365717855
2.26364112968291 0.64614071431121
2.28146507558593 0.621724975788495
2.29928902148894 0.596689488288856
2.31711296739196 0.571059207730695
2.33493691329497 0.544859682935071
2.35276085919799 0.518117030158078
2.370584805101 0.490857907057594
2.38840875100402 0.463109486120348
2.40623269690703 0.434899427575793
2.42405664281005 0.406255851823789
2.44188058871307 0.377207311403576
2.45970453461608 0.347782762531982
2.4775284805191 0.318011536239238
2.49535242642211 0.287923309131167
2.51317637232513 0.257548073806896
2.53100031822814 0.22691610896159
2.54882426413116 0.196057949203978
2.56664821003417 0.1650043546188
2.58447215593719 0.133786280104479
2.6022961018402 0.102434844516613
2.62012004774322 0.0709812996480153
2.63794399364623 0.0394569990762527
2.65576793954925 0.00789336690971289
2.67359188545226 -0.0236781335366239
2.69141583135528 -0.0552260311045084
2.70923977725829 -0.0867188781635505
2.72706372316131 -0.118125281958907
2.74488766906432 -0.149413935904261
2.76271161496734 -0.180553650788903
2.78053556087035 -0.211513385867819
2.79835950677337 -0.242262279803783
2.81618345267638 -0.272769681430602
2.8340073985794 -0.303005180306873
2.85183134448241 -0.332938637029761
2.86965529038543 -0.362540213278624
2.88747923628844 -0.391780401558492
2.90530318219146 -0.420630054613784
2.92312712809447 -0.449060414482921
2.94095107399749 -0.47704314116489
2.9587750199005 -0.504550340869177
2.97659896580352 -0.531554593820901
2.99442291170653 -0.558028981593439
3.01224685760955 -0.583947113941306
3.03007080351256 -0.609283155106516
3.04789474941558 -0.634011849572239
3.06571869531859 -0.658108547238037
3.08354264122161 -0.681549227991633
3.10136658712462 -0.704310525652672
3.11919053302764 -0.726369751264639
3.13701447893065 -0.747704915711709
3.15483842483367 -0.768294751637971
3.17266237073668 -0.788118734647193
3.1904863166397 -0.807157103761986
3.20831026254271 -0.825390881121976
3.22613420844573 -0.842801890901351
3.24395815434874 -0.859372777426912
3.26178210025176 -0.875087022478594
3.27960604615477 -0.88992896175518
3.29742999205779 -0.903883800488823
3.3152539379608 -0.916937628192789
3.33307788386382 -0.929077432527731
3.35090182976683 -0.940291112272676
3.36872577566985 -0.950567489387783
3.38654972157286 -0.959896320156857
3.40437366747588 -0.968268305398507
3.42219761337889 -0.975675099735774
3.44002155928191 -0.98210931991498
3.45784550518492 -0.987564552165524
3.47566945108794 -0.992035358593258
3.49349339699095 -0.995517282601106
3.51131734289397 -0.998006853331493
3.52914128879698 -0.999501589126174
3.5469652347 -1
3.56630443321709 -0.999501589126174
3.58564363173417 -0.998006853331493
3.60498283025126 -0.995517282601106
3.62432202876834 -0.992035358593258
3.64366122728543 -0.987564552165524
3.66300042580251 -0.98210931991498
3.6823396243196 -0.975675099735774
3.70167882283668 -0.968268305398507
3.72101802135377 -0.959896320156857
3.74035721987085 -0.950567489387783
3.75969641838794 -0.940291112272676
3.77903561690503 -0.92907743252773
3.79837481542211 -0.916937628192789
3.8177140139392 -0.903883800488823
3.83705321245628 -0.88992896175518
3.85639241097337 -0.875087022478594
3.87573160949045 -0.859372777426912
3.89507080800754 -0.842801890901351
3.91441000652462 -0.825390881121976
3.93374920504171 -0.807157103761985
3.95308840355879 -0.788118734647192
3.97242760207588 -0.768294751637971
3.99176680059296 -0.747704915711709
4.01110599911005 -0.726369751264639
4.03044519762714 -0.704310525652672
4.04978439614422 -0.681549227991634
4.06912359466131 -0.658108547238038
4.08846279317839 -0.634011849572239
4.10780199169548 -0.609283155106517
4.12714119021256 -0.583947113941306
4.14648038872965 -0.558028981593441
4.16581958724673 -0.531554593820901
4.18515878576382 -0.504550340869178
4.2044979842809 -0.477043141164889
4.22383718279799 -0.449060414482921
4.24317638131508 -0.420630054613784
4.26251557983216 -0.391780401558493
4.28185477834925 -0.362540213278624
4.30119397686633 -0.332938637029761
4.32053317538342 -0.303005180306873
4.3398723739005 -0.272769681430604
4.35921157241759 -0.242262279803783
4.37855077093467 -0.211513385867819
4.39788996945176 -0.180553650788902
4.41722916796884 -0.149413935904261
4.43656836648593 -0.118125281958907
4.45590756500301 -0.0867188781635509
4.4752467635201 -0.0552260311045077
4.49458596203719 -0.0236781335366243
4.51392516055427 0.00789336690971375
4.53326435907136 0.0394569990762525
4.55260355758844 0.0709812996480164
4.57194275610553 0.102434844516613
4.59128195462261 0.133786280104478
4.6106211531397 0.165004354618799
4.62996035165678 0.196057949203978
4.64929955017387 0.22691610896159
4.66863874869096 0.257548073806897
4.68797794720804 0.287923309131166
4.70731714572513 0.318011536239239
4.72665634424221 0.347782762531982
4.7459955427593 0.377207311403575
4.76533474127638 0.406255851823789
4.78467393979347 0.434899427575794
4.80401313831055 0.463109486120348
4.82335233682764 0.490857907057593
4.84269153534472 0.518117030158078
4.86203073386181 0.544859682935071
4.88136993237889 0.571059207730695
4.90070913089598 0.596689488288855
4.92004832941307 0.621724975788495
4.93938752793015 0.64614071431121
4.95872672644724 0.669912365717855
4.97806592496432 0.693016233909331
4.99740512348141 0.715429288447371
5.01674432199849 0.737129187511779
5.03608352051558 0.758094300171246
5.05542271903266 0.778303727945529
5.07476191754975 0.797737325637519
5.09410111606683 0.816375721414399
5.11344031458392 0.834200336117917
5.132779513101 0.851193401784494
5.15211871161809 0.867337979356715
5.17145791013518 0.882617975568547
5.19079710865226 0.897018158987464
5.21013630716935 0.910524175197462
5.22947550568643 0.923122561107861
5.24881470420352 0.934800758373599
5.2681539027206 0.945547125913667
5.28749310123769 0.955350951515195
5.30683229975477 0.964202462511612
5.32617149827186 0.972092835524257
5.34551069678894 0.979014205257715
5.36484989530603 0.98495967234011
5.38418909382312 0.989923310200557
5.4035282923402 0.993900170976888
5.42286749085729 0.996886290447793
5.44220668937437 0.998878691984444
5.46154588789146 0.999875389517657
5.48088508640854 0.999875389517657
5.50022428492563 0.998878691984444
5.51956348344271 0.996886290447793
5.5389026819598 0.993900170976888
5.55824188047688 0.989923310200557
5.57758107899397 0.984959672340111
5.59692027751105 0.979014205257715
5.61625947602814 0.972092835524257
5.63559867454523 0.964202462511612
5.65493787306231 0.955350951515195
5.6742770715794 0.945547125913667
5.69361627009648 0.934800758373598
5.71295546861357 0.923122561107861
5.73229466713065 0.910524175197463
5.75163386564774 0.897018158987464
5.77097306416482 0.882617975568547
5.79031226268191 0.867337979356714
5.80965146119899 0.851193401784495
5.82899065971608 0.834200336117918
5.84832985823317 0.816375721414399
5.86766905675025 0.79773732563752
5.88700825526734 0.77830372794553
5.90634745378442 0.758094300171246
5.92568665230151 0.737129187511779
5.94502585081859 0.715429288447372
5.96436504933568 0.693016233909333
5.98370424785276 0.669912365717855
6.00304344636985 0.646140714311209
6.02238264488693 0.621724975788495
6.04172184340402 0.596689488288857
6.06106104192111 0.571059207730695
6.08040024043819 0.54485968293507
6.09973943895528 0.518117030158077
6.11907863747236 0.490857907057595
6.13841783598945 0.463109486120348
6.15775703450653 0.434899427575792
6.17709623302362 0.406255851823789
6.1964354315407 0.377207311403576
6.21577463005779 0.347782762531982
6.23511382857487 0.318011536239239
6.25445302709196 0.287923309131167
6.27379222560904 0.257548073806897
6.29313142412613 0.22691610896159
6.31247062264322 0.196057949203978
6.3318098211603 0.1650043546188
6.35114901967739 0.13378628010448
6.37048821819447 0.102434844516614
6.38982741671156 0.0709812996480145
6.40916661522864 0.0394569990762527
6.42850581374573 0.00789336690971378
6.44784501226281 -0.0236781335366239
6.4671842107799 -0.0552260311045093
6.48652340929698 -0.0867188781635496
6.50586260781407 -0.118125281958907
6.52520180633116 -0.149413935904261
6.54454100484824 -0.180553650788903
6.56388020336533 -0.211513385867819
6.58321940188241 -0.242262279803782
6.6025586003995 -0.272769681430603
6.62189779891658 -0.303005180306872
6.64123699743367 -0.332938637029759
6.66057619595075 -0.362540213278624
6.67991539446784 -0.391780401558493
6.69925459298492 -0.420630054613785
6.71859379150201 -0.449060414482921
6.73793299001909 -0.47704314116489
6.75727218853618 -0.504550340869178
6.77661138705327 -0.531554593820901
6.79595058557035 -0.558028981593439
6.81528978408744 -0.583947113941306
6.83462898260452 -0.609283155106517
6.85396818112161 -0.63401184957224
6.87330737963869 -0.658108547238037
6.89264657815578 -0.681549227991633
6.91198577667286 -0.704310525652672
6.93132497518995 -0.726369751264639
6.95066417370704 -0.747704915711709
6.97000337222412 -0.76829475163797
6.98934257074121 -0.788118734647193
7.00868176925829 -0.807157103761985
7.02802096777538 -0.825390881121975
7.04736016629246 -0.842801890901351
7.06669936480955 -0.859372777426912
7.08603856332663 -0.875087022478594
7.10537776184372 -0.889928961755181
7.1247169603608 -0.903883800488824
7.14405615887789 -0.916937628192789
7.16339535739497 -0.92907743252773
7.18273455591206 -0.940291112272675
7.20207375442915 -0.950567489387783
7.22141295294623 -0.959896320156857
7.24075215146332 -0.968268305398508
7.2600913499804 -0.975675099735774
7.27943054849749 -0.98210931991498
7.29876974701457 -0.987564552165524
7.31810894553166 -0.992035358593258
7.33744814404874 -0.995517282601106
7.35678734256583 -0.998006853331493
7.37612654108291 -0.999501589126174
7.3954657396 -1
7.40164494863668 -0.999501589126174
7.40782415767337 -0.998006853331493
7.41400336671005 -0.995517282601106
7.42018257574673 -0.992035358593258
7.42636178478342 -0.987564552165524
7.4325409938201 -0.98210931991498
7.43872020285678 -0.975675099735773
7.44489941189347 -0.968268305398507
7.45107862093015 -0.959896320156857
7.45725782996683 -0.950567489387782
7.46343703900352 -0.940291112272675
7.4696162480402 -0.92907743252773
7.47579545707688 -0.91693762819279
7.48197466611357 -0.903883800488824
7.48815387515025 -0.889928961755181
7.49433308418693 -0.875087022478594
7.50051229322362 -0.859372777426913
7.5066915022603 -0.842801890901351
7.51287071129698 -0.825390881121977
7.51904992033367 -0.807157103761986
7.52522912937035 -0.788118734647193
7.53140833840703 -0.768294751637971
7.53758754744372 -0.747704915711709
7.5437667564804 -0.72636975126464
7.54994596551709 -0.704310525652672
7.55612517455377 -0.681549227991634
7.56230438359045 -0.658108547238037
7.56848359262714 -0.634011849572238
7.57466280166382 -0.609283155106516
7.5808420107005 -0.583947113941305
7.58702121973719 -0.558028981593439
7.59320042877387 -0.531554593820901
7.59937963781055 -0.504550340869176
7.60555884684724 -0.477043141164888
7.61173805588392 -0.449060414482919
7.6179172649206 -0.420630054613783
7.62409647395729 -0.391780401558495
7.63027568299397 -0.362540213278627
7.63645489203065 -0.332938637029763
7.64263410106734 -0.303005180306874
7.64881331010402 -0.272769681430605
7.6549925191407 -0.242262279803785
7.66117172817739 -0.21151338586782
7.66735093721407 -0.180553650788903
7.67353014625075 -0.149413935904262
7.67970935528744 -0.118125281958909
7.68588856432412 -0.0867188781635514
7.6920677733608 -0.0552260311045086
7.69824698239749 -0.0236781335366241
7.70442619143417 0.00789336690971331
7.71060540047085 0.0394569990762529
7.71678460950754 0.0709812996480164
7.72296381854422 0.102434844516614
7.7291430275809 0.13378628010448
7.73532223661759 0.1650043546188
7.74150144565427 0.196057949203979
7.74768065469095 0.226916108961591
7.75385986372764 0.257548073806898
7.76003907276432 0.287923309131168
7.76621828180101 0.31801153623924
7.77239749083769 0.347782762531984
7.77857669987437 0.377207311403574
7.78475590891106 0.406255851823791
7.79093511794774 0.434899427575791
7.79711432698442 0.463109486120346
7.8032935360211 0.490857907057592
7.80947274505779 0.518117030158076
7.81565195409447 0.544859682935069
7.82183116313116 0.571059207730694
7.82801037216784 0.596689488288855
7.83418958120452 0.621724975788495
7.84036879024121 0.646140714311209
7.84654799927789 0.669912365717855
7.85272720831457 0.693016233909331
7.85890641735126 0.715429288447371
7.86508562638794 0.737129187511779
7.87126483542462 0.758094300171246
7.87744404446131 0.77830372794553
7.88362325349799 0.79773732563752
7.88980246253467 0.8163757214144
7.89598167157136 0.834200336117918
7.90216088060804 0.851193401784495
7.90834008964472 0.867337979356715
7.91451929868141 0.882617975568548
7.92069850771809 0.897018158987464
7.92687771675477 0.910524175197463
7.93305692579146 0.92312256110786
7.93923613482814 0.934800758373599
7.94541534386482 0.945547125913666
7.95159455290151 0.955350951515194
7.95777376193819 0.964202462511611
7.96395297097487 0.972092835524257
7.97013218001156 0.979014205257714
7.97631138904824 0.98495967234011
7.98249059808492 0.989923310200557
7.98866980712161 0.993900170976888
7.99484901615829 0.996886290447793
8.00102822519498 0.998878691984444
8.00720743423166 0.999875389517657
8.01338664326834 0.999875389517657
8.01956585230502 0.998878691984444
8.02574506134171 0.996886290447794
8.03192427037839 0.993900170976888
8.03810347941507 0.989923310200558
8.04428268845176 0.98495967234011
8.05046189748844 0.979014205257715
8.05664110652513 0.972092835524257
8.06282031556181 0.964202462511612
8.06899952459849 0.955350951515194
8.07517873363518 0.945547125913668
8.08135794267186 0.934800758373598
8.08753715170854 0.923122561107862
8.09371636074523 0.910524175197461
8.09989556978191 0.897018158987464
8.10607477881859 0.882617975568546
8.11225398785528 0.867337979356715
8.11843319689196 0.851193401784493
8.12461240592864 0.834200336117918
8.13079161496533 0.816375721414397
8.13697082400201 0.79773732563752
8.14315003303869 0.778303727945527
8.14932924207538 0.758094300171246
8.15550845111206 0.737129187511782
8.16168766014874 0.715429288447371
8.16786686918543 0.693016233909329
8.17404607822211 0.669912365717855
8.18022528725879 0.646140714311213
8.18640449629548 0.621724975788495
8.19258370533216 0.596689488288859
8.19876291436884 0.571059207730694
8.20494212340553 0.544859682935073
8.21112133244221 0.518117030158076
8.21730054147889 0.490857907057596
8.22347975051558 0.463109486120347
8.22965895955226 0.434899427575795
8.23583816858894 0.406255851823787
8.24201737762563 0.377207311403578
8.24819658666231 0.34778276253198
8.25437579569899 0.31801153623924
8.26055500473568 0.287923309131164
8.26673421377236 0.257548073806898
8.27291342280905 0.226916108961588
8.27909263184573 0.196057949203979
8.28527184088241 0.165004354618796
8.29145104991909 0.13378628010448
8.29763025895578 0.10243484451661
8.30380946799246 0.0709812996480162
8.30998867702915 0.0394569990762483
8.31616788606583 0.00789336690971289
8.32234709510251 -0.0236781335366194
8.3285263041392 -0.0552260311045084
8.33470551317588 -0.0867188781635469
8.34088472221256 -0.118125281958908
8.34706393124925 -0.149413935904257
8.35324314028593 -0.180553650788903
8.35942234932261 -0.211513385867816
8.3656015583593 -0.242262279803785
8.37178076739598 -0.272769681430601
8.37795997643266 -0.303005180306874
8.38413918546935 -0.332938637029759
8.39031839450603 -0.362540213278626
8.39649760354271 -0.39178040155849
8.4026768125794 -0.420630054613787
8.40885602161608 -0.449060414482918
8.41503523065276 -0.477043141164892
8.42121443968945 -0.504550340869176
8.42739364872613 -0.531554593820904
8.43357285776281 -0.558028981593439
8.4397520667995 -0.583947113941309
8.44593127583618 -0.609283155106516
8.45211048487286 -0.634011849572242
8.45828969390955 -0.658108547238037
8.46446890294623 -0.68154922799163
8.47064811198291 -0.704310525652672
8.4768273210196 -0.726369751264642
8.48300653005628 -0.747704915711709
8.48918573909296 -0.768294751637968
8.49536494812965 -0.788118734647193
8.50154415716633 -0.807157103761983
8.50772336620301 -0.825390881121977
8.5139025752397 -0.842801890901349
8.52008178427638 -0.859372777426913
8.52626099331306 -0.875087022478592
8.53244020234975 -0.889928961755181
8.53861941138643 -0.903883800488822
8.54479862042312 -0.91693762819279
8.5509778294598 -0.929077432527729
8.55715703849648 -0.940291112272676
8.56333624753317 -0.950567489387782
8.56951545656985 -0.959896320156858
8.57569466560653 -0.968268305398507
8.58187387464322 -0.975675099735774
8.5880530836799 -0.98210931991498
8.59423229271658 -0.987564552165524
8.60041150175327 -0.992035358593258
8.60659071078995 -0.995517282601106
8.61276991982663 -0.998006853331493
8.61894912886332 -0.999501589126174
8.6251283379 -1
8.64121295084573 -0.999501589126174
8.65729756379146 -0.998006853331493
8.67338217673719 -0.995517282601106
8.68946678968291 -0.992035358593258
8.70555140262864 -0.987564552165524
8.72163601557437 -0.98210931991498
8.7377206285201 -0.975675099735774
8.75380524146583 -0.968268305398507
8.76988985441156 -0.959896320156857
8.78597446735729 -0.950567489387783
8.80205908030302 -0.940291112272675
8.81814369324874 -0.929077432527731
8.83422830619447 -0.916937628192789
8.8503129191402 -0.903883800488823
8.86639753208593 -0.88992896175518
8.88248214503166 -0.875087022478594
8.89856675797739 -0.859372777426912
8.91465137092312 -0.842801890901351
8.93073598386884 -0.825390881121976
8.94682059681457 -0.807157103761986
8.9629052097603 -0.788118734647193
8.97898982270603 -0.768294751637971
8.99507443565176 -0.747704915711709
9.01115904859749 -0.726369751264638
9.02724366154322 -0.704310525652673
9.04332827448894 -0.681549227991634
9.05941288743467 -0.658108547238037
9.0754975003804 -0.634011849572238
9.09158211332613 -0.609283155106518
9.10766672627186 -0.583947113941307
9.12375133921759 -0.55802898159344
9.13983595216332 -0.531554593820901
9.15592056510905 -0.504550340869176
9.17200517805477 -0.477043141164891
9.1880897910005 -0.44906041448292
9.20417440394623 -0.420630054613784
9.22025901689196 -0.391780401558492
9.23634362983769 -0.362540213278626
9.25242824278342 -0.332938637029762
9.26851285572915 -0.303005180306873
9.28459746867487 -0.272769681430602
9.3006820816206 -0.242262279803781
9.31676669456633 -0.21151338586782
9.33285130751206 -0.180553650788902
9.34893592045779 -0.14941393590426
9.36502053340352 -0.118125281958907
9.38110514634925 -0.086718878163552
9.39718975929497 -0.0552260311045086
9.4132743722407 -0.0236781335366239
9.42935898518643 0.0078933669097142
9.44544359813216 0.0394569990762511
9.46152821107789 0.0709812996480149
9.47761282402362 0.102434844516613
9.49369743696935 0.13378628010448
9.50978204991508 0.165004354618801
9.5258666628608 0.196057949203977
9.54195127580653 0.22691610896159
9.55803588875226 0.257548073806897
9.57412050169799 0.287923309131167
9.59020511464372 0.318011536239237
9.60628972758945 0.347782762531982
9.62237434053518 0.377207311403576
9.6384589534809 0.40625585182379
9.65454356642663 0.434899427575791
9.67062817937236 0.463109486120347
9.68671279231809 0.490857907057594
9.70279740526382 0.518117030158078
9.71888201820955 0.544859682935072
9.73496663115528 0.571059207730694
9.751051244101 0.596689488288855
9.76713585704673 0.621724975788495
9.78322046999246 0.64614071431121
9.79930508293819 0.669912365717854
9.81538969588392 0.693016233909331
9.83147430882965 0.715429288447371
9.84755892177538 0.737129187511779
9.86364353472111 0.758094300171246
9.87972814766683 0.778303727945529
9.89581276061256 0.797737325637519
9.91189737355829 0.816375721414399
9.92798198650402 0.834200336117918
9.94406659944975 0.851193401784494
9.96015121239548 0.867337979356714
9.97623582534121 0.882617975568547
9.99232043828694 0.897018158987464
10.0084050512327 0.910524175197463
10.0244896641784 0.92312256110786
10.0405742771241 0.934800758373598
10.0566588900698 0.945547125913667
10.0727435030156 0.955350951515195
10.0888281159613 0.964202462511611
10.104912728907 0.972092835524257
10.1209973418528 0.979014205257714
10.1370819547985 0.984959672340111
10.1531665677442 0.989923310200557
10.1692511806899 0.993900170976888
10.1853357936357 0.996886290447793
10.2014204065814 0.998878691984444
10.2175050195271 0.999875389517657
10.2335896324729 0.999875389517657
10.2496742454186 0.998878691984444
10.2657588583643 0.996886290447793
10.2818434713101 0.993900170976888
10.2979280842558 0.989923310200557
10.3140126972015 0.984959672340111
10.3300973101472 0.979014205257715
10.346181923093 0.972092835524257
10.3622665360387 0.964202462511611
10.3783511489844 0.955350951515195
10.3944357619302 0.945547125913667
10.4105203748759 0.934800758373598
10.4266049878216 0.92312256110786
10.4426896007673 0.910524175197462
10.4587742137131 0.897018158987464
10.4748588266588 0.882617975568547
10.4909434396045 0.867337979356714
10.5070280525503 0.851193401784494
10.523112665496 0.834200336117918
10.5391972784417 0.816375721414399
10.5552818913874 0.797737325637519
10.5713665043332 0.778303727945529
10.5874511172789 0.758094300171244
10.6035357302246 0.73712918751178
10.6196203431704 0.715429288447371
10.6357049561161 0.693016233909331
10.6517895690618 0.669912365717856
10.6678741820075 0.646140714311211
10.6839587949533 0.621724975788495
10.700043407899 0.596689488288856
10.7161280208447 0.571059207730694
10.7322126337905 0.544859682935072
10.7482972467362 0.518117030158078
10.7643818596819 0.490857907057594
10.7804664726276 0.463109486120347
10.7965510855734 0.434899427575795
10.8126356985191 0.40625585182379
10.8287203114648 0.377207311403576
10.8448049244106 0.347782762531982
10.8608895373563 0.318011536239237
10.876974150302 0.287923309131167
10.8930587632477 0.257548073806897
10.9091433761935 0.22691610896159
10.9252279891392 0.196057949203977
10.9413126020849 0.165004354618801
10.9573972150307 0.13378628010448
10.9734818279764 0.102434844516613
10.9895664409221 0.0709812996480153
11.0056510538678 0.0394569990762509
11.0217356668136 0.00789336690971111
11.0378202797593 -0.0236781335366239
11.053904892705 -0.0552260311045084
11.0699895056508 -0.0867188781635523
11.0860741185965 -0.118125281958906
11.1021587315422 -0.14941393590426
11.1182433444879 -0.180553650788902
11.1343279574337 -0.211513385867819
11.1504125703794 -0.242262279803785
11.1664971833251 -0.272769681430602
11.1825817962709 -0.303005180306872
11.1986664092166 -0.332938637029761
11.2147510221623 -0.362540213278626
11.230835635108 -0.391780401558492
11.2469202480538 -0.420630054613784
11.2630048609995 -0.449060414482921
11.2790894739452 -0.47704314116489
11.295174086891 -0.504550340869179
11.3112586998367 -0.531554593820901
11.3273433127824 -0.55802898159344
11.3434279257281 -0.583947113941307
11.3595125386739 -0.609283155106518
11.3755971516196 -0.634011849572238
11.3916817645653 -0.658108547238037
11.4077663775111 -0.681549227991634
11.4238509904568 -0.704310525652672
11.4399356034025 -0.726369751264641
11.4560202163482 -0.747704915711709
11.472104829294 -0.768294751637971
11.4881894422397 -0.788118734647193
11.5042740551854 -0.807157103761984
11.5203586681312 -0.825390881121976
11.5364432810769 -0.84280189090135
11.5525278940226 -0.859372777426912
11.5686125069683 -0.875087022478594
11.5846971199141 -0.889928961755179
11.6007817328598 -0.903883800488823
11.6168663458055 -0.916937628192789
11.6329509587513 -0.929077432527731
11.649035571697 -0.940291112272675
11.6651201846427 -0.950567489387782
11.6812047975884 -0.959896320156857
11.6972894105342 -0.968268305398507
11.7133740234799 -0.975675099735774
11.7294586364256 -0.98210931991498
11.7455432493714 -0.987564552165524
11.7616278623171 -0.992035358593258
11.7777124752628 -0.995517282601106
11.7937970882085 -0.998006853331493
11.8098817011543 -0.999501589126174
11.8259663141 -1
11.8353547946915 -0.999501589126174
11.8447432752829 -0.998006853331493
11.8541317558744 -0.995517282601106
11.8635202364658 -0.992035358593258
11.8729087170573 -0.987564552165524
11.8822971976487 -0.98210931991498
11.8916856782402 -0.975675099735774
11.9010741588317 -0.968268305398508
11.9104626394231 -0.959896320156857
11.9198511200146 -0.950567489387782
11.929239600606 -0.940291112272676
11.9386280811975 -0.929077432527731
11.9480165617889 -0.916937628192789
11.9574050423804 -0.903883800488823
11.9667935229719 -0.889928961755179
11.9761820035633 -0.875087022478595
11.9855704841548 -0.859372777426912
11.9949589647462 -0.84280189090135
12.0043474453377 -0.825390881121975
12.0137359259291 -0.807157103761987
12.0231244065206 -0.788118734647193
12.0325128871121 -0.76829475163797
12.0419013677035 -0.747704915711708
12.051289848295 -0.726369751264641
12.0606783288864 -0.704310525652673
12.0700668094779 -0.681549227991634
12.0794552900693 -0.658108547238037
12.0888437706608 -0.634011849572237
12.0982322512523 -0.609283155106518
12.1076207318437 -0.583947113941307
12.1170092124352 -0.558028981593439
12.1263976930266 -0.531554593820899
12.1357861736181 -0.504550340869179
12.1451746542095 -0.47704314116489
12.154563134801 -0.44906041448292
12.1639516153925 -0.420630054613783
12.1733400959839 -0.391780401558496
12.1827285765754 -0.362540213278626
12.1921170571668 -0.332938637029761
12.2015055377583 -0.303005180306871
12.2108940183497 -0.2727696814306
12.2202824989412 -0.242262279803785
12.2296709795327 -0.21151338586782
12.2390594601241 -0.180553650788901
12.2484479407156 -0.149413935904259
12.257836421307 -0.11812528195891
12.2672249018985 -0.0867188781635516
12.27661338249 -0.0552260311045077
12.2860018630814 -0.0236781335366221
12.2953903436729 0.00789336690971042
12.3047788242643 0.0394569990762514
12.3141673048558 0.070981299648016
12.3235557854472 0.102434844516615
12.3329442660387 0.133786280104482
12.3423327466302 0.165004354618797
12.3517212272216 0.196057949203978
12.3611097078131 0.226916108961591
12.3704981884045 0.257548073806899
12.379886668996 0.287923309131164
12.3892751495874 0.318011536239238
12.3986636301789 0.347782762531983
12.4080521107704 0.377207311403578
12.4174405913618 0.406255851823787
12.4268290719533 0.434899427575792
12.4362175525447 0.463109486120348
12.4456060331362 0.490857907057595
12.4549945137276 0.518117030158075
12.4643829943191 0.544859682935069
12.4737714749106 0.571059207730694
12.483159955502 0.596689488288857
12.4925484360935 0.621724975788497
12.5019369166849 0.646140714311208
12.5113253972764 0.669912365717855
12.5207138778678 0.693016233909332
12.5301023584593 0.715429288447373
12.5394908390508 0.737129187511777
12.5488793196422 0.758094300171245
12.5582678002337 0.77830372794553
12.5676562808251 0.79773732563752
12.5770447614166 0.816375721414401
12.586433242008 0.834200336117916
12.5958217225995 0.851193401784495
12.605210203191 0.867337979356715
12.6145986837824 0.882617975568548
12.6239871643739 0.897018158987463
12.6333756449653 0.910524175197462
12.6427641255568 0.923122561107861
12.6521526061482 0.934800758373599
12.6615410867397 0.945547125913666
12.6709295673312 0.955350951515194
12.6803180479226 0.964202462511612
12.6897065285141 0.972092835524257
12.6990950091055 0.979014205257715
12.708483489697 0.98495967234011
12.7178719702884 0.989923310200557
12.7272604508799 0.993900170976888
12.7366489314714 0.996886290447793
12.7460374120628 0.998878691984443
12.7554258926543 0.999875389517657
12.7648143732457 0.999875389517657
12.7742028538372 0.998878691984444
12.7835913344286 0.996886290447793
12.7929798150201 0.993900170976888
12.8023682956116 0.989923310200557
12.811756776203 0.98495967234011
12.8211452567945 0.979014205257714
12.8305337373859 0.972092835524257
12.8399222179774 0.964202462511612
12.8493106985688 0.955350951515195
12.8586991791603 0.945547125913666
12.8680876597518 0.934800758373599
12.8774761403432 0.923122561107861
12.8868646209347 0.910524175197462
12.8962531015261 0.897018158987463
12.9056415821176 0.882617975568548
12.915030062709 0.867337979356715
12.9244185433005 0.851193401784494
12.933807023892 0.834200336117917
12.9431955044834 0.816375721414401
12.9525839850749 0.79773732563752
12.9619724656663 0.77830372794553
12.9713609462578 0.758094300171245
12.9807494268492 0.737129187511777
12.9901379074407 0.715429288447373
12.9995263880322 0.693016233909332
13.0089148686236 0.669912365717855
13.0183033492151 0.646140714311208
13.0276918298065 0.621724975788497
13.037080310398 0.596689488288857
13.0464687909894 0.571059207730695
13.0558572715809 0.54485968293507
13.0652457521724 0.518117030158075
13.0746342327638 0.490857907057595
13.0840227133553 0.463109486120348
13.0934111939467 0.434899427575792
13.1027996745382 0.406255851823787
13.1121881551296 0.377207311403578
13.1215766357211 0.347782762531983
13.1309651163126 0.318011536239238
13.140353596904 0.287923309131164
13.1497420774955 0.257548073806893
13.1591305580869 0.226916108961591
13.1685190386784 0.196057949203978
13.1779075192698 0.165004354618798
13.1872959998613 0.133786280104482
13.1966844804528 0.102434844516615
13.2060729610442 0.0709812996480162
13.2154614416357 0.0394569990762518
13.2248499222271 0.00789336690971111
13.2342384028186 -0.0236781335366212
13.24362688341 -0.0552260311045066
13.2530153640015 -0.0867188781635523
13.262403844593 -0.118125281958911
13.2717923251844 -0.149413935904259
13.2811808057759 -0.180553650788901
13.2905692863673 -0.211513385867819
13.2999577669588 -0.242262279803785
13.3093462475503 -0.272769681430601
13.3187347281417 -0.303005180306871
13.3281232087332 -0.332938637029761
13.3375116893246 -0.362540213278626
13.3469001699161 -0.391780401558496
13.3562886505075 -0.420630054613782
13.365677131099 -0.44906041448292
13.3750656116905 -0.47704314116489
13.3844540922819 -0.504550340869179
13.3938425728734 -0.5315545938209
13.4032310534648 -0.558028981593439
13.4126195340563 -0.583947113941307
13.4220080146477 -0.609283155106518
13.4313964952392 -0.634011849572236
13.4407849758307 -0.658108547238036
13.4501734564221 -0.681549227991633
13.4595619370136 -0.704310525652673
13.468950417605 -0.726369751264641
13.4783388981965 -0.747704915711708
13.4877273787879 -0.768294751637971
13.4971158593794 -0.788118734647193
13.5065043399709 -0.807157103761987
13.5158928205623 -0.825390881121975
13.5252813011538 -0.84280189090135
13.5346697817452 -0.859372777426912
13.5440582623367 -0.875087022478594
13.5534467429281 -0.889928961755182
13.5628352235196 -0.903883800488823
13.5722237041111 -0.916937628192789
13.5816121847025 -0.929077432527731
13.591000665294 -0.940291112272674
13.6003891458854 -0.950567489387782
13.6097776264769 -0.959896320156857
13.6191661070683 -0.968268305398507
13.6285545876598 -0.975675099735774
13.6379430682513 -0.98210931991498
13.6473315488427 -0.987564552165524
13.6567200294342 -0.992035358593258
13.6661085100256 -0.995517282601106
13.6754969906171 -0.998006853331493
13.6848854712085 -0.999501589126174
13.6942739518 -1
13.713097067604 -0.999501589126174
13.731920183408 -0.998006853331493
13.7507432992121 -0.995517282601106
13.7695664150161 -0.992035358593258
13.7883895308201 -0.987564552165524
13.8072126466241 -0.982109319914981
13.8260357624281 -0.975675099735773
13.8448588782322 -0.968268305398507
13.8636819940362 -0.959896320156857
13.8825051098402 -0.950567489387783
13.9013282256442 -0.940291112272675
13.9201513414482 -0.92907743252773
13.9389744572523 -0.916937628192789
13.9577975730563 -0.903883800488824
13.9766206888603 -0.88992896175518
13.9954438046643 -0.875087022478594
14.0142669204683 -0.859372777426912
14.0330900362724 -0.842801890901351
14.0519131520764 -0.825390881121977
14.0707362678804 -0.807157103761984
14.0895593836844 -0.788118734647192
14.1083824994884 -0.76829475163797
14.1272056152925 -0.747704915711709
14.1460287310965 -0.726369751264639
14.1648518469005 -0.704310525652672
14.1836749627045 -0.681549227991634
14.2024980785085 -0.658108547238038
14.2213211943126 -0.634011849572239
14.2401443101166 -0.609283155106517
14.2589674259206 -0.583947113941307
14.2777905417246 -0.558028981593441
14.2966136575286 -0.531554593820903
14.3154367733327 -0.504550340869176
14.3342598891367 -0.477043141164889
14.3530830049407 -0.449060414482919
14.3719061207447 -0.420630054613784
14.3907292365487 -0.391780401558493
14.4095523523528 -0.362540213278624
14.4283754681568 -0.332938637029761
14.4471985839608 -0.303005180306873
14.4660216997648 -0.272769681430603
14.4848448155688 -0.242262279803784
14.5036679313729 -0.21151338586782
14.5224910471769 -0.180553650788903
14.5413141629809 -0.149413935904262
14.5601372787849 -0.118125281958907
14.5789603945889 -0.0867188781635525
14.597783510393 -0.0552260311045071
14.616606626197 -0.0236781335366232
14.635429742001 0.00789336690971398
14.654252857805 0.0394569990762531
14.673075973609 0.070981299648016
14.6918990894131 0.102434844516613
14.7107222052171 0.133786280104479
14.7295453210211 0.165004354618799
14.7483684368251 0.196057949203977
14.7671915526291 0.226916108961589
14.7860146684332 0.257548073806896
14.8048377842372 0.287923309131168
14.8236609000412 0.31801153623924
14.8424840158452 0.347782762531983
14.8613071316492 0.377207311403577
14.8801302474533 0.40625585182379
14.8989533632573 0.434899427575793
14.9177764790613 0.463109486120348
14.9365995948653 0.490857907057594
14.9554227106693 0.518117030158077
14.9742458264734 0.54485968293507
14.9930689422774 0.571059207730694
15.0118920580814 0.596689488288855
15.0307151738854 0.621724975788494
15.0495382896894 0.646140714311209
15.0683614054935 0.669912365717854
15.0871845212975 0.693016233909333
15.1060076371015 0.715429288447372
15.1248307529055 0.737129187511779
15.1436538687095 0.758094300171246
15.1624769845136 0.77830372794553
15.1813001003176 0.797737325637519
15.2001232161216 0.816375721414399
15.2189463319256 0.834200336117917
15.2377694477296 0.851193401784494
15.2565925635337 0.867337979356714
15.2754156793377 0.882617975568546
15.2942387951417 0.897018158987463
15.3130619109457 0.910524175197462
15.3318850267497 0.923122561107861
15.3507081425538 0.934800758373599
15.3695312583578 0.945547125913667
15.3883543741618 0.955350951515195
15.4071774899658 0.964202462511612
15.4260006057698 0.972092835524257
15.4448237215739 0.979014205257714
15.4636468373779 0.98495967234011
15.4824699531819 0.989923310200557
15.5012930689859 0.993900170976888
15.5201161847899 0.996886290447793
15.538939300594 0.998878691984444
15.557762416398 0.999875389517657
15.576585532202 0.999875389517657
15.595408648006 0.998878691984444
15.6142317638101 0.996886290447793
15.6330548796141 0.993900170976888
15.6518779954181 0.989923310200557
15.6707011112221 0.98495967234011
15.6895242270261 0.979014205257715
15.7083473428301 0.972092835524257
15.7271704586342 0.964202462511612
15.7459935744382 0.955350951515195
15.7648166902422 0.945547125913668
15.7836398060462 0.934800758373599
15.8024629218502 0.923122561107861
15.8212860376543 0.910524175197462
15.8401091534583 0.897018158987463
15.8589322692623 0.882617975568546
15.8777553850663 0.867337979356714
15.8965785008704 0.851193401784494
15.9154016166744 0.834200336117917
15.9342247324784 0.816375721414399
15.9530478482824 0.79773732563752
15.9718709640864 0.77830372794553
15.9906940798905 0.758094300171246
16.0095171956945 0.73712918751178
16.0283403114985 0.71542928844737
16.0471634273025 0.693016233909333
16.0659865431065 0.669912365717854
16.0848096589106 0.646140714311211
16.1036327747146 0.621724975788495
16.1224558905186 0.596689488288858
16.1412790063226 0.571059207730694
16.1601021221266 0.544859682935073
16.1789252379307 0.518117030158078
16.1977483537347 0.490857907057591
16.2165714695387 0.463109486120348
16.2353945853427 0.434899427575791
16.2542177011467 0.40625585182379
16.2730408169508 0.377207311403575
16.2918639327548 0.347782762531984
16.3106870485588 0.318011536239237
16.3295101643628 0.287923309131168
16.3483332801668 0.257548073806896
16.3671563959709 0.226916108961592
16.3859795117749 0.196057949203977
16.4048026275789 0.165004354618802
16.4236257433829 0.133786280104478
16.4424488591869 0.102434844516616
16.461271974991 0.0709812996480162
16.480095090795 0.0394569990762501
16.498918206599 0.00789336690971378
16.517741322403 -0.0236781335366256
16.536564438207 -0.0552260311045066
16.5553875540111 -0.0867188781635523
16.5742106698151 -0.118125281958906
16.5930337856191 -0.149413935904261
16.6118569014231 -0.1805536507889
16.6306800172271 -0.211513385867819
16.6495031330312 -0.24226227980378
16.6683262488352 -0.272769681430603
16.6871493646392 -0.303005180306876
16.7059724804432 -0.332938637029761
16.7247955962472 -0.362540213278627
16.7436187120513 -0.391780401558493
16.7624418278553 -0.420630054613786
16.7812649436593 -0.449060414482919
16.8000880594633 -0.477043141164891
16.8189111752673 -0.504550340869176
16.8377342910714 -0.531554593820902
16.8565574068754 -0.558028981593438
16.8753805226794 -0.583947113941307
16.8942036384834 -0.609283155106515
16.9130267542874 -0.634011849572239
16.9318498700915 -0.658108547238035
16.9506729858955 -0.681549227991633
16.9694961016995 -0.704310525652674
16.9883192175035 -0.726369751264639
17.0071423333075 -0.74770491571171
17.0259654491116 -0.768294751637969
17.0447885649156 -0.788118734647194
17.0636116807196 -0.807157103761985
17.0824347965236 -0.825390881121977
17.1012579123276 -0.842801890901349
17.1200810281317 -0.859372777426912
17.1389041439357 -0.875087022478592
17.1577272597397 -0.889928961755181
17.1765503755437 -0.903883800488825
17.1953734913477 -0.916937628192789
17.2141966071518 -0.929077432527729
17.2330197229558 -0.940291112272675
17.2518428387598 -0.950567489387783
17.2706659545638 -0.959896320156857
17.2894890703678 -0.968268305398508
17.3083121861719 -0.975675099735773
17.3271353019759 -0.982109319914981
17.3459584177799 -0.987564552165523
17.3647815335839 -0.992035358593258
17.3836046493879 -0.995517282601106
17.402427765192 -0.998006853331493
17.421250880996 -0.999501589126174
17.4400739968 -1
17.4493291915176 -0.999501589126174
17.4585843862352 -0.998006853331494
17.4678395809528 -0.995517282601106
17.4770947756704 -0.992035358593257
17.4863499703879 -0.987564552165524
17.4956051651055 -0.98210931991498
17.5048603598231 -0.975675099735772
17.5141155545407 -0.968268305398508
17.5233707492583 -0.959896320156857
17.5326259439759 -0.950567489387781
17.5418811386935 -0.940291112272676
17.5511363334111 -0.92907743252773
17.5603915281286 -0.916937628192791
17.5696467228462 -0.903883800488824
17.5789019175638 -0.889928961755179
17.5881571122814 -0.875087022478596
17.597412306999 -0.859372777426913
17.6066675017166 -0.842801890901349
17.6159226964342 -0.825390881121979
17.6251778911518 -0.807157103761986
17.6344330858693 -0.78811873464719
17.6436882805869 -0.768294751637974
17.6529434753045 -0.747704915711709
17.6621986700221 -0.726369751264637
17.6714538647397 -0.704310525652675
17.6807090594573 -0.681549227991634
17.6899642541749 -0.658108547238034
17.6992194488925 -0.634011849572241
17.70847464361 -0.609283155106516
17.7177298383276 -0.583947113941302
17.7269850330452 -0.558028981593443
17.7362402277628 -0.531554593820901
17.7454954224804 -0.504550340869173
17.754750617198 -0.477043141164892
17.7640058119156 -0.449060414482919
17.7732610066332 -0.420630054613779
17.7825162013508 -0.391780401558495
17.7917713960683 -0.362540213278623
17.8010265907859 -0.332938637029767
17.8102817855035 -0.303005180306874
17.8195369802211 -0.272769681430601
17.8287921749387 -0.242262279803789
17.8380473696563 -0.21151338586782
17.8473025643739 -0.180553650788899
17.8565577590915 -0.149413935904266
17.865812953809 -0.118125281958909
17.8750681485266 -0.0867188781635472
17.8843233432442 -0.0552260311045126
17.8935785379618 -0.0236781335366241
17.9028337326794 0.00789336690971731
17.912088927397 0.0394569990762487
17.9213441221146 0.0709812996480162
17.9305993168322 0.102434844516618
17.9398545115497 0.133786280104476
17.9491097062673 0.1650043546188
17.9583649009849 0.196057949203983
17.9676200957025 0.226916108961587
17.9768752904201 0.257548073806898
17.9861304851377 0.287923309131172
17.9953856798553 0.318011536239236
18.0046408745729 0.347782762531984
18.0138960692905 0.377207311403581
18.023151264008 0.406255851823787
18.0324064587256 0.434899427575795
18.0416616534432 0.463109486120343
18.0509168481608 0.490857907057592
18.0601720428784 0.51811703015808
18.069427237596 0.544859682935066
18.0786824323136 0.571059207730694
18.0879376270312 0.596689488288858
18.0971928217487 0.621724975788492
18.1064480164663 0.646140714311209
18.1157032111839 0.669912365717858
18.1249584059015 0.693016233909329
18.1342136006191 0.715429288447371
18.1434687953367 0.737129187511782
18.1527239900543 0.758094300171243
18.1619791847719 0.77830372794553
18.1712343794894 0.797737325637522
18.180489574207 0.816375721414397
18.1897447689246 0.834200336117918
18.1989999636422 0.851193401784497
18.2082551583598 0.867337979356713
18.2175103530774 0.882617975568548
18.226765547795 0.897018158987466
18.2360207425126 0.910524175197461
18.2452759372302 0.923122561107862
18.2545311319477 0.934800758373596
18.2637863266653 0.945547125913667
18.2730415213829 0.955350951515196
18.2822967161005 0.96420246251161
18.2915519108181 0.972092835524257
18.3008071055357 0.979014205257715
18.3100623002533 0.98495967234011
18.3193174949709 0.989923310200557
18.3285726896884 0.993900170976888
18.337827884406 0.996886290447793
18.3470830791236 0.998878691984444
18.3563382738412 0.999875389517657
18.3655934685588 0.999875389517657
18.3748486632764 0.998878691984444
18.384103857994 0.996886290447793
18.3933590527116 0.993900170976888
18.4026142474291 0.989923310200557
18.4118694421467 0.98495967234011
18.4211246368643 0.979014205257715
18.4303798315819 0.972092835524257
18.4396350262995 0.96420246251161
18.4488902210171 0.955350951515196
18.4581454157347 0.945547125913667
18.4674006104523 0.934800758373601
18.4766558051698 0.923122561107861
18.4859109998874 0.910524175197461
18.495166194605 0.897018158987466
18.5044213893226 0.882617975568548
18.5136765840402 0.867337979356713
18.5229317787578 0.851193401784497
18.5321869734754 0.834200336117918
18.541442168193 0.816375721414397
18.5506973629106 0.797737325637522
18.5599525576281 0.77830372794553
18.5692077523457 0.758094300171243
18.5784629470633 0.737129187511782
18.5877181417809 0.715429288447371
18.5969733364985 0.693016233909329
18.6062285312161 0.669912365717858
18.6154837259337 0.646140714311209
18.6247389206513 0.621724975788492
18.6339941153688 0.596689488288859
18.6432493100864 0.571059207730694
18.652504504804 0.544859682935067
18.6617596995216 0.51811703015808
18.6710148942392 0.490857907057593
18.6802700889568 0.463109486120343
18.6895252836744 0.434899427575796
18.698780478392 0.406255851823787
18.7080356731095 0.377207311403571
18.7172908678271 0.347782762531984
18.7265460625447 0.318011536239236
18.7358012572623 0.287923309131172
18.7450564519799 0.257548073806897
18.7543116466975 0.226916108961588
18.7635668414151 0.196057949203982
18.7728220361327 0.165004354618801
18.7820772308503 0.133786280104476
18.7913324255678 0.102434844516618
18.8005876202854 0.0709812996480162
18.809842815003 0.0394569990762492
18.8190980097206 0.00789336690971733
18.8283532044382 -0.0236781335366239
18.8376083991558 -0.0552260311045128
18.8468635938734 -0.0867188781635469
18.856118788591 -0.118125281958909
18.8653739833085 -0.149413935904265
18.8746291780261 -0.180553650788899
18.8838843727437 -0.211513385867819
18.8931395674613 -0.242262279803788
18.9023947621789 -0.2727696814306
18.9116499568965 -0.303005180306874
18.9209051516141 -0.332938637029766
18.9301603463317 -0.362540213278622
18.9394155410492 -0.391780401558495
18.9486707357668 -0.420630054613779
18.9579259304844 -0.449060414482918
18.967181125202 -0.477043141164892
18.9764363199196 -0.504550340869172
18.9856915146372 -0.531554593820901
18.9949467093548 -0.558028981593442
19.0042019040724 -0.583947113941302
19.0134570987899 -0.609283155106516
19.0227122935075 -0.634011849572241
19.0319674882251 -0.658108547238034
19.0412226829427 -0.681549227991633
19.0504778776603 -0.704310525652675
19.0597330723779 -0.726369751264636
19.0689882670955 -0.747704915711709
19.0782434618131 -0.768294751637973
19.0874986565307 -0.78811873464719
19.0967538512482 -0.807157103761986
19.1060090459658 -0.825390881121979
19.1152642406834 -0.842801890901349
19.124519435401 -0.859372777426912
19.1337746301186 -0.875087022478596
19.1430298248362 -0.889928961755179
19.1522850195538 -0.903883800488824
19.1615402142714 -0.916937628192791
19.1707954089889 -0.929077432527729
19.1800506037065 -0.940291112272676
19.1893057984241 -0.950567489387781
19.1985609931417 -0.959896320156857
19.2078161878593 -0.968268305398508
19.2170713825769 -0.975675099735772
19.2263265772945 -0.98210931991498
19.2355817720121 -0.987564552165524
19.2448369667296 -0.992035358593257
19.2540921614472 -0.995517282601106
19.2633473561648 -0.998006853331494
19.2726025508824 -0.999501589126174
19.2818577456 -1
19.298203982394 -0.999501589126174
19.3145502191879 -0.998006853331493
19.3308964559819 -0.995517282601106
19.3472426927759 -0.992035358593258
19.3635889295699 -0.987564552165523
19.3799351663638 -0.982109319914981
19.3962814031578 -0.975675099735773
19.4126276399518 -0.968268305398508
19.4289738767457 -0.959896320156857
19.4453201135397 -0.950567489387784
19.4616663503337 -0.940291112272675
19.4780125871276 -0.929077432527732
19.4943588239216 -0.916937628192789
19.5107050607156 -0.903883800488825
19.5270512975095 -0.88992896175518
19.5433975343035 -0.875087022478592
19.5597437710975 -0.859372777426912
19.5760900078915 -0.842801890901349
19.5924362446854 -0.825390881121977
19.6087824814794 -0.807157103761984
19.6251287182734 -0.788118734647193
19.6414749550673 -0.76829475163797
19.6578211918613 -0.74770491571171
19.6741674286553 -0.726369751264638
19.6905136654492 -0.704310525652674
19.7068599022432 -0.681549227991633
19.7232061390372 -0.65810854723804
19.7395523758312 -0.634011849572238
19.7558986126251 -0.609283155106519
19.7722448494191 -0.583947113941306
19.7885910862131 -0.558028981593438
19.804937323007 -0.531554593820902
19.821283559801 -0.504550340869175
19.837629796595 -0.47704314116489
19.8539760333889 -0.449060414482918
19.8703222701829 -0.420630054613785
19.8866685069769 -0.391780401558491
19.9030147437709 -0.362540213278626
19.9193609805648 -0.33293863702976
19.9357072173588 -0.303005180306875
19.9520534541528 -0.272769681430602
19.9683996909467 -0.242262279803786
19.9847459277407 -0.211513385867818
20.0010921645347 -0.180553650788905
20.0174384013286 -0.149413935904261
20.0337846381226 -0.118125281958912
20.0501308749166 -0.0867188781635512
20.0664771117106 -0.0552260311045051
20.0828233485045 -0.0236781335366248
20.0991695852985 0.00789336690971575
20.1155158220925 0.0394569990762516
20.1318620588864 0.070981299648018
20.1482082956804 0.102434844516612
20.1645545324744 0.133786280104481
20.1809007692683 0.165004354618797
20.1972470060623 0.196057949203979
20.2135932428563 0.226916108961587
20.2299394796503 0.257548073806897
20.2462857164442 0.287923309131164
20.2626319532382 0.318011536239238
20.2789781900322 0.347782762531986
20.2953244268261 0.377207311403576
20.3116706636201 0.406255851823792
20.3280169004141 0.434899427575792
20.344363137208 0.46310948612035
20.360709374002 0.490857907057593
20.377055610796 0.518117030158079
20.3934018475899 0.544859682935069
20.4097480843839 0.571059207730696
20.4260943211779 0.596689488288854
20.4424405579719 0.621724975788496
20.4587867947658 0.646140714311208
20.4751330315598 0.669912365717856
20.4914792683538 0.69301623390933
20.5078255051477 0.715429288447371
20.5241717419417 0.737129187511777
20.5405179787357 0.758094300171245
20.5568642155297 0.778303727945532
20.5732104523236 0.797737325637519
20.5895566891176 0.816375721414401
20.6059029259116 0.834200336117917
20.6222491627055 0.851193401784496
20.6385953994995 0.867337979356714
20.6549416362935 0.882617975568548
20.6712878730874 0.897018158987463
20.6876341098814 0.910524175197463
20.7039803466754 0.92312256110786
20.7203265834693 0.934800758373599
20.7366728202633 0.945547125913666
20.7530190570573 0.955350951515195
20.7693652938513 0.964202462511611
20.7857115306452 0.972092835524257
20.8020577674392 0.979014205257714
20.8184040042332 0.98495967234011
20.8347502410271 0.989923310200558
20.8510964778211 0.993900170976888
20.8674427146151 0.996886290447793
20.883788951409 0.998878691984444
20.900135188203 0.999875389517657
20.916481424997 0.999875389517657
20.932827661791 0.998878691984444
20.9491738985849 0.996886290447793
20.9655201353789 0.993900170976888
20.9818663721729 0.989923310200558
20.9982126089668 0.98495967234011
21.0145588457608 0.979014205257715
21.0309050825548 0.972092835524257
21.0472513193487 0.964202462511611
21.0635975561427 0.955350951515195
21.0799437929367 0.945547125913666
21.0962900297307 0.934800758373599
21.1126362665246 0.92312256110786
21.1289825033186 0.910524175197463
21.1453287401126 0.897018158987463
21.1616749769065 0.882617975568548
21.1780212137005 0.867337979356714
21.1943674504945 0.851193401784496
21.2107136872884 0.834200336117917
21.2270599240824 0.816375721414401
21.2434061608764 0.797737325637519
21.2597523976704 0.778303727945532
21.2760986344643 0.758094300171246
21.2924448712583 0.737129187511782
21.3087911080523 0.715429288447372
21.3251373448462 0.69301623390933
21.3414835816402 0.669912365717856
21.3578298184342 0.646140714311208
21.3741760552281 0.621724975788497
21.3905222920221 0.596689488288854
21.4068685288161 0.571059207730696
21.4232147656101 0.54485968293507
21.439561002404 0.518117030158079
21.455907239198 0.490857907057593
21.472253475992 0.46310948612035
21.4885997127859 0.434899427575792
21.5049459495799 0.406255851823791
21.5212921863739 0.377207311403576
21.5376384231678 0.347782762531979
21.5539846599618 0.318011536239239
21.5703308967558 0.287923309131164
21.5866771335497 0.257548073806897
21.6030233703437 0.226916108961588
21.6193696071377 0.196057949203979
21.6357158439317 0.165004354618798
21.6520620807256 0.133786280104481
21.6684083175196 0.102434844516612
21.6847545543136 0.070981299648018
21.7011007911075 0.0394569990762518
21.7174470279015 0.00789336690971555
21.7337932646955 -0.0236781335366239
21.7501395014894 -0.0552260311045048
21.7664857382834 -0.0867188781635514
21.7828319750774 -0.118125281958904
21.7991782118714 -0.14941393590426
21.8155244486653 -0.180553650788905
21.8318706854593 -0.211513385867818
21.8482169222533 -0.242262279803786
21.8645631590472 -0.272769681430602
21.8809093958412 -0.303005180306874
21.8972556326352 -0.332938637029759
21.9136018694291 -0.362540213278626
21.9299481062231 -0.391780401558491
21.9462943430171 -0.420630054613785
21.9626405798111 -0.449060414482917
21.978986816605 -0.47704314116489
21.995333053399 -0.504550340869175
22.011679290193 -0.531554593820901
22.0280255269869 -0.558028981593443
22.0443717637809 -0.583947113941306
22.0607180005749 -0.609283155106519
22.0770642373688 -0.634011849572238
22.0934104741628 -0.658108547238039
22.1097567109568 -0.681549227991633
22.1261029477508 -0.704310525652673
22.1424491845447 -0.726369751264638
22.1587954213387 -0.74770491571171
22.1751416581327 -0.768294751637969
22.1914878949266 -0.788118734647193
22.2078341317206 -0.807157103761984
22.2241803685146 -0.825390881121977
22.2405266053085 -0.842801890901349
22.2568728421025 -0.859372777426912
22.2732190788965 -0.875087022478592
22.2895653156905 -0.88992896175518
22.3059115524844 -0.903883800488825
22.3222577892784 -0.916937628192788
22.3386040260724 -0.929077432527731
22.3549502628663 -0.940291112272675
22.3712964996603 -0.950567489387783
22.3876427364543 -0.959896320156856
22.4039889732482 -0.968268305398508
22.4203352100422 -0.975675099735773
22.4366814468362 -0.98210931991498
22.4530276836302 -0.987564552165523
22.4693739204241 -0.992035358593258
22.4857201572181 -0.995517282601106
22.5020663940121 -0.998006853331493
22.518412630806 -0.999501589126174
22.5347588676 -1
22.5411324238859 -0.999501589126174
22.5475059801719 -0.998006853331494
22.5538795364578 -0.995517282601106
22.5602530927437 -0.992035358593259
22.5666266490297 -0.987564552165522
22.5730002053156 -0.982109319914979
22.5793737616015 -0.975675099735772
22.5857473178874 -0.968268305398506
22.5921208741734 -0.959896320156857
22.5984944304593 -0.950567489387783
22.6048679867452 -0.940291112272676
22.6112415430312 -0.929077432527732
22.6176150993171 -0.916937628192791
22.623988655603 -0.903883800488827
22.6303622118889 -0.889928961755176
22.6367357681749 -0.87508702247859
22.6431093244608 -0.859372777426909
22.6494828807467 -0.842801890901349
22.6558564370327 -0.825390881121975
22.6622299933186 -0.807157103761985
22.6686035496045 -0.788118734647194
22.6749771058905 -0.768294751637973
22.6813506621764 -0.747704915711713
22.6877242184623 -0.726369751264644
22.6940977747482 -0.704310525652666
22.7004713310342 -0.681549227991629
22.7068448873201 -0.658108547238034
22.713218443606 -0.634011849572236
22.719591999892 -0.609283155106516
22.7259655561779 -0.583947113941306
22.7323391124638 -0.558028981593442
22.7387126687497 -0.531554593820905
22.7450862250357 -0.504550340869182
22.7514597813216 -0.477043141164896
22.7578333376075 -0.449060414482913
22.7642068938935 -0.420630054613778
22.7705804501794 -0.391780401558489
22.7769540064653 -0.362540213278621
22.7833275627513 -0.33293863702976
22.7897011190372 -0.303005180306873
22.7960746753231 -0.272769681430605
22.802448231609 -0.242262279803787
22.808821787895 -0.211513385867825
22.8151953441809 -0.18055365078891
22.8215689004668 -0.149413935904253
22.8279424567528 -0.118125281958901
22.8343160130387 -0.0867188781635459
22.8406895693246 -0.0552260311045051
22.8470631256106 -0.0236781335366228
22.8534366818965 0.00789336690971287
22.8598102381824 0.0394569990762505
22.8661837944683 0.070981299648012
22.8725573507543 0.102434844516608
22.8789309070402 0.133786280104472
22.8853044633261 0.165004354618807
22.8916780196121 0.196057949203984
22.898051575898 0.226916108961595
22.9044251321839 0.257548073806899
22.9107986884698 0.287923309131168
22.9171722447558 0.318011536239238
22.9235458010417 0.34778276253198
22.9299193573276 0.377207311403572
22.9362929136136 0.406255851823783
22.9426664698995 0.434899427575786
22.9490400261854 0.463109486120355
22.9554135824714 0.490857907057599
22.9617871387573 0.518117030158081
22.9681606950432 0.544859682935073
22.9745342513291 0.571059207730696
22.9809078076151 0.596689488288855
22.987281363901 0.621724975788493
22.9936549201869 0.646140714311206
23.0000284764729 0.669912365717851
23.0064020327588 0.693016233909326
23.0127755890447 0.715429288447377
23.0191491453307 0.737129187511783
23.0255227016166 0.758094300171249
23.0318962579025 0.778303727945532
23.0382698141884 0.79773732563752
23.0446433704744 0.816375721414399
23.0510169267603 0.834200336117916
23.0573904830462 0.851193401784492
23.0637640393322 0.867337979356712
23.0701375956181 0.882617975568543
23.076511151904 0.897018158987467
23.08288470819 0.910524175197465
23.0892582644759 0.923122561107862
23.0956318207618 0.934800758373599
23.1020053770477 0.945547125913667
23.1083789333337 0.955350951515195
23.1147524896196 0.964202462511611
23.1211260459055 0.972092835524256
23.1274996021915 0.979014205257713
23.1338731584774 0.984959672340109
23.1402467147633 0.989923310200558
23.1466202710492 0.993900170976888
23.1529938273352 0.996886290447794
23.1593673836211 0.998878691984444
23.165740939907 0.999875389517657
23.172114496193 0.999875389517657
23.1784880524789 0.998878691984444
23.1848616087648 0.996886290447794
23.1912351650508 0.993900170976889
23.1976087213367 0.989923310200558
23.2039822776226 0.984959672340109
23.2103558339085 0.979014205257713
23.2167293901945 0.972092835524256
23.2231029464804 0.964202462511611
23.2294765027663 0.955350951515194
23.2358500590523 0.945547125913667
23.2422236153382 0.934800758373599
23.2485971716241 0.923122561107863
23.25497072791 0.910524175197465
23.261344284196 0.897018158987467
23.2677178404819 0.882617975568543
23.2740913967678 0.867337979356712
23.2804649530538 0.851193401784492
23.2868385093397 0.834200336117916
23.2932120656256 0.816375721414399
23.2995856219116 0.79773732563752
23.3059591781975 0.778303727945532
23.3123327344834 0.758094300171249
23.3187062907693 0.737129187511784
23.3250798470553 0.715429288447377
23.3314534033412 0.693016233909327
23.3378269596271 0.669912365717851
23.3442005159131 0.646140714311207
23.350574072199 0.621724975788493
23.3569476284849 0.596689488288856
23.3633211847709 0.571059207730696
23.3696947410568 0.544859682935073
23.3760682973427 0.518117030158082
23.3824418536286 0.4908579070576
23.3888154099146 0.463109486120355
23.3951889662005 0.434899427575786
23.4015625224864 0.406255851823784
23.4079360787724 0.377207311403572
23.4143096350583 0.347782762531981
23.4206831913442 0.318011536239238
23.4270567476302 0.287923309131167
23.4334303039161 0.2575480738069
23.439803860202 0.226916108961595
23.4461774164879 0.196057949203985
23.4525509727739 0.165004354618808
23.4589245290598 0.133786280104471
23.4652980853457 0.102434844516608
23.4716716416317 0.0709812996480118
23.4780451979176 0.0394569990762509
23.4844187542035 0.00789336690971289
23.4907923104894 -0.0236781335366221
23.4971658667754 -0.0552260311045048
23.5035394230613 -0.0867188781635452
23.5099129793472 -0.118125281958902
23.5162865356332 -0.149413935904253
23.5226600919191 -0.180553650788909
23.529033648205 -0.211513385867824
23.535407204491 -0.242262279803786
23.5417807607769 -0.272769681430605
23.5481543170628 -0.303005180306872
23.5545278733487 -0.332938637029759
23.5609014296347 -0.362540213278621
23.5672749859206 -0.391780401558489
23.5736485422065 -0.420630054613778
23.5800220984925 -0.449060414482928
23.5863956547784 -0.477043141164896
23.5927692110643 -0.504550340869182
23.5991427673503 -0.531554593820904
23.6055163236362 -0.558028981593442
23.6118898799221 -0.583947113941306
23.618263436208 -0.609283155106515
23.624636992494 -0.634011849572236
23.6310105487799 -0.658108547238033
23.6373841050658 -0.681549227991629
23.6437576613518 -0.704310525652666
23.6501312176377 -0.726369751264644
23.6565047739236 -0.747704915711712
23.6628783302095 -0.768294751637973
23.6692518864955 -0.788118734647194
23.6756254427814 -0.807157103761986
23.6819989990673 -0.825390881121975
23.6883725553533 -0.842801890901349
23.6947461116392 -0.859372777426909
23.7011196679251 -0.87508702247859
23.7074932242111 -0.889928961755184
23.713866780497 -0.903883800488826
23.7202403367829 -0.916937628192791
23.7266138930688 -0.929077432527732
23.7329874493548 -0.940291112272676
23.7393610056407 -0.950567489387783
23.7457345619266 -0.959896320156857
23.7521081182126 -0.968268305398506
23.7584816744985 -0.975675099735772
23.7648552307844 -0.982109319914979
23.7712287870703 -0.987564552165522
23.7776023433563 -0.992035358593259
23.7839758996422 -0.995517282601106
23.7903494559281 -0.998006853331494
23.7967230122141 -0.999501589126174
23.8030965685 -1
23.8191614098643 -0.999501589126174
23.8352262512286 -0.998006853331493
23.851291092593 -0.995517282601106
23.8673559339573 -0.992035358593258
23.8834207753216 -0.987564552165524
23.8994856166859 -0.98210931991498
23.9155504580503 -0.975675099735773
23.9316152994146 -0.968268305398508
23.9476801407789 -0.959896320156858
23.9637449821432 -0.950567489387783
23.9798098235075 -0.940291112272675
23.9958746648719 -0.92907743252773
24.0119395062362 -0.916937628192787
24.0280043476005 -0.903883800488825
24.0440691889648 -0.889928961755181
24.0601340303291 -0.875087022478593
24.0761988716935 -0.859372777426911
24.0922637130578 -0.842801890901349
24.1083285544221 -0.825390881121978
24.1243933957864 -0.807157103761986
24.1404582371508 -0.788118734647192
24.1565230785151 -0.76829475163797
24.1725879198794 -0.747704915711707
24.1886527612437 -0.726369751264641
24.204717602608 -0.704310525652673
24.2207824439724 -0.681549227991634
24.2368472853367 -0.658108547238037
24.252912126701 -0.634011849572237
24.2689769680653 -0.609283155106519
24.2850418094296 -0.583947113941308
24.301106650794 -0.558028981593441
24.3171714921583 -0.531554593820901
24.3332363335226 -0.504550340869176
24.3493011748869 -0.477043141164887
24.3653660162513 -0.449060414482922
24.3814308576156 -0.420630054613785
24.3974956989799 -0.391780401558493
24.4135605403442 -0.362540213278623
24.4296253817085 -0.332938637029758
24.4456902230729 -0.303005180306875
24.4617550644372 -0.272769681430604
24.4778199058015 -0.242262279803783
24.4938847471658 -0.211513385867818
24.5099495885302 -0.180553650788899
24.5260144298945 -0.149413935904264
24.5420792712588 -0.118125281958909
24.5581441126231 -0.0867188781635512
24.5742089539874 -0.0552260311045071
24.5902737953518 -0.0236781335366217
24.6063386367161 0.0078933669097102
24.6224034780804 0.0394569990762509
24.6384683194447 0.0709812996480153
24.654533160809 0.102434844516614
24.6705980021734 0.133786280104481
24.6866628435377 0.165004354618803
24.702727684902 0.196057949203976
24.7187925262663 0.226916108961589
24.7348573676307 0.257548073806897
24.750922208995 0.287923309131168
24.7669870503593 0.318011536239241
24.7830518917236 0.34778276253198
24.7991167330879 0.377207311403575
24.8151815744523 0.406255851823789
24.8312464158166 0.434899427575794
24.8473112571809 0.46310948612035
24.8633760985452 0.490857907057591
24.8794409399095 0.518117030158076
24.8955057812739 0.54485968293507
24.9115706226382 0.571059207730696
24.9276354640025 0.596689488288858
24.9437003053668 0.621724975788493
24.9597651467312 0.646140714311208
24.9758299880955 0.669912365717855
24.9918948294598 0.693016233909332
25.0079596708241 0.715429288447373
25.0240245121884 0.737129187511776
25.0400893535528 0.758094300171244
25.0561541949171 0.778303727945529
25.0722190362814 0.79773732563752
25.0882838776457 0.8163757214144
25.1043487190101 0.834200336117919
25.1204135603744 0.851193401784493
25.1364784017387 0.867337979356714
25.152543243103 0.882617975568547
25.1686080844673 0.897018158987464
25.1846729258317 0.910524175197463
25.200737767196 0.92312256110786
25.2168026085603 0.934800758373598
25.2328674499246 0.945547125913667
25.2489322912889 0.955350951515195
25.2649971326533 0.964202462511612
25.2810619740176 0.972092835524256
25.2971268153819 0.979014205257714
25.3131916567462 0.98495967234011
25.3292564981106 0.989923310200557
25.3453213394749 0.993900170976888
25.3613861808392 0.996886290447794
25.3774510222035 0.998878691984443
25.3935158635678 0.999875389517657
25.4095807049322 0.999875389517657
25.4256455462965 0.998878691984443
25.4417103876608 0.996886290447793
25.4577752290251 0.993900170976888
25.4738400703894 0.989923310200557
25.4899049117538 0.98495967234011
25.5059697531181 0.979014205257714
25.5220345944824 0.972092835524256
25.5380994358467 0.964202462511612
25.5541642772111 0.955350951515195
25.5702291185754 0.945547125913667
25.5862939599397 0.934800758373598
25.602358801304 0.92312256110786
25.6184236426683 0.910524175197463
25.6344884840327 0.897018158987464
25.650553325397 0.882617975568547
25.6666181667613 0.867337979356714
25.6826830081256 0.851193401784493
25.6987478494899 0.83420033611792
25.7148126908543 0.8163757214144
25.7308775322186 0.79773732563752
25.7469423735829 0.778303727945529
25.7630072149472 0.758094300171244
25.7790720563116 0.737129187511781
25.7951368976759 0.715429288447373
25.8112017390402 0.693016233909332
25.8272665804045 0.669912365717855
25.8433314217688 0.646140714311208
25.8593962631332 0.621724975788499
25.8754611044975 0.596689488288858
25.8915259458618 0.571059207730696
25.9075907872261 0.54485968293507
25.9236556285905 0.518117030158076
25.9397204699548 0.490857907057591
25.9557853113191 0.463109486120344
25.9718501526834 0.434899427575794
25.9879149940477 0.40625585182379
26.0039798354121 0.377207311403576
26.0200446767764 0.34778276253198
26.0361095181407 0.318011536239241
26.052174359505 0.287923309131168
26.0682392008693 0.257548073806897
26.0843040422337 0.22691610896159
26.100368883598 0.196057949203976
26.1164337249623 0.165004354618796
26.1324985663266 0.133786280104481
26.148563407691 0.102434844516614
26.1646282490553 0.0709812996480162
26.1806930904196 0.0394569990762509
26.1967579317839 0.00789336690971022
26.2128227731482 -0.0236781335366212
26.2288876145126 -0.0552260311045075
26.2449524558769 -0.0867188781635505
26.2610172972412 -0.118125281958909
26.2770821386055 -0.149413935904264
26.2931469799698 -0.180553650788899
26.3092118213342 -0.211513385867818
26.3252766626985 -0.242262279803783
26.3413415040628 -0.272769681430604
26.3574063454271 -0.303005180306875
26.3734711867915 -0.332938637029758
26.3895360281558 -0.362540213278622
26.4056008695201 -0.391780401558492
26.4216657108844 -0.420630054613785
26.4377305522487 -0.449060414482922
26.4537953936131 -0.477043141164886
26.4698602349774 -0.504550340869175
26.4859250763417 -0.531554593820901
26.501989917706 -0.55802898159344
26.5180547590704 -0.583947113941308
26.5341196004347 -0.609283155106519
26.550184441799 -0.634011849572237
26.5662492831633 -0.658108547238037
26.5823141245276 -0.681549227991634
26.598378965892 -0.704310525652673
26.6144438072563 -0.726369751264642
26.6305086486206 -0.747704915711707
26.6465734899849 -0.76829475163797
26.6626383313492 -0.788118734647193
26.6787031727136 -0.807157103761986
26.6947680140779 -0.825390881121977
26.7108328554422 -0.842801890901349
26.7268976968065 -0.859372777426911
26.7429625381709 -0.875087022478594
26.7590273795352 -0.889928961755181
26.7750922208995 -0.903883800488824
26.7911570622638 -0.91693762819279
26.8072219036281 -0.929077432527729
26.8232867449925 -0.940291112272675
26.8393515863568 -0.950567489387783
26.8554164277211 -0.959896320156858
26.8714812690854 -0.968268305398508
26.8875461104497 -0.975675099735773
26.9036109518141 -0.98210931991498
26.9196757931784 -0.987564552165524
26.9357406345427 -0.992035358593258
26.951805475907 -0.995517282601106
26.9678703172714 -0.998006853331493
26.9839351586357 -0.999501589126174
27 -1
