0 -1
0.00602331814472362 -0.999501589126174
0.0120466362894472 -0.998006853331493
0.0180699544341709 -0.995517282601106
0.0240932725788945 -0.992035358593258
0.0301165907236181 -0.987564552165524
0.0361399088683417 -0.98210931991498
0.0421632270130653 -0.975675099735774
0.0481865451577889 -0.968268305398507
0.0542098633025126 -0.959896320156857
0.0602331814472362 -0.950567489387783
0.0662564995919598 -0.940291112272676
0.0722798177366834 -0.929077432527731
0.078303135881407 -0.916937628192789
0.0843264540261307 -0.903883800488824
0.0903497721708543 -0.88992896175518
0.0963730903155779 -0.875087022478594
0.102396408460302 -0.859372777426912
0.108419726605025 -0.842801890901351
0.114443044749749 -0.825390881121976
0.120466362894472 -0.807157103761985
0.126489681039196 -0.788118734647192
0.13251299918392 -0.768294751637971
0.138536317328643 -0.747704915711709
0.144559635473367 -0.726369751264639
0.15058295361809 -0.704310525652672
0.156606271762814 -0.681549227991634
0.162629589907538 -0.658108547238038
0.168652908052261 -0.634011849572239
0.174676226196985 -0.609283155106517
0.180699544341709 -0.583947113941306
0.186722862486432 -0.55802898159344
0.192746180631156 -0.531554593820901
0.198769498775879 -0.504550340869177
0.204792816920603 -0.47704314116489
0.210816135065327 -0.44906041448292
0.21683945321005 -0.420630054613784
0.222862771354774 -0.391780401558493
0.228886089499497 -0.362540213278625
0.234909407644221 -0.332938637029761
0.240932725788945 -0.303005180306873
0.246956043933668 -0.272769681430603
0.252979362078392 -0.242262279803783
0.259002680223116 -0.211513385867819
0.265025998367839 -0.180553650788902
0.271049316512563 -0.149413935904261
0.277072634657286 -0.118125281958908
0.28309595280201 -0.0867188781635509
0.289119270946734 -0.0552260311045082
0.295142589091457 -0.0236781335366241
0.301165907236181 0.00789336690971331
0.307189225380905 0.0394569990762527
0.313212543525628 0.0709812996480158
0.319235861670352 0.102434844516613
0.325259179815075 0.133786280104479
0.331282497959799 0.165004354618799
0.337305816104523 0.196057949203978
0.343329134249246 0.22691610896159
0.34935245239397 0.257548073806896
0.355375770538694 0.287923309131167
0.361399088683417 0.318011536239238
0.367422406828141 0.347782762531982
0.373445724972864 0.377207311403576
0.379469043117588 0.406255851823789
0.385492361262312 0.434899427575793
0.391515679407035 0.463109486120348
0.397538997551759 0.490857907057594
0.403562315696482 0.518117030158078
0.409585633841206 0.54485968293507
0.41560895198593 0.571059207730695
0.421632270130653 0.596689488288856
0.427655588275377 0.621724975788495
0.433678906420101 0.64614071431121
0.439702224564824 0.669912365717855
0.445725542709548 0.693016233909331
0.451748860854271 0.715429288447371
0.457772178998995 0.737129187511779
0.463795497143719 0.758094300171245
0.469818815288442 0.77830372794553
0.475842133433166 0.797737325637519
0.48186545157789 0.816375721414399
0.487888769722613 0.834200336117917
0.493912087867337 0.851193401784495
0.49993540601206 0.867337979356715
0.505958724156784 0.882617975568547
0.511982042301508 0.897018158987463
0.518005360446231 0.910524175197462
0.524028678590955 0.923122561107861
0.530051996735678 0.934800758373598
0.536075314880402 0.945547125913667
0.542098633025126 0.955350951515195
0.548121951169849 0.964202462511612
0.554145269314573 0.972092835524257
0.560168587459297 0.979014205257714
0.56619190560402 0.98495967234011
0.572215223748744 0.989923310200557
0.578238541893467 0.993900170976888
0.584261860038191 0.996886290447793
0.590285178182915 0.998878691984444
0.596308496327638 0.999875389517657
0.602331814472362 0.999875389517657
0.608355132617085 0.998878691984444
0.614378450761809 0.996886290447793
0.620401768906533 0.993900170976888
0.626425087051256 0.989923310200557
0.63244840519598 0.984959672340111
0.638471723340704 0.979014205257715
0.644495041485427 0.972092835524257
0.650518359630151 0.964202462511612
0.656541677774874 0.955350951515195
0.662564995919598 0.945547125913667
0.668588314064322 0.934800758373598
0.674611632209045 0.923122561107861
0.680634950353769 0.910524175197462
0.686658268498493 0.897018158987463
0.692681586643216 0.882617975568547
0.69870490478794 0.867337979356715
0.704728222932663 0.851193401784495
0.710751541077387 0.834200336117917
0.716774859222111 0.816375721414399
0.722798177366834 0.79773732563752
0.728821495511558 0.77830372794553
0.734844813656281 0.758094300171246
0.740868131801005 0.737129187511779
0.746891449945729 0.715429288447371
0.752914768090452 0.693016233909332
0.758938086235176 0.669912365717855
0.7649614043799 0.646140714311209
0.770984722524623 0.621724975788495
0.777008040669347 0.596689488288856
0.78303135881407 0.571059207730694
0.789054676958794 0.544859682935071
0.795077995103518 0.518117030158078
0.801101313248241 0.490857907057594
0.807124631392965 0.463109486120348
0.813147949537689 0.434899427575793
0.819171267682412 0.406255851823789
0.825194585827136 0.377207311403576
0.831217903971859 0.347782762531982
0.837241222116583 0.318011536239238
0.843264540261307 0.287923309131167
0.84928785840603 0.257548073806896
0.855311176550754 0.22691610896159
0.861334494695478 0.196057949203978
0.867357812840201 0.1650043546188
0.873381130984925 0.133786280104479
0.879404449129648 0.102434844516613
0.885427767274372 0.0709812996480162
0.891451085419096 0.0394569990762536
0.897474403563819 0.00789336690971378
0.903497721708543 -0.0236781335366239
0.909521039853266 -0.0552260311045075
0.91554435799799 -0.0867188781635505
0.921567676142714 -0.118125281958908
0.927590994287437 -0.14941393590426
0.933614312432161 -0.180553650788902
0.939637630576884 -0.211513385867818
0.945660948721608 -0.242262279803784
0.951684266866332 -0.272769681430602
0.957707585011055 -0.303005180306873
0.963730903155779 -0.332938637029761
0.969754221300502 -0.362540213278624
0.975777539445226 -0.391780401558493
0.98180085758995 -0.420630054613784
0.987824175734674 -0.44906041448292
0.993847493879397 -0.47704314116489
0.999870812024121 -0.504550340869178
1.00589413016884 -0.531554593820901
1.01191744831357 -0.55802898159344
1.01794076645829 -0.583947113941307
1.02396408460302 -0.609283155106516
1.02998740274774 -0.634011849572239
1.03601072089246 -0.658108547238037
1.04203403903719 -0.681549227991634
1.04805735718191 -0.704310525652672
1.05408067532663 -0.72636975126464
1.06010399347136 -0.747704915711709
1.06612731161608 -0.768294751637971
1.0721506297608 -0.788118734647192
1.07817394790553 -0.807157103761985
1.08419726605025 -0.825390881121976
1.09022058419498 -0.842801890901351
1.0962439023397 -0.859372777426912
1.10226722048442 -0.875087022478593
1.10829053862915 -0.88992896175518
1.11431385677387 -0.903883800488824
1.12033717491859 -0.916937628192789
1.12636049306332 -0.92907743252773
1.13238381120804 -0.940291112272675
1.13840712935276 -0.950567489387783
1.14443044749749 -0.959896320156857
1.15045376564221 -0.968268305398507
1.15647708378693 -0.975675099735774
1.16250040193166 -0.98210931991498
1.16852372007638 -0.987564552165524
1.17454703822111 -0.992035358593258
1.18057035636583 -0.995517282601106
1.18659367451055 -0.998006853331493
1.19261699265528 -0.999501589126174
1.1986403108 -1
1.21607147253668 -0.999501589126174
1.23350263427337 -0.998006853331493
1.25093379601005 -0.995517282601106
1.26836495774673 -0.992035358593258
1.28579611948342 -0.987564552165524
1.3032272812201 -0.98210931991498
1.32065844295678 -0.975675099735774
1.33808960469347 -0.968268305398507
1.35552076643015 -0.959896320156857
1.37295192816683 -0.950567489387783
1.39038308990352 -0.940291112272676
1.4078142516402 -0.92907743252773
1.42524541337688 -0.916937628192789
1.44267657511357 -0.903883800488824
1.46010773685025 -0.88992896175518
1.47753889858693 -0.875087022478594
1.49497006032362 -0.859372777426912
1.5124012220603 -0.842801890901351
1.52983238379699 -0.825390881121976
1.54726354553367 -0.807157103761985
1.56469470727035 -0.788118734647192
1.58212586900704 -0.768294751637971
1.59955703074372 -0.747704915711709
1.6169881924804 -0.726369751264639
1.63441935421709 -0.704310525652672
1.65185051595377 -0.681549227991634
1.66928167769045 -0.658108547238038
1.68671283942714 -0.634011849572239
1.70414400116382 -0.609283155106517
1.7215751629005 -0.583947113941306
1.73900632463719 -0.55802898159344
1.75643748637387 -0.531554593820901
1.77386864811055 -0.504550340869177
1.79129980984724 -0.47704314116489
1.80873097158392 -0.44906041448292
1.8261621333206 -0.420630054613784
1.84359329505729 -0.391780401558493
1.86102445679397 -0.362540213278624
1.87845561853065 -0.332938637029761
1.89588678026734 -0.303005180306873
1.91331794200402 -0.272769681430603
1.9307491037407 -0.242262279803783
1.94818026547739 -0.211513385867819
1.96561142721407 -0.180553650788902
1.98304258895075 -0.149413935904261
2.00047375068744 -0.118125281958908
2.01790491242412 -0.0867188781635507
2.0353360741608 -0.0552260311045082
2.05276723589749 -0.0236781335366243
2.07019839763417 0.00789336690971287
2.08762955937085 0.0394569990762523
2.10506072110754 0.070981299648016
2.12249188284422 0.102434844516613
2.1399230445809 0.133786280104479
2.15735420631759 0.165004354618799
2.17478536805427 0.196057949203978
2.19221652979095 0.22691610896159
2.20964769152764 0.257548073806896
2.22707885326432 0.287923309131167
2.244510015001 0.318011536239238
2.26194117673769 0.347782762531982
2.27937233847437 0.377207311403576
2.29680350021106 0.406255851823789
2.31423466194774 0.434899427575793
2.33166582368442 0.463109486120347
2.34909698542111 0.490857907057594
2.36652814715779 0.518117030158078
2.38395930889447 0.54485968293507
2.40139047063116 0.571059207730695
2.41882163236784 0.596689488288856
2.43625279410452 0.621724975788495
2.45368395584121 0.64614071431121
2.47111511757789 0.669912365717855
2.48854627931457 0.693016233909332
2.50597744105126 0.715429288447371
2.52340860278794 0.737129187511779
2.54083976452462 0.758094300171245
2.55827092626131 0.77830372794553
2.57570208799799 0.797737325637519
2.59313324973467 0.816375721414399
2.61056441147136 0.834200336117918
2.62799557320804 0.851193401784495
2.64542673494472 0.867337979356715
2.66285789668141 0.882617975568547
2.68028905841809 0.897018158987464
2.69772022015477 0.910524175197462
2.71515138189146 0.923122561107861
2.73258254362814 0.934800758373598
2.75001370536482 0.945547125913667
2.76744486710151 0.955350951515195
2.78487602883819 0.964202462511612
2.80230719057487 0.972092835524257
2.81973835231156 0.979014205257714
2.83716951404824 0.984959672340111
2.85460067578492 0.989923310200557
2.87203183752161 0.993900170976888
2.88946299925829 0.996886290447793
2.90689416099497 0.998878691984444
2.92432532273166 0.999875389517657
2.94175648446834 0.999875389517657
2.95918764620503 0.998878691984444
2.97661880794171 0.996886290447793
2.99404996967839 0.993900170976888
3.01148113141508 0.989923310200557
3.02891229315176 0.984959672340111
3.04634345488844 0.979014205257715
3.06377461662513 0.972092835524257
3.08120577836181 0.964202462511612
3.09863694009849 0.955350951515195
3.11606810183518 0.945547125913667
3.13349926357186 0.934800758373598
3.15093042530854 0.923122561107861
3.16836158704523 0.910524175197462
3.18579274878191 0.897018158987464
3.20322391051859 0.882617975568547
3.22065507225528 0.867337979356715
3.23808623399196 0.851193401784495
3.25551739572864 0.834200336117918
3.27294855746533 0.816375721414399
3.29037971920201 0.79773732563752
3.30781088093869 0.77830372794553
3.32524204267538 0.758094300171246
3.34267320441206 0.737129187511779
3.36010436614874 0.715429288447371
3.37753552788543 0.693016233909332
3.39496668962211 0.669912365717855
3.41239785135879 0.646140714311209
3.42982901309548 0.621724975788495
3.44726017483216 0.596689488288856
3.46469133656884 0.571059207730695
3.48212249830553 0.54485968293507
3.49955366004221 0.518117030158078
3.51698482177889 0.490857907057594
3.53441598351558 0.463109486120348
3.55184714525226 0.434899427575793
3.56927830698895 0.406255851823789
3.58670946872563 0.377207311403576
3.60414063046231 0.347782762531982
3.621571792199 0.318011536239239
3.63900295393568 0.287923309131167
3.65643411567236 0.257548073806896
3.67386527740905 0.22691610896159
3.69129643914573 0.196057949203978
3.70872760088241 0.1650043546188
3.7261587626191 0.133786280104479
3.74358992435578 0.102434844516614
3.76102108609246 0.0709812996480162
3.77845224782915 0.0394569990762518
3.79588340956583 0.00789336690971378
3.81331457130251 -0.0236781335366239
3.8307457330392 -0.0552260311045084
3.84817689477588 -0.0867188781635514
3.86560805651256 -0.118125281958907
3.88303921824925 -0.14941393590426
3.90047037998593 -0.180553650788903
3.91790154172261 -0.211513385867818
3.9353327034593 -0.242262279803783
3.95276386519598 -0.272769681430603
3.97019502693266 -0.303005180306873
3.98762618866935 -0.33293863702976
4.00505735040603 -0.362540213278624
4.02248851214271 -0.391780401558494
4.0399196738794 -0.420630054613785
4.05735083561608 -0.44906041448292
4.07478199735276 -0.477043141164889
4.09221315908945 -0.504550340869178
4.10964432082613 -0.531554593820901
4.12707548256281 -0.558028981593439
4.1445066442995 -0.583947113941307
4.16193780603618 -0.609283155106517
4.17936896777286 -0.634011849572238
4.19680012950955 -0.658108547238037
4.21423129124623 -0.681549227991634
4.23166245298292 -0.704310525652672
4.2490936147196 -0.726369751264639
4.26652477645628 -0.747704915711709
4.28395593819297 -0.768294751637971
4.30138709992965 -0.788118734647192
4.31881826166633 -0.807157103761985
4.33624942340302 -0.825390881121976
4.3536805851397 -0.842801890901351
4.37111174687638 -0.859372777426911
4.38854290861307 -0.875087022478594
4.40597407034975 -0.889928961755181
4.42340523208643 -0.903883800488823
4.44083639382312 -0.916937628192788
4.4582675555598 -0.92907743252773
4.47569871729648 -0.940291112272676
4.49312987903317 -0.950567489387782
4.51056104076985 -0.959896320156857
4.52799220250653 -0.968268305398507
4.54542336424322 -0.975675099735774
4.5628545259799 -0.98210931991498
4.58028568771658 -0.987564552165524
4.59771684945327 -0.992035358593258
4.61514801118995 -0.995517282601106
4.63257917292663 -0.998006853331493
4.65001033466332 -0.999501589126174
4.6674414964 -1
4.67513175498442 -0.999501589126174
4.68282201356884 -0.998006853331493
4.69051227215327 -0.995517282601106
4.69820253073769 -0.992035358593258
4.70589278932211 -0.987564552165524
4.71358304790653 -0.982109319914981
4.72127330649096 -0.975675099735773
4.72896356507538 -0.968268305398508
4.7366538236598 -0.959896320156857
4.74434408224422 -0.950567489387783
4.75203434082864 -0.940291112272676
4.75972459941307 -0.92907743252773
4.76741485799749 -0.916937628192789
4.77510511658191 -0.903883800488823
4.78279537516633 -0.889928961755181
4.79048563375075 -0.875087022478593
4.79817589233518 -0.859372777426912
4.8058661509196 -0.84280189090135
4.81355640950402 -0.825390881121977
4.82124666808844 -0.807157103761985
4.82893692667286 -0.788118734647193
4.83662718525729 -0.768294751637971
4.84431744384171 -0.74770491571171
4.85200770242613 -0.72636975126464
4.85969796101055 -0.704310525652671
4.86738821959498 -0.681549227991634
4.8750784781794 -0.658108547238037
4.88276873676382 -0.634011849572239
4.89045899534824 -0.609283155106516
4.89814925393266 -0.583947113941307
4.90583951251709 -0.55802898159344
4.91352977110151 -0.531554593820903
4.92122002968593 -0.504550340869177
4.92891028827035 -0.477043141164891
4.93660054685477 -0.44906041448292
4.9442908054392 -0.420630054613783
4.95198106402362 -0.391780401558494
4.95967132260804 -0.362540213278623
4.96736158119246 -0.332938637029762
4.97505183977689 -0.303005180306872
4.98274209836131 -0.272769681430604
4.99043235694573 -0.242262279803782
4.99812261553015 -0.21151338586782
5.00581287411457 -0.180553650788902
5.01350313269899 -0.149413935904262
5.02119339128342 -0.118125281958908
5.02888364986784 -0.0867188781635527
5.03657390845226 -0.0552260311045086
5.04426416703668 -0.0236781335366223
5.05195442562111 0.00789336690971264
5.05964468420553 0.0394569990762538
5.06733494278995 0.0709812996480151
5.07502520137437 0.102434844516614
5.08271545995879 0.133786280104478
5.09040571854322 0.1650043546188
5.09809597712764 0.196057949203976
5.10578623571206 0.22691610896159
5.11347649429648 0.257548073806898
5.1211667528809 0.287923309131166
5.12885701146533 0.31801153623924
5.13654727004975 0.347782762531982
5.14423752863417 0.377207311403577
5.15192778721859 0.406255851823788
5.15961804580302 0.434899427575794
5.16730830438744 0.463109486120347
5.17499856297186 0.490857907057594
5.18268882155628 0.518117030158076
5.1903790801407 0.54485968293507
5.19806933872513 0.571059207730696
5.20575959730955 0.596689488288856
5.21344985589397 0.621724975788494
5.22114011447839 0.64614071431121
5.22883037306281 0.669912365717856
5.23652063164724 0.693016233909331
5.24421089023166 0.715429288447372
5.25190114881608 0.737129187511778
5.2595914074005 0.758094300171246
5.26728166598492 0.778303727945529
5.27497192456935 0.79773732563752
5.28266218315377 0.816375721414398
5.29035244173819 0.834200336117917
5.29804270032261 0.851193401784494
5.30573295890704 0.867337979356715
5.31342321749146 0.882617975568548
5.32111347607588 0.897018158987463
5.3288037346603 0.910524175197463
5.33649399324472 0.923122561107861
5.34418425182915 0.934800758373599
5.35187451041357 0.945547125913667
5.35956476899799 0.955350951515195
5.36725502758241 0.964202462511611
5.37494528616683 0.972092835524257
5.38263554475126 0.979014205257714
5.39032580333568 0.984959672340111
5.3980160619201 0.989923310200557
5.40570632050452 0.993900170976888
5.41339657908895 0.996886290447793
5.42108683767337 0.998878691984444
5.42877709625779 0.999875389517657
5.43646735484221 0.999875389517657
5.44415761342663 0.998878691984444
5.45184787201106 0.996886290447793
5.45953813059548 0.993900170976888
5.4672283891799 0.989923310200557
5.47491864776432 0.984959672340111
5.48260890634874 0.979014205257714
5.49029916493317 0.972092835524257
5.49798942351759 0.964202462511611
5.50567968210201 0.955350951515195
5.51336994068643 0.945547125913667
5.52106019927085 0.934800758373599
5.52875045785528 0.923122561107861
5.5364407164397 0.910524175197463
5.54413097502412 0.897018158987463
5.55182123360854 0.882617975568548
5.55951149219297 0.867337979356715
5.56720175077739 0.851193401784494
5.57489200936181 0.834200336117918
5.58258226794623 0.816375721414401
5.59027252653065 0.79773732563752
5.59796278511508 0.778303727945529
5.6056530436995 0.758094300171246
5.61334330228392 0.737129187511778
5.62103356086834 0.715429288447372
5.62872381945276 0.693016233909331
5.63641407803719 0.669912365717856
5.64410433662161 0.646140714311209
5.65179459520603 0.621724975788494
5.65948485379045 0.596689488288856
5.66717511237488 0.571059207730694
5.6748653709593 0.544859682935071
5.68255562954372 0.518117030158076
5.69024588812814 0.490857907057595
5.69793614671256 0.463109486120347
5.70562640529698 0.434899427575794
5.71331666388141 0.406255851823789
5.72100692246583 0.377207311403577
5.72869718105025 0.347782762531982
5.73638743963467 0.318011536239236
5.7440776982191 0.287923309131167
5.75176795680352 0.257548073806899
5.75945821538794 0.22691610896159
5.76714847397236 0.196057949203977
5.77483873255678 0.1650043546188
5.78252899114121 0.133786280104478
5.79021924972563 0.102434844516615
5.79790950831005 0.0709812996480153
5.80559976689447 0.0394569990762545
5.81329002547889 0.00789336690971289
5.82098028406332 -0.0236781335366221
5.82867054264774 -0.0552260311045084
5.83636080123216 -0.0867188781635487
5.84405105981658 -0.118125281958907
5.85174131840101 -0.149413935904262
5.85943157698543 -0.180553650788901
5.86712183556985 -0.21151338586782
5.87481209415427 -0.242262279803782
5.88250235273869 -0.272769681430604
5.89019261132312 -0.303005180306871
5.89788286990754 -0.332938637029761
5.90557312849196 -0.362540213278626
5.91326338707638 -0.391780401558493
5.9209536456608 -0.420630054613783
5.92864390424523 -0.44906041448292
5.93633416282965 -0.477043141164891
5.94402442141407 -0.504550340869177
5.95171467999849 -0.531554593820899
5.95940493858291 -0.558028981593439
5.96709519716734 -0.583947113941307
5.97478545575176 -0.609283155106516
5.98247571433618 -0.634011849572239
5.9901659729206 -0.658108547238036
5.99785623150503 -0.681549227991633
6.00554649008945 -0.704310525652671
6.01323674867387 -0.726369751264639
6.02092700725829 -0.74770491571171
6.02861726584271 -0.76829475163797
6.03630752442714 -0.788118734647194
6.04399778301156 -0.807157103761985
6.05168804159598 -0.825390881121977
6.0593783001804 -0.84280189090135
6.06706855876482 -0.859372777426912
6.07475881734925 -0.875087022478595
6.08244907593367 -0.889928961755181
6.09013933451809 -0.903883800488823
6.09782959310251 -0.916937628192789
6.10551985168694 -0.929077432527731
6.11321011027136 -0.940291112272676
6.12090036885578 -0.950567489387782
6.1285906274402 -0.959896320156857
6.13628088602462 -0.968268305398507
6.14397114460905 -0.975675099735773
6.15166140319347 -0.98210931991498
6.15935166177789 -0.987564552165524
6.16704192036231 -0.992035358593258
6.17473217894673 -0.995517282601106
6.18242243753116 -0.998006853331493
6.19011269611558 -0.999501589126174
6.1978029547 -1
6.21663936484824 -0.999501589126174
6.23547577499648 -0.998006853331493
6.25431218514472 -0.995517282601106
6.27314859529297 -0.992035358593258
6.29198500544121 -0.987564552165524
6.31082141558945 -0.982109319914981
6.32965782573769 -0.975675099735773
6.34849423588593 -0.968268305398507
6.36733064603417 -0.959896320156857
6.38616705618241 -0.950567489387783
6.40500346633065 -0.940291112272675
6.42383987647889 -0.92907743252773
6.44267628662714 -0.916937628192789
6.46151269677538 -0.903883800488824
6.48034910692362 -0.889928961755181
6.49918551707186 -0.875087022478593
6.5180219272201 -0.859372777426912
6.53685833736834 -0.842801890901351
6.55569474751658 -0.825390881121977
6.57453115766482 -0.807157103761985
6.59336756781307 -0.788118734647192
6.61220397796131 -0.768294751637971
6.63104038810955 -0.747704915711709
6.64987679825779 -0.726369751264639
6.66871320840603 -0.704310525652672
6.68754961855427 -0.681549227991634
6.70638602870251 -0.658108547238038
6.72522243885075 -0.634011849572239
6.744058848999 -0.609283155106516
6.76289525914724 -0.583947113941306
6.78173166929548 -0.55802898159344
6.80056807944372 -0.531554593820902
6.81940448959196 -0.504550340869177
6.8382408997402 -0.477043141164889
6.85707730988844 -0.44906041448292
6.87591372003668 -0.420630054613785
6.89475013018493 -0.391780401558493
6.91358654033317 -0.362540213278624
6.93242295048141 -0.332938637029761
6.95125936062965 -0.303005180306873
6.97009577077789 -0.272769681430604
6.98893218092613 -0.242262279803783
7.00776859107437 -0.211513385867819
7.02660500122261 -0.180553650788902
7.04544141137085 -0.149413935904262
7.0642778215191 -0.118125281958908
7.08311423166734 -0.0867188781635507
7.10195064181558 -0.0552260311045084
7.12078705196382 -0.0236781335366243
7.13962346211206 0.00789336690971398
7.1584598722603 0.0394569990762529
7.17729628240854 0.0709812996480158
7.19613269255678 0.102434844516613
7.21496910270502 0.133786280104478
7.23380551285327 0.1650043546188
7.25264192300151 0.196057949203978
7.27147833314975 0.22691610896159
7.29031474329799 0.257548073806897
7.30915115344623 0.287923309131167
7.32798756359447 0.318011536239239
7.34682397374271 0.347782762531982
7.36566038389095 0.377207311403575
7.3844967940392 0.406255851823788
7.40333320418744 0.434899427575793
7.42216961433568 0.463109486120348
7.44100602448392 0.490857907057594
7.45984243463216 0.518117030158078
7.4786788447804 0.544859682935071
7.49751525492864 0.571059207730695
7.51635166507688 0.596689488288855
7.53518807522513 0.621724975788495
7.55402448537337 0.64614071431121
7.57286089552161 0.669912365717855
7.59169730566985 0.693016233909332
7.61053371581809 0.715429288447371
7.62937012596633 0.737129187511779
7.64820653611457 0.758094300171246
7.66704294626281 0.77830372794553
7.68587935641106 0.797737325637519
7.7047157665593 0.816375721414399
7.72355217670754 0.834200336117918
7.74238858685578 0.851193401784495
7.76122499700402 0.867337979356714
7.78006140715226 0.882617975568547
7.7988978173005 0.897018158987464
7.81773422744874 0.910524175197462
7.83657063759699 0.923122561107861
7.85540704774523 0.934800758373598
7.87424345789347 0.945547125913667
7.89307986804171 0.955350951515195
7.91191627818995 0.964202462511612
7.93075268833819 0.972092835524257
7.94958909848643 0.979014205257714
7.96842550863467 0.984959672340111
7.98726191878291 0.989923310200557
8.00609832893116 0.993900170976888
8.0249347390794 0.996886290447793
8.04377114922764 0.998878691984444
8.06260755937588 0.999875389517657
8.08144396952412 0.999875389517657
8.10028037967236 0.998878691984444
8.1191167898206 0.996886290447793
8.13795319996884 0.993900170976888
8.15678961011709 0.989923310200557
8.17562602026533 0.984959672340111
8.19446243041357 0.979014205257715
8.21329884056181 0.972092835524257
8.23213525071005 0.964202462511611
8.25097166085829 0.955350951515195
8.26980807100653 0.945547125913667
8.28864448115477 0.934800758373598
8.30748089130302 0.923122561107861
8.32631730145126 0.910524175197462
8.3451537115995 0.897018158987464
8.36399012174774 0.882617975568547
8.38282653189598 0.867337979356715
8.40166294204422 0.851193401784494
8.42049935219246 0.834200336117919
8.4393357623407 0.816375721414399
8.45817217248895 0.797737325637519
8.47700858263719 0.77830372794553
8.49584499278543 0.758094300171246
8.51468140293367 0.737129187511779
8.53351781308191 0.715429288447372
8.55235422323015 0.693016233909333
8.57119063337839 0.669912365717854
8.59002704352663 0.646140714311209
8.60886345367487 0.621724975788495
8.62769986382312 0.596689488288856
8.64653627397136 0.571059207730695
8.6653726841196 0.544859682935071
8.68420909426784 0.518117030158078
8.70304550441608 0.490857907057592
8.72188191456432 0.463109486120349
8.74071832471256 0.434899427575792
8.7595547348608 0.406255851823788
8.77839114500905 0.377207311403576
8.79722755515729 0.347782762531982
8.81606396530553 0.318011536239238
8.83490037545377 0.287923309131167
8.85373678560201 0.257548073806897
8.87257319575025 0.226916108961591
8.89140960589849 0.19605794920398
8.91024601604673 0.165004354618799
8.92908242619498 0.133786280104478
8.94791883634322 0.102434844516613
8.96675524649146 0.0709812996480162
8.9855916566397 0.0394569990762527
9.00442806678794 0.00789336690971378
9.02326447693618 -0.023678133536623
9.04210088708442 -0.0552260311045093
9.06093729723266 -0.0867188781635496
9.07977370738091 -0.118125281958908
9.09861011752915 -0.149413935904261
9.11744652767739 -0.180553650788902
9.13628293782563 -0.211513385867819
9.15511934797387 -0.242262279803782
9.17395575812211 -0.272769681430602
9.19279216827035 -0.303005180306871
9.21162857841859 -0.332938637029762
9.23046498856683 -0.362540213278623
9.24930139871508 -0.391780401558494
9.26813780886332 -0.420630054613785
9.28697421901156 -0.44906041448292
9.3058106291598 -0.47704314116489
9.32464703930804 -0.504550340869176
9.34348344945628 -0.531554593820903
9.36231985960452 -0.558028981593439
9.38115626975276 -0.583947113941307
9.39999267990101 -0.609283155106517
9.41882909004925 -0.634011849572239
9.43766550019749 -0.658108547238038
9.45650191034573 -0.681549227991633
9.47533832049397 -0.704310525652672
9.49417473064221 -0.726369751264639
9.51301114079045 -0.747704915711709
9.53184755093869 -0.768294751637969
9.55068396108694 -0.788118734647193
9.56952037123518 -0.807157103761986
9.58835678138342 -0.825390881121976
9.60719319153166 -0.84280189090135
9.6260296016799 -0.859372777426912
9.64486601182814 -0.875087022478593
9.66370242197638 -0.88992896175518
9.68253883212462 -0.903883800488823
9.70137524227286 -0.916937628192788
9.72021165242111 -0.929077432527731
9.73904806256935 -0.940291112272676
9.75788447271759 -0.950567489387783
9.77672088286583 -0.959896320156857
9.79555729301407 -0.968268305398507
9.81439370316231 -0.975675099735773
9.83323011331055 -0.98210931991498
9.85206652345879 -0.987564552165523
9.87090293360703 -0.992035358593258
9.88973934375528 -0.995517282601106
9.90857575390352 -0.998006853331493
9.92741216405176 -0.999501589126174
9.9462485742 -1
9.95428647751156 -0.999501589126174
9.96232438082312 -0.998006853331493
9.97036228413467 -0.995517282601106
9.97840018744623 -0.992035358593258
9.98643809075779 -0.987564552165524
9.99447599406935 -0.98210931991498
10.0025138973809 -0.975675099735774
10.0105518006925 -0.968268305398507
10.018589704004 -0.959896320156857
10.0266276073156 -0.950567489387782
10.0346655106271 -0.940291112272676
10.0427034139387 -0.92907743252773
10.0507413172503 -0.916937628192789
10.0587792205618 -0.903883800488822
10.0668171238734 -0.88992896175518
10.0748550271849 -0.875087022478595
10.0828929304965 -0.859372777426912
10.090930833808 -0.842801890901352
10.0989687371196 -0.825390881121976
10.1070066404312 -0.807157103761987
10.1150445437427 -0.788118734647192
10.1230824470543 -0.768294751637972
10.1311203503658 -0.747704915711708
10.1391582536774 -0.72636975126464
10.1471961569889 -0.704310525652671
10.1552340603005 -0.681549227991635
10.1632719636121 -0.658108547238036
10.1713098669236 -0.634011849572239
10.1793477702352 -0.609283155106514
10.1873856735467 -0.583947113941306
10.1954235768583 -0.558028981593443
10.2034614801698 -0.531554593820901
10.2114993834814 -0.50455034086918
10.219537286793 -0.477043141164889
10.2275751901045 -0.449060414482922
10.2356130934161 -0.420630054613783
10.2436509967276 -0.391780401558495
10.2516889000392 -0.362540213278623
10.2597268033508 -0.332938637029763
10.2677647066623 -0.303005180306871
10.2758026099739 -0.272769681430604
10.2838405132854 -0.242262279803781
10.291878416597 -0.21151338586782
10.2999163199085 -0.180553650788899
10.3079542232201 -0.149413935904261
10.3159921265317 -0.118125281958911
10.3240300298432 -0.0867188781635505
10.3320679331548 -0.0552260311045113
10.3401058364663 -0.0236781335366232
10.3481437397779 0.00789336690971065
10.3561816430894 0.039456999076254
10.364219546401 0.0709812996480138
10.3722574497126 0.102434844516615
10.3802953530241 0.133786280104477
10.3883332563357 0.165004354618801
10.3963711596472 0.196057949203977
10.4044090629588 0.226916108961593
10.4124469662704 0.257548073806896
10.4204848695819 0.287923309131169
10.4285227728935 0.318011536239238
10.436560676205 0.347782762531985
10.4445985795166 0.377207311403576
10.4526364828281 0.406255851823786
10.4606743861397 0.434899427575794
10.4687122894513 0.463109486120345
10.4767501927628 0.490857907057594
10.4847880960744 0.518117030158076
10.4928259993859 0.544859682935072
10.5008639026975 0.571059207730693
10.508901806009 0.596689488288858
10.5169397093206 0.621724975788494
10.5249776126322 0.646140714311212
10.5330155159437 0.669912365717855
10.5410534192553 0.693016233909334
10.5490913225668 0.715429288447371
10.5571292258784 0.737129187511776
10.56516712919 0.758094300171246
10.5732050325015 0.778303727945528
10.5812429358131 0.79773732563752
10.5892808391246 0.816375721414398
10.5973187424362 0.834200336117918
10.6053566457477 0.851193401784494
10.6133945490593 0.867337979356715
10.6214324523709 0.882617975568546
10.6294703556824 0.897018158987464
10.637508258994 0.910524175197461
10.6455461623055 0.923122561107862
10.6535840656171 0.934800758373598
10.6616219689286 0.945547125913668
10.6696598722402 0.955350951515195
10.6776977755518 0.964202462511613
10.6857356788633 0.972092835524257
10.6937735821749 0.979014205257714
10.7018114854864 0.984959672340111
10.709849388798 0.989923310200557
10.7178872921095 0.993900170976888
10.7259251954211 0.996886290447793
10.7339630987327 0.998878691984444
10.7420010020442 0.999875389517657
10.7500389053558 0.999875389517657
10.7580768086673 0.998878691984444
10.7661147119789 0.996886290447793
10.7741526152905 0.993900170976888
10.782190518602 0.989923310200557
10.7902284219136 0.984959672340111
10.7982663252251 0.979014205257715
10.8063042285367 0.972092835524257
10.8143421318482 0.964202462511613
10.8223800351598 0.955350951515195
10.8304179384714 0.945547125913668
10.8384558417829 0.934800758373598
10.8464937450945 0.923122561107862
10.854531648406 0.910524175197462
10.8625695517176 0.897018158987465
10.8706074550291 0.882617975568546
10.8786453583407 0.867337979356716
10.8866832616523 0.851193401784494
10.8947211649638 0.834200336117918
10.9027590682754 0.816375721414398
10.9107969715869 0.79773732563752
10.9188348748985 0.778303727945528
10.9268727782101 0.758094300171246
10.9349106815216 0.737129187511781
10.9429485848332 0.715429288447371
10.9509864881447 0.693016233909334
10.9590243914563 0.669912365717854
10.9670622947678 0.646140714311212
10.9751001980794 0.621724975788494
10.983138101391 0.596689488288858
10.9911760047025 0.571059207730694
10.9992139080141 0.544859682935072
11.0072518113256 0.518117030158076
11.0152897146372 0.490857907057595
11.0233276179487 0.463109486120346
11.0313655212603 0.434899427575794
11.0394034245719 0.406255851823786
11.0474413278834 0.377207311403576
11.055479231195 0.347782762531979
11.0635171345065 0.318011536239238
11.0715550378181 0.28792330913117
11.0795929411296 0.257548073806896
11.0876308444412 0.226916108961593
11.0956687477528 0.196057949203977
11.1037066510643 0.165004354618802
11.1117445543759 0.133786280104478
11.1197824576874 0.102434844516615
11.127820360999 0.0709812996480145
11.1358582643106 0.0394569990762536
11.1438961676221 0.00789336690971111
11.1519340709337 -0.023678133536623
11.1599719742452 -0.055226031104511
11.1680098775568 -0.0867188781635505
11.1760477808683 -0.118125281958904
11.1840856841799 -0.149413935904261
11.1921235874915 -0.180553650788899
11.200161490803 -0.211513385867819
11.2081993941146 -0.24226227980378
11.2162372974261 -0.272769681430604
11.2242752007377 -0.30300518030687
11.2323131040492 -0.332938637029763
11.2403510073608 -0.362540213278622
11.2483889106724 -0.391780401558495
11.2564268139839 -0.420630054613783
11.2644647172955 -0.449060414482922
11.272502620607 -0.477043141164889
11.2805405239186 -0.50455034086918
11.2885784272302 -0.531554593820901
11.2966163305417 -0.558028981593443
11.3046542338533 -0.583947113941306
11.3126921371648 -0.609283155106515
11.3207300404764 -0.634011849572239
11.3287679437879 -0.658108547238041
11.3368058470995 -0.681549227991635
11.3448437504111 -0.70431052565267
11.3528816537226 -0.72636975126464
11.3609195570342 -0.747704915711707
11.3689574603457 -0.768294751637972
11.3769953636573 -0.788118734647191
11.3850332669688 -0.807157103761987
11.3930711702804 -0.825390881121975
11.401109073592 -0.842801890901352
11.4091469769035 -0.859372777426911
11.4171848802151 -0.875087022478592
11.4252227835266 -0.88992896175518
11.4332606868382 -0.903883800488825
11.4412985901497 -0.916937628192789
11.4493364934613 -0.929077432527729
11.4573743967729 -0.940291112272676
11.4654123000844 -0.950567489387782
11.473450203396 -0.959896320156857
11.4814881067075 -0.968268305398507
11.4895260100191 -0.975675099735774
11.4975639133307 -0.98210931991498
11.5056018166422 -0.987564552165524
11.5136397199538 -0.992035358593258
11.5216776232653 -0.995517282601106
11.5297155265769 -0.998006853331493
11.5377534298884 -0.999501589126174
11.5457913332 -1
11.5656221567025 -0.999501589126174
11.585452980205 -0.998006853331493
11.6052838037075 -0.995517282601106
11.6251146272101 -0.992035358593258
11.6449454507126 -0.987564552165524
11.6647762742151 -0.982109319914981
11.6846070977176 -0.975675099735774
11.7044379212201 -0.968268305398507
11.7242687447226 -0.959896320156857
11.7440995682251 -0.950567489387783
11.7639303917276 -0.940291112272675
11.7837612152302 -0.929077432527731
11.8035920387327 -0.916937628192789
11.8234228622352 -0.903883800488823
11.8432536857377 -0.88992896175518
11.8630845092402 -0.875087022478594
11.8829153327427 -0.859372777426912
11.9027461562452 -0.84280189090135
11.9225769797477 -0.825390881121977
11.9424078032503 -0.807157103761985
11.9622386267528 -0.788118734647192
11.9820694502553 -0.768294751637972
12.0019002737578 -0.747704915711709
12.0217310972603 -0.726369751264639
12.0415619207628 -0.704310525652671
12.0613927442653 -0.681549227991634
12.0812235677678 -0.658108547238038
12.1010543912704 -0.634011849572238
12.1208852147729 -0.609283155106518
12.1407160382754 -0.583947113941306
12.1605468617779 -0.55802898159344
12.1803776852804 -0.531554593820903
12.2002085087829 -0.504550340869178
12.2200393322854 -0.47704314116489
12.2398701557879 -0.449060414482919
12.2597009792905 -0.420630054613785
12.279531802793 -0.391780401558493
12.2993626262955 -0.362540213278624
12.319193449798 -0.332938637029762
12.3390242733005 -0.303005180306873
12.358855096803 -0.272769681430603
12.3786859203055 -0.242262279803782
12.398516743808 -0.21151338586782
12.4183475673106 -0.180553650788902
12.4381783908131 -0.14941393590426
12.4580092143156 -0.118125281958909
12.4778400378181 -0.0867188781635509
12.4976708613206 -0.0552260311045075
12.5175016848231 -0.0236781335366225
12.5373325083256 0.00789336690971264
12.5571633318281 0.0394569990762529
12.5769941553307 0.0709812996480171
12.5968249788332 0.102434844516612
12.6166558023357 0.133786280104479
12.6364866258382 0.1650043546188
12.6563174493407 0.196057949203977
12.6761482728432 0.22691610896159
12.6959790963457 0.257548073806897
12.7158099198482 0.287923309131165
12.7356407433508 0.318011536239238
12.7554715668533 0.347782762531983
12.7753023903558 0.377207311403577
12.7951332138583 0.406255851823788
12.8149640373608 0.434899427575793
12.8347948608633 0.463109486120348
12.8546256843658 0.490857907057593
12.8744565078683 0.518117030158077
12.8942873313709 0.54485968293507
12.9141181548734 0.571059207730696
12.9339489783759 0.596689488288855
12.9537798018784 0.621724975788495
12.9736106253809 0.646140714311211
12.9934414488834 0.669912365717854
13.0132722723859 0.693016233909332
13.0331030958884 0.715429288447372
13.052933919391 0.73712918751178
13.0727647428935 0.758094300171245
13.092595566396 0.77830372794553
13.1124263898985 0.79773732563752
13.132257213401 0.816375721414399
13.1520880369035 0.834200336117917
13.171918860406 0.851193401784495
13.1917496839085 0.867337979356714
13.2115805074111 0.882617975568547
13.2314113309136 0.897018158987464
13.2512421544161 0.910524175197462
13.2710729779186 0.92312256110786
13.2909038014211 0.934800758373598
13.3107346249236 0.945547125913667
13.3305654484261 0.955350951515195
13.3503962719286 0.964202462511612
13.3702270954312 0.972092835524257
13.3900579189337 0.979014205257714
13.4098887424362 0.98495967234011
13.4297195659387 0.989923310200557
13.4495503894412 0.993900170976888
13.4693812129437 0.996886290447793
13.4892120364462 0.998878691984444
13.5090428599487 0.999875389517657
13.5288736834513 0.999875389517657
13.5487045069538 0.998878691984444
13.5685353304563 0.996886290447793
13.5883661539588 0.993900170976888
13.6081969774613 0.989923310200557
13.6280278009638 0.984959672340111
13.6478586244663 0.979014205257715
13.6676894479688 0.972092835524257
13.6875202714714 0.964202462511612
13.7073510949739 0.955350951515195
13.7271819184764 0.945547125913667
13.7470127419789 0.934800758373598
13.7668435654814 0.923122561107861
13.7866743889839 0.910524175197463
13.8065052124864 0.897018158987464
13.8263360359889 0.882617975568547
13.8461668594915 0.867337979356714
13.865997682994 0.851193401784495
13.8858285064965 0.834200336117918
13.905659329999 0.816375721414399
13.9254901535015 0.79773732563752
13.945320977004 0.77830372794553
13.9651518005065 0.758094300171245
13.984982624009 0.737129187511778
14.0048134475116 0.715429288447372
14.0246442710141 0.693016233909332
14.0444750945166 0.669912365717854
14.0643059180191 0.646140714311211
14.0841367415216 0.621724975788495
14.1039675650241 0.596689488288855
14.1237983885266 0.571059207730696
14.1436292120291 0.544859682935071
14.1634600355317 0.518117030158077
14.1832908590342 0.490857907057593
14.2031216825367 0.463109486120348
14.2229525060392 0.434899427575793
14.2427833295417 0.406255851823789
14.2626141530442 0.377207311403575
14.2824449765467 0.347782762531982
14.3022758000492 0.318011536239238
14.3221066235518 0.287923309131168
14.3419374470543 0.257548073806897
14.3617682705568 0.22691610896159
14.3815990940593 0.196057949203977
14.4014299175618 0.165004354618797
14.4212607410643 0.133786280104479
14.4410915645668 0.102434844516613
14.4609223880693 0.0709812996480171
14.4807532115719 0.0394569990762527
14.5005840350744 0.00789336690971289
14.5204148585769 -0.0236781335366247
14.5402456820794 -0.0552260311045075
14.5600765055819 -0.0867188781635505
14.5799073290844 -0.118125281958906
14.5997381525869 -0.14941393590426
14.6195689760894 -0.180553650788901
14.639399799592 -0.211513385867819
14.6592306230945 -0.242262279803782
14.679061446597 -0.272769681430602
14.6988922700995 -0.303005180306873
14.718723093602 -0.332938637029762
14.7385539171045 -0.362540213278624
14.758384740607 -0.391780401558493
14.7782155641095 -0.420630054613785
14.7980463876121 -0.449060414482919
14.8178772111146 -0.477043141164889
14.8377080346171 -0.504550340869178
14.8575388581196 -0.531554593820901
14.8773696816221 -0.558028981593439
14.8972005051246 -0.583947113941306
14.9170313286271 -0.609283155106517
14.9368621521296 -0.63401184957224
14.9566929756322 -0.658108547238037
14.9765237991347 -0.681549227991635
14.9963546226372 -0.704310525652671
15.0161854461397 -0.726369751264639
15.0360162696422 -0.747704915711709
15.0558470931447 -0.768294751637972
15.0756779166472 -0.788118734647192
15.0955087401497 -0.807157103761985
15.1153395636523 -0.825390881121975
15.1351703871548 -0.84280189090135
15.1550012106573 -0.859372777426912
15.1748320341598 -0.875087022478594
15.1946628576623 -0.889928961755181
15.2144936811648 -0.903883800488823
15.2343245046673 -0.916937628192789
15.2541553281698 -0.92907743252773
15.2739861516724 -0.940291112272675
15.2938169751749 -0.950567489387783
15.3136477986774 -0.959896320156857
15.3334786221799 -0.968268305398507
15.3533094456824 -0.975675099735774
15.3731402691849 -0.982109319914981
15.3929710926874 -0.987564552165523
15.4128019161899 -0.992035358593258
15.4326327396925 -0.995517282601106
15.452463563195 -0.998006853331493
15.4722943866975 -0.999501589126174
15.4921252102 -1
15.5085221124889 -0.999501589126174
15.5249190147779 -0.998006853331493
15.5413159170668 -0.995517282601106
15.5577128193558 -0.992035358593258
15.5741097216447 -0.987564552165524
15.5905066239337 -0.982109319914981
15.6069035262226 -0.975675099735773
15.6233004285116 -0.968268305398507
15.6396973308005 -0.959896320156857
15.6560942330894 -0.950567489387783
15.6724911353784 -0.940291112272675
15.6888880376673 -0.92907743252773
15.7052849399563 -0.916937628192789
15.7216818422452 -0.903883800488824
15.7380787445342 -0.88992896175518
15.7544756468231 -0.875087022478593
15.7708725491121 -0.859372777426912
15.787269451401 -0.842801890901351
15.8036663536899 -0.825390881121975
15.8200632559789 -0.807157103761985
15.8364601582678 -0.788118734647193
15.8528570605568 -0.768294751637971
15.8692539628457 -0.747704915711708
15.8856508651347 -0.726369751264639
15.9020477674236 -0.704310525652672
15.9184446697126 -0.681549227991635
15.9348415720015 -0.658108547238039
15.9512384742905 -0.634011849572238
15.9676353765794 -0.609283155106517
15.9840322788683 -0.583947113941307
16.0004291811573 -0.558028981593439
16.0168260834462 -0.531554593820904
16.0332229857352 -0.504550340869177
16.0496198880241 -0.477043141164887
16.0660167903131 -0.449060414482922
16.082413692602 -0.420630054613783
16.098810594891 -0.391780401558496
16.1152074971799 -0.362540213278625
16.1316043994688 -0.332938637029759
16.1480013017578 -0.303005180306875
16.1643982040467 -0.272769681430603
16.1807951063357 -0.24226227980378
16.1971920086246 -0.21151338586782
16.2135889109136 -0.180553650788901
16.2299858132025 -0.149413935904264
16.2463827154915 -0.118125281958908
16.2627796177804 -0.0867188781635485
16.2791765200693 -0.0552260311045102
16.2955734223583 -0.0236781335366234
16.3119703246472 0.00789336690971642
16.3283672269362 0.0394569990762516
16.3447641292251 0.0709812996480175
16.3611610315141 0.102434844516611
16.377557933803 0.133786280104479
16.393954836092 0.165004354618802
16.4103517383809 0.196057949203976
16.4267486406698 0.226916108961591
16.4431455429588 0.2575480738069
16.4595424452477 0.287923309131166
16.4759393475367 0.31801153623924
16.4923362498256 0.34778276253198
16.5087331521146 0.377207311403576
16.5251300544035 0.406255851823791
16.5415269566925 0.434899427575792
16.5579238589814 0.463109486120349
16.5743207612704 0.490857907057591
16.5907176635593 0.518117030158077
16.6071145658482 0.544859682935072
16.6235114681372 0.571059207730693
16.6399083704261 0.596689488288856
16.6563052727151 0.621724975788498
16.672702175004 0.646140714311209
16.689099077293 0.669912365717856
16.7054959795819 0.69301623390933
16.7218928818709 0.715429288447371
16.7382897841598 0.73712918751178
16.7546866864487 0.758094300171244
16.7710835887377 0.77830372794553
16.7874804910266 0.797737325637521
16.8038773933156 0.816375721414399
16.8202742956045 0.834200336117918
16.8366711978935 0.851193401784493
16.8530681001824 0.867337979356715
16.8694650024714 0.882617975568548
16.8858619047603 0.897018158987463
16.9022588070492 0.910524175197463
16.9186557093382 0.92312256110786
16.9350526116271 0.934800758373598
16.9514495139161 0.945547125913668
16.967846416205 0.955350951515194
16.984243318494 0.964202462511612
17.0006402207829 0.972092835524258
17.0170371230719 0.979014205257714
17.0334340253608 0.984959672340111
17.0498309276497 0.989923310200557
17.0662278299387 0.993900170976888
17.0826247322276 0.996886290447793
17.0990216345166 0.998878691984443
17.1154185368055 0.999875389517657
17.1318154390945 0.999875389517657
17.1482123413834 0.998878691984444
17.1646092436724 0.996886290447793
17.1810061459613 0.993900170976888
17.1974030482503 0.989923310200557
17.2137999505392 0.98495967234011
17.2301968528281 0.979014205257715
17.2465937551171 0.972092835524257
17.262990657406 0.964202462511613
17.279387559695 0.955350951515195
17.2957844619839 0.945547125913667
17.3121813642729 0.934800758373599
17.3285782665618 0.923122561107861
17.3449751688508 0.910524175197461
17.3613720711397 0.897018158987464
17.3777689734286 0.882617975568546
17.3941658757176 0.867337979356713
17.4105627780065 0.851193401784495
17.4269596802955 0.834200336117917
17.4433565825844 0.816375721414401
17.4597534848734 0.79773732563752
17.4761503871623 0.778303727945528
17.4925472894513 0.758094300171246
17.5089441917402 0.737129187511778
17.5253410940291 0.715429288447374
17.5417379963181 0.693016233909332
17.558134898607 0.669912365717854
17.574531800896 0.646140714311211
17.5909287031849 0.621724975788495
17.6073256054739 0.596689488288859
17.6237225077628 0.571059207730696
17.6401194100518 0.54485968293507
17.6565163123407 0.51811703015808
17.6729132146296 0.490857907057594
17.6893101169186 0.463109486120346
17.7057070192075 0.434899427575795
17.7221039214965 0.406255851823789
17.7385008237854 0.377207311403573
17.7548977260744 0.347782762531984
17.7712946283633 0.318011536239237
17.7876915306523 0.287923309131169
17.8040884329412 0.257548073806896
17.8204853352302 0.226916108961588
17.8368822375191 0.19605794920398
17.853279139808 0.165004354618799
17.869676042097 0.133786280104483
17.8860729443859 0.102434844516614
17.9024698466749 0.0709812996480145
17.9188667489638 0.0394569990762554
17.9352636512528 0.00789336690971289
17.9516605535417 -0.0236781335366265
17.9680574558307 -0.0552260311045066
17.9844543581196 -0.0867188781635514
18.0008512604085 -0.118125281958912
18.0172481626975 -0.14941393590426
18.0336450649864 -0.180553650788904
18.0500419672754 -0.211513385867817
18.0664388695643 -0.242262279803783
18.0828357718533 -0.272769681430606
18.0992326741422 -0.303005180306871
18.1156295764312 -0.332938637029763
18.1320264787201 -0.362540213278622
18.148423381009 -0.391780401558493
18.164820283298 -0.420630054613787
18.1812171855869 -0.449060414482918
18.1976140878759 -0.47704314116489
18.2140109901648 -0.50455034086918
18.2304078924538 -0.531554593820901
18.2468047947427 -0.558028981593442
18.2632016970317 -0.583947113941309
18.2795985993206 -0.609283155106517
18.2959955016095 -0.634011849572241
18.3123924038985 -0.658108547238036
18.3287893061874 -0.681549227991634
18.3451862084764 -0.704310525652674
18.3615831107653 -0.726369751264639
18.3779800130543 -0.74770491571171
18.3943769153432 -0.768294751637969
18.4107738176322 -0.788118734647192
18.4271707199211 -0.807157103761987
18.4435676222101 -0.825390881121975
18.459964524499 -0.842801890901351
18.4763614267879 -0.859372777426911
18.4927583290769 -0.875087022478593
18.5091552313658 -0.889928961755181
18.5255521336548 -0.903883800488822
18.5419490359437 -0.916937628192789
18.5583459382327 -0.929077432527731
18.5747428405216 -0.940291112272675
18.5911397428106 -0.950567489387783
18.6075366450995 -0.959896320156856
18.6239335473884 -0.968268305398507
18.6403304496774 -0.975675099735774
18.6567273519663 -0.98210931991498
18.6731242542553 -0.987564552165524
18.6895211565442 -0.992035358593258
18.7059180588332 -0.995517282601106
18.7223149611221 -0.998006853331493
18.7387118634111 -0.999501589126174
18.7551087657 -1
18.770246980405 -0.999501589126174
18.7853851951101 -0.998006853331493
18.8005234098151 -0.995517282601106
18.8156616245201 -0.992035358593258
18.8307998392251 -0.987564552165524
18.8459380539302 -0.982109319914981
18.8610762686352 -0.975675099735774
18.8762144833402 -0.968268305398507
18.8913526980452 -0.959896320156856
18.9064909127503 -0.950567489387782
18.9216291274553 -0.940291112272677
18.9367673421603 -0.929077432527731
18.9519055568653 -0.916937628192789
18.9670437715704 -0.903883800488823
18.9821819862754 -0.88992896175518
18.9973202009804 -0.875087022478592
19.0124584156854 -0.85937277742691
19.0275966303905 -0.842801890901352
19.0427348450955 -0.825390881121977
19.0578730598005 -0.807157103761986
19.0730112745055 -0.788118734647192
19.0881494892106 -0.76829475163797
19.1032877039156 -0.747704915711707
19.1184259186206 -0.726369751264642
19.1335641333256 -0.704310525652674
19.1487023480307 -0.681549227991635
19.1638405627357 -0.658108547238038
19.1789787774407 -0.634011849572238
19.1941169921457 -0.609283155106515
19.2092552068508 -0.583947113941304
19.2243934215558 -0.558028981593443
19.2395316362608 -0.531554593820904
19.2546698509658 -0.504550340869179
19.2698080656709 -0.47704314116489
19.2849462803759 -0.44906041448292
19.3000844950809 -0.420630054613783
19.3152227097859 -0.39178040155849
19.330360924491 -0.362540213278628
19.345499139196 -0.332938637029763
19.360637353901 -0.303005180306874
19.375775568606 -0.272769681430603
19.3909137833111 -0.242262279803782
19.4060519980161 -0.211513385867817
19.4211902127211 -0.180553650788899
19.4363284274261 -0.149413935904264
19.4514666421312 -0.11812528195891
19.4666048568362 -0.086718878163552
19.4817430715412 -0.0552260311045084
19.4968812862462 -0.023678133536623
19.5120195009513 0.00789336690971531
19.5271577156563 0.039456999076256
19.5422959303613 0.0709812996480127
19.5574341450663 0.102434844516611
19.5725723597714 0.133786280104478
19.5877105744764 0.165004354618799
19.6028487891814 0.196057949203979
19.6179870038864 0.226916108961592
19.6331252185915 0.2575480738069
19.6482634332965 0.287923309131164
19.6634016480015 0.318011536239236
19.6785398627065 0.347782762531982
19.6936780774116 0.377207311403576
19.7088162921166 0.40625585182379
19.7239545068216 0.434899427575795
19.7390927215266 0.463109486120351
19.7542309362317 0.490857907057591
19.7693691509367 0.518117030158076
19.7845073656417 0.54485968293507
19.7996455803467 0.571059207730695
19.8147837950518 0.596689488288857
19.8299220097568 0.621724975788497
19.8450602244618 0.646140714311213
19.8601984391668 0.669912365717853
19.8753366538719 0.69301623390933
19.8904748685769 0.715429288447371
19.9056130832819 0.737129187511779
19.9207512979869 0.758094300171246
19.935889512692 0.778303727945532
19.951027727397 0.797737325637517
19.966165942102 0.816375721414398
19.981304156807 0.834200336117917
19.9964423715121 0.851193401784494
20.0115805862171 0.867337979356715
20.0267188009221 0.882617975568548
20.0418570156271 0.897018158987465
20.0569952303322 0.910524175197461
20.0721334450372 0.92312256110786
20.0872716597422 0.934800758373598
20.1024098744472 0.945547125913667
20.1175480891523 0.955350951515195
20.1326863038573 0.964202462511612
20.1478245185623 0.972092835524258
20.1629627332673 0.979014205257714
20.1781009479724 0.98495967234011
20.1932391626774 0.989923310200557
20.2083773773824 0.993900170976888
20.2235155920874 0.996886290447793
20.2386538067925 0.998878691984444
20.2537920214975 0.999875389517657
20.2689302362025 0.999875389517657
20.2840684509075 0.998878691984444
20.2992066656126 0.996886290447793
20.3143448803176 0.993900170976888
20.3294830950226 0.989923310200557
20.3446213097276 0.98495967234011
20.3597595244327 0.979014205257714
20.3748977391377 0.972092835524258
20.3900359538427 0.964202462511612
20.4051741685477 0.955350951515195
20.4203123832528 0.945547125913667
20.4354505979578 0.934800758373598
20.4505888126628 0.92312256110786
20.4657270273678 0.910524175197461
20.4808652420729 0.897018158987465
20.4960034567779 0.882617975568548
20.5111416714829 0.867337979356715
20.5262798861879 0.851193401784494
20.541418100893 0.834200336117917
20.556556315598 0.816375721414398
20.571694530303 0.797737325637517
20.586832745008 0.778303727945532
20.6019709597131 0.758094300171247
20.6171091744181 0.737129187511779
20.6322473891231 0.715429288447371
20.6473856038281 0.693016233909331
20.6625238185332 0.669912365717854
20.6776620332382 0.646140714311207
20.6928002479432 0.621724975788497
20.7079384626482 0.596689488288857
20.7230766773533 0.571059207730696
20.7382148920583 0.54485968293507
20.7533531067633 0.518117030158076
20.7684913214683 0.490857907057591
20.7836295361734 0.463109486120351
20.7987677508784 0.434899427575796
20.8139059655834 0.40625585182379
20.8290441802884 0.377207311403576
20.8441823949935 0.347782762531982
20.8593206096985 0.318011536239236
20.8744588244035 0.287923309131164
20.8895970391085 0.257548073806893
20.9047352538136 0.226916108961592
20.9198734685186 0.196057949203979
20.9350116832236 0.1650043546188
20.9501498979286 0.133786280104478
20.9652881126337 0.102434844516611
20.9804263273387 0.0709812996480127
20.9955645420437 0.0394569990762563
21.0107027567487 0.00789336690971555
21.0258409714538 -0.023678133536623
21.0409791861588 -0.0552260311045084
21.0561174008638 -0.0867188781635514
21.0712556155688 -0.11812528195891
21.0863938302739 -0.149413935904264
21.1015320449789 -0.180553650788899
21.1166702596839 -0.211513385867817
21.1318084743889 -0.242262279803782
21.146946689094 -0.272769681430603
21.162084903799 -0.303005180306874
21.177223118504 -0.332938637029763
21.192361333209 -0.362540213278621
21.2074995479141 -0.39178040155849
21.2226377626191 -0.420630054613782
21.2377759773241 -0.449060414482919
21.2529141920291 -0.47704314116489
21.2680524067342 -0.504550340869178
21.2831906214392 -0.531554593820904
21.2983288361442 -0.558028981593443
21.3134670508492 -0.583947113941304
21.3286052655543 -0.609283155106515
21.3437434802593 -0.634011849572238
21.3588816949643 -0.658108547238037
21.3740199096693 -0.681549227991635
21.3891581243744 -0.704310525652674
21.4042963390794 -0.726369751264636
21.4194345537844 -0.747704915711707
21.4345727684894 -0.768294751637969
21.4497109831945 -0.788118734647193
21.4648491978995 -0.807157103761986
21.4799874126045 -0.825390881121977
21.4951256273095 -0.842801890901352
21.5102638420146 -0.859372777426914
21.5254020567196 -0.875087022478592
21.5405402714246 -0.88992896175518
21.5556784861296 -0.903883800488823
21.5708167008347 -0.916937628192789
21.5859549155397 -0.929077432527731
21.6010931302447 -0.940291112272676
21.6162313449497 -0.950567489387782
21.6313695596548 -0.959896320156856
21.6465077743598 -0.968268305398507
21.6616459890648 -0.975675099735773
21.6767842037698 -0.98210931991498
21.6919224184749 -0.987564552165524
21.7070606331799 -0.992035358593258
21.7221988478849 -0.995517282601106
21.7373370625899 -0.998006853331493
21.752475277295 -0.999501589126174
21.767613492 -1
21.7765610849422 -0.999501589126174
21.7855086778844 -0.998006853331493
21.7944562708266 -0.995517282601106
21.8034038637688 -0.992035358593258
21.8123514567111 -0.987564552165525
21.8212990496533 -0.98210931991498
21.8302466425955 -0.975675099735774
21.8391942355377 -0.968268305398508
21.8481418284799 -0.959896320156856
21.8570894214221 -0.950567489387782
21.8660370143643 -0.940291112272676
21.8749846073065 -0.929077432527733
21.8839322002487 -0.916937628192787
21.892879793191 -0.903883800488824
21.9018273861332 -0.889928961755182
21.9107749790754 -0.875087022478591
21.9197225720176 -0.859372777426911
21.9286701649598 -0.842801890901352
21.937617757902 -0.825390881121979
21.9465653508442 -0.807157103761983
21.9555129437864 -0.788118734647193
21.9644605367286 -0.768294751637973
21.9734081296709 -0.747704915711706
21.9823557226131 -0.726369751264638
21.9913033155553 -0.704310525652674
22.0002509084975 -0.681549227991638
22.0091985014397 -0.658108547238035
22.0181460943819 -0.634011849572239
22.0270936873241 -0.60928315510652
22.0360412802663 -0.583947113941302
22.0449888732085 -0.558028981593439
22.0539364661508 -0.531554593820903
22.062884059093 -0.504550340869182
22.0718316520352 -0.477043141164887
22.0807792449774 -0.449060414482921
22.0897268379196 -0.420630054613788
22.0986744308618 -0.391780401558489
22.107622023804 -0.362540213278623
22.1165696167462 -0.332938637029763
22.1255172096884 -0.303005180306878
22.1344648026307 -0.2727696814306
22.1434123955729 -0.242262279803784
22.1523599885151 -0.211513385867823
22.1613075814573 -0.180553650788897
22.1702551743995 -0.14941393590426
22.1792027673417 -0.11812528195891
22.1881503602839 -0.0867188781635567
22.1970979532261 -0.0552260311045051
22.2060455461683 -0.0236781335366245
22.2149931391106 0.00789336690970909
22.2239407320528 0.0394569990762576
22.232888324995 0.0709812996480171
22.2418359179372 0.102434844516611
22.2507835108794 0.133786280104473
22.2597311038216 0.165004354618802
22.2686786967638 0.196057949203977
22.277626289706 0.226916108961586
22.2865738826482 0.257548073806901
22.2955214755905 0.287923309131167
22.3044690685327 0.318011536239236
22.3134166614749 0.347782762531977
22.3223642544171 0.377207311403579
22.3313118473593 0.406255851823788
22.3402594403015 0.434899427575789
22.3492070332437 0.463109486120352
22.3581546261859 0.490857907057595
22.3671022191281 0.518117030158075
22.3760498120703 0.544859682935065
22.3849974050126 0.571059207730697
22.3939449979548 0.596689488288855
22.402892590897 0.621724975788492
22.4118401838392 0.646140714311213
22.4207877767814 0.669912365717856
22.4297353697236 0.69301623390933
22.4386829626658 0.715429288447367
22.447630555608 0.737129187511781
22.4565781485502 0.758094300171245
22.4655257414925 0.778303727945527
22.4744733344347 0.797737325637522
22.4834209273769 0.8163757214144
22.4923685203191 0.834200336117916
22.5013161132613 0.851193401784491
22.5102637062035 0.867337979356716
22.5192112991457 0.882617975568546
22.5281588920879 0.897018158987462
22.5371064850302 0.910524175197464
22.5460540779724 0.923122561107861
22.5550016709146 0.934800758373597
22.5639492638568 0.945547125913669
22.572896856799 0.955350951515196
22.5818444497412 0.964202462511611
22.5907920426834 0.972092835524256
22.5997396356256 0.979014205257715
22.6086872285678 0.984959672340111
22.61763482151 0.989923310200557
22.6265824144523 0.993900170976887
22.6355300073945 0.996886290447793
22.6444776003367 0.998878691984444
22.6534251932789 0.999875389517657
22.6623727862211 0.999875389517657
22.6713203791633 0.998878691984444
22.6802679721055 0.996886290447793
22.6892155650477 0.993900170976887
22.6981631579899 0.989923310200557
22.7071107509322 0.984959672340111
22.7160583438744 0.979014205257716
22.7250059368166 0.972092835524256
22.7339535297588 0.964202462511612
22.742901122701 0.955350951515196
22.7518487156432 0.945547125913669
22.7607963085854 0.934800758373597
22.7697439015276 0.923122561107861
22.7786914944698 0.910524175197464
22.7876390874121 0.897018158987462
22.7965866803543 0.882617975568547
22.8055342732965 0.867337979356716
22.8144818662387 0.851193401784491
22.8234294591809 0.834200336117916
22.8323770521231 0.8163757214144
22.8413246450653 0.797737325637522
22.8502722380075 0.778303727945527
22.8592198309497 0.758094300171245
22.868167423892 0.737129187511781
22.8771150168342 0.715429288447376
22.8860626097764 0.69301623390933
22.8950102027186 0.669912365717856
22.9039577956608 0.646140714311213
22.912905388603 0.621724975788492
22.9218529815452 0.596689488288856
22.9308005744874 0.571059207730697
22.9397481674296 0.544859682935065
22.9486957603719 0.518117030158076
22.9576433533141 0.490857907057595
22.9665909462563 0.463109486120352
22.9755385391985 0.434899427575789
22.9844861321407 0.406255851823789
22.9934337250829 0.377207311403579
23.0023813180251 0.347782762531989
23.0113289109673 0.318011536239236
23.0202765039095 0.287923309131168
23.0292240968518 0.257548073806902
23.038171689794 0.226916108961586
23.0471192827362 0.196057949203977
23.0560668756784 0.165004354618802
23.0650144686206 0.133786280104473
23.0739620615628 0.10243484451661
23.082909654505 0.070981299648018
23.0918572474472 0.039456999076258
23.1008048403894 0.00789336690971022
23.1097524333317 -0.0236781335366239
23.1187000262739 -0.0552260311045048
23.1276476192161 -0.0867188781635558
23.1365952121583 -0.11812528195891
23.1455428051005 -0.14941393590426
23.1544903980427 -0.180553650788897
23.1634379909849 -0.211513385867823
23.1723855839271 -0.242262279803783
23.1813331768693 -0.2727696814306
23.1902807698116 -0.303005180306877
23.1992283627538 -0.332938637029763
23.208175955696 -0.362540213278623
23.2171235486382 -0.391780401558489
23.2260711415804 -0.420630054613788
23.2350187345226 -0.449060414482921
23.2439663274648 -0.477043141164886
23.252913920407 -0.504550340869182
23.2618615133492 -0.531554593820903
23.2708091062915 -0.558028981593439
23.2797566992337 -0.583947113941302
23.2887042921759 -0.609283155106519
23.2976518851181 -0.634011849572239
23.3065994780603 -0.658108547238035
23.3155470710025 -0.681549227991638
23.3244946639447 -0.704310525652674
23.3334422568869 -0.726369751264638
23.3423898498291 -0.747704915711705
23.3513374427714 -0.768294751637973
23.3602850357136 -0.788118734647193
23.3692326286558 -0.807157103761983
23.378180221598 -0.825390881121979
23.3871278145402 -0.842801890901352
23.3960754074824 -0.859372777426911
23.4050230004246 -0.875087022478591
23.4139705933668 -0.889928961755182
23.422918186309 -0.903883800488823
23.4318657792513 -0.916937628192787
23.4408133721935 -0.929077432527732
23.4497609651357 -0.940291112272676
23.4587085580779 -0.950567489387782
23.4676561510201 -0.959896320156856
23.4766037439623 -0.968268305398508
23.4855513369045 -0.975675099735774
23.4944989298467 -0.98210931991498
23.5034465227889 -0.987564552165525
23.5123941157312 -0.992035358593258
23.5213417086734 -0.995517282601106
23.5302893016156 -0.998006853331493
23.5392368945578 -0.999501589126174
23.5481844875 -1
23.5655302940955 -0.999501589126174
23.582876100691 -0.998006853331493
23.6002219072864 -0.995517282601106
23.6175677138819 -0.992035358593258
23.6349135204774 -0.987564552165523
23.6522593270729 -0.982109319914981
23.6696051336683 -0.975675099735773
23.6869509402638 -0.968268305398508
23.7042967468593 -0.959896320156857
23.7216425534548 -0.950567489387784
23.7389883600503 -0.940291112272675
23.7563341666457 -0.929077432527729
23.7736799732412 -0.916937628192789
23.7910257798367 -0.903883800488822
23.8083715864322 -0.889928961755181
23.8257173930276 -0.875087022478593
23.8430631996231 -0.859372777426913
23.8604090062186 -0.84280189090135
23.8777548128141 -0.825390881121977
23.8951006194095 -0.807157103761985
23.912446426005 -0.788118734647194
23.9297922326005 -0.76829475163797
23.947138039196 -0.747704915711711
23.9644838457915 -0.72636975126464
23.9818296523869 -0.70431052565267
23.9991754589824 -0.681549227991634
24.0165212655779 -0.658108547238036
24.0338670721734 -0.63401184957224
24.0512128787688 -0.609283155106515
24.0685586853643 -0.583947113941308
24.0859044919598 -0.558028981593439
24.1032502985553 -0.531554593820904
24.1205961051508 -0.504550340869177
24.1379419117462 -0.477043141164892
24.1552877183417 -0.44906041448292
24.1726335249372 -0.420630054613782
24.1899793315327 -0.391780401558494
24.2073251381281 -0.362540213278622
24.2246709447236 -0.332938637029762
24.2420167513191 -0.303005180306871
24.2593625579146 -0.272769681430605
24.27670836451 -0.242262279803782
24.2940541711055 -0.211513385867821
24.311399977701 -0.180553650788901
24.3287457842965 -0.149413935904264
24.346091590892 -0.118125281958908
24.3634373974874 -0.0867188781635476
24.3807832040829 -0.0552260311045086
24.3981290106784 -0.0236781335366212
24.4154748172739 0.00789336690971242
24.4328206238693 0.0394569990762549
24.4501664304648 0.0709812996480144
24.4675122370603 0.102434844516615
24.4848580436558 0.133786280104477
24.5022038502513 0.1650043546188
24.5195496568467 0.196057949203975
24.5368954634422 0.226916108961591
24.5542412700377 0.257548073806894
24.5715870766332 0.287923309131166
24.5889328832286 0.318011536239241
24.6062786898241 0.347782762531982
24.6236244964196 0.377207311403578
24.6409703030151 0.406255851823788
24.6583161096106 0.434899427575795
24.675661916206 0.463109486120346
24.6930077228015 0.490857907057595
24.710353529397 0.518117030158075
24.7276993359925 0.544859682935071
24.7450451425879 0.571059207730692
24.7623909491834 0.596689488288856
24.7797367557789 0.621724975788498
24.7970825623744 0.646140714311209
24.8144283689698 0.669912365717857
24.8317741755653 0.693016233909331
24.8491199821608 0.715429288447373
24.8664657887563 0.737129187511778
24.8838115953518 0.758094300171246
24.9011574019472 0.778303727945528
24.9185032085427 0.79773732563752
24.9358490151382 0.816375721414397
24.9531948217337 0.834200336117918
24.9705406283291 0.851193401784496
24.9878864349246 0.867337979356715
25.0052322415201 0.882617975568548
25.0225780481156 0.897018158987463
25.0399238547111 0.910524175197463
25.0572696613065 0.92312256110786
25.074615467902 0.934800758373599
25.0919612744975 0.945547125913666
25.109307081093 0.955350951515195
25.1266528876884 0.964202462511611
25.1439986942839 0.972092835524257
25.1613445008794 0.979014205257714
25.1786903074749 0.98495967234011
25.1960361140704 0.989923310200558
25.2133819206658 0.993900170976888
25.2307277272613 0.996886290447793
25.2480735338568 0.998878691984444
25.2654193404523 0.999875389517657
25.2827651470477 0.999875389517657
25.3001109536432 0.998878691984444
25.3174567602387 0.996886290447793
25.3348025668342 0.993900170976888
25.3521483734296 0.989923310200557
25.3694941800251 0.984959672340111
25.3868399866206 0.979014205257714
25.4041857932161 0.972092835524257
25.4215315998116 0.964202462511611
25.438877406407 0.955350951515195
25.4562232130025 0.945547125913667
25.473569019598 0.934800758373599
25.4909148261935 0.92312256110786
25.5082606327889 0.910524175197463
25.5256064393844 0.897018158987463
25.5429522459799 0.882617975568548
25.5602980525754 0.867337979356714
25.5776438591709 0.851193401784493
25.5949896657663 0.834200336117918
25.6123354723618 0.816375721414401
25.6296812789573 0.79773732563752
25.6470270855528 0.778303727945529
25.6643728921482 0.758094300171246
25.6817186987437 0.737129187511778
25.6990645053392 0.715429288447373
25.7164103119347 0.693016233909331
25.7337561185301 0.669912365717857
25.7511019251256 0.646140714311209
25.7684477317211 0.621724975788497
25.7857935383166 0.596689488288856
25.8031393449121 0.571059207730693
25.8204851515075 0.544859682935071
25.837830958103 0.518117030158076
25.8551767646985 0.490857907057595
25.872522571294 0.463109486120347
25.8898683778894 0.434899427575795
25.9072141844849 0.406255851823788
25.9245599910804 0.377207311403578
25.9419057976759 0.347782762531982
25.9592516042714 0.318011536239241
25.9765974108668 0.287923309131167
25.9939432174623 0.2575480738069
26.0112890240578 0.226916108961591
26.0286348306533 0.196057949203975
26.0459806372487 0.165004354618801
26.0633264438442 0.133786280104478
26.0806722504397 0.102434844516615
26.0980180570352 0.0709812996480145
26.1153638636307 0.0394569990762554
26.1327096702261 0.007893366909712
26.1500554768216 -0.0236781335366212
26.1674012834171 -0.0552260311045084
26.1847470900126 -0.086718878163554
26.202092896608 -0.118125281958908
26.2194387032035 -0.149413935904257
26.236784509799 -0.180553650788901
26.2541303163945 -0.211513385867821
26.2714761229899 -0.242262279803782
26.2888219295854 -0.272769681430604
26.3061677361809 -0.303005180306871
26.3235135427764 -0.332938637029763
26.3408593493719 -0.362540213278628
26.3582051559673 -0.391780401558494
26.3755509625628 -0.420630054613781
26.3928967691583 -0.449060414482921
26.4102425757538 -0.477043141164892
26.4275883823492 -0.504550340869177
26.4449341889447 -0.531554593820903
26.4622799955402 -0.558028981593439
26.4796258021357 -0.583947113941307
26.4969716087312 -0.609283155106515
26.5143174153266 -0.634011849572239
26.5316632219221 -0.658108547238036
26.5490090285176 -0.681549227991634
26.5663548351131 -0.70431052565267
26.5837006417085 -0.726369751264639
26.601046448304 -0.747704915711707
26.6183922548995 -0.768294751637971
26.635738061495 -0.788118734647194
26.6530838680905 -0.807157103761985
26.6704296746859 -0.825390881121977
26.6877754812814 -0.84280189090135
26.7051212878769 -0.859372777426912
26.7224670944724 -0.875087022478593
26.7398129010678 -0.889928961755181
26.7571587076633 -0.903883800488822
26.7745045142588 -0.916937628192789
26.7918503208543 -0.929077432527732
26.8091961274497 -0.940291112272675
26.8265419340452 -0.950567489387782
26.8438877406407 -0.959896320156857
26.8612335472362 -0.968268305398508
26.8785793538317 -0.975675099735773
26.8959251604271 -0.982109319914981
26.9132709670226 -0.987564552165523
26.9306167736181 -0.992035358593258
26.9479625802136 -0.995517282601106
26.965308386809 -0.998006853331493
26.9826541934045 -0.999501589126174
27 -1
