0 -1
0.0176774482628141 -0.999501589126174
0.0353548965256281 -0.998006853331493
0.0530323447884422 -0.995517282601106
0.0707097930512563 -0.992035358593258
0.0883872413140704 -0.987564552165524
0.106064689576884 -0.98210931991498
0.123742137839698 -0.975675099735774
0.141419586102513 -0.968268305398507
0.159097034365327 -0.959896320156857
0.176774482628141 -0.950567489387783
0.194451930890955 -0.940291112272676
0.212129379153769 -0.929077432527731
0.229806827416583 -0.916937628192789
0.247484275679397 -0.903883800488824
0.265161723942211 -0.88992896175518
0.282839172205025 -0.875087022478594
0.300516620467839 -0.859372777426912
0.318194068730653 -0.842801890901351
0.335871516993467 -0.825390881121976
0.353548965256281 -0.807157103761985
0.371226413519096 -0.788118734647192
0.38890386178191 -0.768294751637971
0.406581310044724 -0.747704915711709
0.424258758307538 -0.726369751264639
0.441936206570352 -0.704310525652672
0.459613654833166 -0.681549227991634
0.47729110309598 -0.658108547238038
0.494968551358794 -0.634011849572239
0.512645999621608 -0.609283155106517
0.530323447884422 -0.583947113941306
0.548000896147236 -0.55802898159344
0.56567834441005 -0.531554593820901
0.583355792672864 -0.504550340869177
0.601033240935678 -0.47704314116489
0.618710689198492 -0.44906041448292
0.636388137461307 -0.420630054613784
0.654065585724121 -0.391780401558493
0.671743033986935 -0.362540213278625
0.689420482249749 -0.332938637029761
0.707097930512563 -0.303005180306873
0.724775378775377 -0.272769681430603
0.742452827038191 -0.242262279803783
0.760130275301005 -0.211513385867819
0.777807723563819 -0.180553650788902
0.795485171826633 -0.149413935904261
0.813162620089447 -0.118125281958908
0.830840068352261 -0.0867188781635507
0.848517516615075 -0.0552260311045082
0.86619496487789 -0.0236781335366239
0.883872413140704 0.00789336690971309
0.901549861403518 0.0394569990762527
0.919227309666332 0.0709812996480158
0.936904757929146 0.102434844516613
0.95458220619196 0.133786280104479
0.972259654454774 0.165004354618799
0.989937102717588 0.196057949203978
1.0076145509804 0.22691610896159
1.02529199924322 0.257548073806896
1.04296944750603 0.287923309131166
1.06064689576884 0.318011536239238
1.07832434403166 0.347782762531982
1.09600179229447 0.377207311403576
1.11367924055729 0.406255851823789
1.1313566888201 0.434899427575793
1.14903413708291 0.463109486120348
1.16671158534573 0.490857907057594
1.18438903360854 0.518117030158077
1.20206648187136 0.54485968293507
1.21974393013417 0.571059207730695
1.23742137839698 0.596689488288856
1.2550988266598 0.621724975788495
1.27277627492261 0.64614071431121
1.29045372318543 0.669912365717855
1.30813117144824 0.693016233909332
1.32580861971106 0.715429288447371
1.34348606797387 0.737129187511779
1.36116351623668 0.758094300171246
1.3788409644995 0.77830372794553
1.39651841276231 0.797737325637519
1.41419586102513 0.816375721414399
1.43187330928794 0.834200336117917
1.44955075755075 0.851193401784495
1.46722820581357 0.867337979356715
1.48490565407638 0.882617975568547
1.5025831023392 0.897018158987464
1.52026055060201 0.910524175197462
1.53793799886482 0.923122561107861
1.55561544712764 0.934800758373598
1.57329289539045 0.945547125913667
1.59097034365327 0.955350951515195
1.60864779191608 0.964202462511612
1.62632524017889 0.972092835524257
1.64400268844171 0.979014205257715
1.66168013670452 0.984959672340111
1.67935758496734 0.989923310200557
1.69703503323015 0.993900170976888
1.71471248149297 0.996886290447793
1.73238992975578 0.998878691984444
1.75006737801859 0.999875389517657
1.76774482628141 0.999875389517657
1.78542227454422 0.998878691984444
1.80309972280704 0.996886290447793
1.82077717106985 0.993900170976888
1.83845461933266 0.989923310200557
1.85613206759548 0.984959672340111
1.87380951585829 0.979014205257715
1.89148696412111 0.972092835524257
1.90916441238392 0.964202462511612
1.92684186064673 0.955350951515195
1.94451930890955 0.945547125913667
1.96219675717236 0.934800758373598
1.97987420543518 0.923122561107861
1.99755165369799 0.910524175197462
2.0152291019608 0.897018158987463
2.03290655022362 0.882617975568547
2.05058399848643 0.867337979356715
2.06826144674925 0.851193401784494
2.08593889501206 0.834200336117918
2.10361634327487 0.816375721414399
2.12129379153769 0.79773732563752
2.1389712398005 0.77830372794553
2.15664868806332 0.758094300171246
2.17432613632613 0.737129187511779
2.19200358458894 0.715429288447371
2.20968103285176 0.693016233909332
2.22735848111457 0.669912365717855
2.24503592937739 0.64614071431121
2.2627133776402 0.621724975788495
2.28039082590302 0.596689488288856
2.29806827416583 0.571059207730695
2.31574572242864 0.54485968293507
2.33342317069146 0.518117030158078
2.35110061895427 0.490857907057594
2.36877806721709 0.463109486120348
2.3864555154799 0.434899427575793
2.40413296374271 0.406255851823789
2.42181041200553 0.377207311403576
2.43948786026834 0.347782762531982
2.45716530853116 0.318011536239238
2.47484275679397 0.287923309131167
2.49252020505678 0.257548073806896
2.5101976533196 0.226916108961591
2.52787510158241 0.196057949203978
2.54555254984523 0.1650043546188
2.56322999810804 0.133786280104478
2.58090744637085 0.102434844516613
2.59858489463367 0.0709812996480171
2.61626234289648 0.0394569990762527
2.6339397911593 0.00789336690971378
2.65161723942211 -0.023678133536623
2.66929468768492 -0.0552260311045084
2.68697213594774 -0.0867188781635505
2.70464958421055 -0.118125281958908
2.72232703247337 -0.149413935904261
2.74000448073618 -0.180553650788901
2.75768192899899 -0.211513385867818
2.77535937726181 -0.242262279803783
2.79303682552462 -0.272769681430602
2.81071427378744 -0.303005180306873
2.82839172205025 -0.332938637029761
2.84606917031307 -0.362540213278625
2.86374661857588 -0.391780401558493
2.88142406683869 -0.420630054613784
2.89910151510151 -0.449060414482921
2.91677896336432 -0.47704314116489
2.93445641162714 -0.504550340869177
2.95213385988995 -0.531554593820902
2.96981130815276 -0.55802898159344
2.98748875641558 -0.583947113941305
3.00516620467839 -0.609283155106517
3.02284365294121 -0.634011849572238
3.04052110120402 -0.658108547238037
3.05819854946683 -0.681549227991633
3.07587599772965 -0.704310525652671
3.09355344599246 -0.726369751264639
3.11123089425528 -0.747704915711709
3.12890834251809 -0.768294751637971
3.1465857907809 -0.788118734647193
3.16426323904372 -0.807157103761985
3.18194068730653 -0.825390881121976
3.19961813556935 -0.84280189090135
3.21729558383216 -0.859372777426911
3.23497303209498 -0.875087022478594
3.25265048035779 -0.88992896175518
3.2703279286206 -0.903883800488824
3.28800537688342 -0.916937628192789
3.30568282514623 -0.92907743252773
3.32336027340905 -0.940291112272676
3.34103772167186 -0.950567489387783
3.35871516993467 -0.959896320156857
3.37639261819749 -0.968268305398507
3.3940700664603 -0.975675099735774
3.41174751472312 -0.98210931991498
3.42942496298593 -0.987564552165524
3.44710241124874 -0.992035358593258
3.46477985951156 -0.995517282601106
3.48245730777437 -0.998006853331493
3.50013475603719 -0.999501589126174
3.5178122043 -1
3.52708403728945 -0.999501589126174
3.53635587027889 -0.998006853331493
3.54562770326834 -0.995517282601106
3.55489953625779 -0.992035358593258
3.56417136924724 -0.987564552165524
3.57344320223668 -0.98210931991498
3.58271503522613 -0.975675099735774
3.59198686821558 -0.968268305398507
3.60125870120503 -0.959896320156857
3.61053053419447 -0.950567489387783
3.61980236718392 -0.940291112272676
3.62907420017337 -0.929077432527731
3.63834603316281 -0.916937628192789
3.64761786615226 -0.903883800488824
3.65688969914171 -0.88992896175518
3.66616153213116 -0.875087022478594
3.6754333651206 -0.859372777426912
3.68470519811005 -0.842801890901351
3.6939770310995 -0.825390881121977
3.70324886408894 -0.807157103761986
3.71252069707839 -0.788118734647193
3.72179253006784 -0.768294751637971
3.73106436305729 -0.74770491571171
3.74033619604673 -0.72636975126464
3.74960802903618 -0.704310525652673
3.75887986202563 -0.681549227991633
3.76815169501508 -0.658108547238038
3.77742352800452 -0.634011849572239
3.78669536099397 -0.609283155106516
3.79596719398342 -0.583947113941306
3.80523902697286 -0.55802898159344
3.81451085996231 -0.531554593820901
3.82378269295176 -0.504550340869177
3.83305452594121 -0.477043141164889
3.84232635893065 -0.44906041448292
3.8515981919201 -0.420630054613784
3.86087002490955 -0.391780401558493
3.870141857899 -0.362540213278624
3.87941369088844 -0.332938637029761
3.88868552387789 -0.303005180306873
3.89795735686734 -0.272769681430603
3.90722918985678 -0.242262279803783
3.91650102284623 -0.211513385867819
3.92577285583568 -0.180553650788902
3.93504468882513 -0.149413935904261
3.94431652181457 -0.118125281958908
3.95358835480402 -0.0867188781635507
3.96286018779347 -0.0552260311045082
3.97213202078291 -0.0236781335366241
3.98140385377236 0.00789336690971331
3.99067568676181 0.0394569990762525
3.99994751975126 0.0709812996480158
4.0092193527407 0.102434844516615
4.01849118573015 0.133786280104477
4.0277630187196 0.165004354618801
4.03703485170904 0.196057949203976
4.04630668469849 0.226916108961591
4.05557851768794 0.257548073806898
4.06485035067739 0.287923309131167
4.07412218366683 0.318011536239239
4.08339401665628 0.347782762531983
4.09266584964573 0.377207311403577
4.10193768263518 0.40625585182379
4.11120951562462 0.434899427575794
4.12048134861407 0.463109486120348
4.12975318160352 0.490857907057595
4.13902501459297 0.518117030158078
4.14829684758241 0.544859682935071
4.15756868057186 0.571059207730696
4.16684051356131 0.596689488288857
4.17611234655075 0.621724975788496
4.1853841795402 0.64614071431121
4.19465601252965 0.669912365717856
4.2039278455191 0.693016233909332
4.21319967850854 0.715429288447372
4.22247151149799 0.737129187511779
4.23174334448744 0.758094300171246
4.24101517747688 0.77830372794553
4.25028701046633 0.79773732563752
4.25955884345578 0.816375721414399
4.26883067644523 0.834200336117918
4.27810250943467 0.851193401784495
4.28737434242412 0.867337979356715
4.29664617541357 0.882617975568547
4.30591800840302 0.897018158987464
4.31518984139246 0.910524175197462
4.32446167438191 0.923122561107861
4.33373350737136 0.934800758373599
4.3430053403608 0.945547125913667
4.35227717335025 0.955350951515195
4.3615490063397 0.964202462511612
4.37082083932915 0.972092835524257
4.38009267231859 0.979014205257715
4.38936450530804 0.984959672340111
4.39863633829749 0.989923310200557
4.40790817128693 0.993900170976888
4.41718000427638 0.996886290447793
4.42645183726583 0.998878691984444
4.43572367025528 0.999875389517657
4.44499550324472 0.999875389517657
4.45426733623417 0.998878691984444
4.46353916922362 0.996886290447793
4.47281100221307 0.993900170976888
4.48208283520251 0.989923310200557
4.49135466819196 0.984959672340111
4.50062650118141 0.979014205257715
4.50989833417085 0.972092835524257
4.5191701671603 0.964202462511612
4.52844200014975 0.955350951515195
4.5377138331392 0.945547125913667
4.54698566612864 0.934800758373598
4.55625749911809 0.923122561107861
4.56552933210754 0.910524175197462
4.57480116509698 0.897018158987464
4.58407299808643 0.882617975568547
4.59334483107588 0.867337979356715
4.60261666406533 0.851193401784495
4.61188849705477 0.834200336117918
4.62116033004422 0.816375721414399
4.63043216303367 0.79773732563752
4.63970399602312 0.77830372794553
4.64897582901256 0.758094300171246
4.65824766200201 0.73712918751178
4.66751949499146 0.715429288447372
4.6767913279809 0.693016233909332
4.68606316097035 0.669912365717856
4.6953349939598 0.646140714311211
4.70460682694925 0.621724975788496
4.71387865993869 0.596689488288856
4.72315049292814 0.571059207730696
4.73242232591759 0.544859682935072
4.74169415890703 0.518117030158079
4.75096599189648 0.490857907057595
4.76023782488593 0.463109486120346
4.76950965787538 0.434899427575794
4.77878149086482 0.406255851823787
4.78805332385427 0.377207311403577
4.79732515684372 0.347782762531981
4.80659698983317 0.31801153623924
4.81586882282261 0.287923309131165
4.82514065581206 0.257548073806897
4.83441248880151 0.226916108961589
4.84368432179095 0.19605794920398
4.8529561547804 0.165004354618798
4.86222798776985 0.133786280104481
4.8714998207593 0.102434844516615
4.88077165374874 0.070981299648018
4.89004348673819 0.0394569990762509
4.89931531972764 0.00789336690971467
4.90858715271709 -0.0236781335366256
4.91785898570653 -0.0552260311045066
4.92713081869598 -0.0867188781635514
4.93640265168543 -0.118125281958906
4.94567448467487 -0.149413935904262
4.95494631766432 -0.180553650788904
4.96421815065377 -0.21151338586782
4.97348998364322 -0.242262279803781
4.98276181663266 -0.272769681430604
4.99203364962211 -0.303005180306873
5.00130548261156 -0.332938637029762
5.010577315601 -0.362540213278622
5.01984914859045 -0.391780401558495
5.0291209815799 -0.420630054613785
5.03839281456935 -0.449060414482921
5.04766464755879 -0.477043141164888
5.05693648054824 -0.504550340869178
5.06620831353769 -0.531554593820902
5.07548014652714 -0.55802898159344
5.08475197951658 -0.583947113941307
5.09402381250603 -0.609283155106517
5.10329564549548 -0.634011849572239
5.11256747848492 -0.658108547238038
5.12183931147437 -0.681549227991634
5.13111114446382 -0.704310525652672
5.14038297745327 -0.726369751264638
5.14965481044271 -0.74770491571171
5.15892664343216 -0.768294751637971
5.16819847642161 -0.788118734647193
5.17747030941106 -0.807157103761986
5.1867421424005 -0.825390881121976
5.19601397538995 -0.842801890901351
5.2052858083794 -0.859372777426912
5.21455764136884 -0.875087022478594
5.22382947435829 -0.889928961755181
5.23310130734774 -0.903883800488824
5.24237314033719 -0.916937628192789
5.25164497332663 -0.92907743252773
5.26091680631608 -0.940291112272676
5.27018863930553 -0.950567489387783
5.27946047229497 -0.959896320156857
5.28873230528442 -0.968268305398507
5.29800413827387 -0.975675099735774
5.30727597126332 -0.98210931991498
5.31654780425276 -0.987564552165524
5.32581963724221 -0.992035358593258
5.33509147023166 -0.995517282601106
5.34436330322111 -0.998006853331493
5.35363513621055 -0.999501589126174
5.3629069692 -1
5.38026746580804 -0.999501589126174
5.39762796241608 -0.998006853331493
5.41498845902412 -0.995517282601106
5.43234895563216 -0.992035358593258
5.4497094522402 -0.987564552165524
5.46706994884824 -0.98210931991498
5.48443044545628 -0.975675099735774
5.50179094206432 -0.968268305398507
5.51915143867236 -0.959896320156857
5.5365119352804 -0.950567489387783
5.55387243188844 -0.940291112272675
5.57123292849648 -0.92907743252773
5.58859342510452 -0.916937628192789
5.60595392171256 -0.903883800488824
5.6233144183206 -0.889928961755181
5.64067491492864 -0.875087022478593
5.65803541153668 -0.859372777426912
5.67539590814472 -0.84280189090135
5.69275640475276 -0.825390881121976
5.7101169013608 -0.807157103761985
5.72747739796884 -0.788118734647193
5.74483789457688 -0.768294751637971
5.76219839118493 -0.747704915711709
5.77955888779297 -0.726369751264639
5.79691938440101 -0.704310525652672
5.81427988100905 -0.681549227991634
5.83164037761709 -0.658108547238038
5.84900087422513 -0.634011849572239
5.86636137083317 -0.609283155106516
5.88372186744121 -0.583947113941306
5.90108236404925 -0.55802898159344
5.91844286065729 -0.531554593820901
5.93580335726533 -0.504550340869178
5.95316385387337 -0.47704314116489
5.97052435048141 -0.449060414482921
5.98788484708945 -0.420630054613784
6.00524534369749 -0.391780401558493
6.02260584030553 -0.362540213278624
6.03996633691357 -0.332938637029761
6.05732683352161 -0.303005180306873
6.07468733012965 -0.272769681430602
6.09204782673769 -0.242262279803783
6.10940832334573 -0.211513385867818
6.12676881995377 -0.180553650788902
6.14412931656181 -0.149413935904261
6.16148981316985 -0.118125281958908
6.17885030977789 -0.0867188781635514
6.19621080638593 -0.055226031104509
6.21357130299397 -0.0236781335366234
6.23093179960201 0.00789336690971353
6.24829229621005 0.0394569990762529
6.26565279281809 0.0709812996480156
6.28301328942613 0.102434844516613
6.30037378603417 0.133786280104478
6.31773428264221 0.1650043546188
6.33509477925025 0.196057949203978
6.35245527585829 0.22691610896159
6.36981577246633 0.257548073806896
6.38717626907437 0.287923309131166
6.40453676568241 0.318011536239238
6.42189726229045 0.347782762531982
6.43925775889849 0.377207311403575
6.45661825550653 0.406255851823789
6.47397875211457 0.434899427575793
6.49133924872261 0.463109486120348
6.50869974533065 0.490857907057593
6.52606024193869 0.518117030158078
6.54342073854673 0.544859682935071
6.56078123515477 0.571059207730695
6.57814173176281 0.596689488288856
6.59550222837085 0.621724975788495
6.61286272497889 0.646140714311209
6.63022322158693 0.669912365717855
6.64758371819497 0.693016233909331
6.66494421480302 0.715429288447372
6.68230471141106 0.737129187511779
6.6996652080191 0.758094300171245
6.71702570462714 0.778303727945529
6.73438620123518 0.797737325637519
6.75174669784322 0.816375721414399
6.76910719445126 0.834200336117918
6.7864676910593 0.851193401784495
6.80382818766734 0.867337979356715
6.82118868427538 0.882617975568547
6.83854918088342 0.897018158987463
6.85590967749146 0.910524175197462
6.8732701740995 0.92312256110786
6.89063067070754 0.934800758373598
6.90799116731558 0.945547125913667
6.92535166392362 0.955350951515195
6.94271216053166 0.964202462511612
6.9600726571397 0.972092835524257
6.97743315374774 0.979014205257715
6.99479365035578 0.984959672340111
7.01215414696382 0.989923310200557
7.02951464357186 0.993900170976888
7.0468751401799 0.996886290447793
7.06423563678794 0.998878691984444
7.08159613339598 0.999875389517657
7.09895663000402 0.999875389517657
7.11631712661206 0.998878691984444
7.1336776232201 0.996886290447793
7.15103811982814 0.993900170976888
7.16839861643618 0.989923310200557
7.18575911304422 0.98495967234011
7.20311960965226 0.979014205257714
7.2204801062603 0.972092835524257
7.23784060286834 0.964202462511612
7.25520109947638 0.955350951515195
7.27256159608442 0.945547125913667
7.28992209269246 0.934800758373598
7.3072825893005 0.923122561107861
7.32464308590854 0.910524175197462
7.34200358251658 0.897018158987463
7.35936407912462 0.882617975568547
7.37672457573266 0.867337979356715
7.3940850723407 0.851193401784495
7.41144556894874 0.834200336117917
7.42880606555678 0.816375721414399
7.44616656216482 0.797737325637519
7.46352705877286 0.77830372794553
7.4808875553809 0.758094300171246
7.49824805198894 0.737129187511779
7.51560854859699 0.715429288447372
7.53296904520503 0.693016233909333
7.55032954181307 0.669912365717856
7.56769003842111 0.646140714311209
7.58505053502915 0.621724975788495
7.60241103163719 0.596689488288856
7.61977152824523 0.571059207730695
7.63713202485327 0.54485968293507
7.65449252146131 0.518117030158077
7.67185301806935 0.490857907057594
7.68921351467739 0.463109486120348
7.70657401128543 0.434899427575793
7.72393450789347 0.40625585182379
7.74129500450151 0.377207311403576
7.75865550110955 0.347782762531983
7.77601599771759 0.318011536239238
7.79337649432563 0.287923309131167
7.81073699093367 0.257548073806897
7.82809748754171 0.22691610896159
7.84545798414975 0.196057949203979
7.86281848075779 0.165004354618798
7.88017897736583 0.133786280104478
7.89753947397387 0.102434844516613
7.91489997058191 0.0709812996480153
7.93226046718995 0.0394569990762536
7.94962096379799 0.00789336690971378
7.96698146040603 -0.023678133536623
7.98434195701407 -0.0552260311045075
8.00170245362211 -0.0867188781635523
8.01906295023015 -0.118125281958906
8.03642344683819 -0.149413935904262
8.05378394344623 -0.1805536507889
8.07114444005427 -0.21151338586782
8.08850493666231 -0.242262279803784
8.10586543327035 -0.272769681430603
8.12322592987839 -0.303005180306873
8.14058642648643 -0.332938637029761
8.15794692309447 -0.362540213278624
8.17530741970251 -0.391780401558492
8.19266791631055 -0.420630054613784
8.21002841291859 -0.449060414482919
8.22738890952663 -0.477043141164888
8.24474940613467 -0.504550340869176
8.26210990274271 -0.531554593820903
8.27947039935076 -0.558028981593441
8.2968308959588 -0.583947113941307
8.31419139256684 -0.609283155106517
8.33155188917488 -0.634011849572239
8.34891238578292 -0.658108547238037
8.36627288239096 -0.681549227991634
8.383633378999 -0.704310525652672
8.40099387560704 -0.726369751264639
8.41835437221508 -0.747704915711709
8.43571486882312 -0.768294751637969
8.45307536543116 -0.788118734647194
8.4704358620392 -0.807157103761985
8.48779635864724 -0.825390881121977
8.50515685525528 -0.842801890901349
8.52251735186332 -0.859372777426912
8.53987784847136 -0.875087022478594
8.5572383450794 -0.88992896175518
8.57459884168744 -0.903883800488824
8.59195933829548 -0.916937628192789
8.60931983490352 -0.92907743252773
8.62668033151156 -0.940291112272675
8.6440408281196 -0.950567489387783
8.66140132472764 -0.959896320156857
8.67876182133568 -0.968268305398508
8.69612231794372 -0.975675099735773
8.71348281455176 -0.982109319914981
8.7308433111598 -0.987564552165524
8.74820380776784 -0.992035358593258
8.76556430437588 -0.995517282601106
8.78292480098392 -0.998006853331493
8.80028529759196 -0.999501589126174
8.8176457942 -1
8.83767242155327 -0.999501589126174
8.85769904890653 -0.998006853331493
8.8777256762598 -0.995517282601106
8.89775230361307 -0.992035358593258
8.91777893096633 -0.987564552165524
8.9378055583196 -0.98210931991498
8.95783218567287 -0.975675099735773
8.97785881302613 -0.968268305398507
8.9978854403794 -0.959896320156857
9.01791206773266 -0.950567489387782
9.03793869508593 -0.940291112272675
9.0579653224392 -0.929077432527731
9.07799194979246 -0.916937628192789
9.09801857714573 -0.903883800488823
9.118045204499 -0.88992896175518
9.13807183185226 -0.875087022478594
9.15809845920553 -0.859372777426912
9.1781250865588 -0.84280189090135
9.19815171391206 -0.825390881121976
9.21817834126533 -0.807157103761985
9.23820496861859 -0.788118734647193
9.25823159597186 -0.76829475163797
9.27825822332513 -0.747704915711709
9.29828485067839 -0.726369751264639
9.31831147803166 -0.704310525652673
9.33833810538493 -0.681549227991633
9.35836473273819 -0.658108547238037
9.37839136009146 -0.634011849572239
9.39841798744472 -0.609283155106517
9.41844461479799 -0.583947113941305
9.43847124215126 -0.55802898159344
9.45849786950452 -0.531554593820902
9.47852449685779 -0.504550340869178
9.49855112421106 -0.477043141164889
9.51857775156432 -0.44906041448292
9.53860437891759 -0.420630054613784
9.55863100627085 -0.391780401558494
9.57865763362412 -0.362540213278624
9.59868426097739 -0.332938637029761
9.61871088833065 -0.303005180306873
9.63873751568392 -0.272769681430604
9.65876414303719 -0.242262279803785
9.67879077039045 -0.211513385867819
9.69881739774372 -0.180553650788903
9.71884402509698 -0.149413935904262
9.73887065245025 -0.118125281958907
9.75889727980352 -0.0867188781635505
9.77892390715678 -0.0552260311045084
9.79895053451005 -0.023678133536625
9.81897716186332 0.00789336690971442
9.83900378921658 0.0394569990762534
9.85903041656985 0.0709812996480156
9.87905704392312 0.102434844516612
9.89908367127638 0.13378628010448
9.91911029862965 0.1650043546188
9.93913692598291 0.196057949203978
9.95916355333618 0.226916108961589
9.97919018068945 0.257548073806895
9.99921680804271 0.287923309131167
10.019243435396 0.318011536239238
10.0392700627492 0.347782762531982
10.0592966901025 0.377207311403577
10.0793233174558 0.406255851823789
10.099349944809 0.434899427575793
10.1193765721623 0.463109486120347
10.1394031995156 0.490857907057595
10.1594298268688 0.518117030158078
10.1794564542221 0.54485968293507
10.1994830815754 0.571059207730694
10.2195097089286 0.596689488288857
10.2395363362819 0.621724975788496
10.2595629636352 0.64614071431121
10.2795895909884 0.669912365717854
10.2996162183417 0.693016233909332
10.319642845695 0.715429288447372
10.3396694730482 0.737129187511779
10.3596961004015 0.758094300171245
10.3797227277548 0.778303727945531
10.399749355108 0.79773732563752
10.4197759824613 0.816375721414399
10.4398026098146 0.834200336117917
10.4598292371678 0.851193401784494
10.4798558645211 0.867337979356715
10.4998824918744 0.882617975568547
10.5199091192276 0.897018158987463
10.5399357465809 0.910524175197463
10.5599623739342 0.923122561107861
10.5799890012874 0.934800758373598
10.6000156286407 0.945547125913667
10.620042255994 0.955350951515195
10.6400688833472 0.964202462511612
10.6600955107005 0.972092835524257
10.6801221380538 0.979014205257714
10.700148765407 0.984959672340111
10.7201753927603 0.989923310200557
10.7402020201136 0.993900170976888
10.7602286474668 0.996886290447793
10.7802552748201 0.998878691984444
10.8002819021734 0.999875389517657
10.8203085295266 0.999875389517657
10.8403351568799 0.998878691984444
10.8603617842332 0.996886290447793
10.8803884115864 0.993900170976888
10.9004150389397 0.989923310200557
10.920441666293 0.984959672340111
10.9404682936462 0.979014205257714
10.9604949209995 0.972092835524257
10.9805215483528 0.964202462511612
11.000548175706 0.955350951515195
11.0205748030593 0.945547125913667
11.0406014304126 0.934800758373598
11.0606280577658 0.923122561107861
11.0806546851191 0.910524175197462
11.1006813124724 0.897018158987464
11.1207079398256 0.882617975568547
11.1407345671789 0.867337979356715
11.1607611945322 0.851193401784495
11.1807878218854 0.834200336117917
11.2008144492387 0.816375721414399
11.220841076592 0.79773732563752
11.2408677039452 0.778303727945529
11.2608943312985 0.758094300171247
11.2809209586518 0.737129187511779
11.300947586005 0.715429288447372
11.3209742133583 0.693016233909333
11.3410008407116 0.669912365717854
11.3610274680648 0.64614071431121
11.3810540954181 0.621724975788496
11.4010807227714 0.596689488288854
11.4211073501246 0.571059207730696
11.4411339774779 0.54485968293507
11.4611606048312 0.518117030158078
11.4811872321844 0.490857907057595
11.5012138595377 0.463109486120347
11.521240486891 0.434899427575793
11.5412671142442 0.40625585182379
11.5612937415975 0.377207311403575
11.5813203689508 0.347782762531985
11.601346996304 0.318011536239239
11.6213736236573 0.287923309131167
11.6414002510106 0.257548073806897
11.6614268783638 0.226916108961589
11.6814535057171 0.196057949203978
11.7014801330704 0.1650043546188
11.7215067604236 0.13378628010448
11.7415333877769 0.102434844516616
11.7615600151302 0.0709812996480162
11.7815866424834 0.0394569990762536
11.8016132698367 0.00789336690971467
11.82163989719 -0.0236781335366247
11.8416665245432 -0.0552260311045075
11.8616931518965 -0.0867188781635496
11.8817197792497 -0.118125281958907
11.901746406603 -0.149413935904262
11.9217730339563 -0.180553650788902
11.9417996613095 -0.211513385867818
11.9618262886628 -0.242262279803782
11.9818529160161 -0.272769681430604
12.0018795433693 -0.303005180306872
12.0219061707226 -0.33293863702976
12.0419327980759 -0.362540213278626
12.0619594254291 -0.391780401558494
12.0819860527824 -0.420630054613784
12.1020126801357 -0.449060414482919
12.1220393074889 -0.477043141164889
12.1420659348422 -0.504550340869178
12.1620925621955 -0.531554593820901
12.1821191895487 -0.558028981593439
12.202145816902 -0.583947113941307
12.2221724442553 -0.609283155106517
12.2421990716085 -0.634011849572238
12.2622256989618 -0.658108547238037
12.2822523263151 -0.681549227991633
12.3022789536683 -0.704310525652672
12.3223055810216 -0.726369751264639
12.3423322083749 -0.747704915711708
12.3623588357281 -0.768294751637972
12.3823854630814 -0.788118734647193
12.4024120904347 -0.807157103761986
12.4224387177879 -0.825390881121976
12.4424653451412 -0.84280189090135
12.4624919724945 -0.859372777426912
12.4825185998477 -0.875087022478594
12.502545227201 -0.88992896175518
12.5225718545543 -0.903883800488824
12.5425984819075 -0.916937628192789
12.5626251092608 -0.92907743252773
12.5826517366141 -0.940291112272675
12.6026783639673 -0.950567489387782
12.6227049913206 -0.959896320156857
12.6427316186739 -0.968268305398507
12.6627582460271 -0.975675099735773
12.6827848733804 -0.982109319914981
12.7028115007337 -0.987564552165523
12.7228381280869 -0.992035358593258
12.7428647554402 -0.995517282601106
12.7628913827935 -0.998006853331493
12.7829180101467 -0.999501589126174
12.8029446375 -1
12.8097531291563 -0.999501589126174
12.8165616208126 -0.998006853331493
12.8233701124688 -0.995517282601106
12.8301786041251 -0.992035358593258
12.8369870957814 -0.987564552165524
12.8437955874377 -0.982109319914981
12.850604079094 -0.975675099735774
12.8574125707503 -0.968268305398507
12.8642210624065 -0.959896320156857
12.8710295540628 -0.950567489387783
12.8778380457191 -0.940291112272676
12.8846465373754 -0.929077432527731
12.8914550290317 -0.916937628192789
12.8982635206879 -0.903883800488824
12.9050720123442 -0.889928961755181
12.9118805040005 -0.875087022478594
12.9186889956568 -0.859372777426913
12.9254974873131 -0.842801890901351
12.9323059789693 -0.825390881121977
12.9391144706256 -0.807157103761986
12.9459229622819 -0.788118734647193
12.9527314539382 -0.768294751637972
12.9595399455945 -0.74770491571171
12.9663484372508 -0.726369751264641
12.973156928907 -0.704310525652674
12.9799654205633 -0.681549227991635
12.9867739122196 -0.658108547238039
12.9935824038759 -0.63401184957224
13.0003908955322 -0.609283155106519
13.0071993871884 -0.583947113941308
13.0140078788447 -0.558028981593442
13.020816370501 -0.531554593820904
13.0276248621573 -0.50455034086918
13.0344333538136 -0.477043141164892
13.0412418454698 -0.449060414482923
13.0480503371261 -0.420630054613787
13.0548588287824 -0.391780401558496
13.0616673204387 -0.362540213278627
13.068475812095 -0.332938637029764
13.0752843037513 -0.303005180306876
13.0820927954075 -0.272769681430606
13.0889012870638 -0.242262279803787
13.0957097787201 -0.211513385867823
13.1025182703764 -0.180553650788906
13.1093267620327 -0.149413935904265
13.1161352536889 -0.118125281958912
13.1229437453452 -0.0867188781635549
13.1297522370015 -0.0552260311045124
13.1365607286578 -0.0236781335366281
13.1433692203141 0.00789336690971731
13.1501777119704 0.0394569990762567
13.1569862036266 0.0709812996480198
13.1637946952829 0.102434844516617
13.1706031869392 0.133786280104483
13.1774116785955 0.165004354618803
13.1842201702518 0.196057949203981
13.191028661908 0.226916108961594
13.1978371535643 0.2575480738069
13.2046456452206 0.287923309131169
13.2114541368769 0.318011536239241
13.2182626285332 0.347782762531985
13.2250711201894 0.377207311403579
13.2318796118457 0.406255851823792
13.238688103502 0.434899427575796
13.2454965951583 0.46310948612035
13.2523050868146 0.490857907057596
13.2591135784709 0.51811703015808
13.2659220701271 0.544859682935073
13.2727305617834 0.571059207730697
13.2795390534397 0.596689488288858
13.286347545096 0.621724975788497
13.2931560367523 0.646140714311211
13.2999645284085 0.669912365717857
13.3067730200648 0.693016233909333
13.3135815117211 0.715429288447373
13.3203900033774 0.73712918751178
13.3271984950337 0.758094300171247
13.3340069866899 0.778303727945531
13.3408154783462 0.79773732563752
13.3476239700025 0.8163757214144
13.3544324616588 0.834200336117918
13.3612409533151 0.851193401784495
13.3680494449714 0.867337979356715
13.3748579366276 0.882617975568547
13.3816664282839 0.897018158987464
13.3884749199402 0.910524175197463
13.3952834115965 0.923122561107861
13.4020919032528 0.934800758373599
13.408900394909 0.945547125913667
13.4157088865653 0.955350951515195
13.4225173782216 0.964202462511612
13.4293258698779 0.972092835524257
13.4361343615342 0.979014205257715
13.4429428531905 0.984959672340111
13.4497513448467 0.989923310200557
13.456559836503 0.993900170976888
13.4633683281593 0.996886290447793
13.4701768198156 0.998878691984444
13.4769853114719 0.999875389517657
13.4837938031281 0.999875389517657
13.4906022947844 0.998878691984444
13.4974107864407 0.996886290447793
13.504219278097 0.993900170976888
13.5110277697533 0.989923310200557
13.5178362614095 0.984959672340111
13.5246447530658 0.979014205257715
13.5314532447221 0.972092835524257
13.5382617363784 0.964202462511612
13.5450702280347 0.955350951515195
13.551878719691 0.945547125913668
13.5586872113472 0.934800758373599
13.5654957030035 0.923122561107861
13.5723041946598 0.910524175197463
13.5791126863161 0.897018158987464
13.5859211779724 0.882617975568547
13.5927296696286 0.867337979356715
13.5995381612849 0.851193401784496
13.6063466529412 0.834200336117918
13.6131551445975 0.8163757214144
13.6199636362538 0.79773732563752
13.62677212791 0.778303727945531
13.6335806195663 0.758094300171247
13.6403891112226 0.737129187511781
13.6471976028789 0.715429288447373
13.6540060945352 0.693016233909334
13.6608145861915 0.669912365717857
13.6676230778477 0.646140714311211
13.674431569504 0.621724975788497
13.6812400611603 0.596689488288858
13.6880485528166 0.571059207730697
13.6948570444729 0.544859682935073
13.7016655361291 0.51811703015808
13.7084740277854 0.490857907057596
13.7152825194417 0.463109486120351
13.722091011098 0.434899427575796
13.7288995027543 0.406255851823792
13.7357079944106 0.37720731140358
13.7425164860668 0.347782762531986
13.7493249777231 0.318011536239242
13.7561334693794 0.28792330913117
13.7629419610357 0.2575480738069
13.769750452692 0.226916108961594
13.7765589443482 0.196057949203982
13.7833674360045 0.165004354618802
13.7901759276608 0.133786280104483
13.7969844193171 0.102434844516617
13.8037929109734 0.0709812996480118
13.8106014026296 0.0394569990762572
13.8174098942859 0.00789336690970934
13.8242183859422 -0.0236781335366194
13.8310268775985 -0.0552260311045119
13.8378353692548 -0.0867188781635549
13.8446438609111 -0.118125281958912
13.8514523525673 -0.149413935904256
13.8582608442236 -0.180553650788906
13.8650693358799 -0.211513385867823
13.8718778275362 -0.242262279803786
13.8786863191925 -0.272769681430598
13.8854948108487 -0.303005180306876
13.892303302505 -0.332938637029764
13.8991117941613 -0.362540213278627
13.9059202858176 -0.391780401558495
13.9127287774739 -0.420630054613787
13.9195372691302 -0.449060414482922
13.9263457607864 -0.477043141164892
13.9331542524427 -0.504550340869179
13.939962744099 -0.531554593820904
13.9467712357553 -0.558028981593442
13.9535797274116 -0.583947113941308
13.9603882190678 -0.609283155106519
13.9671967107241 -0.63401184957224
13.9740052023804 -0.658108547238039
13.9808136940367 -0.681549227991635
13.987622185693 -0.704310525652674
13.9944306773492 -0.726369751264641
14.0012391690055 -0.74770491571171
14.0080476606618 -0.768294751637972
14.0148561523181 -0.788118734647194
14.0216646439744 -0.807157103761986
14.0284731356307 -0.825390881121977
14.0352816272869 -0.842801890901351
14.0420901189432 -0.859372777426912
14.0488986105995 -0.875087022478594
14.0557071022558 -0.889928961755181
14.0625155939121 -0.903883800488824
14.0693240855683 -0.916937628192789
14.0761325772246 -0.929077432527731
14.0829410688809 -0.940291112272676
14.0897495605372 -0.950567489387783
14.0965580521935 -0.959896320156857
14.1033665438497 -0.968268305398507
14.110175035506 -0.975675099735774
14.1169835271623 -0.98210931991498
14.1237920188186 -0.987564552165524
14.1306005104749 -0.992035358593258
14.1374090021312 -0.995517282601106
14.1442174937874 -0.998006853331493
14.1510259854437 -0.999501589126174
14.1578344771 -1
14.1736643691894 -0.999501589126174
14.1894942612789 -0.998006853331493
14.2053241533683 -0.995517282601106
14.2211540454578 -0.992035358593258
14.2369839375472 -0.987564552165524
14.2528138296367 -0.982109319914981
14.2686437217261 -0.975675099735774
14.2844736138156 -0.968268305398507
14.300303505905 -0.959896320156857
14.3161333979945 -0.950567489387783
14.3319632900839 -0.940291112272675
14.3477931821734 -0.92907743252773
14.3636230742628 -0.916937628192789
14.3794529663523 -0.903883800488824
14.3952828584417 -0.88992896175518
14.4111127505312 -0.875087022478594
14.4269426426206 -0.859372777426912
14.4427725347101 -0.84280189090135
14.4586024267995 -0.825390881121975
14.4744323188889 -0.807157103761986
14.4902622109784 -0.788118734647192
14.5060921030678 -0.76829475163797
14.5219219951573 -0.74770491571171
14.5377518872467 -0.72636975126464
14.5535817793362 -0.704310525652672
14.5694116714256 -0.681549227991633
14.5852415635151 -0.658108547238038
14.6010714556045 -0.634011849572239
14.616901347694 -0.609283155106516
14.6327312397834 -0.583947113941307
14.6485611318729 -0.558028981593441
14.6643910239623 -0.531554593820901
14.6802209160518 -0.504550340869176
14.6960508081412 -0.47704314116489
14.7118807002307 -0.44906041448292
14.7277105923201 -0.420630054613783
14.7435404844095 -0.391780401558495
14.759370376499 -0.362540213278625
14.7752002685884 -0.332938637029761
14.7910301606779 -0.303005180306871
14.8068600527673 -0.272769681430604
14.8226899448568 -0.242262279803783
14.8385198369462 -0.211513385867818
14.8543497290357 -0.180553650788904
14.8701796211251 -0.149413935904261
14.8860095132146 -0.118125281958908
14.901839405304 -0.0867188781635492
14.9176692973935 -0.055226031104509
14.9334991894829 -0.0236781335366241
14.9493290815724 0.00789336690971442
14.9651589736618 0.0394569990762514
14.9809888657513 0.0709812996480156
14.9968187578407 0.102434844516614
15.0126486499301 0.133786280104477
15.0284785420196 0.165004354618798
15.044308434109 0.196057949203978
15.0601383261985 0.226916108961591
15.0759682182879 0.257548073806895
15.0917981103774 0.287923309131166
15.1076280024668 0.318011536239239
15.1234578945563 0.347782762531984
15.1392877866457 0.377207311403575
15.1551176787352 0.406255851823789
15.1709475708246 0.434899427575794
15.1867774629141 0.463109486120347
15.2026073550035 0.490857907057593
15.218437247093 0.518117030158078
15.2342671391824 0.544859682935069
15.2500970312719 0.571059207730694
15.2659269233613 0.596689488288856
15.2817568154508 0.621724975788496
15.2975867075402 0.646140714311209
15.3134165996296 0.669912365717855
15.3292464917191 0.693016233909332
15.3450763838085 0.715429288447373
15.360906275898 0.737129187511778
15.3767361679874 0.758094300171246
15.3925660600769 0.778303727945531
15.4083959521663 0.797737325637519
15.4242258442558 0.816375721414399
15.4400557363452 0.834200336117918
15.4558856284347 0.851193401784494
15.4717155205241 0.867337979356714
15.4875454126136 0.882617975568547
15.503375304703 0.897018158987464
15.5192051967925 0.910524175197462
15.5350350888819 0.923122561107861
15.5508649809714 0.934800758373599
15.5666948730608 0.945547125913668
15.5825247651503 0.955350951515195
15.5983546572397 0.964202462511612
15.6141845493291 0.972092835524257
15.6300144414186 0.979014205257714
15.645844333508 0.98495967234011
15.6616742255975 0.989923310200557
15.6775041176869 0.993900170976888
15.6933340097764 0.996886290447793
15.7091639018658 0.998878691984444
15.7249937939553 0.999875389517657
15.7408236860447 0.999875389517657
15.7566535781342 0.998878691984444
15.7724834702236 0.996886290447793
15.7883133623131 0.993900170976888
15.8041432544025 0.989923310200557
15.819973146492 0.984959672340111
15.8358030385814 0.979014205257714
15.8516329306709 0.972092835524257
15.8674628227603 0.964202462511612
15.8832927148497 0.955350951515195
15.8991226069392 0.945547125913668
15.9149524990286 0.934800758373599
15.9307823911181 0.923122561107861
15.9466122832075 0.910524175197462
15.962442175297 0.897018158987464
15.9782720673864 0.882617975568547
15.9941019594759 0.867337979356714
16.0099318515653 0.851193401784494
16.0257617436548 0.834200336117918
16.0415916357442 0.816375721414401
16.0574215278337 0.797737325637519
16.0732514199231 0.778303727945531
16.0890813120126 0.758094300171243
16.104911204102 0.737129187511778
16.1207410961915 0.715429288447373
16.1365709882809 0.69301623390933
16.1524008803704 0.669912365717855
16.1682307724598 0.646140714311211
16.1840606645492 0.621724975788493
16.1998905566387 0.596689488288856
16.2157204487281 0.571059207730697
16.2315503408176 0.544859682935069
16.247380232907 0.518117030158079
16.2632101249965 0.490857907057591
16.2790400170859 0.463109486120347
16.2948699091754 0.434899427575794
16.3106998012648 0.406255851823786
16.3265296933543 0.377207311403576
16.3423595854437 0.347782762531984
16.3581894775332 0.318011536239236
16.3740193696226 0.287923309131166
16.3898492617121 0.257548073806899
16.4056791538015 0.226916108961588
16.421509045891 0.196057949203978
16.4373389379804 0.165004354618802
16.4531688300698 0.133786280104478
16.4689987221593 0.102434844516614
16.4848286142487 0.0709812996480198
16.5006585063382 0.0394569990762518
16.5164883984276 0.00789336690971467
16.5323182905171 -0.0236781335366203
16.5481481826065 -0.0552260311045093
16.563978074696 -0.0867188781635487
16.5798079667854 -0.118125281958904
16.5956378588749 -0.149413935904261
16.6114677509643 -0.180553650788899
16.6272976430538 -0.211513385867821
16.6431275351432 -0.242262279803783
16.6589574272327 -0.272769681430601
16.6747873193221 -0.303005180306874
16.6906172114116 -0.33293863702976
16.706447103501 -0.362540213278621
16.7222769955905 -0.391780401558495
16.7381068876799 -0.420630054613783
16.7539367797693 -0.449060414482923
16.7697666718588 -0.47704314116489
16.7855965639482 -0.504550340869176
16.8014264560377 -0.531554593820904
16.8172563481271 -0.558028981593441
16.8330862402166 -0.583947113941304
16.848916132306 -0.609283155106518
16.8647460243955 -0.634011849572238
16.8805759164849 -0.658108547238035
16.8964058085744 -0.681549227991635
16.9122357006638 -0.704310525652672
16.9280655927533 -0.726369751264637
16.9438954848427 -0.74770491571171
16.9597253769322 -0.768294751637969
16.9755552690216 -0.78811873464719
16.9913851611111 -0.807157103761986
17.0072150532005 -0.825390881121975
17.0230449452899 -0.842801890901352
17.0388748373794 -0.859372777426912
17.0547047294688 -0.875087022478592
17.0705346215583 -0.889928961755181
17.0863645136477 -0.903883800488824
17.1021944057372 -0.916937628192788
17.1180242978266 -0.929077432527731
17.1338541899161 -0.940291112272675
17.1496840820055 -0.950567489387782
17.165513974095 -0.959896320156857
17.1813438661844 -0.968268305398507
17.1971737582739 -0.975675099735774
17.2130036503633 -0.982109319914981
17.2288335424528 -0.987564552165524
17.2446634345422 -0.992035358593258
17.2604933266317 -0.995517282601106
17.2763232187211 -0.998006853331493
17.2921531108106 -0.999501589126174
17.3079830029 -1
17.3133901159196 -0.999501589126174
17.3187972289392 -0.998006853331494
17.3242043419588 -0.995517282601105
17.3296114549784 -0.992035358593258
17.335018567998 -0.987564552165524
17.3404256810176 -0.982109319914982
17.3458327940372 -0.975675099735772
17.3512399070568 -0.968268305398506
17.3566470200764 -0.959896320156857
17.362054133096 -0.950567489387785
17.3674612461156 -0.940291112272672
17.3728683591352 -0.929077432527729
17.3782754721548 -0.916937628192789
17.3836825851744 -0.903883800488826
17.389089698194 -0.889928961755185
17.3944968112136 -0.875087022478591
17.3999039242332 -0.859372777426911
17.4053110372528 -0.842801890901352
17.4107181502724 -0.825390881121981
17.416125263292 -0.807157103761981
17.4215323763116 -0.788118734647191
17.4269394893312 -0.768294751637972
17.4323466023508 -0.747704915711713
17.4377537153704 -0.726369751264633
17.4431608283899 -0.704310525652669
17.4485679414095 -0.681549227991634
17.4539750544291 -0.658108547238041
17.4593821674487 -0.634011849572246
17.4647892804683 -0.609283155106512
17.4701963934879 -0.583947113941305
17.4756035065075 -0.558028981593443
17.4810106195271 -0.531554593820908
17.4864177325467 -0.504550340869171
17.4918248455663 -0.477043141164887
17.4972319585859 -0.449060414482922
17.5026390716055 -0.42063005461379
17.5080461846251 -0.391780401558485
17.5134532976447 -0.36254021327862
17.5188604106643 -0.332938637029761
17.5242675236839 -0.303005180306878
17.5296746367035 -0.272769681430613
17.5350817497231 -0.242262279803777
17.5404888627427 -0.211513385867818
17.5458959757623 -0.180553650788906
17.5513030887819 -0.149413935904269
17.5567102018015 -0.118125281958901
17.5621173148211 -0.0867188781635481
17.5675244278407 -0.0552260311045102
17.5729315408603 -0.0236781335366308
17.5783386538799 0.00789336690972241
17.5837457668995 0.0394569990762569
17.5891528799191 0.0709812996480156
17.5945599929387 0.102434844516608
17.5999671059583 0.133786280104469
17.6053742189779 0.165004354618805
17.6107813319975 0.196057949203979
17.6161884450171 0.226916108961587
17.6215955580367 0.257548073806888
17.6270026710563 0.287923309131174
17.6324097840759 0.318011536239241
17.6378168970955 0.34778276253198
17.6432240101151 0.37720731140357
17.6486311231347 0.406255851823797
17.6540382361543 0.434899427575797
17.6594453491739 0.463109486120347
17.6648524621935 0.490857907057589
17.6702595752131 0.518117030158068
17.6756666882327 0.544859682935075
17.6810738012523 0.571059207730696
17.6864809142719 0.596689488288853
17.6918880272915 0.621724975788488
17.6972951403111 0.646140714311215
17.7027022533307 0.669912365717857
17.7081093663503 0.69301623390933
17.7135164793698 0.715429288447366
17.7189235923894 0.737129187511785
17.724330705409 0.758094300171248
17.7297378184286 0.778303727945529
17.7351449314482 0.797737325637516
17.7405520444678 0.816375721414405
17.7459591574874 0.834200336117921
17.751366270507 0.851193401784495
17.7567733835266 0.867337979356713
17.7621804965462 0.882617975568543
17.7675876095658 0.897018158987467
17.7729947225854 0.910524175197463
17.778401835605 0.92312256110786
17.7838089486246 0.934800758373596
17.7892160616442 0.94554712591367
17.7946231746638 0.955350951515196
17.8000302876834 0.964202462511611
17.805437400703 0.972092835524256
17.8108445137226 0.979014205257717
17.8162516267422 0.984959672340111
17.8216587397618 0.989923310200557
17.8270658527814 0.993900170976887
17.832472965801 0.996886290447792
17.8378800788206 0.998878691984444
17.8432871918402 0.999875389517657
17.8486943048598 0.999875389517657
17.8541014178794 0.998878691984444
17.859508530899 0.996886290447793
17.8649156439186 0.993900170976887
17.8703227569382 0.989923310200557
17.8757298699578 0.984959672340112
17.8811369829774 0.979014205257712
17.886544095997 0.972092835524256
17.8919512090166 0.964202462511612
17.8973583220362 0.955350951515196
17.9027654350558 0.94554712591367
17.9081725480754 0.934800758373596
17.913579661095 0.92312256110786
17.9189867741146 0.910524175197463
17.9243938871342 0.897018158987467
17.9298010001538 0.882617975568543
17.9352081131734 0.867337979356713
17.940615226193 0.851193401784495
17.9460223392126 0.834200336117921
17.9514294522322 0.816375721414394
17.9568365652518 0.797737325637516
17.9622436782714 0.77830372794553
17.967650791291 0.758094300171248
17.9730579043106 0.737129187511785
17.9784650173302 0.715429288447367
17.9838721303497 0.69301623390933
17.9892792433693 0.669912365717857
17.9946863563889 0.646140714311215
18.0000934694085 0.621724975788489
18.0055005824281 0.596689488288853
18.0109076954477 0.571059207730696
18.0163148084673 0.544859682935076
18.0217219214869 0.518117030158069
18.0271290345065 0.490857907057589
18.0325361475261 0.463109486120348
18.0379432605457 0.434899427575797
18.0433503735653 0.406255851823798
18.0487574865849 0.37720731140357
18.0541645996045 0.347782762531981
18.0595717126241 0.31801153623924
18.0649788256437 0.287923309131173
18.0703859386633 0.257548073806888
18.0757930516829 0.226916108961587
18.0812001647025 0.19605794920398
18.0866072777221 0.165004354618805
18.0920143907417 0.13378628010447
18.0974215037613 0.102434844516608
18.1028286167809 0.0709812996480153
18.1082357298005 0.039456999076258
18.1136428428201 0.00789336690972266
18.1190499558397 -0.0236781335366301
18.1244570688593 -0.0552260311045101
18.1298641818789 -0.0867188781635478
18.1352712948985 -0.1181252819589
18.1406784079181 -0.149413935904269
18.1460855209377 -0.180553650788906
18.1514926339573 -0.211513385867818
18.1568997469769 -0.242262279803777
18.1623068599965 -0.272769681430613
18.1677139730161 -0.303005180306877
18.1731210860357 -0.332938637029761
18.1785281990553 -0.362540213278621
18.1839353120749 -0.391780401558485
18.1893424250945 -0.420630054613791
18.1947495381141 -0.449060414482921
18.2001566511337 -0.477043141164886
18.2055637641533 -0.504550340869171
18.2109708771729 -0.531554593820908
18.2163779901925 -0.558028981593443
18.2217851032121 -0.583947113941305
18.2271922162317 -0.609283155106512
18.2325993292513 -0.634011849572246
18.2380064422709 -0.658108547238041
18.2434135552905 -0.681549227991634
18.24882066831 -0.704310525652669
18.2542277813296 -0.726369751264633
18.2596348943492 -0.747704915711713
18.2650420073688 -0.768294751637972
18.2704491203884 -0.788118734647191
18.275856233408 -0.80715710376198
18.2812633464276 -0.825390881121981
18.2866704594472 -0.842801890901352
18.2920775724668 -0.859372777426911
18.2974846854864 -0.875087022478591
18.302891798506 -0.889928961755185
18.3082989115256 -0.903883800488826
18.3137060245452 -0.916937628192789
18.3191131375648 -0.929077432527729
18.3245202505844 -0.940291112272672
18.329927363604 -0.950567489387785
18.3353344766236 -0.959896320156858
18.3407415896432 -0.968268305398506
18.3461487026628 -0.975675099735772
18.3515558156824 -0.982109319914982
18.356962928702 -0.987564552165524
18.3623700417216 -0.992035358593258
18.3677771547412 -0.995517282601105
18.3731842677608 -0.998006853331494
18.3785913807804 -0.999501589126174
18.3839984938 -1
18.3993663900256 -0.999501589126174
18.4147342862513 -0.998006853331493
18.4301021824769 -0.995517282601106
18.4454700787025 -0.992035358593258
18.4608379749281 -0.987564552165524
18.4762058711538 -0.98210931991498
18.4915737673794 -0.975675099735774
18.506941663605 -0.968268305398507
18.5223095598307 -0.959896320156857
18.5376774560563 -0.950567489387782
18.5530453522819 -0.940291112272676
18.5684132485075 -0.929077432527732
18.5837811447332 -0.916937628192789
18.5991490409588 -0.903883800488825
18.6145169371844 -0.88992896175518
18.62988483341 -0.875087022478595
18.6452527296357 -0.859372777426911
18.6606206258613 -0.842801890901352
18.6759885220869 -0.825390881121975
18.6913564183126 -0.807157103761986
18.7067243145382 -0.788118734647191
18.7220922107638 -0.768294751637971
18.7374601069894 -0.747704915711707
18.7528280032151 -0.726369751264639
18.7681958994407 -0.704310525652674
18.7835637956663 -0.681549227991633
18.798931691892 -0.65810854723804
18.8142995881176 -0.634011849572238
18.8296674843432 -0.609283155106518
18.8450353805688 -0.583947113941305
18.8604032767945 -0.558028981593441
18.8757711730201 -0.531554593820899
18.8911390692457 -0.504550340869178
18.9065069654714 -0.477043141164887
18.921874861697 -0.44906041448292
18.9372427579226 -0.420630054613787
18.9526106541482 -0.391780401558493
18.9679785503739 -0.362540213278627
18.9833464465995 -0.33293863702976
18.9987143428251 -0.303005180306875
19.0140822390508 -0.272769681430601
19.0294501352764 -0.242262279803785
19.044818031502 -0.211513385867817
19.0601859277276 -0.180553650788903
19.0755538239533 -0.149413935904258
19.0909217201789 -0.118125281958908
19.1062896164045 -0.0867188781635472
19.1216575126302 -0.0552260311045079
19.1370254088558 -0.023678133536627
19.1523933050814 0.0078933669097142
19.167761201307 0.0394569990762505
19.1831290975327 0.0709812996480173
19.1984969937583 0.102434844516612
19.2138648899839 0.133786280104481
19.2292327862095 0.165004354618798
19.2446006824352 0.196057949203981
19.2599685786608 0.22691610896159
19.2753364748864 0.2575480738069
19.2907043711121 0.287923309131167
19.3060722673377 0.318011536239235
19.3214401635633 0.347782762531983
19.3368080597889 0.377207311403573
19.3521759560146 0.40625585182379
19.3675438522402 0.434899427575791
19.3829117484658 0.46310948612035
19.3982796446915 0.490857907057592
19.4136475409171 0.51811703015808
19.4290154371427 0.54485968293507
19.4443833333683 0.571059207730697
19.459751229594 0.596689488288856
19.4751191258196 0.621724975788493
19.4904870220452 0.64614071431121
19.5058549182709 0.669912365717853
19.5212228144965 0.693016233909332
19.5365907107221 0.71542928844737
19.5519586069477 0.73712918751178
19.5673265031734 0.758094300171244
19.582694399399 0.778303727945531
19.5980622956246 0.797737325637519
19.6134301918503 0.816375721414401
19.6287980880759 0.834200336117917
19.6441659843015 0.851193401784497
19.6595338805271 0.867337979356715
19.6749017767528 0.882617975568545
19.6902696729784 0.897018158987464
19.705637569204 0.910524175197461
19.7210054654296 0.923122561107861
19.7363733616553 0.934800758373598
19.7517412578809 0.945547125913668
19.7671091541065 0.955350951515194
19.7824770503322 0.964202462511612
19.7978449465578 0.972092835524257
19.8132128427834 0.979014205257714
19.828580739009 0.98495967234011
19.8439486352347 0.989923310200557
19.8593165314603 0.993900170976888
19.8746844276859 0.996886290447793
19.8900523239116 0.998878691984444
19.9054202201372 0.999875389517657
19.9207881163628 0.999875389517657
19.9361560125884 0.998878691984444
19.9515239088141 0.996886290447793
19.9668918050397 0.993900170976888
19.9822597012653 0.989923310200557
19.997627597491 0.984959672340111
20.0129954937166 0.979014205257715
20.0283633899422 0.972092835524257
20.0437312861678 0.964202462511612
20.0590991823935 0.955350951515194
20.0744670786191 0.945547125913668
20.0898349748447 0.934800758373598
20.1052028710704 0.923122561107861
20.120570767296 0.910524175197461
20.1359386635216 0.897018158987464
20.1513065597472 0.882617975568545
20.1666744559729 0.867337979356715
20.1820423521985 0.851193401784493
20.1974102484241 0.834200336117917
20.2127781446497 0.816375721414401
20.2281460408754 0.797737325637519
20.243513937101 0.778303727945532
20.2588818333266 0.758094300171244
20.2742497295523 0.73712918751178
20.2896176257779 0.71542928844737
20.3049855220035 0.693016233909333
20.3203534182291 0.669912365717853
20.3357213144548 0.64614071431121
20.3510892106804 0.621724975788493
20.366457106906 0.596689488288856
20.3818250031317 0.571059207730698
20.3971928993573 0.54485968293507
20.4125607955829 0.51811703015808
20.4279286918085 0.490857907057593
20.4432965880342 0.46310948612035
20.4586644842598 0.434899427575792
20.4740323804854 0.40625585182379
20.4894002767111 0.377207311403574
20.5047681729367 0.347782762531983
20.5201360691623 0.318011536239235
20.5355039653879 0.287923309131167
20.5508718616136 0.257548073806901
20.5662397578392 0.22691610896159
20.5816076540648 0.196057949203982
20.5969755502905 0.165004354618798
20.6123434465161 0.133786280104482
20.6277113427417 0.102434844516612
20.6430792389673 0.070981299648018
20.658447135193 0.0394569990762509
20.6738150314186 0.00789336690971467
20.6891829276442 -0.0236781335366265
20.7045508238698 -0.0552260311045075
20.7199187200955 -0.086718878163554
20.7352866163211 -0.118125281958908
20.7506545125467 -0.149413935904258
20.7660224087724 -0.180553650788903
20.781390304998 -0.211513385867816
20.7967582012236 -0.242262279803785
20.8121260974492 -0.272769681430601
20.8274939936749 -0.303005180306875
20.8428618899005 -0.332938637029759
20.8582297861261 -0.362540213278626
20.8735976823518 -0.391780401558492
20.8889655785774 -0.420630054613787
20.904333474803 -0.44906041448292
20.9197013710286 -0.477043141164893
20.9350692672543 -0.504550340869178
20.9504371634799 -0.531554593820899
20.9658050597055 -0.558028981593441
20.9811729559312 -0.583947113941304
20.9965408521568 -0.609283155106518
21.0119087483824 -0.634011849572238
21.027276644608 -0.658108547238039
21.0426445408337 -0.681549227991633
21.0580124370593 -0.704310525652674
21.0733803332849 -0.726369751264639
21.0887482295105 -0.747704915711706
21.1041161257362 -0.768294751637971
21.1194840219618 -0.788118734647195
21.1348519181874 -0.807157103761986
21.1502198144131 -0.825390881121975
21.1655877106387 -0.842801890901351
21.1809556068643 -0.859372777426911
21.1963235030899 -0.875087022478595
21.2116913993156 -0.889928961755179
21.2270592955412 -0.903883800488825
21.2424271917668 -0.916937628192789
21.2577950879925 -0.929077432527732
21.2731629842181 -0.940291112272675
21.2885308804437 -0.950567489387782
21.3038987766693 -0.959896320156857
21.319266672895 -0.968268305398506
21.3346345691206 -0.975675099735774
21.3500024653462 -0.98210931991498
21.3653703615719 -0.987564552165524
21.3807382577975 -0.992035358593258
21.3961061540231 -0.995517282601106
21.4114740502487 -0.998006853331493
21.4268419464744 -0.999501589126174
21.4422098427 -1
21.4501060589211 -0.999501589126174
21.4580022751422 -0.998006853331493
21.4658984913633 -0.995517282601106
21.4737947075844 -0.992035358593258
21.4816909238055 -0.987564552165524
21.4895871400266 -0.98210931991498
21.4974833562477 -0.975675099735773
21.5053795724688 -0.968268305398507
21.5132757886899 -0.959896320156856
21.5211720049111 -0.950567489387782
21.5290682211322 -0.940291112272675
21.5369644373533 -0.92907743252773
21.5448606535744 -0.916937628192788
21.5527568697955 -0.903883800488822
21.5606530860166 -0.889928961755179
21.5685493022377 -0.875087022478592
21.5764455184588 -0.85937277742691
21.5843417346799 -0.842801890901349
21.592237950901 -0.825390881121974
21.6001341671221 -0.807157103761983
21.6080303833432 -0.78811873464719
21.6159265995643 -0.768294751637968
21.6238228157854 -0.747704915711706
21.6317190320065 -0.726369751264636
21.6396152482276 -0.704310525652668
21.6475114644487 -0.68154922799163
21.6554076806698 -0.658108547238033
21.663303896891 -0.634011849572234
21.6712001131121 -0.609283155106512
21.6790963293332 -0.583947113941301
21.6869925455543 -0.558028981593435
21.6948887617754 -0.531554593820896
21.7027849779965 -0.504550340869184
21.7106811942176 -0.477043141164896
21.7185774104387 -0.449060414482926
21.7264736266598 -0.42063005461379
21.7343698428809 -0.391780401558499
21.742266059102 -0.36254021327863
21.7501622753231 -0.332938637029767
21.7580584915442 -0.303005180306878
21.7659547077653 -0.272769681430608
21.7738509239864 -0.242262279803788
21.7817471402075 -0.211513385867824
21.7896433564286 -0.180553650788907
21.7975395726497 -0.149413935904265
21.8054357888709 -0.118125281958912
21.813332005092 -0.0867188781635549
21.8212282213131 -0.0552260311045122
21.8291244375342 -0.0236781335366277
21.8370206537553 0.00789336690970976
21.8449168699764 0.0394569990762494
21.8528130861975 0.0709812996480129
21.8607093024186 0.10243484451661
21.8686055186397 0.133786280104476
21.8765017348608 0.165004354618797
21.8843979510819 0.196057949203976
21.892294167303 0.226916108961588
21.9001903835241 0.257548073806895
21.9080865997452 0.287923309131165
21.9159828159663 0.318011536239237
21.9238790321874 0.347782762531981
21.9317752484085 0.377207311403575
21.9396714646296 0.406255851823788
21.9475676808508 0.434899427575793
21.9554638970719 0.463109486120347
21.963360113293 0.490857907057594
21.9712563295141 0.518117030158078
21.9791525457352 0.54485968293507
21.9870487619563 0.571059207730695
21.9949449781774 0.596689488288857
22.0028411943985 0.621724975788496
22.0107374106196 0.646140714311211
22.0186336268407 0.669912365717856
22.0265298430618 0.693016233909333
22.0344260592829 0.715429288447373
22.042322275504 0.73712918751178
22.0502184917251 0.758094300171247
22.0581147079462 0.778303727945531
22.0660109241673 0.797737325637521
22.0739071403884 0.816375721414401
22.0818033566095 0.834200336117919
22.0896995728307 0.851193401784496
22.0975957890518 0.867337979356716
22.1054920052729 0.882617975568549
22.113388221494 0.897018158987465
22.1212844377151 0.910524175197464
22.1291806539362 0.923122561107862
22.1370768701573 0.9348007583736
22.1449730863784 0.945547125913669
22.1528693025995 0.955350951515196
22.1607655188206 0.964202462511613
22.1686617350417 0.972092835524258
22.1765579512628 0.979014205257716
22.1844541674839 0.984959672340112
22.192350383705 0.989923310200558
22.2002465999261 0.993900170976888
22.2081428161472 0.996886290447794
22.2160390323683 0.998878691984444
22.2239352485894 0.999875389517657
22.2318314648106 0.999875389517657
22.2397276810317 0.998878691984444
22.2476238972528 0.996886290447794
22.2555201134739 0.993900170976889
22.263416329695 0.989923310200558
22.2713125459161 0.984959672340112
22.2792087621372 0.979014205257716
22.2871049783583 0.972092835524258
22.2950011945794 0.964202462511613
22.3028974108005 0.955350951515196
22.3107936270216 0.945547125913669
22.3186898432427 0.9348007583736
22.3265860594638 0.923122561107863
22.3344822756849 0.910524175197464
22.342378491906 0.897018158987465
22.3502747081271 0.882617975568549
22.3581709243482 0.867337979356716
22.3660671405693 0.851193401784496
22.3739633567905 0.834200336117919
22.3818595730116 0.816375721414401
22.3897557892327 0.797737325637521
22.3976520054538 0.778303727945531
22.4055482216749 0.758094300171247
22.413444437896 0.73712918751178
22.4213406541171 0.715429288447373
22.4292368703382 0.693016233909333
22.4371330865593 0.669912365717856
22.4450293027804 0.646140714311211
22.4529255190015 0.621724975788496
22.4608217352226 0.596689488288856
22.4687179514437 0.571059207730696
22.4766141676648 0.54485968293507
22.4845103838859 0.518117030158078
22.492406600107 0.490857907057594
22.5003028163281 0.463109486120348
22.5081990325492 0.434899427575792
22.5160952487704 0.406255851823789
22.5239914649915 0.377207311403576
22.5318876812126 0.347782762531982
22.5397838974337 0.318011536239237
22.5476801136548 0.287923309131165
22.5555763298759 0.257548073806895
22.563472546097 0.226916108961589
22.5713687623181 0.196057949203976
22.5792649785392 0.165004354618797
22.5871611947603 0.133786280104477
22.5950574109814 0.10243484451661
22.6029536272025 0.0709812996480127
22.6108498434236 0.0394569990762501
22.6187460596447 0.00789336690971022
22.6266422758658 -0.0236781335366274
22.6345384920869 -0.0552260311045119
22.642434708308 -0.0867188781635549
22.6503309245291 -0.118125281958912
22.6582271407503 -0.149413935904265
22.6661233569714 -0.180553650788906
22.6740195731925 -0.211513385867824
22.6819157894136 -0.242262279803788
22.6898120056347 -0.272769681430608
22.6977082218558 -0.303005180306878
22.7056044380769 -0.332938637029766
22.713500654298 -0.36254021327863
22.7213968705191 -0.391780401558499
22.7292930867402 -0.420630054613789
22.7371893029613 -0.449060414482926
22.7450855191824 -0.477043141164883
22.7529817354035 -0.504550340869172
22.7608779516246 -0.531554593820895
22.7687741678457 -0.558028981593434
22.7766703840668 -0.5839471139413
22.7845666002879 -0.609283155106512
22.792462816509 -0.634011849572234
22.8003590327301 -0.658108547238033
22.8082552489513 -0.681549227991629
22.8161514651724 -0.704310525652669
22.8240476813935 -0.726369751264636
22.8319438976146 -0.747704915711706
22.8398401138357 -0.768294751637967
22.8477363300568 -0.78811873464719
22.8556325462779 -0.807157103761982
22.863528762499 -0.825390881121974
22.8714249787201 -0.842801890901349
22.8793211949412 -0.85937277742691
22.8872174111623 -0.875087022478592
22.8951136273834 -0.889928961755179
22.9030098436045 -0.903883800488822
22.9109060598256 -0.916937628192787
22.9188022760467 -0.929077432527729
22.9266984922678 -0.940291112272674
22.9345947084889 -0.950567489387782
22.9424909247101 -0.959896320156857
22.9503871409312 -0.968268305398507
22.9582833571523 -0.975675099735773
22.9661795733734 -0.98210931991498
22.9740757895945 -0.987564552165524
22.9819720058156 -0.992035358593258
22.9898682220367 -0.995517282601106
22.9977644382578 -0.998006853331493
23.0056606544789 -0.999501589126174
23.0135568707 -1
23.0335892482342 -0.999501589126174
23.0536216257683 -0.998006853331493
23.0736540033025 -0.995517282601106
23.0936863808367 -0.992035358593258
23.1137187583709 -0.987564552165524
23.133751135905 -0.98210931991498
23.1537835134392 -0.975675099735773
23.1738158909734 -0.968268305398508
23.1938482685075 -0.959896320156857
23.2138806460417 -0.950567489387783
23.2339130235759 -0.940291112272675
23.2539454011101 -0.92907743252773
23.2739777786442 -0.916937628192788
23.2940101561784 -0.903883800488824
23.3140425337126 -0.889928961755181
23.3340749112467 -0.875087022478594
23.3541072887809 -0.859372777426911
23.3741396663151 -0.842801890901349
23.3941720438492 -0.825390881121977
23.4142044213834 -0.807157103761986
23.4342367989176 -0.788118734647192
23.4542691764518 -0.76829475163797
23.4743015539859 -0.747704915711708
23.4943339315201 -0.726369751264641
23.5143663090543 -0.704310525652673
23.5343986865884 -0.681549227991634
23.5544310641226 -0.658108547238037
23.5744634416568 -0.634011849572237
23.594495819191 -0.609283155106519
23.6145281967251 -0.583947113941307
23.6345605742593 -0.558028981593441
23.6545929517935 -0.531554593820901
23.6746253293276 -0.504550340869176
23.6946577068618 -0.477043141164887
23.714690084396 -0.449060414482922
23.7347224619302 -0.420630054613785
23.7547548394643 -0.391780401558493
23.7747872169985 -0.362540213278623
23.7948195945327 -0.332938637029759
23.8148519720668 -0.303005180306875
23.834884349601 -0.272769681430604
23.8549167271352 -0.242262279803783
23.8749491046693 -0.211513385867818
23.8949814822035 -0.1805536507889
23.9150138597377 -0.149413935904263
23.9350462372719 -0.118125281958909
23.955078614806 -0.0867188781635512
23.9751109923402 -0.0552260311045073
23.9951433698744 -0.0236781335366221
24.0151757474085 0.00789336690971065
24.0352081249427 0.0394569990762511
24.0552405024769 0.0709812996480156
24.0752728800111 0.102434844516614
24.0953052575452 0.133786280104481
24.1153376350794 0.165004354618802
24.1353700126136 0.196057949203976
24.1554023901477 0.22691610896159
24.1754347676819 0.257548073806897
24.1954671452161 0.287923309131168
24.2154995227503 0.31801153623924
24.2355319002844 0.34778276253198
24.2555642778186 0.377207311403575
24.2755966553528 0.406255851823789
24.2956290328869 0.434899427575794
24.3156614104211 0.46310948612035
24.3356937879553 0.490857907057592
24.3557261654894 0.518117030158076
24.3757585430236 0.54485968293507
24.3957909205578 0.571059207730696
24.415823298092 0.596689488288858
24.4358556756261 0.621724975788493
24.4558880531603 0.646140714311209
24.4759204306945 0.669912365717855
24.4959528082286 0.693016233909332
24.5159851857628 0.715429288447373
24.536017563297 0.737129187511781
24.5560499408312 0.758094300171244
24.5760823183653 0.778303727945529
24.5961146958995 0.797737325637519
24.6161470734337 0.8163757214144
24.6361794509678 0.834200336117919
24.656211828502 0.851193401784494
24.6762442060362 0.867337979356714
24.6962765835704 0.882617975568547
24.7163089611045 0.897018158987464
24.7363413386387 0.910524175197463
24.7563737161729 0.92312256110786
24.776406093707 0.934800758373598
24.7964384712412 0.945547125913667
24.8164708487754 0.955350951515195
24.8365032263095 0.964202462511612
24.8565356038437 0.972092835524256
24.8765679813779 0.979014205257714
24.8966003589121 0.98495967234011
24.9166327364462 0.989923310200557
24.9366651139804 0.993900170976888
24.9566974915146 0.996886290447793
24.9767298690487 0.998878691984443
24.9967622465829 0.999875389517657
25.0167946241171 0.999875389517657
25.0368270016513 0.998878691984444
25.0568593791854 0.996886290447793
25.0768917567196 0.993900170976888
25.0969241342538 0.989923310200557
25.1169565117879 0.984959672340111
25.1369888893221 0.979014205257714
25.1570212668563 0.972092835524257
25.1770536443905 0.964202462511612
25.1970860219246 0.955350951515195
25.2171183994588 0.945547125913667
25.237150776993 0.934800758373598
25.2571831545271 0.92312256110786
25.2772155320613 0.910524175197463
25.2972479095955 0.897018158987464
25.3172802871296 0.882617975568547
25.3373126646638 0.867337979356714
25.357345042198 0.851193401784494
25.3773774197322 0.834200336117916
25.3974097972663 0.8163757214144
25.4174421748005 0.79773732563752
25.4374745523347 0.77830372794553
25.4575069298688 0.758094300171245
25.477539307403 0.737129187511781
25.4975716849372 0.715429288447373
25.5176040624714 0.693016233909332
25.5376364400055 0.669912365717855
25.5576688175397 0.646140714311209
25.5777011950739 0.621724975788494
25.597733572608 0.596689488288858
25.6177659501422 0.571059207730696
25.6377983276764 0.54485968293507
25.6578307052106 0.518117030158076
25.6778630827447 0.490857907057592
25.6978954602789 0.46310948612035
25.7179278378131 0.434899427575795
25.7379602153472 0.40625585182379
25.7579925928814 0.377207311403576
25.7780249704156 0.347782762531981
25.7980573479497 0.31801153623924
25.8180897254839 0.287923309131168
25.8381221030181 0.257548073806897
25.8581544805523 0.22691610896159
25.8781868580864 0.196057949203977
25.8982192356206 0.165004354618802
25.9182516131548 0.133786280104481
25.9382839906889 0.102434844516614
25.9583163682231 0.0709812996480153
25.9783487457573 0.0394569990762518
25.9983811232915 0.00789336690971111
26.0184135008256 -0.0236781335366212
26.0384458783598 -0.0552260311045066
26.058478255894 -0.0867188781635514
26.0785106334281 -0.118125281958909
26.0985430109623 -0.149413935904263
26.1185753884965 -0.180553650788899
26.1386077660307 -0.211513385867818
26.1586401435648 -0.242262279803783
26.178672521099 -0.272769681430603
26.1987048986332 -0.303005180306874
26.2187372761673 -0.332938637029764
26.2387696537015 -0.362540213278623
26.2588020312357 -0.391780401558493
26.2788344087698 -0.420630054613784
26.298866786304 -0.449060414482921
26.3188991638382 -0.477043141164886
26.3389315413724 -0.504550340869175
26.3589639189065 -0.531554593820901
26.3789962964407 -0.55802898159344
26.3990286739749 -0.583947113941307
26.419061051509 -0.609283155106519
26.4390934290432 -0.634011849572237
26.4591258065774 -0.658108547238037
26.4791581841116 -0.681549227991633
26.4991905616457 -0.704310525652672
26.5192229391799 -0.726369751264638
26.5392553167141 -0.747704915711707
26.5592876942482 -0.76829475163797
26.5793200717824 -0.788118734647192
26.5993524493166 -0.807157103761986
26.6193848268508 -0.825390881121977
26.6394172043849 -0.842801890901352
26.6594495819191 -0.859372777426911
26.6794819594533 -0.875087022478593
26.6995143369874 -0.889928961755181
26.7195467145216 -0.903883800488824
26.7395790920558 -0.91693762819279
26.7596114695899 -0.92907743252773
26.7796438471241 -0.940291112272675
26.7996762246583 -0.950567489387783
26.8197086021925 -0.959896320156858
26.8397409797266 -0.968268305398508
26.8597733572608 -0.975675099735773
26.879805734795 -0.98210931991498
26.8998381123291 -0.987564552165524
26.9198704898633 -0.992035358593258
26.9399028673975 -0.995517282601106
26.9599352449317 -0.998006853331493
26.9799676224658 -0.999501589126174
27 -1
