0 -1
0.00799858870301508 -0.999501589126174
0.0159971774060302 -0.998006853331493
0.0239957661090452 -0.995517282601106
0.0319943548120603 -0.992035358593258
0.0399929435150754 -0.987564552165524
0.0479915322180905 -0.98210931991498
0.0559901209211055 -0.975675099735774
0.0639887096241206 -0.968268305398507
0.0719872983271357 -0.959896320156857
0.0799858870301507 -0.950567489387783
0.0879844757331658 -0.940291112272676
0.0959830644361809 -0.929077432527731
0.103981653139196 -0.916937628192789
0.111980241842211 -0.903883800488824
0.119978830545226 -0.88992896175518
0.127977419248241 -0.875087022478594
0.135976007951256 -0.859372777426912
0.143974596654271 -0.842801890901351
0.151973185357286 -0.825390881121976
0.159971774060301 -0.807157103761985
0.167970362763317 -0.788118734647192
0.175968951466332 -0.768294751637971
0.183967540169347 -0.747704915711709
0.191966128872362 -0.726369751264639
0.199964717575377 -0.704310525652672
0.207963306278392 -0.681549227991634
0.215961894981407 -0.658108547238038
0.223960483684422 -0.634011849572239
0.231959072387437 -0.609283155106517
0.239957661090452 -0.583947113941306
0.247956249793467 -0.55802898159344
0.255954838496482 -0.531554593820901
0.263953427199497 -0.504550340869177
0.271952015902513 -0.47704314116489
0.279950604605528 -0.44906041448292
0.287949193308543 -0.420630054613784
0.295947782011558 -0.391780401558493
0.303946370714573 -0.362540213278625
0.311944959417588 -0.332938637029761
0.319943548120603 -0.303005180306873
0.327942136823618 -0.272769681430603
0.335940725526633 -0.242262279803783
0.343939314229648 -0.211513385867819
0.351937902932663 -0.180553650788902
0.359936491635678 -0.149413935904261
0.367935080338693 -0.118125281958908
0.375933669041709 -0.0867188781635507
0.383932257744724 -0.0552260311045082
0.391930846447739 -0.0236781335366241
0.399929435150754 0.00789336690971309
0.407928023853769 0.0394569990762527
0.415926612556784 0.0709812996480158
0.423925201259799 0.102434844516614
0.431923789962814 0.133786280104479
0.439922378665829 0.165004354618799
0.447920967368844 0.196057949203978
0.455919556071859 0.22691610896159
0.463918144774874 0.257548073806897
0.471916733477889 0.287923309131166
0.479915322180904 0.318011536239238
0.48791391088392 0.347782762531982
0.495912499586935 0.377207311403576
0.50391108828995 0.406255851823789
0.511909676992965 0.434899427575793
0.51990826569598 0.463109486120348
0.527906854398995 0.490857907057594
0.53590544310201 0.518117030158077
0.543904031805025 0.54485968293507
0.55190262050804 0.571059207730695
0.559901209211055 0.596689488288855
0.56789979791407 0.621724975788495
0.575898386617085 0.64614071431121
0.583896975320101 0.669912365717855
0.591895564023116 0.693016233909332
0.599894152726131 0.715429288447371
0.607892741429146 0.737129187511779
0.615891330132161 0.758094300171245
0.623889918835176 0.77830372794553
0.631888507538191 0.797737325637519
0.639887096241206 0.816375721414399
0.647885684944221 0.834200336117917
0.655884273647236 0.851193401784495
0.663882862350251 0.867337979356714
0.671881451053266 0.882617975568547
0.679880039756281 0.897018158987464
0.687878628459296 0.910524175197462
0.695877217162312 0.923122561107861
0.703875805865327 0.934800758373598
0.711874394568342 0.945547125913667
0.719872983271357 0.955350951515195
0.727871571974372 0.964202462511612
0.735870160677387 0.972092835524257
0.743868749380402 0.979014205257714
0.751867338083417 0.984959672340111
0.759865926786432 0.989923310200557
0.767864515489447 0.993900170976888
0.775863104192462 0.996886290447793
0.783861692895477 0.998878691984444
0.791860281598493 0.999875389517657
0.799858870301507 0.999875389517657
0.807857459004523 0.998878691984444
0.815856047707538 0.996886290447793
0.823854636410553 0.993900170976888
0.831853225113568 0.989923310200557
0.839851813816583 0.984959672340111
0.847850402519598 0.979014205257714
0.855848991222613 0.972092835524257
0.863847579925628 0.964202462511612
0.871846168628643 0.955350951515195
0.879844757331658 0.945547125913667
0.887843346034673 0.934800758373598
0.895841934737688 0.923122561107861
0.903840523440703 0.910524175197462
0.911839112143719 0.897018158987464
0.919837700846734 0.882617975568547
0.927836289549749 0.867337979356715
0.935834878252764 0.851193401784495
0.943833466955779 0.834200336117918
0.951832055658794 0.816375721414399
0.959830644361809 0.79773732563752
0.967829233064824 0.77830372794553
0.975827821767839 0.758094300171246
0.983826410470854 0.737129187511779
0.991824999173869 0.715429288447371
0.999823587876884 0.693016233909332
1.0078221765799 0.669912365717855
1.01582076528291 0.64614071431121
1.02381935398593 0.621724975788495
1.03181794268894 0.596689488288856
1.03981653139196 0.571059207730695
1.04781512009497 0.544859682935071
1.05581370879799 0.518117030158077
1.06381229750101 0.490857907057593
1.07181088620402 0.463109486120348
1.07980947490704 0.434899427575793
1.08780806361005 0.40625585182379
1.09580665231307 0.377207311403576
1.10380524101608 0.347782762531982
1.1118038297191 0.318011536239238
1.11980241842211 0.287923309131167
1.12780100712513 0.257548073806896
1.13579959582814 0.22691610896159
1.14379818453116 0.196057949203978
1.15179677323417 0.1650043546188
1.15979536193719 0.133786280104479
1.1677939506402 0.102434844516613
1.17579253934322 0.0709812996480162
1.18379112804623 0.0394569990762527
1.19178971674925 0.00789336690971289
1.19978830545226 -0.0236781335366239
1.20778689415528 -0.0552260311045075
1.21578548285829 -0.0867188781635505
1.22378407156131 -0.118125281958908
1.23178266026432 -0.14941393590426
1.23978124896734 -0.180553650788902
1.24777983767035 -0.211513385867818
1.25577842637337 -0.242262279803783
1.26377701507638 -0.272769681430602
1.2717756037794 -0.303005180306873
1.27977419248241 -0.33293863702976
1.28777278118543 -0.362540213278624
1.29577136988844 -0.391780401558493
1.30376995859146 -0.420630054613784
1.31176854729447 -0.449060414482921
1.31976713599749 -0.47704314116489
1.3277657247005 -0.504550340869176
1.33576431340352 -0.531554593820901
1.34376290210653 -0.558028981593439
1.35176149080955 -0.583947113941306
1.35976007951256 -0.609283155106517
1.36775866821558 -0.634011849572239
1.37575725691859 -0.658108547238037
1.38375584562161 -0.681549227991633
1.39175443432462 -0.704310525652672
1.39975302302764 -0.726369751264639
1.40775161173065 -0.747704915711709
1.41575020043367 -0.768294751637971
1.42374878913668 -0.788118734647193
1.4317473778397 -0.807157103761985
1.43974596654271 -0.825390881121976
1.44774455524573 -0.842801890901351
1.45574314394874 -0.859372777426912
1.46374173265176 -0.875087022478593
1.47174032135477 -0.88992896175518
1.47973891005779 -0.903883800488824
1.4877374987608 -0.916937628192789
1.49573608746382 -0.92907743252773
1.50373467616683 -0.940291112272676
1.51173326486985 -0.950567489387783
1.51973185357286 -0.959896320156857
1.52773044227588 -0.968268305398507
1.53572903097889 -0.975675099735774
1.54372761968191 -0.98210931991498
1.55172620838492 -0.987564552165524
1.55972479708794 -0.992035358593258
1.56772338579095 -0.995517282601106
1.57572197449397 -0.998006853331493
1.58372056319699 -0.999501589126174
1.5917191519 -1
1.60700797546281 -0.999501589126174
1.62229679902563 -0.998006853331493
1.63758562258844 -0.995517282601106
1.65287444615126 -0.992035358593258
1.66816326971407 -0.987564552165524
1.68345209327688 -0.98210931991498
1.6987409168397 -0.975675099735774
1.71402974040251 -0.968268305398507
1.72931856396533 -0.959896320156857
1.74460738752814 -0.950567489387783
1.75989621109095 -0.940291112272675
1.77518503465377 -0.929077432527731
1.79047385821658 -0.916937628192789
1.8057626817794 -0.903883800488824
1.82105150534221 -0.88992896175518
1.83634032890503 -0.875087022478594
1.85162915246784 -0.859372777426912
1.86691797603065 -0.842801890901351
1.88220679959347 -0.825390881121976
1.89749562315628 -0.807157103761985
1.9127844467191 -0.788118734647192
1.92807327028191 -0.768294751637971
1.94336209384472 -0.747704915711709
1.95865091740754 -0.726369751264639
1.97393974097035 -0.704310525652672
1.98922856453317 -0.681549227991634
2.00451738809598 -0.658108547238037
2.01980621165879 -0.634011849572239
2.03509503522161 -0.609283155106517
2.05038385878442 -0.583947113941306
2.06567268234724 -0.55802898159344
2.08096150591005 -0.531554593820902
2.09625032947286 -0.504550340869177
2.11153915303568 -0.47704314116489
2.12682797659849 -0.44906041448292
2.14211680016131 -0.420630054613784
2.15740562372412 -0.391780401558493
2.17269444728693 -0.362540213278625
2.18798327084975 -0.332938637029761
2.20327209441256 -0.303005180306873
2.21856091797538 -0.272769681430603
2.23384974153819 -0.242262279803783
2.249138565101 -0.211513385867819
2.26442738866382 -0.180553650788903
2.27971621222663 -0.149413935904261
2.29500503578945 -0.118125281958908
2.31029385935226 -0.0867188781635514
2.32558268291508 -0.0552260311045082
2.34087150647789 -0.0236781335366243
2.3561603300407 0.00789336690971287
2.37144915360352 0.0394569990762527
2.38673797716633 0.0709812996480156
2.40202680072915 0.102434844516614
2.41731562429196 0.133786280104479
2.43260444785477 0.1650043546188
2.44789327141759 0.196057949203978
2.4631820949804 0.22691610896159
2.47847091854322 0.257548073806896
2.49375974210603 0.287923309131167
2.50904856566884 0.318011536239238
2.52433738923166 0.347782762531983
2.53962621279447 0.377207311403576
2.55491503635729 0.406255851823789
2.5702038599201 0.434899427575793
2.58549268348291 0.463109486120348
2.60078150704573 0.490857907057594
2.61607033060854 0.518117030158078
2.63135915417136 0.54485968293507
2.64664797773417 0.571059207730694
2.66193680129699 0.596689488288856
2.6772256248598 0.621724975788495
2.69251444842261 0.64614071431121
2.70780327198543 0.669912365717855
2.72309209554824 0.693016233909331
2.73838091911106 0.715429288447371
2.75366974267387 0.737129187511779
2.76895856623668 0.758094300171245
2.7842473897995 0.77830372794553
2.79953621336231 0.797737325637519
2.81482503692513 0.816375721414399
2.83011386048794 0.834200336117917
2.84540268405075 0.851193401784495
2.86069150761357 0.867337979356715
2.87598033117638 0.882617975568547
2.8912691547392 0.897018158987464
2.90655797830201 0.910524175197463
2.92184680186482 0.923122561107861
2.93713562542764 0.934800758373598
2.95242444899045 0.945547125913667
2.96771327255327 0.955350951515195
2.98300209611608 0.964202462511612
2.99829091967889 0.972092835524257
3.01357974324171 0.979014205257714
3.02886856680452 0.984959672340111
3.04415739036734 0.989923310200557
3.05944621393015 0.993900170976888
3.07473503749296 0.996886290447793
3.09002386105578 0.998878691984444
3.10531268461859 0.999875389517657
3.12060150818141 0.999875389517657
3.13589033174422 0.998878691984444
3.15117915530704 0.996886290447793
3.16646797886985 0.993900170976888
3.18175680243266 0.989923310200557
3.19704562599548 0.984959672340111
3.21233444955829 0.979014205257715
3.22762327312111 0.972092835524257
3.24291209668392 0.964202462511612
3.25820092024673 0.955350951515195
3.27348974380955 0.945547125913667
3.28877856737236 0.934800758373598
3.30406739093518 0.923122561107861
3.31935621449799 0.910524175197462
3.3346450380608 0.897018158987463
3.34993386162362 0.882617975568547
3.36522268518643 0.867337979356715
3.38051150874925 0.851193401784495
3.39580033231206 0.834200336117918
3.41108915587487 0.816375721414399
3.42637797943769 0.79773732563752
3.4416668030005 0.77830372794553
3.45695562656332 0.758094300171246
3.47224445012613 0.737129187511779
3.48753327368894 0.715429288447372
3.50282209725176 0.693016233909332
3.51811092081457 0.669912365717855
3.53339974437739 0.646140714311211
3.5486885679402 0.621724975788495
3.56397739150302 0.596689488288856
3.57926621506583 0.571059207730694
3.59455503862864 0.54485968293507
3.60984386219146 0.518117030158077
3.62513268575427 0.490857907057594
3.64042150931709 0.463109486120348
3.6557103328799 0.434899427575793
3.67099915644271 0.406255851823789
3.68628798000553 0.377207311403576
3.70157680356834 0.347782762531982
3.71686562713116 0.318011536239238
3.73215445069397 0.287923309131166
3.74744327425678 0.257548073806897
3.7627320978196 0.22691610896159
3.77802092138241 0.196057949203978
3.79330974494523 0.1650043546188
3.80859856850804 0.133786280104479
3.82388739207085 0.102434844516614
3.83917621563367 0.0709812996480162
3.85446503919648 0.0394569990762536
3.8697538627593 0.00789336690971378
3.88504268632211 -0.0236781335366239
3.90033150988492 -0.0552260311045075
3.91562033344774 -0.0867188781635496
3.93090915701055 -0.118125281958908
3.94619798057337 -0.14941393590426
3.96148680413618 -0.180553650788903
3.97677562769899 -0.211513385867819
3.99206445126181 -0.242262279803783
4.00735327482462 -0.272769681430604
4.02264209838744 -0.303005180306872
4.03793092195025 -0.33293863702976
4.05321974551306 -0.362540213278624
4.06850856907588 -0.391780401558493
4.08379739263869 -0.420630054613784
4.09908621620151 -0.449060414482921
4.11437503976432 -0.47704314116489
4.12966386332714 -0.504550340869178
4.14495268688995 -0.531554593820901
4.16024151045276 -0.558028981593439
4.17553033401558 -0.583947113941306
4.19081915757839 -0.609283155106517
4.20610798114121 -0.63401184957224
4.22139680470402 -0.658108547238037
4.23668562826683 -0.681549227991633
4.25197445182965 -0.704310525652672
4.26726327539246 -0.726369751264639
4.28255209895528 -0.74770491571171
4.29784092251809 -0.768294751637972
4.3131297460809 -0.788118734647193
4.32841856964372 -0.807157103761986
4.34370739320653 -0.825390881121976
4.35899621676935 -0.842801890901351
4.37428504033216 -0.859372777426911
4.38957386389497 -0.875087022478593
4.40486268745779 -0.889928961755179
4.4201515110206 -0.903883800488823
4.43544033458342 -0.916937628192789
4.45072915814623 -0.929077432527731
4.46601798170905 -0.940291112272676
4.48130680527186 -0.950567489387783
4.49659562883467 -0.959896320156857
4.51188445239749 -0.968268305398507
4.5271732759603 -0.975675099735774
4.54246209952312 -0.98210931991498
4.55775092308593 -0.987564552165524
4.57303974664874 -0.992035358593258
4.58832857021156 -0.995517282601106
4.60361739377437 -0.998006853331493
4.61890621733719 -0.999501589126174
4.6341950409 -1
4.64115142891055 -0.999501589126174
4.64810781692111 -0.998006853331493
4.65506420493166 -0.995517282601106
4.66202059294221 -0.992035358593258
4.66897698095276 -0.987564552165523
4.67593336896332 -0.98210931991498
4.68288975697387 -0.975675099735773
4.68984614498442 -0.968268305398507
4.69680253299498 -0.959896320156856
4.70375892100553 -0.950567489387783
4.71071530901608 -0.940291112272675
4.71767169702663 -0.929077432527731
4.72462808503719 -0.916937628192788
4.73158447304774 -0.903883800488824
4.73854086105829 -0.889928961755179
4.74549724906884 -0.875087022478594
4.7524536370794 -0.859372777426911
4.75941002508995 -0.842801890901351
4.7663664131005 -0.825390881121975
4.77332280111106 -0.807157103761985
4.78027918912161 -0.788118734647191
4.78723557713216 -0.768294751637971
4.79419196514271 -0.747704915711708
4.80114835315327 -0.72636975126464
4.80810474116382 -0.704310525652671
4.81506112917437 -0.681549227991634
4.82201751718492 -0.658108547238036
4.82897390519548 -0.634011849572239
4.83593029320603 -0.609283155106515
4.84288668121658 -0.583947113941306
4.84984306922714 -0.558028981593439
4.85679945723769 -0.531554593820902
4.86375584524824 -0.504550340869176
4.87071223325879 -0.47704314116489
4.87766862126935 -0.449060414482919
4.8846250092799 -0.420630054613785
4.89158139729045 -0.391780401558492
4.898537785301 -0.362540213278625
4.90549417331156 -0.33293863702976
4.91245056132211 -0.303005180306873
4.91940694933266 -0.272769681430601
4.92636333734322 -0.242262279803784
4.93331972535377 -0.211513385867818
4.94027611336432 -0.180553650788903
4.94723250137487 -0.149413935904259
4.95418888938543 -0.118125281958908
4.96114527739598 -0.0867188781635492
4.96810166540653 -0.0552260311045086
4.97505805341709 -0.0236781335366225
4.98201444142764 0.00789336690971287
4.98897082943819 0.0394569990762543
4.99592721744874 0.0709812996480153
5.0028836054593 0.102434844516615
5.00983999346985 0.133786280104478
5.0167963814804 0.165004354618801
5.02375276949095 0.196057949203978
5.03070915750151 0.226916108961592
5.03766554551206 0.257548073806896
5.04462193352261 0.287923309131168
5.05157832153317 0.318011536239238
5.05853470954372 0.347782762531984
5.06549109755427 0.377207311403575
5.07244748556482 0.40625585182379
5.07940387357538 0.434899427575792
5.08636026158593 0.463109486120349
5.09331664959648 0.490857907057593
5.10027303760704 0.518117030158079
5.10722942561759 0.54485968293507
5.11418581362814 0.571059207730696
5.12114220163869 0.596689488288855
5.12809858964925 0.621724975788496
5.1350549776598 0.646140714311209
5.14201136567035 0.669912365717856
5.1489677536809 0.693016233909331
5.15592414169146 0.715429288447372
5.16288052970201 0.737129187511778
5.16983691771256 0.758094300171246
5.17679330572312 0.778303727945529
5.18374969373367 0.79773732563752
5.19070608174422 0.816375721414399
5.19766246975477 0.834200336117918
5.20461885776533 0.851193401784494
5.21157524577588 0.867337979356715
5.21853163378643 0.882617975568546
5.22548802179699 0.897018158987464
5.23244440980754 0.910524175197462
5.23940079781809 0.923122561107861
5.24635718582864 0.934800758373598
5.2533135738392 0.945547125913667
5.26026996184975 0.955350951515195
5.2672263498603 0.964202462511612
5.27418273787085 0.972092835524257
5.28113912588141 0.979014205257715
5.28809551389196 0.98495967234011
5.29505190190251 0.989923310200557
5.30200828991306 0.993900170976888
5.30896467792362 0.996886290447793
5.31592106593417 0.998878691984444
5.32287745394472 0.999875389517657
5.32983384195528 0.999875389517657
5.33679022996583 0.998878691984444
5.34374661797638 0.996886290447793
5.35070300598693 0.993900170976888
5.35765939399749 0.989923310200557
5.36461578200804 0.98495967234011
5.37157217001859 0.979014205257715
5.37852855802915 0.972092835524257
5.3854849460397 0.964202462511612
5.39244133405025 0.955350951515194
5.3993977220608 0.945547125913668
5.40635411007136 0.934800758373598
5.41331049808191 0.923122561107861
5.42026688609246 0.910524175197462
5.42722327410301 0.897018158987464
5.43417966211357 0.882617975568547
5.44113605012412 0.867337979356715
5.44809243813467 0.851193401784494
5.45504882614523 0.834200336117918
5.46200521415578 0.816375721414399
5.46896160216633 0.79773732563752
5.47591799017688 0.77830372794553
5.48287437818744 0.758094300171247
5.48983076619799 0.737129187511778
5.49678715420854 0.715429288447372
5.5037435422191 0.693016233909331
5.51069993022965 0.669912365717856
5.5176563182402 0.646140714311209
5.52461270625075 0.621724975788497
5.53156909426131 0.596689488288856
5.53852548227186 0.571059207730696
5.54548187028241 0.54485968293507
5.55243825829296 0.518117030158079
5.55939464630352 0.490857907057594
5.56635103431407 0.463109486120349
5.57330742232462 0.434899427575792
5.58026381033518 0.40625585182379
5.58722019834573 0.377207311403576
5.59417658635628 0.347782762531984
5.60113297436683 0.318011536239238
5.60808936237739 0.287923309131167
5.61504575038794 0.257548073806896
5.62200213839849 0.226916108961592
5.62895852640905 0.196057949203978
5.6359149144196 0.165004354618801
5.64287130243015 0.133786280104478
5.6498276904407 0.102434844516615
5.65678407845126 0.0709812996480162
5.66374046646181 0.0394569990762545
5.67069685447236 0.00789336690971289
5.67765324248291 -0.0236781335366221
5.68460963049347 -0.0552260311045084
5.69156601850402 -0.0867188781635487
5.69852240651457 -0.118125281958908
5.70547879452513 -0.149413935904263
5.71243518253568 -0.180553650788902
5.71939157054623 -0.211513385867817
5.72634795855678 -0.242262279803784
5.73330434656734 -0.272769681430605
5.74026073457789 -0.303005180306873
5.74721712258844 -0.332938637029759
5.75417351059899 -0.362540213278625
5.76112989860955 -0.391780401558495
5.7680862866201 -0.420630054613784
5.77504267463065 -0.449060414482918
5.78199906264121 -0.47704314116489
5.78895545065176 -0.504550340869176
5.79591183866231 -0.531554593820901
5.80286822667286 -0.558028981593439
5.80982461468342 -0.583947113941306
5.81678100269397 -0.609283155106519
5.82373739070452 -0.634011849572239
5.83069377871507 -0.658108547238036
5.83765016672563 -0.681549227991634
5.84460655473618 -0.704310525652674
5.85156294274673 -0.726369751264639
5.85851933075729 -0.747704915711708
5.86547571876784 -0.768294751637971
5.87243210677839 -0.788118734647194
5.87938849478894 -0.807157103761986
5.8863448827995 -0.825390881121975
5.89330127081005 -0.84280189090135
5.9002576588206 -0.859372777426913
5.90721404683116 -0.875087022478594
5.91417043484171 -0.889928961755179
5.92112682285226 -0.903883800488823
5.92808321086281 -0.916937628192789
5.93503959887337 -0.92907743252773
5.94199598688392 -0.940291112272675
5.94895237489447 -0.950567489387783
5.95590876290503 -0.959896320156858
5.96286515091558 -0.968268305398507
5.96982153892613 -0.975675099735773
5.97677792693668 -0.98210931991498
5.98373431494724 -0.987564552165524
5.99069070295779 -0.992035358593258
5.99764709096834 -0.995517282601106
6.00460347897889 -0.998006853331493
6.01155986698945 -0.999501589126174
6.018516255 -1
6.0376265390799 -0.999501589126174
6.0567368231598 -0.998006853331493
6.0758471072397 -0.995517282601106
6.0949573913196 -0.992035358593258
6.1140676753995 -0.987564552165524
6.1331779594794 -0.98210931991498
6.1522882435593 -0.975675099735774
6.1713985276392 -0.968268305398507
6.19050881171909 -0.959896320156857
6.20961909579899 -0.950567489387783
6.22872937987889 -0.940291112272676
6.24783966395879 -0.929077432527731
6.26694994803869 -0.916937628192789
6.28606023211859 -0.903883800488824
6.30517051619849 -0.88992896175518
6.32428080027839 -0.875087022478593
6.34339108435829 -0.859372777426912
6.36250136843819 -0.84280189090135
6.38161165251809 -0.825390881121976
6.40072193659799 -0.807157103761986
6.41983222067789 -0.788118734647193
6.43894250475779 -0.768294751637971
6.45805278883769 -0.747704915711709
6.47716307291759 -0.72636975126464
6.49627335699749 -0.704310525652672
6.51538364107739 -0.681549227991634
6.53449392515729 -0.658108547238038
6.55360420923719 -0.634011849572239
6.57271449331709 -0.609283155106517
6.59182477739698 -0.583947113941306
6.61093506147688 -0.55802898159344
6.63004534555678 -0.531554593820901
6.64915562963668 -0.504550340869178
6.66826591371658 -0.477043141164889
6.68737619779648 -0.449060414482921
6.70648648187638 -0.420630054613785
6.72559676595628 -0.391780401558493
6.74470705003618 -0.362540213278625
6.76381733411608 -0.332938637029761
6.78292761819598 -0.303005180306873
6.80203790227588 -0.272769681430603
6.82114818635578 -0.242262279803783
6.84025847043568 -0.211513385867819
6.85936875451558 -0.180553650788902
6.87847903859548 -0.14941393590426
6.89758932267538 -0.118125281958909
6.91669960675528 -0.0867188781635516
6.93580989083518 -0.0552260311045086
6.95492017491507 -0.0236781335366245
6.97403045899497 0.00789336690971287
6.99314074307487 0.0394569990762525
7.01225102715477 0.0709812996480158
7.03136131123467 0.102434844516613
7.05047159531457 0.133786280104479
7.06958187939447 0.1650043546188
7.08869216347437 0.196057949203978
7.10780244755427 0.22691610896159
7.12691273163417 0.257548073806897
7.14602301571407 0.287923309131166
7.16513329979397 0.318011536239239
7.18424358387387 0.347782762531982
7.20335386795377 0.377207311403575
7.22246415203367 0.406255851823789
7.24157443611357 0.434899427575793
7.26068472019347 0.463109486120348
7.27979500427337 0.490857907057594
7.29890528835327 0.518117030158077
7.31801557243317 0.54485968293507
7.33712585651307 0.571059207730695
7.35623614059296 0.596689488288855
7.37534642467286 0.621724975788495
7.39445670875276 0.646140714311209
7.41356699283266 0.669912365717856
7.43267727691256 0.693016233909331
7.45178756099246 0.715429288447371
7.47089784507236 0.737129187511779
7.49000812915226 0.758094300171245
7.50911841323216 0.77830372794553
7.52822869731206 0.797737325637519
7.54733898139196 0.816375721414399
7.56644926547186 0.834200336117917
7.58555954955176 0.851193401784495
7.60466983363166 0.867337979356715
7.62378011771156 0.882617975568547
7.64289040179146 0.897018158987464
7.66200068587136 0.910524175197463
7.68111096995126 0.923122561107861
7.70022125403116 0.934800758373599
7.71933153811105 0.945547125913667
7.73844182219095 0.955350951515195
7.75755210627085 0.964202462511612
7.77666239035075 0.972092835524257
7.79577267443065 0.979014205257714
7.81488295851055 0.984959672340111
7.83399324259045 0.989923310200557
7.85310352667035 0.993900170976888
7.87221381075025 0.996886290447793
7.89132409483015 0.998878691984444
7.91043437891005 0.999875389517657
7.92954466298995 0.999875389517657
7.94865494706985 0.998878691984444
7.96776523114975 0.996886290447793
7.98687551522965 0.993900170976888
8.00598579930955 0.989923310200557
8.02509608338945 0.984959672340111
8.04420636746935 0.979014205257715
8.06331665154925 0.972092835524257
8.08242693562915 0.964202462511612
8.10153721970904 0.955350951515195
8.12064750378894 0.945547125913667
8.13975778786884 0.934800758373599
8.15886807194874 0.923122561107861
8.17797835602864 0.910524175197463
8.19708864010854 0.897018158987463
8.21619892418844 0.882617975568547
8.23530920826834 0.867337979356716
8.25441949234824 0.851193401784495
8.27352977642814 0.834200336117917
8.29264006050804 0.816375721414399
8.31175034458794 0.79773732563752
8.33086062866784 0.77830372794553
8.34997091274774 0.758094300171245
8.36908119682764 0.737129187511779
8.38819148090754 0.715429288447372
8.40730176498744 0.693016233909332
8.42641204906734 0.669912365717856
8.44552233314724 0.646140714311209
8.46463261722714 0.621724975788495
8.48374290130704 0.596689488288855
8.50285318538693 0.571059207730695
8.52196346946683 0.544859682935072
8.54107375354673 0.518117030158078
8.56018403762663 0.490857907057592
8.57929432170653 0.463109486120348
8.59840460578643 0.434899427575794
8.61751488986633 0.406255851823789
8.63662517394623 0.377207311403577
8.65573545802613 0.347782762531982
8.67484574210603 0.318011536239239
8.69395602618593 0.287923309131166
8.71306631026583 0.257548073806897
8.73217659434573 0.22691610896159
8.75128687842563 0.196057949203979
8.77039716250553 0.165004354618798
8.78950744658543 0.133786280104479
8.80861773066533 0.102434844516615
8.82772801474523 0.0709812996480153
8.84683829882513 0.0394569990762509
8.86594858290503 0.00789336690971289
8.88505886698492 -0.0236781335366221
8.90416915106482 -0.0552260311045084
8.92327943514472 -0.0867188781635496
8.94238971922462 -0.118125281958908
8.96150000330452 -0.14941393590426
8.98061028738442 -0.180553650788903
8.99972057146432 -0.211513385867818
9.01883085554422 -0.242262279803782
9.03794113962412 -0.272769681430603
9.05705142370402 -0.303005180306873
9.07616170778392 -0.332938637029761
9.09527199186382 -0.362540213278623
9.11438227594372 -0.391780401558493
9.13349256002362 -0.420630054613786
9.15260284410352 -0.449060414482921
9.17171312818342 -0.477043141164889
9.19082341226332 -0.504550340869178
9.20993369634322 -0.531554593820901
9.22904398042312 -0.55802898159344
9.24815426450301 -0.583947113941305
9.26726454858292 -0.609283155106517
9.28637483266281 -0.634011849572238
9.30548511674271 -0.658108547238036
9.32459540082261 -0.681549227991634
9.34370568490251 -0.704310525652671
9.36281596898241 -0.726369751264639
9.38192625306231 -0.747704915711708
9.40103653714221 -0.768294751637971
9.42014682122211 -0.788118734647191
9.43925710530201 -0.807157103761986
9.45836738938191 -0.825390881121976
9.47747767346181 -0.842801890901351
9.49658795754171 -0.859372777426912
9.51569824162161 -0.875087022478594
9.53480852570151 -0.88992896175518
9.55391880978141 -0.903883800488824
9.57302909386131 -0.916937628192789
9.5921393779412 -0.92907743252773
9.61124966202111 -0.940291112272676
9.63035994610101 -0.950567489387783
9.6494702301809 -0.959896320156857
9.6685805142608 -0.968268305398507
9.6876907983407 -0.975675099735774
9.7068010824206 -0.98210931991498
9.7259113665005 -0.987564552165523
9.7450216505804 -0.992035358593258
9.7641319346603 -0.995517282601106
9.7832422187402 -0.998006853331493
9.8023525028201 -0.999501589126174
9.8214627869 -1
9.82916991934171 -0.999501589126174
9.83687705178342 -0.998006853331494
9.84458418422513 -0.995517282601106
9.85229131666683 -0.992035358593258
9.85999844910854 -0.987564552165523
9.86770558155025 -0.982109319914981
9.87541271399196 -0.975675099735773
9.88311984643367 -0.968268305398507
9.89082697887538 -0.959896320156858
9.89853411131709 -0.950567489387783
9.90624124375879 -0.940291112272675
9.9139483762005 -0.929077432527732
9.92165550864221 -0.916937628192789
9.92936264108392 -0.903883800488823
9.93706977352563 -0.889928961755179
9.94477690596734 -0.875087022478595
9.95248403840904 -0.859372777426912
9.96019117085075 -0.84280189090135
9.96789830329246 -0.825390881121978
9.97560543573417 -0.807157103761986
9.98331256817588 -0.788118734647192
9.99101970061759 -0.768294751637969
9.9987268330593 -0.74770491571171
10.006433965501 -0.726369751264639
10.0141410979427 -0.704310525652671
10.0218482303844 -0.681549227991636
10.0295553628261 -0.658108547238038
10.0372624952678 -0.634011849572238
10.0449696277095 -0.609283155106514
10.0526767601513 -0.583947113941308
10.060383892593 -0.55802898159344
10.0680910250347 -0.5315545938209
10.0757981574764 -0.50455034086918
10.0835052899181 -0.47704314116489
10.0912124223598 -0.449060414482919
10.0989195548015 -0.420630054613781
10.1066266872432 -0.391780401558495
10.1143338196849 -0.362540213278624
10.1220409521266 -0.332938637029759
10.1297480845683 -0.303005180306875
10.1374552170101 -0.272769681430604
10.1451623494518 -0.242262279803782
10.1528694818935 -0.211513385867822
10.1605766143352 -0.180553650788904
10.1682837467769 -0.14941393590426
10.1759908792186 -0.118125281958905
10.1836980116603 -0.0867188781635529
10.191405144102 -0.0552260311045084
10.1991122765437 -0.0236781335366221
10.2068194089854 0.0078933669097102
10.2145265414271 0.0394569990762518
10.2222336738688 0.0709812996480169
10.2299408063106 0.102434844516616
10.2376479387523 0.133786280104477
10.245355071194 0.1650043546188
10.2530622036357 0.19605794920398
10.2607693360774 0.226916108961587
10.2684764685191 0.257548073806896
10.2761836009608 0.287923309131168
10.2838907334025 0.318011536239235
10.2915978658442 0.347782762531981
10.2993049982859 0.377207311403577
10.3070121307276 0.406255851823791
10.3147192631693 0.434899427575791
10.3224263956111 0.463109486120347
10.3301335280528 0.490857907057595
10.3378406604945 0.518117030158074
10.3455477929362 0.544859682935069
10.3532549253779 0.571059207730696
10.3609620578196 0.596689488288858
10.3686691902613 0.621724975788493
10.376376322703 0.64614071431121
10.3840834551447 0.669912365717857
10.3917905875864 0.69301623390933
10.3994977200281 0.71542928844737
10.4072048524698 0.73712918751178
10.4149119849116 0.758094300171248
10.4226191173533 0.778303727945529
10.430326249795 0.797737325637519
10.4380333822367 0.8163757214144
10.4457405146784 0.834200336117916
10.4534476471201 0.851193401784494
10.4611547795618 0.867337979356715
10.4688619120035 0.882617975568548
10.4765690444452 0.897018158987463
10.4842761768869 0.910524175197462
10.4919833093286 0.923122561107862
10.4996904417704 0.934800758373597
10.5073975742121 0.945547125913667
10.5151047066538 0.955350951515195
10.5228118390955 0.964202462511611
10.5305189715372 0.972092835524257
10.5382261039789 0.979014205257715
10.5459332364206 0.984959672340111
10.5536403688623 0.989923310200557
10.561347501304 0.993900170976888
10.5690546337457 0.996886290447793
10.5767617661874 0.998878691984443
10.5844688986291 0.999875389517657
10.5921760310709 0.999875389517657
10.5998831635126 0.998878691984443
10.6075902959543 0.996886290447793
10.615297428396 0.993900170976888
10.6230045608377 0.989923310200557
10.6307116932794 0.984959672340111
10.6384188257211 0.979014205257715
10.6461259581628 0.972092835524257
10.6538330906045 0.964202462511613
10.6615402230462 0.955350951515195
10.6692473554879 0.945547125913667
10.6769544879296 0.934800758373598
10.6846616203714 0.923122561107862
10.6923687528131 0.910524175197462
10.7000758852548 0.897018158987463
10.7077830176965 0.882617975568549
10.7154901501382 0.867337979356715
10.7231972825799 0.851193401784494
10.7309044150216 0.834200336117916
10.7386115474633 0.816375721414401
10.746318679905 0.79773732563752
10.7540258123467 0.778303727945529
10.7617329447884 0.758094300171248
10.7694400772302 0.73712918751178
10.7771472096719 0.715429288447371
10.7848543421136 0.69301623390933
10.7925614745553 0.669912365717857
10.800268606997 0.64614071431121
10.8079757394387 0.621724975788493
10.8156828718804 0.596689488288859
10.8233900043221 0.571059207730696
10.8310971367638 0.54485968293507
10.8388042692055 0.518117030158075
10.8465114016472 0.490857907057595
10.8542185340889 0.463109486120348
10.8619256665307 0.434899427575791
10.8696327989724 0.406255851823791
10.8773399314141 0.377207311403576
10.8850470638558 0.347782762531981
10.8927541962975 0.318011536239235
10.9004613287392 0.287923309131168
10.9081684611809 0.257548073806896
10.9158755936226 0.226916108961588
10.9235827260643 0.196057949203981
10.931289858506 0.1650043546188
10.9389969909477 0.133786280104478
10.9467041233894 0.10243484451661
10.9544112558312 0.0709812996480171
10.9621183882729 0.0394569990762518
10.9698255207146 0.00789336690971022
10.9775326531563 -0.0236781335366212
10.985239785598 -0.0552260311045084
10.9929469180397 -0.0867188781635531
11.0006540504814 -0.118125281958904
11.0083611829231 -0.14941393590426
11.0160683153648 -0.180553650788904
11.0237754478065 -0.211513385867815
11.0314825802482 -0.242262279803781
11.03918971269 -0.272769681430603
11.0468968451317 -0.303005180306875
11.0546039775734 -0.332938637029759
11.0623111100151 -0.362540213278624
11.0700182424568 -0.391780401558495
11.0777253748985 -0.420630054613781
11.0854325073402 -0.449060414482918
11.0931396397819 -0.47704314116489
11.1008467722236 -0.50455034086918
11.1085539046653 -0.531554593820899
11.116261037107 -0.55802898159344
11.1239681695487 -0.583947113941307
11.1316753019905 -0.609283155106514
11.1393824344322 -0.634011849572238
11.1470895668739 -0.658108547238038
11.1547966993156 -0.681549227991636
11.1625038317573 -0.70431052565267
11.170210964199 -0.726369751264639
11.1779180966407 -0.74770491571171
11.1856252290824 -0.768294751637968
11.1933323615241 -0.788118734647192
11.2010394939658 -0.807157103761986
11.2087466264075 -0.825390881121978
11.2164537588492 -0.84280189090135
11.224160891291 -0.859372777426912
11.2318680237327 -0.875087022478595
11.2395751561744 -0.889928961755179
11.2472822886161 -0.903883800488823
11.2549894210578 -0.916937628192789
11.2626965534995 -0.929077432527732
11.2704036859412 -0.940291112272675
11.2781108183829 -0.950567489387783
11.2858179508246 -0.959896320156858
11.2935250832663 -0.968268305398507
11.301232215708 -0.975675099735773
11.3089393481497 -0.982109319914981
11.3166464805915 -0.987564552165523
11.3243536130332 -0.992035358593258
11.3320607454749 -0.995517282601106
11.3397678779166 -0.998006853331493
11.3474750103583 -0.999501589126174
11.3551821428 -1
11.3716292643508 -0.999501589126174
11.3880763859015 -0.998006853331493
11.4045235074523 -0.995517282601106
11.420970629003 -0.992035358593258
11.4374177505538 -0.987564552165524
11.4538648721045 -0.98210931991498
11.4703119936553 -0.975675099735774
11.486759115206 -0.968268305398507
11.5032062367568 -0.959896320156857
11.5196533583075 -0.950567489387783
11.5361004798583 -0.940291112272676
11.552547601409 -0.92907743252773
11.5689947229598 -0.916937628192789
11.5854418445106 -0.903883800488823
11.6018889660613 -0.889928961755181
11.6183360876121 -0.875087022478593
11.6347832091628 -0.859372777426912
11.6512303307136 -0.84280189090135
11.6676774522643 -0.825390881121977
11.6841245738151 -0.807157103761985
11.7005716953658 -0.788118734647193
11.7170188169166 -0.76829475163797
11.7334659384673 -0.747704915711709
11.7499130600181 -0.726369751264639
11.7663601815688 -0.704310525652673
11.7828073031196 -0.681549227991633
11.7992544246704 -0.658108547238038
11.8157015462211 -0.634011849572238
11.8321486677719 -0.609283155106517
11.8485957893226 -0.583947113941305
11.8650429108734 -0.558028981593441
11.8814900324241 -0.5315545938209
11.8979371539749 -0.504550340869178
11.9143842755256 -0.477043141164888
11.9308313970764 -0.44906041448292
11.9472785186271 -0.420630054613783
11.9637256401779 -0.391780401558493
11.9801727617286 -0.362540213278623
11.9966198832794 -0.332938637029761
12.0130670048302 -0.303005180306871
12.0295141263809 -0.272769681430603
12.0459612479317 -0.242262279803785
12.0624083694824 -0.211513385867819
12.0788554910332 -0.180553650788901
12.0953026125839 -0.149413935904261
12.1117497341347 -0.118125281958909
12.1281968556854 -0.0867188781635505
12.1446439772362 -0.0552260311045095
12.1610910987869 -0.0236781335366237
12.1775382203377 0.00789336690971198
12.1939853418884 0.0394569990762531
12.2104324634392 0.0709812996480147
12.22687958499 0.102434844516614
12.2433267065407 0.133786280104478
12.2597738280915 0.1650043546188
12.2762209496422 0.196057949203977
12.292668071193 0.226916108961591
12.3091151927437 0.257548073806896
12.3255623142945 0.287923309131167
12.3420094358452 0.318011536239237
12.358456557396 0.347782762531983
12.3749036789467 0.377207311403575
12.3913508004975 0.40625585182379
12.4077979220482 0.434899427575792
12.424245043599 0.463109486120348
12.4406921651497 0.490857907057593
12.4571392867005 0.518117030158078
12.4735864082513 0.54485968293507
12.490033529802 0.571059207730696
12.5064806513528 0.596689488288855
12.5229277729035 0.621724975788496
12.5393748944543 0.64614071431121
12.555822016005 0.669912365717856
12.5722691375558 0.693016233909331
12.5887162591065 0.715429288447372
12.6051633806573 0.737129187511779
12.621610502208 0.758094300171244
12.6380576237588 0.77830372794553
12.6545047453095 0.79773732563752
12.6709518668603 0.816375721414399
12.6873989884111 0.834200336117917
12.7038461099618 0.851193401784495
12.7202932315126 0.867337979356714
12.7367403530633 0.882617975568547
12.7531874746141 0.897018158987463
12.7696345961648 0.910524175197462
12.7860817177156 0.923122561107862
12.8025288392663 0.934800758373598
12.8189759608171 0.945547125913667
12.8354230823678 0.955350951515195
12.8518702039186 0.964202462511611
12.8683173254693 0.972092835524257
12.8847644470201 0.979014205257714
12.9012115685709 0.984959672340111
12.9176586901216 0.989923310200557
12.9341058116724 0.993900170976888
12.9505529332231 0.996886290447793
12.9670000547739 0.998878691984444
12.9834471763246 0.999875389517657
12.9998942978754 0.999875389517657
13.0163414194261 0.998878691984444
13.0327885409769 0.996886290447793
13.0492356625276 0.993900170976888
13.0656827840784 0.989923310200557
13.0821299056291 0.984959672340111
13.0985770271799 0.979014205257714
13.1150241487307 0.972092835524257
13.1314712702814 0.964202462511611
13.1479183918322 0.955350951515195
13.1643655133829 0.945547125913667
13.1808126349337 0.934800758373598
13.1972597564844 0.92312256110786
13.2137068780352 0.910524175197462
13.2301539995859 0.897018158987463
13.2466011211367 0.882617975568547
13.2630482426874 0.867337979356716
13.2794953642382 0.851193401784495
13.2959424857889 0.834200336117917
13.3123896073397 0.816375721414399
13.3288367288905 0.797737325637518
13.3452838504412 0.77830372794553
13.361730971992 0.758094300171244
13.3781780935427 0.737129187511779
13.3946252150935 0.715429288447373
13.4110723366442 0.693016233909332
13.427519458195 0.669912365717856
13.4439665797457 0.646140714311209
13.4604137012965 0.621724975788497
13.4768608228472 0.596689488288856
13.493307944398 0.571059207730694
13.5097550659487 0.54485968293507
13.5262021874995 0.518117030158079
13.5426493090503 0.490857907057593
13.559096430601 0.463109486120349
13.5755435521518 0.434899427575792
13.5919906737025 0.40625585182379
13.6084377952533 0.377207311403576
13.624884916804 0.347782762531983
13.6413320383548 0.318011536239237
13.6577791599055 0.287923309131167
13.6742262814563 0.257548073806896
13.690673403007 0.226916108961591
13.7071205245578 0.196057949203977
13.7235676461085 0.1650043546188
13.7400147676593 0.133786280104478
13.75646188921 0.102434844516614
13.7729090107608 0.070981299648018
13.7893561323116 0.0394569990762536
13.8058032538623 0.00789336690971289
13.8222503754131 -0.0236781335366239
13.8386974969638 -0.0552260311045093
13.8551446185146 -0.0867188781635505
13.8715917400653 -0.118125281958909
13.8880388616161 -0.14941393590426
13.9044859831668 -0.1805536507889
13.9209331047176 -0.211513385867818
13.9373802262683 -0.242262279803785
13.9538273478191 -0.272769681430603
13.9702744693698 -0.303005180306874
13.9867215909206 -0.332938637029761
14.0031687124714 -0.362540213278623
14.0196158340221 -0.391780401558493
14.0360629555729 -0.420630054613783
14.0525100771236 -0.44906041448292
14.0689571986744 -0.477043141164892
14.0854043202251 -0.504550340869178
14.1018514417759 -0.531554593820901
14.1182985633266 -0.55802898159344
14.1347456848774 -0.583947113941308
14.1511928064281 -0.609283155106517
14.1676399279789 -0.634011849572238
14.1840870495296 -0.658108547238037
14.2005341710804 -0.681549227991633
14.2169812926312 -0.704310525652672
14.2334284141819 -0.726369751264639
14.2498755357327 -0.747704915711709
14.2663226572834 -0.768294751637969
14.2827697788342 -0.788118734647193
14.2992169003849 -0.807157103761985
14.3156640219357 -0.825390881121977
14.3321111434864 -0.842801890901352
14.3485582650372 -0.859372777426912
14.3650053865879 -0.875087022478593
14.3814525081387 -0.889928961755181
14.3978996296894 -0.903883800488823
14.4143467512402 -0.916937628192789
14.430793872791 -0.92907743252773
14.4472409943417 -0.940291112272676
14.4636881158925 -0.950567489387782
14.4801352374432 -0.959896320156856
14.496582358994 -0.968268305398507
14.5130294805447 -0.975675099735774
14.5294766020955 -0.98210931991498
14.5459237236462 -0.987564552165523
14.562370845197 -0.992035358593258
14.5788179667477 -0.995517282601106
14.5952650882985 -0.998006853331493
14.6117122098492 -0.999501589126174
14.6281593314 -1
14.647851443496 -0.999501589126174
14.667543555592 -0.998006853331493
14.6872356676879 -0.995517282601106
14.7069277797839 -0.992035358593258
14.7266198918799 -0.987564552165524
14.7463120039759 -0.98210931991498
14.7660041160719 -0.975675099735774
14.7856962281678 -0.968268305398507
14.8053883402638 -0.959896320156857
14.8250804523598 -0.950567489387783
14.8447725644558 -0.940291112272675
14.8644646765518 -0.92907743252773
14.8841567886477 -0.916937628192789
14.9038489007437 -0.903883800488824
14.9235410128397 -0.889928961755181
14.9432331249357 -0.875087022478594
14.9629252370317 -0.859372777426911
14.9826173491276 -0.84280189090135
15.0023094612236 -0.825390881121976
15.0220015733196 -0.807157103761985
15.0416936854156 -0.788118734647193
15.0613857975116 -0.768294751637971
15.0810779096075 -0.74770491571171
15.1007700217035 -0.726369751264638
15.1204621337995 -0.704310525652671
15.1401542458955 -0.681549227991633
15.1598463579915 -0.658108547238037
15.1795384700874 -0.634011849572239
15.1992305821834 -0.609283155106517
15.2189226942794 -0.583947113941307
15.2386148063754 -0.558028981593439
15.2583069184714 -0.531554593820901
15.2779990305673 -0.504550340869177
15.2976911426633 -0.47704314116489
15.3173832547593 -0.44906041448292
15.3370753668553 -0.420630054613785
15.3567674789513 -0.391780401558494
15.3764595910472 -0.362540213278623
15.3961517031432 -0.33293863702976
15.4158438152392 -0.303005180306872
15.4355359273352 -0.272769681430603
15.4552280394312 -0.242262279803784
15.4749201515271 -0.21151338586782
15.4946122636231 -0.180553650788903
15.5143043757191 -0.14941393590426
15.5339964878151 -0.118125281958907
15.5536885999111 -0.0867188781635505
15.573380712007 -0.0552260311045082
15.593072824103 -0.0236781335366245
15.612764936199 0.00789336690971242
15.632457048295 0.0394569990762516
15.652149160391 0.0709812996480169
15.6718412724869 0.102434844516614
15.6915333845829 0.133786280104479
15.7112254966789 0.165004354618799
15.7309176087749 0.196057949203978
15.7506097208709 0.226916108961589
15.7703018329668 0.257548073806895
15.7899939450628 0.287923309131167
15.8096860571588 0.318011536239239
15.8293781692548 0.347782762531983
15.8490702813508 0.377207311403576
15.8687623934467 0.406255851823788
15.8884545055427 0.434899427575792
15.9081466176387 0.463109486120347
15.9278387297347 0.490857907057595
15.9475308418307 0.518117030158078
15.9672229539266 0.54485968293507
15.9869150660226 0.571059207730694
16.0066071781186 0.596689488288855
16.0262992902146 0.621724975788496
16.0459914023106 0.646140714311209
16.0656835144065 0.669912365717856
16.0853756265025 0.69301623390933
16.1050677385985 0.715429288447371
16.1247598506945 0.737129187511781
16.1444519627905 0.758094300171245
16.1641440748864 0.778303727945531
16.1838361869824 0.797737325637518
16.2035282990784 0.8163757214144
16.2232204111744 0.834200336117916
16.2429125232704 0.851193401784495
16.2626046353663 0.867337979356716
16.2822967474623 0.882617975568546
16.3019888595583 0.897018158987464
16.3216809716543 0.910524175197462
16.3413730837503 0.923122561107861
16.3610651958462 0.934800758373597
16.3807573079422 0.945547125913667
16.4004494200382 0.955350951515196
16.4201415321342 0.964202462511611
16.4398336442302 0.972092835524257
16.4595257563261 0.979014205257714
16.4792178684221 0.984959672340111
16.4989099805181 0.989923310200557
16.5186020926141 0.993900170976888
16.5382942047101 0.996886290447793
16.557986316806 0.998878691984444
16.577678428902 0.999875389517657
16.597370540998 0.999875389517657
16.617062653094 0.998878691984444
16.6367547651899 0.996886290447793
16.6564468772859 0.993900170976888
16.6761389893819 0.989923310200557
16.6958311014779 0.984959672340111
16.7155232135739 0.979014205257714
16.7352153256698 0.972092835524257
16.7549074377658 0.964202462511612
16.7745995498618 0.955350951515194
16.7942916619578 0.945547125913667
16.8139837740538 0.934800758373598
16.8336758861497 0.923122561107861
16.8533679982457 0.910524175197462
16.8730601103417 0.897018158987464
16.8927522224377 0.882617975568547
16.9124443345337 0.867337979356716
16.9321364466296 0.851193401784495
16.9518285587256 0.834200336117916
16.9715206708216 0.8163757214144
16.9912127829176 0.797737325637518
17.0109048950136 0.778303727945531
17.0305970071095 0.758094300171245
17.0502891192055 0.737129187511777
17.0699812313015 0.715429288447372
17.0896733433975 0.69301623390933
17.1093654554935 0.669912365717856
17.1290575675894 0.646140714311209
17.1487496796854 0.621724975788497
17.1684417917814 0.596689488288856
17.1881339038774 0.571059207730697
17.2078260159734 0.54485968293507
17.2275181280693 0.518117030158076
17.2472102401653 0.490857907057595
17.2669023522613 0.463109486120347
17.2865944643573 0.434899427575795
17.3062865764533 0.406255851823789
17.3259786885492 0.377207311403573
17.3456708006452 0.347782762531983
17.3653629127412 0.318011536239237
17.3850550248372 0.287923309131167
17.4047471369332 0.257548073806896
17.4244392490291 0.226916108961592
17.4441313611251 0.196057949203977
17.4638234732211 0.165004354618797
17.4835155853171 0.13378628010448
17.5032076974131 0.102434844516611
17.522899809509 0.0709812996480171
17.542591921605 0.0394569990762509
17.562284033701 0.00789336690971555
17.581976145797 -0.0236781335366239
17.601668257893 -0.055226031104511
17.6213603699889 -0.0867188781635505
17.6410524820849 -0.11812528195891
17.6607445941809 -0.14941393590426
17.6804367062769 -0.180553650788903
17.7001288183729 -0.211513385867817
17.7198209304688 -0.242262279803784
17.7395130425648 -0.2727696814306
17.7592051546608 -0.303005180306871
17.7788972667568 -0.332938637029763
17.7985893788528 -0.362540213278623
17.8182814909487 -0.391780401558494
17.8379736030447 -0.420630054613783
17.8576657151407 -0.449060414482921
17.8773578272367 -0.477043141164891
17.8970499393327 -0.504550340869177
17.9167420514286 -0.531554593820903
17.9364341635246 -0.558028981593439
17.9561262756206 -0.583947113941307
17.9758183877166 -0.609283155106515
17.9955104998126 -0.634011849572238
18.0152026119085 -0.658108547238035
18.0348947240045 -0.681549227991633
18.0545868361005 -0.704310525652674
18.0742789481965 -0.726369751264638
18.0939710602925 -0.747704915711709
18.1136631723884 -0.768294751637969
18.1333552844844 -0.788118734647193
18.1530473965804 -0.807157103761987
18.1727395086764 -0.825390881121976
18.1924316207724 -0.842801890901351
18.2121237328683 -0.859372777426911
18.2318158449643 -0.875087022478594
18.2515079570603 -0.889928961755179
18.2712000691563 -0.903883800488823
18.2908921812523 -0.91693762819279
18.3105842933482 -0.92907743252773
18.3302764054442 -0.940291112272676
18.3499685175402 -0.950567489387782
18.3696606296362 -0.959896320156857
18.3893527417322 -0.968268305398506
18.4090448538281 -0.975675099735774
18.4287369659241 -0.982109319914981
18.4484290780201 -0.987564552165524
18.4681211901161 -0.992035358593258
18.4878133022121 -0.995517282601106
18.507505414308 -0.998006853331493
18.527197526404 -0.999501589126174
18.5468896385 -1
18.5564128794925 -0.999501589126174
18.5659361204849 -0.998006853331493
18.5754593614774 -0.995517282601106
18.5849826024699 -0.992035358593258
18.5945058434623 -0.987564552165525
18.6040290844548 -0.98210931991498
18.6135523254472 -0.975675099735774
18.6230755664397 -0.968268305398508
18.6325988074322 -0.959896320156856
18.6421220484246 -0.950567489387783
18.6516452894171 -0.940291112272676
18.6611685304095 -0.929077432527733
18.670691771402 -0.916937628192788
18.6802150123945 -0.903883800488824
18.6897382533869 -0.889928961755182
18.6992614943794 -0.875087022478592
18.7087847353719 -0.859372777426912
18.7183079763643 -0.842801890901352
18.7278312173568 -0.825390881121973
18.7373544583492 -0.807157103761984
18.7468776993417 -0.788118734647193
18.7564009403342 -0.768294751637974
18.7659241813266 -0.747704915711707
18.7754474223191 -0.726369751264639
18.7849706633116 -0.704310525652675
18.794493904304 -0.68154922799163
18.8040171452965 -0.658108547238037
18.8135403862889 -0.63401184957224
18.8230636272814 -0.609283155106521
18.8325868682739 -0.583947113941304
18.8421101092663 -0.558028981593441
18.8516333502588 -0.531554593820905
18.8611565912513 -0.504550340869173
18.8706798322437 -0.477043141164889
18.8802030732362 -0.449060414482922
18.8897263142286 -0.420630054613779
18.8992495552211 -0.391780401558491
18.9087727962136 -0.362540213278625
18.918296037206 -0.332938637029765
18.9278192781985 -0.303005180306869
18.937342519191 -0.272769681430603
18.9468657601834 -0.242262279803786
18.9563890011759 -0.211513385867814
18.9659122421683 -0.1805536507889
18.9754354831608 -0.149413935904262
18.9849587241533 -0.118125281958913
18.9944819651457 -0.0867188781635474
19.0040052061382 -0.0552260311045079
19.0135284471307 -0.0236781335366274
19.0230516881231 0.0078933669097182
19.0325749291156 0.0394569990762543
19.042098170108 0.070981299648014
19.0516214111005 0.102434844516608
19.061144652093 0.133786280104482
19.0706678930854 0.165004354618799
19.0801911340779 0.196057949203974
19.0897143750704 0.226916108961595
19.0992376160628 0.257548073806898
19.1087608570553 0.287923309131164
19.1182840980477 0.318011536239233
19.1278073390402 0.347782762531985
19.1373305800327 0.377207311403575
19.1468538210251 0.406255851823785
19.1563770620176 0.434899427575797
19.1659003030101 0.463109486120348
19.1754235440025 0.490857907057591
19.184946784995 0.518117030158082
19.1944700259874 0.544859682935072
19.2039932669799 0.571059207730694
19.2135165079724 0.596689488288852
19.2230397489648 0.621724975788498
19.2325629899573 0.64614071431121
19.2420862309497 0.669912365717853
19.2516094719422 0.693016233909336
19.2611327129347 0.715429288447373
19.2706559539271 0.737129187511778
19.2801791949196 0.758094300171242
19.2897024359121 0.778303727945532
19.2992256769045 0.797737325637519
19.308748917897 0.816375721414397
19.3182721588894 0.83420033611792
19.3277953998819 0.851193401784495
19.3373186408744 0.867337979356713
19.3468418818668 0.88261797556855
19.3563651228593 0.897018158987465
19.3658883638518 0.910524175197462
19.3754116048442 0.923122561107859
19.3849348458367 0.9348007583736
19.3944580868291 0.945547125913667
19.4039813278216 0.955350951515194
19.4135045688141 0.964202462511613
19.4230278098065 0.972092835524258
19.432551050799 0.979014205257714
19.4420742917915 0.98495967234011
19.4515975327839 0.989923310200558
19.4611207737764 0.993900170976888
19.4706440147688 0.996886290447793
19.4801672557613 0.998878691984444
19.4896904967538 0.999875389517657
19.4992137377462 0.999875389517657
19.5087369787387 0.998878691984444
19.5182602197312 0.996886290447793
19.5277834607236 0.993900170976888
19.5373067017161 0.989923310200558
19.5468299427085 0.98495967234011
19.556353183701 0.979014205257714
19.5658764246935 0.972092835524258
19.5753996656859 0.964202462511613
19.5849229066784 0.955350951515194
19.5944461476709 0.945547125913668
19.6039693886633 0.9348007583736
19.6134926296558 0.923122561107859
19.6230158706482 0.910524175197462
19.6325391116407 0.897018158987465
19.6420623526332 0.882617975568544
19.6515855936256 0.867337979356714
19.6611088346181 0.851193401784495
19.6706320756106 0.83420033611792
19.680155316603 0.816375721414397
19.6896785575955 0.797737325637519
19.6992017985879 0.778303727945532
19.7087250395804 0.758094300171242
19.7182482805729 0.737129187511778
19.7277715215653 0.715429288447373
19.7372947625578 0.693016233909336
19.7468180035503 0.669912365717853
19.7563412445427 0.64614071431121
19.7658644855352 0.621724975788498
19.7753877265276 0.596689488288852
19.7849109675201 0.571059207730694
19.7944342085126 0.544859682935073
19.803957449505 0.518117030158072
19.8134806904975 0.490857907057591
19.8230039314899 0.463109486120348
19.8325271724824 0.434899427575796
19.8420504134749 0.406255851823785
19.8515736544673 0.377207311403575
19.8610968954598 0.347782762531985
19.8706201364523 0.318011536239244
19.8801433774447 0.287923309131164
19.8896666184372 0.257548073806897
19.8991898594296 0.226916108961595
19.9087131004221 0.196057949203975
19.9182363414146 0.165004354618799
19.927759582407 0.133786280104482
19.9372828233995 0.102434844516608
19.946806064392 0.0709812996480145
19.9563293053844 0.0394569990762545
19.9658525463769 0.00789336690971822
19.9753757873693 -0.0236781335366274
19.9848990283618 -0.0552260311045075
19.9944222693543 -0.0867188781635469
20.0039455103467 -0.118125281958912
20.0134687513392 -0.149413935904262
20.0229919923317 -0.180553650788899
20.0325152333241 -0.211513385867813
20.0420384743166 -0.242262279803786
20.051561715309 -0.272769681430602
20.0610849563015 -0.303005180306868
20.070608197294 -0.332938637029765
20.0801314382864 -0.362540213278625
20.0896546792789 -0.39178040155849
20.0991779202714 -0.420630054613789
20.1087011612638 -0.449060414482922
20.1182244022563 -0.477043141164888
20.1277476432487 -0.504550340869173
20.1372708842412 -0.531554593820904
20.1467941252337 -0.55802898159344
20.1563173662261 -0.583947113941303
20.1658406072186 -0.609283155106512
20.1753638482111 -0.63401184957224
20.1848870892035 -0.658108547238036
20.194410330196 -0.68154922799163
20.2039335711884 -0.704310525652674
20.2134568121809 -0.726369751264639
20.2229800531734 -0.747704915711707
20.2325032941658 -0.768294751637973
20.2420265351583 -0.788118734647193
20.2515497761508 -0.807157103761984
20.2610730171432 -0.82539088112198
20.2705962581357 -0.842801890901352
20.2801194991281 -0.859372777426912
20.2896427401206 -0.875087022478592
20.2991659811131 -0.889928961755182
20.3086892221055 -0.903883800488824
20.318212463098 -0.916937628192788
20.3277357040905 -0.929077432527728
20.3372589450829 -0.940291112272677
20.3467821860754 -0.950567489387782
20.3563054270678 -0.959896320156856
20.3658286680603 -0.968268305398508
20.3753519090528 -0.975675099735774
20.3848751500452 -0.98210931991498
20.3943983910377 -0.987564552165525
20.4039216320302 -0.992035358593258
20.4134448730226 -0.995517282601106
20.4229681140151 -0.998006853331493
20.4324913550075 -0.999501589126174
20.442014596 -1
20.459711753102 -0.999501589126174
20.477408910204 -0.998006853331493
20.495106067306 -0.995517282601106
20.512803224408 -0.992035358593258
20.5305003815101 -0.987564552165523
20.5481975386121 -0.98210931991498
20.5658946957141 -0.975675099735773
20.5835918528161 -0.968268305398507
20.6012890099181 -0.959896320156857
20.6189861670201 -0.950567489387783
20.6366833241221 -0.940291112272676
20.6543804812241 -0.929077432527731
20.6720776383261 -0.91693762819279
20.6897747954281 -0.903883800488825
20.7074719525301 -0.889928961755182
20.7251691096322 -0.875087022478592
20.7428662667342 -0.859372777426911
20.7605634238362 -0.84280189090135
20.7782605809382 -0.825390881121976
20.7959577380402 -0.807157103761985
20.8136548951422 -0.788118734647193
20.8313520522442 -0.768294751637972
20.8490492093462 -0.74770491571171
20.8667463664482 -0.726369751264641
20.8844435235503 -0.70431052565267
20.9021406806523 -0.681549227991632
20.9198378377543 -0.658108547238036
20.9375349948563 -0.634011849572238
20.9552321519583 -0.609283155106516
20.9729293090603 -0.583947113941306
20.9906264661623 -0.558028981593441
21.0083236232643 -0.531554593820903
21.0260207803663 -0.504550340869179
21.0437179374683 -0.477043141164892
21.0614150945703 -0.449060414482923
21.0791122516724 -0.420630054613782
21.0968094087744 -0.391780401558491
21.1145065658764 -0.362540213278624
21.1322037229784 -0.332938637029761
21.1499008800804 -0.303005180306873
21.1675980371824 -0.272769681430604
21.1852951942844 -0.242262279803785
21.2029923513864 -0.211513385867821
21.2206895084884 -0.180553650788905
21.2383866655905 -0.149413935904258
21.2560838226925 -0.118125281958906
21.2737809797945 -0.0867188781635492
21.2914781368965 -0.0552260311045073
21.3091752939985 -0.0236781335366234
21.3268724511005 0.00789336690971309
21.3445696082025 0.0394569990762518
21.3622667653045 0.0709812996480144
21.3799639224065 0.102434844516611
21.3976610795085 0.133786280104476
21.4153582366106 0.165004354618802
21.4330553937126 0.19605794920398
21.4507525508146 0.226916108961592
21.4684497079166 0.257548073806898
21.4861468650186 0.287923309131167
21.5038440221206 0.318011536239238
21.5215411792226 0.347782762531981
21.5392383363246 0.377207311403575
21.5569354934266 0.406255851823787
21.5746326505286 0.434899427575791
21.5923298076307 0.46310948612035
21.6100269647327 0.490857907057596
21.6277241218347 0.518117030158079
21.6454212789367 0.544859682935071
21.6631184360387 0.571059207730695
21.6808155931407 0.596689488288856
21.6985127502427 0.621724975788494
21.7162099073447 0.646140714311209
21.7339070644467 0.669912365717854
21.7516042215487 0.69301623390933
21.7693013786508 0.715429288447369
21.7869985357528 0.73712918751178
21.8046956928548 0.758094300171246
21.8223928499568 0.778303727945531
21.8400900070588 0.79773732563752
21.8577871641608 0.816375721414399
21.8754843212628 0.834200336117917
21.8931814783648 0.851193401784494
21.9108786354668 0.867337979356713
21.9285757925688 0.882617975568545
21.9462729496709 0.897018158987465
21.9639701067729 0.910524175197463
21.9816672638749 0.923122561107861
21.9993644209769 0.934800758373599
22.0170615780789 0.945547125913667
22.0347587351809 0.955350951515195
22.0524558922829 0.964202462511611
22.0701530493849 0.972092835524257
22.0878502064869 0.979014205257714
22.1055473635889 0.98495967234011
22.123244520691 0.989923310200558
22.140941677793 0.993900170976888
22.158638834895 0.996886290447793
22.176335991997 0.998878691984444
22.194033149099 0.999875389517657
22.211730306201 0.999875389517657
22.229427463303 0.998878691984444
22.247124620405 0.996886290447793
22.264821777507 0.993900170976888
22.282518934609 0.989923310200558
22.3002160917111 0.98495967234011
22.3179132488131 0.979014205257714
22.3356104059151 0.972092835524257
22.3533075630171 0.964202462511612
22.3710047201191 0.955350951515195
22.3887018772211 0.945547125913667
22.4063990343231 0.934800758373599
22.4240961914251 0.923122561107861
22.4417933485271 0.910524175197463
22.4594905056291 0.897018158987462
22.4771876627312 0.882617975568546
22.4948848198332 0.867337979356714
22.5125819769352 0.851193401784494
22.5302791340372 0.834200336117917
22.5479762911392 0.816375721414399
22.5656734482412 0.79773732563752
22.5833706053432 0.778303727945531
22.6010677624452 0.758094300171247
22.6187649195472 0.737129187511781
22.6364620766492 0.715429288447373
22.6541592337513 0.69301623390933
22.6718563908533 0.669912365717854
22.6895535479553 0.646140714311209
22.7072507050573 0.621724975788495
22.7249478621593 0.596689488288856
22.7426450192613 0.571059207730695
22.7603421763633 0.544859682935072
22.7780393334653 0.518117030158079
22.7957364905673 0.490857907057596
22.8134336476693 0.463109486120345
22.8311308047714 0.434899427575791
22.8488279618734 0.406255851823787
22.8665251189754 0.377207311403575
22.8842222760774 0.347782762531982
22.9019194331794 0.318011536239238
22.9196165902814 0.287923309131167
22.9373137473834 0.257548073806898
22.9550109044854 0.226916108961592
22.9727080615874 0.196057949203981
22.9904052186894 0.165004354618802
23.0081023757915 0.133786280104477
23.0257995328935 0.102434844516611
23.0434966899955 0.0709812996480145
23.0611938470975 0.0394569990762518
23.0788910041995 0.00789336690971378
23.0965881613015 -0.023678133536623
23.1142853184035 -0.0552260311045066
23.1319824755055 -0.0867188781635487
23.1496796326075 -0.118125281958906
23.1673767897096 -0.149413935904264
23.1850739468116 -0.180553650788899
23.2027711039136 -0.211513385867821
23.2204682610156 -0.242262279803785
23.2381654181176 -0.272769681430604
23.2558625752196 -0.303005180306873
23.2735597323216 -0.33293863702976
23.2912568894236 -0.362540213278623
23.3089540465256 -0.391780401558491
23.3266512036276 -0.420630054613782
23.3443483607296 -0.449060414482917
23.3620455178317 -0.477043141164892
23.3797426749337 -0.504550340869179
23.3974398320357 -0.531554593820902
23.4151369891377 -0.55802898159344
23.4328341462397 -0.583947113941306
23.4505313033417 -0.609283155106516
23.4682284604437 -0.634011849572238
23.4859256175457 -0.658108547238035
23.5036227746477 -0.681549227991632
23.5213199317498 -0.704310525652674
23.5390170888518 -0.726369751264641
23.5567142459538 -0.74770491571171
23.5744114030558 -0.768294751637972
23.5921085601578 -0.788118734647193
23.6098057172598 -0.807157103761985
23.6275028743618 -0.825390881121976
23.6452000314638 -0.84280189090135
23.6628971885658 -0.859372777426911
23.6805943456678 -0.875087022478592
23.6982915027698 -0.889928961755179
23.7159886598719 -0.903883800488824
23.7336858169739 -0.916937628192789
23.7513829740759 -0.929077432527731
23.7690801311779 -0.940291112272676
23.7867772882799 -0.950567489387783
23.8044744453819 -0.959896320156857
23.8221716024839 -0.968268305398507
23.8398687595859 -0.975675099735773
23.8575659166879 -0.98210931991498
23.87526307379 -0.987564552165524
23.892960230892 -0.992035358593258
23.910657387994 -0.995517282601106
23.928354545096 -0.998006853331493
23.946051702198 -0.999501589126174
23.9637488593 -1
23.9790064027206 -0.999501589126174
23.9942639461412 -0.998006853331493
24.0095214895618 -0.995517282601106
24.0247790329824 -0.992035358593258
24.040036576403 -0.987564552165524
24.0552941198236 -0.982109319914981
24.0705516632442 -0.975675099735774
24.0858092066648 -0.968268305398508
24.1010667500854 -0.959896320156856
24.116324293506 -0.950567489387782
24.1315818369266 -0.940291112272675
24.1468393803472 -0.92907743252773
24.1620969237678 -0.916937628192788
24.1773544671884 -0.903883800488823
24.192612010609 -0.88992896175518
24.2078695540296 -0.875087022478593
24.2231270974503 -0.859372777426912
24.2383846408709 -0.842801890901351
24.2536421842915 -0.825390881121976
24.2688997277121 -0.807157103761986
24.2841572711327 -0.788118734647193
24.2994148145533 -0.768294751637972
24.3146723579739 -0.74770491571171
24.3299299013945 -0.726369751264641
24.3451874448151 -0.704310525652674
24.3604449882357 -0.681549227991636
24.3757025316563 -0.65810854723804
24.3909600750769 -0.634011849572236
24.4062176184975 -0.609283155106514
24.4214751619181 -0.583947113941304
24.4367327053387 -0.558028981593439
24.4519902487593 -0.5315545938209
24.4672477921799 -0.504550340869176
24.4825053356005 -0.477043141164889
24.4977628790211 -0.44906041448292
24.5130204224417 -0.420630054613784
24.5282779658623 -0.391780401558494
24.5435355092829 -0.362540213278625
24.5587930527035 -0.332938637029762
24.5740505961241 -0.303005180306874
24.5893081395447 -0.272769681430605
24.6045656829653 -0.242262279803786
24.6198232263859 -0.211513385867822
24.6350807698065 -0.180553650788906
24.6503383132271 -0.149413935904257
24.6655958566477 -0.118125281958905
24.6808534000683 -0.0867188781635481
24.6961109434889 -0.0552260311045055
24.7113684869095 -0.0236781335366221
24.7266260303302 0.00789336690971486
24.7418835737508 0.0394569990762543
24.7571411171714 0.0709812996480167
24.772398660592 0.102434844516614
24.7876562040126 0.133786280104479
24.8029137474332 0.165004354618799
24.8181712908538 0.196057949203977
24.8334288342744 0.226916108961589
24.848686377695 0.257548073806895
24.8639439211156 0.287923309131164
24.8792014645362 0.318011536239236
24.8944590079568 0.34778276253198
24.9097165513774 0.377207311403573
24.924974094798 0.406255851823786
24.9402316382186 0.434899427575796
24.9554891816392 0.46310948612035
24.9707467250598 0.490857907057596
24.9860042684804 0.518117030158079
25.001261811901 0.544859682935072
25.0165193553216 0.571059207730696
25.0317768987422 0.596689488288857
25.0470344421628 0.621724975788495
25.0622919855834 0.64614071431121
25.077549529004 0.669912365717855
25.0928070724246 0.693016233909331
25.1080646158452 0.71542928844737
25.1233221592658 0.737129187511778
25.1385797026864 0.758094300171244
25.153837246107 0.778303727945528
25.1690947895276 0.797737325637518
25.1843523329482 0.816375721414397
25.1996098763688 0.834200336117915
25.2148674197894 0.851193401784496
25.2301249632101 0.867337979356716
25.2453825066307 0.882617975568548
25.2606400500513 0.897018158987465
25.2758975934719 0.910524175197463
25.2911551368925 0.923122561107861
25.3064126803131 0.934800758373599
25.3216702237337 0.945547125913667
25.3369277671543 0.955350951515195
25.3521853105749 0.964202462511612
25.3674428539955 0.972092835524257
25.3827003974161 0.979014205257714
25.3979579408367 0.98495967234011
25.4132154842573 0.989923310200557
25.4284730276779 0.993900170976888
25.4437305710985 0.996886290447793
25.4589881145191 0.998878691984443
25.4742456579397 0.999875389517657
25.4895032013603 0.999875389517657
25.5047607447809 0.998878691984443
25.5200182882015 0.996886290447793
25.5352758316221 0.993900170976888
25.5505333750427 0.989923310200557
25.5657909184633 0.98495967234011
25.5810484618839 0.979014205257714
25.5963060053045 0.972092835524257
25.6115635487251 0.964202462511612
25.6268210921457 0.955350951515195
25.6420786355663 0.945547125913667
25.6573361789869 0.934800758373599
25.6725937224075 0.923122561107861
25.6878512658281 0.910524175197463
25.7031088092487 0.897018158987465
25.7183663526693 0.882617975568548
25.7336238960899 0.867337979356716
25.7488814395106 0.851193401784496
25.7641389829312 0.834200336117916
25.7793965263518 0.816375721414397
25.7946540697724 0.797737325637518
25.809911613193 0.778303727945528
25.8251691566136 0.758094300171244
25.8404267000342 0.737129187511778
25.8556842434548 0.715429288447371
25.8709417868754 0.693016233909332
25.886199330296 0.669912365717855
25.9014568737166 0.64614071431121
25.9167144171372 0.621724975788495
25.9319719605578 0.596689488288857
25.9472295039784 0.571059207730696
25.962487047399 0.544859682935072
25.9777445908196 0.518117030158079
25.9930021342402 0.490857907057596
26.0082596776608 0.463109486120351
26.0235172210814 0.434899427575796
26.038774764502 0.406255851823793
26.0540323079226 0.37720731140358
26.0692898513432 0.34778276253198
26.0845473947638 0.318011536239236
26.0998049381844 0.287923309131165
26.115062481605 0.257548073806896
26.1303200250256 0.22691610896159
26.1455775684462 0.196057949203977
26.1608351118668 0.165004354618799
26.1760926552874 0.133786280104479
26.191350198708 0.102434844516614
26.2066077421286 0.0709812996480171
26.2218652855492 0.0394569990762545
26.2371228289698 0.00789336690971467
26.2523803723905 -0.0236781335366212
26.2676379158111 -0.0552260311045057
26.2828954592317 -0.0867188781635478
26.2981530026523 -0.118125281958912
26.3134105460729 -0.149413935904264
26.3286680894935 -0.180553650788906
26.3439256329141 -0.211513385867822
26.3591831763347 -0.242262279803786
26.3744407197553 -0.272769681430605
26.3896982631759 -0.303005180306874
26.4049558065965 -0.332938637029762
26.4202133500171 -0.362540213278626
26.4354708934377 -0.391780401558493
26.4507284368583 -0.420630054613784
26.4659859802789 -0.44906041448292
26.4812435236995 -0.477043141164889
26.4965010671201 -0.504550340869176
26.5117586105407 -0.5315545938209
26.5270161539613 -0.558028981593439
26.5422736973819 -0.583947113941304
26.5575312408025 -0.609283155106514
26.5727887842231 -0.634011849572236
26.5880463276437 -0.658108547238035
26.6033038710643 -0.681549227991631
26.6185614144849 -0.704310525652674
26.6338189579055 -0.726369751264641
26.6490765013261 -0.74770491571171
26.6643340447467 -0.768294751637971
26.6795915881673 -0.788118734647193
26.6948491315879 -0.807157103761986
26.7101066750085 -0.825390881121977
26.7253642184291 -0.84280189090135
26.7406217618497 -0.859372777426911
26.7558793052704 -0.875087022478593
26.771136848691 -0.889928961755179
26.7863943921116 -0.903883800488823
26.8016519355322 -0.916937628192788
26.8169094789528 -0.929077432527729
26.8321670223734 -0.940291112272677
26.847424565794 -0.950567489387784
26.8626821092146 -0.959896320156858
26.8779396526352 -0.968268305398508
26.8931971960558 -0.975675099735774
26.9084547394764 -0.982109319914981
26.923712282897 -0.987564552165524
26.9389698263176 -0.992035358593258
26.9542273697382 -0.995517282601106
26.9694849131588 -0.998006853331493
26.9847424565794 -0.999501589126174
27 -1
