0 -1
0.00812390089547739 -0.999501589126174
0.0162478017909548 -0.998006853331493
0.0243717026864322 -0.995517282601106
0.0324956035819095 -0.992035358593258
0.0406195044773869 -0.987564552165524
0.0487434053728643 -0.98210931991498
0.0568673062683417 -0.975675099735774
0.0649912071638191 -0.968268305398507
0.0731151080592965 -0.959896320156857
0.0812390089547739 -0.950567489387783
0.0893629098502513 -0.940291112272676
0.0974868107457287 -0.929077432527731
0.105610711641206 -0.916937628192789
0.113734612536683 -0.903883800488824
0.121858513432161 -0.88992896175518
0.129982414327638 -0.875087022478594
0.138106315223116 -0.859372777426912
0.146230216118593 -0.842801890901351
0.15435411701407 -0.825390881121976
0.162478017909548 -0.807157103761985
0.170601918805025 -0.788118734647192
0.178725819700503 -0.768294751637971
0.18684972059598 -0.747704915711709
0.194973621491457 -0.726369751264639
0.203097522386935 -0.704310525652672
0.211221423282412 -0.681549227991634
0.219345324177889 -0.658108547238038
0.227469225073367 -0.634011849572239
0.235593125968844 -0.609283155106517
0.243717026864322 -0.583947113941306
0.251840927759799 -0.55802898159344
0.259964828655276 -0.531554593820901
0.268088729550754 -0.504550340869177
0.276212630446231 -0.47704314116489
0.284336531341709 -0.44906041448292
0.292460432237186 -0.420630054613784
0.300584333132663 -0.391780401558493
0.308708234028141 -0.362540213278625
0.316832134923618 -0.332938637029761
0.324956035819095 -0.303005180306873
0.333079936714573 -0.272769681430603
0.34120383761005 -0.242262279803783
0.349327738505528 -0.211513385867819
0.357451639401005 -0.180553650788902
0.365575540296482 -0.149413935904261
0.37369944119196 -0.118125281958908
0.381823342087437 -0.0867188781635507
0.389947242982915 -0.0552260311045082
0.398071143878392 -0.0236781335366239
0.406195044773869 0.00789336690971309
0.414318945669347 0.0394569990762527
0.422442846564824 0.070981299648016
0.430566747460302 0.102434844516613
0.438690648355779 0.133786280104479
0.446814549251256 0.165004354618799
0.454938450146734 0.196057949203978
0.463062351042211 0.22691610896159
0.471186251937688 0.257548073806897
0.479310152833166 0.287923309131167
0.487434053728643 0.318011536239238
0.495557954624121 0.347782762531982
0.503681855519598 0.377207311403576
0.511805756415075 0.406255851823789
0.519929657310553 0.434899427575793
0.52805355820603 0.463109486120348
0.536177459101507 0.490857907057594
0.544301359996985 0.518117030158078
0.552425260892462 0.54485968293507
0.56054916178794 0.571059207730694
0.568673062683417 0.596689488288856
0.576796963578894 0.621724975788495
0.584920864474372 0.64614071431121
0.593044765369849 0.669912365717855
0.601168666265327 0.693016233909331
0.609292567160804 0.715429288447371
0.617416468056281 0.737129187511779
0.625540368951759 0.758094300171245
0.633664269847236 0.77830372794553
0.641788170742714 0.797737325637519
0.649912071638191 0.816375721414399
0.658035972533668 0.834200336117917
0.666159873429146 0.851193401784495
0.674283774324623 0.867337979356714
0.682407675220101 0.882617975568547
0.690531576115578 0.897018158987464
0.698655477011055 0.910524175197462
0.706779377906533 0.923122561107861
0.71490327880201 0.934800758373598
0.723027179697487 0.945547125913667
0.731151080592965 0.955350951515195
0.739274981488442 0.964202462511612
0.74739888238392 0.972092835524257
0.755522783279397 0.979014205257714
0.763646684174874 0.984959672340111
0.771770585070352 0.989923310200557
0.779894485965829 0.993900170976888
0.788018386861307 0.996886290447793
0.796142287756784 0.998878691984444
0.804266188652261 0.999875389517657
0.812390089547739 0.999875389517657
0.820513990443216 0.998878691984444
0.828637891338693 0.996886290447793
0.836761792234171 0.993900170976888
0.844885693129648 0.989923310200557
0.853009594025126 0.984959672340111
0.861133494920603 0.979014205257715
0.86925739581608 0.972092835524257
0.877381296711558 0.964202462511612
0.885505197607035 0.955350951515195
0.893629098502513 0.945547125913667
0.90175299939799 0.934800758373598
0.909876900293467 0.923122561107861
0.918000801188945 0.910524175197462
0.926124702084422 0.897018158987463
0.9342486029799 0.882617975568547
0.942372503875377 0.867337979356715
0.950496404770854 0.851193401784495
0.958620305666332 0.834200336117917
0.966744206561809 0.816375721414399
0.974868107457286 0.797737325637519
0.982992008352764 0.77830372794553
0.991115909248241 0.758094300171246
0.999239810143719 0.737129187511779
1.0073637110392 0.715429288447371
1.01548761193467 0.693016233909332
1.02361151283015 0.669912365717855
1.03173541372563 0.646140714311209
1.03985931462111 0.621724975788495
1.04798321551658 0.596689488288856
1.05610711641206 0.571059207730695
1.06423101730754 0.544859682935071
1.07235491820301 0.518117030158078
1.08047881909849 0.490857907057593
1.08860271999397 0.463109486120348
1.09672662088945 0.434899427575793
1.10485052178492 0.406255851823789
1.1129744226804 0.377207311403576
1.12109832357588 0.347782762531983
1.12922222447136 0.318011536239239
1.13734612536683 0.287923309131167
1.14547002626231 0.257548073806897
1.15359392715779 0.22691610896159
1.16171782805327 0.196057949203977
1.16984172894874 0.1650043546188
1.17796562984422 0.133786280104479
1.1860895307397 0.102434844516613
1.19421343163518 0.0709812996480162
1.20233733253065 0.0394569990762536
1.21046123342613 0.00789336690971378
1.21858513432161 -0.0236781335366239
1.22670903521709 -0.0552260311045075
1.23483293611256 -0.0867188781635505
1.24295683700804 -0.118125281958909
1.25108073790352 -0.14941393590426
1.259204638799 -0.180553650788902
1.26732853969447 -0.211513385867819
1.27545244058995 -0.242262279803782
1.28357634148543 -0.272769681430603
1.2917002423809 -0.303005180306873
1.29982414327638 -0.332938637029762
1.30794804417186 -0.362540213278625
1.31607194506734 -0.391780401558493
1.32419584596281 -0.420630054613785
1.33231974685829 -0.44906041448292
1.34044364775377 -0.47704314116489
1.34856754864925 -0.504550340869176
1.35669144954472 -0.531554593820901
1.3648153504402 -0.55802898159344
1.37293925133568 -0.583947113941306
1.38106315223116 -0.609283155106517
1.38918705312663 -0.634011849572238
1.39731095402211 -0.658108547238038
1.40543485491759 -0.681549227991634
1.41355875581307 -0.704310525652672
1.42168265670854 -0.726369751264639
1.42980655760402 -0.747704915711709
1.4379304584995 -0.76829475163797
1.44605435939497 -0.788118734647192
1.45417826029045 -0.807157103761986
1.46230216118593 -0.825390881121976
1.47042606208141 -0.84280189090135
1.47854996297688 -0.859372777426912
1.48667386387236 -0.875087022478594
1.49479776476784 -0.88992896175518
1.50292166566332 -0.903883800488824
1.51104556655879 -0.916937628192788
1.51916946745427 -0.92907743252773
1.52729336834975 -0.940291112272676
1.53541726924523 -0.950567489387783
1.5435411701407 -0.959896320156857
1.55166507103618 -0.968268305398507
1.55978897193166 -0.975675099735774
1.56791287282714 -0.98210931991498
1.57603677372261 -0.987564552165524
1.58416067461809 -0.992035358593258
1.59228457551357 -0.995517282601106
1.60040847640905 -0.998006853331493
1.60853237730452 -0.999501589126174
1.6166562782 -1
1.6338083948397 -0.999501589126174
1.6509605114794 -0.998006853331493
1.6681126281191 -0.995517282601106
1.68526474475879 -0.992035358593258
1.70241686139849 -0.987564552165524
1.71956897803819 -0.98210931991498
1.73672109467789 -0.975675099735774
1.75387321131759 -0.968268305398507
1.77102532795729 -0.959896320156857
1.78817744459698 -0.950567489387783
1.80532956123668 -0.940291112272676
1.82248167787638 -0.929077432527731
1.83963379451608 -0.916937628192789
1.85678591115578 -0.903883800488824
1.87393802779548 -0.88992896175518
1.89109014443518 -0.875087022478594
1.90824226107487 -0.859372777426912
1.92539437771457 -0.842801890901351
1.94254649435427 -0.825390881121976
1.95969861099397 -0.807157103761985
1.97685072763367 -0.788118734647192
1.99400284427337 -0.768294751637971
2.01115496091307 -0.747704915711709
2.02830707755276 -0.726369751264639
2.04545919419246 -0.704310525652672
2.06261131083216 -0.681549227991634
2.07976342747186 -0.658108547238037
2.09691554411156 -0.634011849572239
2.11406766075126 -0.609283155106517
2.13121977739095 -0.583947113941306
2.14837189403065 -0.55802898159344
2.16552401067035 -0.531554593820902
2.18267612731005 -0.504550340869177
2.19982824394975 -0.477043141164889
2.21698036058945 -0.44906041448292
2.23413247722915 -0.420630054613784
2.25128459386884 -0.391780401558493
2.26843671050854 -0.362540213278624
2.28558882714824 -0.332938637029761
2.30274094378794 -0.303005180306873
2.31989306042764 -0.272769681430603
2.33704517706734 -0.242262279803784
2.35419729370704 -0.211513385867819
2.37134941034673 -0.180553650788902
2.38850152698643 -0.149413935904261
2.40565364362613 -0.118125281958908
2.42280576026583 -0.0867188781635509
2.43995787690553 -0.0552260311045082
2.45710999354523 -0.0236781335366234
2.47426211018492 0.00789336690971309
2.49141422682462 0.0394569990762529
2.50856634346432 0.0709812996480162
2.52571846010402 0.102434844516613
2.54287057674372 0.133786280104479
2.56002269338342 0.165004354618799
2.57717481002312 0.196057949203978
2.59432692666281 0.22691610896159
2.61147904330251 0.257548073806897
2.62863115994221 0.287923309131166
2.64578327658191 0.318011536239239
2.66293539322161 0.347782762531982
2.68008750986131 0.377207311403576
2.69723962650101 0.406255851823789
2.7143917431407 0.434899427575793
2.7315438597804 0.463109486120348
2.7486959764201 0.490857907057594
2.7658480930598 0.518117030158077
2.7830002096995 0.54485968293507
2.8001523263392 0.571059207730695
2.81730444297889 0.596689488288855
2.83445655961859 0.621724975788496
2.85160867625829 0.64614071431121
2.86876079289799 0.669912365717855
2.88591290953769 0.693016233909331
2.90306502617739 0.715429288447371
2.92021714281709 0.737129187511779
2.93736925945678 0.758094300171246
2.95452137609648 0.77830372794553
2.97167349273618 0.797737325637519
2.98882560937588 0.816375721414399
3.00597772601558 0.834200336117917
3.02312984265528 0.851193401784495
3.04028195929498 0.867337979356715
3.05743407593467 0.882617975568547
3.07458619257437 0.897018158987464
3.09173830921407 0.910524175197462
3.10889042585377 0.923122561107861
3.12604254249347 0.934800758373598
3.14319465913317 0.945547125913667
3.16034677577286 0.955350951515195
3.17749889241256 0.964202462511612
3.19465100905226 0.972092835524257
3.21180312569196 0.979014205257714
3.22895524233166 0.984959672340111
3.24610735897136 0.989923310200557
3.26325947561106 0.993900170976888
3.28041159225075 0.996886290447793
3.29756370889045 0.998878691984444
3.31471582553015 0.999875389517657
3.33186794216985 0.999875389517657
3.34902005880955 0.998878691984444
3.36617217544925 0.996886290447793
3.38332429208895 0.993900170976888
3.40047640872864 0.989923310200557
3.41762852536834 0.984959672340111
3.43478064200804 0.979014205257715
3.45193275864774 0.972092835524257
3.46908487528744 0.964202462511612
3.48623699192714 0.955350951515195
3.50338910856683 0.945547125913667
3.52054122520653 0.934800758373598
3.53769334184623 0.923122561107861
3.55484545848593 0.910524175197462
3.57199757512563 0.897018158987464
3.58914969176533 0.882617975568547
3.60630180840503 0.867337979356714
3.62345392504472 0.851193401784495
3.64060604168442 0.834200336117918
3.65775815832412 0.816375721414398
3.67491027496382 0.797737325637519
3.69206239160352 0.778303727945529
3.70921450824322 0.758094300171245
3.72636662488291 0.737129187511779
3.74351874152261 0.715429288447371
3.76067085816231 0.693016233909331
3.77782297480201 0.669912365717855
3.79497509144171 0.64614071431121
3.81212720808141 0.621724975788495
3.82927932472111 0.596689488288856
3.8464314413608 0.571059207730694
3.8635835580005 0.54485968293507
3.8807356746402 0.518117030158078
3.8978877912799 0.490857907057593
3.9150399079196 0.463109486120348
3.9321920245593 0.434899427575793
3.949344141199 0.406255851823788
3.96649625783869 0.377207311403576
3.98364837447839 0.347782762531982
4.00080049111809 0.318011536239238
4.01795260775779 0.287923309131167
4.03510472439749 0.257548073806896
4.05225684103719 0.22691610896159
4.06940895767688 0.196057949203978
4.08656107431658 0.165004354618799
4.10371319095628 0.133786280104479
4.12086530759598 0.102434844516614
4.13801742423568 0.0709812996480153
4.15516954087538 0.0394569990762527
4.17232165751508 0.00789336690971378
4.18947377415477 -0.0236781335366239
4.20662589079447 -0.0552260311045075
4.22377800743417 -0.0867188781635496
4.24093012407387 -0.118125281958909
4.25808224071357 -0.14941393590426
4.27523435735327 -0.180553650788901
4.29238647399297 -0.21151338586782
4.30953859063266 -0.242262279803784
4.32669070727236 -0.272769681430602
4.34384282391206 -0.303005180306873
4.36099494055176 -0.33293863702976
4.37814705719146 -0.362540213278626
4.39529917383116 -0.391780401558494
4.41245129047085 -0.420630054613784
4.42960340711055 -0.449060414482921
4.44675552375025 -0.47704314116489
4.46390764038995 -0.504550340869178
4.48105975702965 -0.531554593820902
4.49821187366935 -0.55802898159344
4.51536399030905 -0.583947113941307
4.53251610694874 -0.609283155106517
4.54966822358844 -0.634011849572239
4.56682034022814 -0.658108547238038
4.58397245686784 -0.681549227991634
4.60112457350754 -0.704310525652673
4.61827669014724 -0.72636975126464
4.63542880678694 -0.747704915711709
4.65258092342663 -0.768294751637971
4.66973304006633 -0.788118734647193
4.68688515670603 -0.807157103761985
4.70403727334573 -0.825390881121977
4.72118938998543 -0.842801890901351
4.73834150662513 -0.859372777426912
4.75549362326483 -0.875087022478594
4.77264573990452 -0.889928961755181
4.78979785654422 -0.903883800488824
4.80694997318392 -0.916937628192789
4.82410208982362 -0.92907743252773
4.84125420646332 -0.940291112272675
4.85840632310302 -0.950567489387782
4.87555843974271 -0.959896320156857
4.89271055638241 -0.968268305398507
4.90986267302211 -0.975675099735774
4.92701478966181 -0.98210931991498
4.94416690630151 -0.987564552165524
4.96131902294121 -0.992035358593258
4.9784711395809 -0.995517282601106
4.9956232562206 -0.998006853331493
5.0127753728603 -0.999501589126174
5.0299274895 -1
5.03772114056231 -0.999501589126174
5.04551479162462 -0.998006853331493
5.05330844268693 -0.995517282601106
5.06110209374925 -0.992035358593258
5.06889574481156 -0.987564552165524
5.07668939587387 -0.98210931991498
5.08448304693618 -0.975675099735774
5.09227669799849 -0.968268305398507
5.1000703490608 -0.959896320156858
5.10786400012312 -0.950567489387783
5.11565765118543 -0.940291112272676
5.12345130224774 -0.92907743252773
5.13124495331005 -0.916937628192789
5.13903860437236 -0.903883800488823
5.14683225543467 -0.889928961755181
5.15462590649699 -0.875087022478594
5.1624195575593 -0.859372777426913
5.17021320862161 -0.842801890901351
5.17800685968392 -0.825390881121977
5.18580051074623 -0.807157103761985
5.19359416180854 -0.788118734647193
5.20138781287085 -0.768294751637971
5.20918146393317 -0.74770491571171
5.21697511499548 -0.726369751264639
5.22476876605779 -0.704310525652673
5.2325624171201 -0.681549227991634
5.24035606818241 -0.658108547238039
5.24814971924472 -0.634011849572239
5.25594337030704 -0.609283155106518
5.26373702136935 -0.583947113941306
5.27153067243166 -0.558028981593441
5.27932432349397 -0.531554593820901
5.28711797455628 -0.504550340869179
5.29491162561859 -0.477043141164889
5.3027052766809 -0.449060414482922
5.31049892774322 -0.420630054613784
5.31829257880553 -0.391780401558495
5.32608622986784 -0.362540213278624
5.33387988093015 -0.332938637029763
5.34167353199246 -0.303005180306872
5.34946718305477 -0.272769681430604
5.35726083411709 -0.242262279803783
5.3650544851794 -0.21151338586782
5.37284813624171 -0.180553650788902
5.38064178730402 -0.149413935904262
5.38843543836633 -0.118125281958908
5.39622908942864 -0.0867188781635523
5.40402274049096 -0.0552260311045077
5.41181639155327 -0.0236781335366254
5.41961004261558 0.00789336690971353
5.42740369367789 0.0394569990762514
5.4351973447402 0.0709812996480162
5.44299099580251 0.102434844516612
5.45078464686482 0.133786280104479
5.45857829792714 0.165004354618798
5.46637194898945 0.196057949203978
5.47416560005176 0.226916108961589
5.48195925111407 0.257548073806897
5.48975290217638 0.287923309131165
5.49754655323869 0.318011536239239
5.505340204301 0.347782762531981
5.51313385536332 0.377207311403577
5.52092750642563 0.406255851823788
5.52872115748794 0.434899427575793
5.53651480855025 0.463109486120347
5.54430845961256 0.490857907057594
5.55210211067487 0.518117030158076
5.55989576173719 0.544859682935071
5.5676894127995 0.571059207730694
5.57548306386181 0.596689488288856
5.58327671492412 0.621724975788494
5.59107036598643 0.64614071431121
5.59886401704874 0.669912365717854
5.60665766811106 0.693016233909332
5.61445131917337 0.71542928844737
5.62224497023568 0.737129187511779
5.63003862129799 0.758094300171245
5.6378322723603 0.77830372794553
5.64562592342261 0.797737325637519
5.65341957448492 0.8163757214144
5.66121322554724 0.834200336117917
5.66900687660955 0.851193401784495
5.67680052767186 0.867337979356714
5.68459417873417 0.882617975568547
5.69238782979648 0.897018158987463
5.70018148085879 0.910524175197463
5.70797513192111 0.92312256110786
5.71576878298342 0.934800758373599
5.72356243404573 0.945547125913667
5.73135608510804 0.955350951515195
5.73914973617035 0.964202462511611
5.74694338723266 0.972092835524257
5.75473703829497 0.979014205257714
5.76253068935729 0.984959672340111
5.7703243404196 0.989923310200557
5.77811799148191 0.993900170976888
5.78591164254422 0.996886290447793
5.79370529360653 0.998878691984444
5.80149894466884 0.999875389517657
5.80929259573116 0.999875389517657
5.81708624679347 0.998878691984444
5.82487989785578 0.996886290447793
5.83267354891809 0.993900170976888
5.8404671999804 0.989923310200557
5.84826085104271 0.984959672340111
5.85605450210503 0.979014205257714
5.86384815316734 0.972092835524257
5.87164180422965 0.964202462511612
5.87943545529196 0.955350951515195
5.88722910635427 0.945547125913667
5.89502275741658 0.934800758373599
5.90281640847889 0.92312256110786
5.91061005954121 0.910524175197463
5.91840371060352 0.897018158987463
5.92619736166583 0.882617975568547
5.93399101272814 0.867337979356714
5.94178466379045 0.851193401784495
5.94957831485276 0.834200336117917
5.95737196591508 0.816375721414399
5.96516561697739 0.797737325637519
5.9729592680397 0.77830372794553
5.98075291910201 0.758094300171245
5.98854657016432 0.737129187511779
5.99634022122663 0.715429288447371
6.00413387228894 0.693016233909332
6.01192752335126 0.669912365717854
6.01972117441357 0.64614071431121
6.02751482547588 0.621724975788495
6.03530847653819 0.596689488288856
6.0431021276005 0.571059207730697
6.05089577866281 0.544859682935071
6.05868942972513 0.518117030158076
6.06648308078744 0.490857907057594
6.07427673184975 0.46310948612035
6.08207038291206 0.434899427575794
6.08986403397437 0.406255851823788
6.09765768503668 0.377207311403577
6.10545133609899 0.347782762531985
6.11324498716131 0.318011536239239
6.12103863822362 0.287923309131166
6.12883228928593 0.257548073806897
6.13662594034824 0.22691610896159
6.14441959141055 0.196057949203979
6.15221324247286 0.165004354618798
6.16000689353518 0.13378628010448
6.16780054459749 0.102434844516612
6.1755941956598 0.0709812996480162
6.18338784672211 0.0394569990762518
6.19118149778442 0.00789336690971378
6.19897514884673 -0.0236781335366247
6.20676879990905 -0.0552260311045075
6.21456245097136 -0.0867188781635523
6.22235610203367 -0.118125281958907
6.23014975309598 -0.149413935904262
6.23794340415829 -0.180553650788901
6.2457370552206 -0.21151338586782
6.25353070628291 -0.242262279803783
6.26132435734523 -0.272769681430604
6.26911800840754 -0.303005180306872
6.27691165946985 -0.332938637029763
6.28470531053216 -0.362540213278624
6.29249896159447 -0.391780401558491
6.30029261265678 -0.420630054613784
6.3080862637191 -0.449060414482921
6.31587991478141 -0.47704314116489
6.32367356584372 -0.504550340869175
6.33146721690603 -0.531554593820901
6.33926086796834 -0.558028981593441
6.34705451903065 -0.583947113941306
6.35484817009297 -0.609283155106518
6.36264182115528 -0.634011849572238
6.37043547221759 -0.658108547238039
6.3782291232799 -0.681549227991634
6.38602277434221 -0.704310525652671
6.39381642540452 -0.726369751264639
6.40161007646683 -0.74770491571171
6.40940372752915 -0.768294751637971
6.41719737859146 -0.788118734647191
6.42499102965377 -0.807157103761985
6.43278468071608 -0.825390881121977
6.44057833177839 -0.842801890901351
6.4483719828407 -0.859372777426911
6.45616563390301 -0.875087022478594
6.46395928496533 -0.889928961755181
6.47175293602764 -0.903883800488824
6.47954658708995 -0.916937628192788
6.48734023815226 -0.92907743252773
6.49513388921457 -0.940291112272676
6.50292754027688 -0.950567489387783
6.5107211913392 -0.959896320156856
6.51851484240151 -0.968268305398507
6.52630849346382 -0.975675099735774
6.53410214452613 -0.98210931991498
6.54189579558844 -0.987564552165523
6.54968944665075 -0.992035358593258
6.55748309771306 -0.995517282601106
6.56527674877538 -0.998006853331493
6.57307039983769 -0.999501589126174
6.5808640509 -1
6.59880914827739 -0.999501589126174
6.61675424565477 -0.998006853331493
6.63469934303216 -0.995517282601106
6.65264444040955 -0.992035358593258
6.67058953778693 -0.987564552165524
6.68853463516432 -0.98210931991498
6.70647973254171 -0.975675099735774
6.7244248299191 -0.968268305398507
6.74236992729648 -0.959896320156857
6.76031502467387 -0.950567489387783
6.77826012205126 -0.940291112272676
6.79620521942864 -0.929077432527731
6.81415031680603 -0.916937628192789
6.83209541418342 -0.903883800488823
6.8500405115608 -0.889928961755181
6.86798560893819 -0.875087022478594
6.88593070631558 -0.859372777426912
6.90387580369296 -0.84280189090135
6.92182090107035 -0.825390881121977
6.93976599844774 -0.807157103761986
6.95771109582513 -0.788118734647192
6.97565619320251 -0.768294751637971
6.9936012905799 -0.747704915711709
7.01154638795729 -0.72636975126464
7.02949148533467 -0.704310525652672
7.04743658271206 -0.681549227991634
7.06538168008945 -0.658108547238037
7.08332677746683 -0.634011849572239
7.10127187484422 -0.609283155106517
7.11921697222161 -0.583947113941306
7.137162069599 -0.55802898159344
7.15510716697638 -0.531554593820901
7.17305226435377 -0.504550340869178
7.19099736173116 -0.47704314116489
7.20894245910854 -0.44906041448292
7.22688755648593 -0.420630054613785
7.24483265386332 -0.391780401558494
7.2627777512407 -0.362540213278625
7.28072284861809 -0.332938637029761
7.29866794599548 -0.303005180306872
7.31661304337286 -0.272769681430604
7.33455814075025 -0.242262279803783
7.35250323812764 -0.211513385867819
7.37044833550503 -0.180553650788902
7.38839343288241 -0.149413935904262
7.4063385302598 -0.118125281958908
7.42428362763719 -0.0867188781635505
7.44222872501457 -0.0552260311045077
7.46017382239196 -0.0236781335366245
7.47811891976935 0.00789336690971287
7.49606401714673 0.0394569990762527
7.51400911452412 0.0709812996480164
7.53195421190151 0.102434844516612
7.54989930927889 0.133786280104479
7.56784440665628 0.165004354618799
7.58578950403367 0.196057949203978
7.60373460141106 0.226916108961591
7.62167969878844 0.257548073806896
7.63962479616583 0.287923309131166
7.65756989354322 0.318011536239238
7.6755149909206 0.347782762531982
7.69346008829799 0.377207311403575
7.71140518567538 0.406255851823789
7.72935028305276 0.434899427575793
7.74729538043015 0.463109486120348
7.76524047780754 0.490857907057593
7.78318557518492 0.518117030158077
7.80113067256231 0.54485968293507
7.8190757699397 0.571059207730695
7.83702086731708 0.596689488288855
7.85496596469447 0.621724975788495
7.87291106207186 0.64614071431121
7.89085615944925 0.669912365717855
7.90880125682663 0.693016233909332
7.92674635420402 0.715429288447371
7.94469145158141 0.737129187511779
7.96263654895879 0.758094300171246
7.98058164633618 0.778303727945529
7.99852674371357 0.797737325637519
8.01647184109095 0.816375721414399
8.03441693846834 0.834200336117918
8.05236203584573 0.851193401784495
8.07030713322312 0.867337979356715
8.0882522306005 0.882617975568548
8.10619732797789 0.897018158987463
8.12414242535528 0.910524175197462
8.14208752273266 0.92312256110786
8.16003262011005 0.934800758373598
8.17797771748744 0.945547125913667
8.19592281486482 0.955350951515195
8.21386791224221 0.964202462511612
8.2318130096196 0.972092835524257
8.24975810699699 0.979014205257715
8.26770320437437 0.98495967234011
8.28564830175176 0.989923310200557
8.30359339912915 0.993900170976888
8.32153849650653 0.996886290447793
8.33948359388392 0.998878691984444
8.35742869126131 0.999875389517657
8.37537378863869 0.999875389517657
8.39331888601608 0.998878691984444
8.41126398339347 0.996886290447793
8.42920908077085 0.993900170976888
8.44715417814824 0.989923310200557
8.46509927552563 0.984959672340111
8.48304437290301 0.979014205257715
8.5009894702804 0.972092835524257
8.51893456765779 0.964202462511612
8.53687966503518 0.955350951515194
8.55482476241256 0.945547125913667
8.57276985978995 0.934800758373599
8.59071495716734 0.923122561107861
8.60866005454472 0.910524175197462
8.62660515192211 0.897018158987464
8.6445502492995 0.882617975568547
8.66249534667688 0.867337979356714
8.68044044405427 0.851193401784494
8.69838554143166 0.834200336117917
8.71633063880904 0.8163757214144
8.73427573618643 0.79773732563752
8.75222083356382 0.77830372794553
8.77016593094121 0.758094300171246
8.78811102831859 0.737129187511779
8.80605612569598 0.715429288447371
8.82400122307337 0.693016233909331
8.84194632045075 0.669912365717857
8.85989141782814 0.646140714311209
8.87783651520553 0.621724975788496
8.89578161258291 0.596689488288856
8.9137267099603 0.571059207730696
8.93167180733769 0.54485968293507
8.94961690471508 0.518117030158077
8.96756200209246 0.490857907057594
8.98550709946985 0.463109486120347
9.00345219684724 0.434899427575792
9.02139729422462 0.406255851823788
9.03934239160201 0.377207311403577
9.0572874889794 0.347782762531983
9.07523258635678 0.318011536239239
9.09317768373417 0.287923309131167
9.11112278111156 0.257548073806896
9.12906787848894 0.22691610896159
9.14701297586633 0.196057949203977
9.16495807324372 0.165004354618802
9.1829031706211 0.13378628010448
9.20084826799849 0.102434844516614
9.21879336537588 0.0709812996480171
9.23673846275327 0.0394569990762527
9.25468356013065 0.00789336690971289
9.27262865750804 -0.0236781335366239
9.29057375488543 -0.0552260311045093
9.30851885226281 -0.0867188781635523
9.3264639496402 -0.118125281958906
9.34440904701759 -0.149413935904263
9.36235414439497 -0.180553650788901
9.38029924177236 -0.211513385867818
9.39824433914975 -0.242262279803783
9.41618943652714 -0.272769681430603
9.43413453390452 -0.303005180306873
9.45207963128191 -0.332938637029762
9.4700247286593 -0.362540213278626
9.48796982603668 -0.391780401558492
9.50591492341407 -0.420630054613784
9.52386002079146 -0.449060414482919
9.54180511816884 -0.47704314116489
9.55975021554623 -0.504550340869178
9.57769531292362 -0.531554593820901
9.59564041030101 -0.558028981593441
9.61358550767839 -0.583947113941305
9.63153060505578 -0.609283155106517
9.64947570243316 -0.634011849572238
9.66742079981055 -0.658108547238037
9.68536589718794 -0.681549227991633
9.70331099456533 -0.704310525652672
9.72125609194271 -0.72636975126464
9.7392011893201 -0.747704915711709
9.75714628669749 -0.768294751637971
9.77509138407487 -0.788118734647191
9.79303648145226 -0.807157103761985
9.81098157882965 -0.825390881121976
9.82892667620703 -0.84280189090135
9.84687177358442 -0.859372777426912
9.86481687096181 -0.875087022478594
9.8827619683392 -0.88992896175518
9.90070706571658 -0.903883800488822
9.91865216309397 -0.916937628192789
9.93659726047136 -0.92907743252773
9.95454235784874 -0.940291112272675
9.97248745522613 -0.950567489387783
9.99043255260352 -0.959896320156857
10.0083776499809 -0.968268305398507
10.0263227473583 -0.975675099735774
10.0442678447357 -0.98210931991498
10.0622129421131 -0.987564552165524
10.0801580394905 -0.992035358593258
10.0981031368678 -0.995517282601106
10.1160482342452 -0.998006853331493
10.1339933316226 -0.999501589126174
10.151938429 -1
10.1577872358945 -0.999501589126174
10.1636360427889 -0.998006853331493
10.1694848496834 -0.995517282601106
10.1753336565779 -0.992035358593258
10.1811824634724 -0.987564552165524
10.1870312703668 -0.98210931991498
10.1928800772613 -0.975675099735774
10.1987288841558 -0.968268305398507
10.2045776910503 -0.959896320156858
10.2104264979447 -0.950567489387782
10.2162753048392 -0.940291112272676
10.2221241117337 -0.929077432527729
10.2279729186281 -0.916937628192789
10.2338217255226 -0.903883800488822
10.2396705324171 -0.88992896175518
10.2455193393116 -0.875087022478596
10.251368146206 -0.859372777426912
10.2572169531005 -0.842801890901353
10.263065759995 -0.825390881121976
10.2689145668894 -0.807157103761987
10.2747633737839 -0.788118734647191
10.2806121806784 -0.768294751637972
10.2864609875729 -0.747704915711707
10.2923097944673 -0.726369751264641
10.2981586013618 -0.70431052565267
10.3040074082563 -0.681549227991635
10.3098562151508 -0.658108547238035
10.3157050220452 -0.634011849572239
10.3215538289397 -0.609283155106513
10.3274026358342 -0.583947113941306
10.3332514427286 -0.558028981593444
10.3391002496231 -0.531554593820901
10.3449490565176 -0.504550340869181
10.3507978634121 -0.477043141164889
10.3566466703065 -0.449060414482923
10.362495477201 -0.420630054613783
10.3683442840955 -0.391780401558496
10.3741930909899 -0.362540213278622
10.3800418978844 -0.332938637029763
10.3858907047789 -0.30300518030687
10.3917395116734 -0.272769681430605
10.3975883185678 -0.24226227980378
10.4034371254623 -0.21151338586782
10.4092859323568 -0.180553650788898
10.4151347392513 -0.149413935904261
10.4209835461457 -0.118125281958913
10.4268323530402 -0.0867188781635505
10.4326811599347 -0.0552260311045122
10.4385299668291 -0.023678133536623
10.4443787737236 0.00789336690970976
10.4502275806181 0.0394569990762543
10.4560763875126 0.0709812996480129
10.461925194407 0.102434844516615
10.4677740013015 0.133786280104477
10.473622808196 0.165004354618802
10.4794716150905 0.196057949203976
10.4853204219849 0.226916108961594
10.4911692288794 0.257548073806896
10.4970180357739 0.28792330913117
10.5028668426683 0.318011536239238
10.5087156495628 0.347782762531978
10.5145644564573 0.377207311403576
10.5204132633518 0.406255851823785
10.5262620702462 0.434899427575794
10.5321108771407 0.463109486120345
10.5379596840352 0.490857907057595
10.5438084909296 0.518117030158075
10.5496572978241 0.544859682935072
10.5555061047186 0.571059207730693
10.5613549116131 0.596689488288858
10.5672037185075 0.621724975788494
10.573052525402 0.646140714311212
10.5789013322965 0.669912365717854
10.584750139191 0.693016233909335
10.5905989460854 0.715429288447371
10.5964477529799 0.737129187511782
10.6022965598744 0.758094300171245
10.6081453667688 0.778303727945527
10.6139941736633 0.79773732563752
10.6198429805578 0.816375721414397
10.6256917874523 0.834200336117918
10.6315405943467 0.851193401784493
10.6373894012412 0.867337979356716
10.6432382081357 0.882617975568546
10.6490870150302 0.897018158987465
10.6549358219246 0.910524175197461
10.6607846288191 0.923122561107862
10.6666334357136 0.934800758373598
10.672482242608 0.945547125913668
10.6783310495025 0.955350951515195
10.684179856397 0.96420246251161
10.6900286632915 0.972092835524257
10.6958774701859 0.979014205257714
10.7017262770804 0.984959672340111
10.7075750839749 0.989923310200557
10.7134238908693 0.993900170976888
10.7192726977638 0.996886290447793
10.7251215046583 0.998878691984444
10.7309703115528 0.999875389517657
10.7368191184472 0.999875389517657
10.7426679253417 0.998878691984444
10.7485167322362 0.996886290447793
10.7543655391307 0.993900170976888
10.7602143460251 0.989923310200557
10.7660631529196 0.984959672340111
10.7719119598141 0.979014205257714
10.7777607667085 0.972092835524257
10.783609573603 0.96420246251161
10.7894583804975 0.955350951515195
10.795307187392 0.945547125913668
10.8011559942864 0.934800758373598
10.8070048011809 0.923122561107862
10.8128536080754 0.910524175197462
10.8187024149698 0.897018158987465
10.8245512218643 0.882617975568546
10.8304000287588 0.867337979356716
10.8362488356533 0.851193401784493
10.8420976425477 0.834200336117919
10.8479464494422 0.816375721414397
10.8537952563367 0.79773732563752
10.8596440632312 0.778303727945527
10.8654928701256 0.758094300171246
10.8713416770201 0.737129187511782
10.8771904839146 0.715429288447371
10.883039290809 0.693016233909335
10.8888880977035 0.669912365717854
10.894736904598 0.646140714311213
10.9005857114925 0.621724975788494
10.9064345183869 0.596689488288858
10.9122833252814 0.571059207730693
10.9181321321759 0.544859682935072
10.9239809390704 0.518117030158075
10.9298297459648 0.490857907057595
10.9356785528593 0.463109486120345
10.9415273597538 0.434899427575794
10.9473761666482 0.406255851823786
10.9532249735427 0.377207311403576
10.9590737804372 0.347782762531978
10.9649225873317 0.318011536239238
10.9707713942261 0.28792330913117
10.9766202011206 0.257548073806896
10.9824690080151 0.226916108961594
10.9883178149095 0.196057949203977
10.994166621804 0.165004354618802
11.0000154286985 0.133786280104478
11.005864235593 0.102434844516616
11.0117130424874 0.0709812996480136
11.0175618493819 0.0394569990762545
11.0234106562764 0.00789336690970934
11.0292594631709 -0.023678133536623
11.0351082700653 -0.0552260311045022
11.0409570769598 -0.0867188781635496
11.0468058838543 -0.118125281958912
11.0526546907487 -0.14941393590426
11.0585034976432 -0.180553650788898
11.0643523045377 -0.21151338586782
11.0702011114322 -0.242262279803779
11.0760499183266 -0.272769681430605
11.0818987252211 -0.30300518030687
11.0877475321156 -0.332938637029764
11.0935963390101 -0.362540213278622
11.0994451459045 -0.391780401558495
11.105293952799 -0.420630054613783
11.1111427596935 -0.449060414482923
11.1169915665879 -0.477043141164889
11.1228403734824 -0.504550340869181
11.1286891803769 -0.531554593820901
11.1345379872714 -0.558028981593444
11.1403867941658 -0.583947113941307
11.1462356010603 -0.609283155106513
11.1520844079548 -0.634011849572239
11.1579332148492 -0.658108547238035
11.1637820217437 -0.681549227991635
11.1696308286382 -0.70431052565267
11.1754796355327 -0.726369751264641
11.1813284424271 -0.747704915711707
11.1871772493216 -0.768294751637972
11.1930260562161 -0.788118734647191
11.1988748631106 -0.807157103761987
11.204723670005 -0.825390881121975
11.2105724768995 -0.842801890901352
11.216421283794 -0.859372777426911
11.2222700906884 -0.875087022478596
11.2281188975829 -0.88992896175518
11.2339677044774 -0.903883800488822
11.2398165113719 -0.916937628192789
11.2456653182663 -0.929077432527729
11.2515141251608 -0.940291112272676
11.2573629320553 -0.950567489387782
11.2632117389497 -0.959896320156858
11.2690605458442 -0.968268305398506
11.2749093527387 -0.975675099735774
11.2807581596332 -0.98210931991498
11.2866069665276 -0.987564552165524
11.2924557734221 -0.992035358593258
11.2983045803166 -0.995517282601106
11.3041533872111 -0.998006853331493
11.3100021941055 -0.999501589126174
11.315851001 -1
11.3341322676362 -0.999501589126174
11.3524135342724 -0.998006853331493
11.3706948009085 -0.995517282601106
11.3889760675447 -0.992035358593258
11.4072573341809 -0.987564552165524
11.4255386008171 -0.98210931991498
11.4438198674533 -0.975675099735774
11.4621011340894 -0.968268305398507
11.4803824007256 -0.959896320156857
11.4986636673618 -0.950567489387783
11.516944933998 -0.940291112272675
11.5352262006342 -0.929077432527731
11.5535074672704 -0.916937628192789
11.5717887339065 -0.903883800488823
11.5900700005427 -0.889928961755181
11.6083512671789 -0.875087022478594
11.6266325338151 -0.859372777426911
11.6449138004513 -0.842801890901351
11.6631950670874 -0.825390881121976
11.6814763337236 -0.807157103761986
11.6997576003598 -0.788118734647193
11.718038866996 -0.76829475163797
11.7363201336322 -0.74770491571171
11.7546014002683 -0.726369751264639
11.7728826669045 -0.704310525652671
11.7911639335407 -0.681549227991634
11.8094452001769 -0.658108547238037
11.8277264668131 -0.63401184957224
11.8460077334492 -0.609283155106517
11.8642890000854 -0.583947113941306
11.8825702667216 -0.558028981593441
11.9008515333578 -0.531554593820901
11.919132799994 -0.504550340869176
11.9374140666302 -0.47704314116489
11.9556953332663 -0.44906041448292
11.9739765999025 -0.420630054613785
11.9922578665387 -0.391780401558493
12.0105391331749 -0.362540213278624
12.0288203998111 -0.332938637029762
12.0471016664472 -0.303005180306873
12.0653829330834 -0.272769681430605
12.0836641997196 -0.242262279803784
12.1019454663558 -0.211513385867818
12.120226732992 -0.180553650788904
12.1385079996281 -0.149413935904261
12.1567892662643 -0.118125281958907
12.1750705329005 -0.0867188781635518
12.1933517995367 -0.0552260311045079
12.2116330661729 -0.0236781335366225
12.229914332809 0.00789336690971287
12.2481955994452 0.0394569990762534
12.2664768660814 0.0709812996480147
12.2847581327176 0.102434844516613
12.3030393993538 0.13378628010448
12.3213206659899 0.165004354618798
12.3396019326261 0.196057949203978
12.3578831992623 0.226916108961589
12.3761644658985 0.257548073806896
12.3944457325347 0.287923309131167
12.4127269991709 0.318011536239237
12.431008265807 0.347782762531982
12.4492895324432 0.377207311403577
12.4675707990794 0.406255851823788
12.4858520657156 0.434899427575793
12.5041333323518 0.463109486120349
12.5224145989879 0.490857907057594
12.5406958656241 0.518117030158078
12.5589771322603 0.544859682935069
12.5772583988965 0.571059207730695
12.5955396655327 0.596689488288857
12.6138209321688 0.621724975788494
12.632102198805 0.64614071431121
12.6503834654412 0.669912365717854
12.6686647320774 0.693016233909331
12.6869459987136 0.715429288447372
12.7052272653497 0.737129187511778
12.7235085319859 0.758094300171246
12.7417897986221 0.778303727945531
12.7600710652583 0.797737325637519
12.7783523318945 0.816375721414399
12.7966335985307 0.834200336117918
12.8149148651668 0.851193401784494
12.833196131803 0.867337979356715
12.8514773984392 0.882617975568546
12.8697586650754 0.897018158987464
12.8880399317116 0.910524175197463
12.9063211983477 0.923122561107861
12.9246024649839 0.934800758373598
12.9428837316201 0.945547125913667
12.9611649982563 0.955350951515195
12.9794462648925 0.964202462511612
12.9977275315286 0.972092835524257
13.0160087981648 0.979014205257715
13.034290064801 0.984959672340111
13.0525713314372 0.989923310200557
13.0708525980734 0.993900170976888
13.0891338647095 0.996886290447793
13.1074151313457 0.998878691984444
13.1256963979819 0.999875389517657
13.1439776646181 0.999875389517657
13.1622589312543 0.998878691984444
13.1805401978905 0.996886290447793
13.1988214645266 0.993900170976888
13.2171027311628 0.989923310200557
13.235383997799 0.984959672340111
13.2536652644352 0.979014205257715
13.2719465310714 0.972092835524257
13.2902277977075 0.964202462511612
13.3085090643437 0.955350951515195
13.3267903309799 0.945547125913667
13.3450715976161 0.934800758373598
13.3633528642523 0.923122561107861
13.3816341308884 0.910524175197462
13.3999153975246 0.897018158987464
13.4181966641608 0.882617975568546
13.436477930797 0.867337979356715
13.4547591974332 0.851193401784495
13.4730404640693 0.834200336117918
13.4913217307055 0.816375721414399
13.5096029973417 0.797737325637519
13.5278842639779 0.778303727945531
13.5461655306141 0.758094300171246
13.5644467972503 0.737129187511778
13.5827280638864 0.715429288447372
13.6010093305226 0.693016233909332
13.6192905971588 0.669912365717854
13.637571863795 0.64614071431121
13.6558531304312 0.621724975788495
13.6741343970673 0.596689488288854
13.6924156637035 0.571059207730695
13.7106969303397 0.54485968293507
13.7289781969759 0.518117030158078
13.7472594636121 0.490857907057594
13.7655407302482 0.463109486120349
13.7838219968844 0.434899427575793
13.8021032635206 0.406255851823788
13.8203845301568 0.377207311403577
13.838665796793 0.347782762531982
13.8569470634291 0.318011536239237
13.8752283300653 0.287923309131167
13.8935095967015 0.257548073806896
13.9117908633377 0.226916108961592
13.9300721299739 0.196057949203978
13.9483533966101 0.165004354618799
13.9666346632462 0.133786280104481
13.9849159298824 0.102434844516613
14.0031971965186 0.070981299648018
14.0214784631548 0.0394569990762536
14.039759729791 0.00789336690971289
14.0580409964271 -0.0236781335366221
14.0763222630633 -0.0552260311045084
14.0946035296995 -0.0867188781635514
14.1128847963357 -0.118125281958906
14.1311660629719 -0.149413935904261
14.149447329608 -0.180553650788903
14.1677285962442 -0.211513385867818
14.1860098628804 -0.242262279803784
14.2042911295166 -0.272769681430601
14.2225723961528 -0.303005180306872
14.2408536627889 -0.332938637029762
14.2591349294251 -0.362540213278623
14.2774161960613 -0.391780401558493
14.2956974626975 -0.420630054613783
14.3139787293337 -0.449060414482919
14.3322599959698 -0.47704314116489
14.350541262606 -0.504550340869176
14.3688225292422 -0.531554593820901
14.3871037958784 -0.558028981593441
14.4053850625146 -0.583947113941305
14.4236663291508 -0.609283155106517
14.4419475957869 -0.63401184957224
14.4602288624231 -0.658108547238037
14.4785101290593 -0.681549227991634
14.4967913956955 -0.704310525652671
14.5150726623317 -0.726369751264639
14.5333539289678 -0.747704915711709
14.551635195604 -0.76829475163797
14.5699164622402 -0.788118734647193
14.5881977288764 -0.807157103761984
14.6064789955126 -0.825390881121976
14.6247602621487 -0.842801890901351
14.6430415287849 -0.859372777426911
14.6613227954211 -0.875087022478594
14.6796040620573 -0.889928961755181
14.6978853286935 -0.903883800488823
14.7161665953296 -0.916937628192789
14.7344478619658 -0.929077432527731
14.752729128602 -0.940291112272675
14.7710103952382 -0.950567489387783
14.7892916618744 -0.959896320156857
14.8075729285106 -0.968268305398507
14.8258541951467 -0.975675099735774
14.8441354617829 -0.98210931991498
14.8624167284191 -0.987564552165524
14.8806979950553 -0.992035358593258
14.8989792616915 -0.995517282601106
14.9172605283276 -0.998006853331493
14.9355417949638 -0.999501589126174
14.9538230616 -1
14.969711051492 -0.999501589126174
14.9855990413839 -0.998006853331493
15.0014870312759 -0.995517282601106
15.0173750211678 -0.992035358593258
15.0332630110598 -0.987564552165524
15.0491510009518 -0.982109319914981
15.0650389908437 -0.975675099735774
15.0809269807357 -0.968268305398508
15.0968149706276 -0.959896320156857
15.1127029605196 -0.950567489387782
15.1285909504116 -0.940291112272675
15.1444789403035 -0.92907743252773
15.1603669301955 -0.916937628192788
15.1762549200874 -0.903883800488823
15.1921429099794 -0.88992896175518
15.2080308998714 -0.875087022478593
15.2239188897633 -0.859372777426912
15.2398068796553 -0.84280189090135
15.2556948695472 -0.825390881121976
15.2715828594392 -0.807157103761985
15.2874708493312 -0.788118734647193
15.3033588392231 -0.768294751637971
15.3192468291151 -0.747704915711709
15.335134819007 -0.72636975126464
15.351022808899 -0.704310525652673
15.366910798791 -0.681549227991635
15.3827987886829 -0.658108547238039
15.3986867785749 -0.63401184957224
15.4145747684668 -0.609283155106518
15.4304627583588 -0.583947113941305
15.4463507482508 -0.558028981593439
15.4622387381427 -0.5315545938209
15.4781267280347 -0.504550340869176
15.4940147179266 -0.477043141164889
15.5099027078186 -0.449060414482919
15.5257906977106 -0.420630054613784
15.5416786876025 -0.391780401558493
15.5575666774945 -0.362540213278624
15.5734546673864 -0.332938637029761
15.5893426572784 -0.303005180306873
15.6052306471704 -0.272769681430603
15.6211186370623 -0.242262279803784
15.6370066269543 -0.21151338586782
15.6528946168462 -0.180553650788903
15.6687826067382 -0.149413935904262
15.6846705966302 -0.118125281958909
15.7005585865221 -0.0867188781635523
15.7164465764141 -0.0552260311045097
15.732334566306 -0.0236781335366257
15.748222556198 0.00789336690971486
15.7641105460899 0.0394569990762507
15.7799985359819 0.0709812996480171
15.7958865258739 0.102434844516614
15.8117745157658 0.13378628010448
15.8276625056578 0.1650043546188
15.8435504955497 0.196057949203979
15.8594384854417 0.226916108961591
15.8753264753337 0.257548073806897
15.8912144652256 0.287923309131166
15.9071024551176 0.318011536239238
15.9229904450095 0.347782762531982
15.9388784349015 0.377207311403575
15.9547664247935 0.406255851823788
15.9706544146854 0.434899427575792
15.9865424045774 0.463109486120347
16.0024303944693 0.490857907057593
16.0183183843613 0.518117030158079
16.0342063742533 0.544859682935069
16.0500943641452 0.571059207730696
16.0659823540372 0.596689488288854
16.0818703439291 0.621724975788496
16.0977583338211 0.646140714311208
16.1136463237131 0.669912365717856
16.129534313605 0.69301623390933
16.145422303497 0.715429288447372
16.1613102933889 0.737129187511777
16.1771982832809 0.758094300171246
16.1930862731729 0.778303727945528
16.2089742630648 0.797737325637519
16.2248622529568 0.816375721414397
16.2407502428487 0.834200336117917
16.2566382327407 0.851193401784496
16.2725262226327 0.867337979356714
16.2884142125246 0.882617975568548
16.3043022024166 0.897018158987463
16.3201901923085 0.910524175197463
16.3360781822005 0.92312256110786
16.3519661720925 0.934800758373599
16.3678541619844 0.945547125913667
16.3837421518764 0.955350951515195
16.3996301417683 0.964202462511611
16.4155181316603 0.972092835524257
16.4314061215523 0.979014205257714
16.4472941114442 0.984959672340111
16.4631821013362 0.989923310200557
16.4790700912281 0.993900170976888
16.4949580811201 0.996886290447793
16.5108460710121 0.998878691984444
16.526734060904 0.999875389517657
16.542622050796 0.999875389517657
16.5585100406879 0.998878691984443
16.5743980305799 0.996886290447793
16.5902860204719 0.993900170976888
16.6061740103638 0.989923310200557
16.6220620002558 0.98495967234011
16.6379499901477 0.979014205257715
16.6538379800397 0.972092835524257
16.6697259699317 0.964202462511612
16.6856139598236 0.955350951515194
16.7015019497156 0.945547125913668
16.7173899396075 0.934800758373598
16.7332779294995 0.923122561107862
16.7491659193915 0.910524175197462
16.7650539092834 0.897018158987465
16.7809418991754 0.882617975568546
16.7968298890673 0.867337979356716
16.8127178789593 0.851193401784495
16.8286058688513 0.834200336117919
16.8444938587432 0.816375721414399
16.8603818486352 0.797737325637517
16.8762698385271 0.77830372794553
16.8921578284191 0.758094300171243
16.9080458183111 0.73712918751178
16.923933808203 0.715429288447369
16.939821798095 0.693016233909333
16.9557097879869 0.669912365717854
16.9715977778789 0.646140714311211
16.9874857677709 0.621724975788494
17.0033737576628 0.596689488288857
17.0192617475548 0.571059207730694
17.0351497374467 0.544859682935073
17.0510377273387 0.518117030158077
17.0669257172307 0.490857907057596
17.0828137071226 0.463109486120348
17.0987016970146 0.434899427575796
17.1145896869065 0.406255851823789
17.1304776767985 0.37720731140358
17.1463656666905 0.347782762531982
17.1622536565824 0.318011536239235
17.1781416464744 0.287923309131167
17.1940296363663 0.257548073806901
17.2099176262583 0.22691610896159
17.2258056161503 0.196057949203975
17.2416936060422 0.1650043546188
17.2575815959342 0.133786280104477
17.2734695858261 0.102434844516615
17.2893575757181 0.0709812996480145
17.3052455656101 0.0394569990762545
17.321133555502 0.007893366909712
17.337021545394 -0.0236781335366221
17.3529095352859 -0.0552260311045093
17.3687975251779 -0.0867188781635478
17.3846855150699 -0.118125281958909
17.4005735049618 -0.149413935904258
17.4164614948538 -0.180553650788903
17.4323494847457 -0.211513385867816
17.4482374746377 -0.242262279803784
17.4641254645297 -0.272769681430607
17.4800134544216 -0.303005180306873
17.4959014443136 -0.332938637029758
17.5117894342055 -0.362540213278624
17.5276774240975 -0.391780401558495
17.5435654139894 -0.420630054613784
17.5594534038814 -0.449060414482922
17.5753413937734 -0.477043141164889
17.5912293836653 -0.504550340869179
17.6071173735573 -0.531554593820901
17.6230053634492 -0.558028981593442
17.6388933533412 -0.583947113941305
17.6547813432332 -0.609283155106518
17.6706693331251 -0.634011849572236
17.6865573230171 -0.658108547238039
17.702445312909 -0.681549227991631
17.718333302801 -0.704310525652672
17.734221292693 -0.726369751264637
17.7501092825849 -0.747704915711709
17.7659972724769 -0.768294751637973
17.7818852623688 -0.788118734647193
17.7977732522608 -0.807157103761983
17.8136612421528 -0.825390881121976
17.8295492320447 -0.842801890901352
17.8454372219367 -0.859372777426912
17.8613252118286 -0.875087022478595
17.8772132017206 -0.88992896175518
17.8931011916126 -0.903883800488825
17.9089891815045 -0.916937628192789
17.9248771713965 -0.929077432527731
17.9407651612884 -0.940291112272675
17.9566531511804 -0.950567489387783
17.9725411410724 -0.959896320156856
17.9884291309643 -0.968268305398508
18.0043171208563 -0.975675099735773
18.0202051107482 -0.98210931991498
18.0360931006402 -0.987564552165523
18.0519810905322 -0.992035358593258
18.0678690804241 -0.995517282601106
18.0837570703161 -0.998006853331493
18.099645060208 -0.999501589126174
18.1155330501 -1
18.1328979200382 -0.999501589126174
18.1502627899764 -0.998006853331493
18.1676276599146 -0.995517282601106
18.1849925298528 -0.992035358593258
18.202357399791 -0.987564552165524
18.2197222697291 -0.982109319914981
18.2370871396673 -0.975675099735774
18.2544520096055 -0.968268305398507
18.2718168795437 -0.959896320156857
18.2891817494819 -0.950567489387782
18.3065466194201 -0.940291112272675
18.3239114893583 -0.929077432527732
18.3412763592965 -0.91693762819279
18.3586412292347 -0.903883800488824
18.3760060991729 -0.88992896175518
18.3933709691111 -0.875087022478593
18.4107358390492 -0.859372777426911
18.4281007089874 -0.842801890901349
18.4454655789256 -0.825390881121974
18.4628304488638 -0.807157103761987
18.480195318802 -0.788118734647193
18.4975601887402 -0.768294751637971
18.5149250586784 -0.747704915711709
18.5322899286166 -0.726369751264639
18.5496547985548 -0.704310525652671
18.567019668493 -0.681549227991632
18.5843845384312 -0.65810854723804
18.6017494083693 -0.63401184957224
18.6191142783075 -0.609283155106518
18.6364791482457 -0.583947113941307
18.6538440181839 -0.55802898159344
18.6712088881221 -0.531554593820901
18.6885737580603 -0.504550340869176
18.7059386279985 -0.477043141164887
18.7233034979367 -0.449060414482923
18.7406683678749 -0.420630054613786
18.7580332378131 -0.391780401558494
18.7753981077513 -0.362540213278625
18.7927629776894 -0.33293863702976
18.8101278476276 -0.303005180306871
18.8274927175658 -0.272769681430601
18.844857587504 -0.24226227980378
18.8622224574422 -0.211513385867821
18.8795873273804 -0.180553650788904
18.8969521973186 -0.149413935904262
18.9143170672568 -0.118125281958908
18.931681937195 -0.0867188781635498
18.9490468071332 -0.0552260311045064
18.9664116770714 -0.0236781335366217
18.9837765470095 0.0078933669097102
19.0011414169477 0.0394569990762505
19.0185062868859 0.0709812996480147
19.0358711568241 0.102434844516613
19.0532360267623 0.133786280104479
19.0706008967005 0.1650043546188
19.0879657666387 0.19605794920398
19.1053306365769 0.226916108961593
19.1226955065151 0.257548073806894
19.1400603764533 0.287923309131164
19.1574252463915 0.318011536239237
19.1747901163296 0.347782762531982
19.1921549862678 0.377207311403577
19.209519856206 0.40625585182379
19.2268847261442 0.434899427575795
19.2442495960824 0.463109486120345
19.2616144660206 0.490857907057592
19.2789793359588 0.518117030158076
19.296344205897 0.54485968293507
19.3137090758352 0.571059207730695
19.3310739457734 0.596689488288857
19.3484388157116 0.621724975788496
19.3658036856498 0.646140714311212
19.3831685555879 0.669912365717853
19.4005334255261 0.69301623390933
19.4178982954643 0.71542928844737
19.4352631654025 0.737129187511779
19.4526280353407 0.758094300171246
19.4699929052789 0.778303727945531
19.4873577752171 0.79773732563752
19.5047226451553 0.816375721414401
19.5220875150935 0.834200336117916
19.5394523850317 0.851193401784494
19.5568172549699 0.867337979356714
19.574182124908 0.882617975568547
19.5915469948462 0.897018158987464
19.6089118647844 0.910524175197463
19.6262767347226 0.923122561107862
19.6436416046608 0.934800758373599
19.661006474599 0.945547125913666
19.6783713445372 0.955350951515194
19.6957362144754 0.964202462511611
19.7131010844136 0.972092835524257
19.7304659543518 0.979014205257715
19.74783082429 0.984959672340111
19.7651956942281 0.989923310200557
19.7825605641663 0.993900170976887
19.7999254341045 0.996886290447793
19.8172903040427 0.998878691984444
19.8346551739809 0.999875389517657
19.8520200439191 0.999875389517657
19.8693849138573 0.998878691984444
19.8867497837955 0.996886290447793
19.9041146537337 0.993900170976887
19.9214795236719 0.989923310200557
19.9388443936101 0.984959672340111
19.9562092635482 0.979014205257715
19.9735741334864 0.972092835524257
19.9909390034246 0.964202462511612
20.0083038733628 0.955350951515194
20.025668743301 0.945547125913667
20.0430336132392 0.934800758373599
20.0603984831774 0.923122561107862
20.0777633531156 0.910524175197463
20.0951282230538 0.897018158987464
20.112493092992 0.882617975568547
20.1298579629302 0.867337979356714
20.1472228328683 0.851193401784494
20.1645877028065 0.834200336117916
20.1819525727447 0.816375721414401
20.1993174426829 0.797737325637521
20.2166823126211 0.778303727945531
20.2340471825593 0.758094300171246
20.2514120524975 0.737129187511779
20.2687769224357 0.715429288447371
20.2861417923739 0.69301623390933
20.3035066623121 0.669912365717858
20.3208715322503 0.646140714311212
20.3382364021884 0.621724975788497
20.3556012721266 0.596689488288856
20.3729661420648 0.571059207730695
20.390331012003 0.54485968293507
20.4076958819412 0.518117030158076
20.4250607518794 0.490857907057591
20.4424256218176 0.463109486120345
20.4597904917558 0.434899427575795
20.477155361694 0.40625585182379
20.4945202316322 0.377207311403577
20.5118851015704 0.347782762531982
20.5292499715085 0.318011536239237
20.5466148414467 0.287923309131165
20.5639797113849 0.257548073806894
20.5813445813231 0.226916108961593
20.5987094512613 0.196057949203981
20.6160743211995 0.165004354618801
20.6334391911377 0.133786280104479
20.6508040610759 0.102434844516613
20.6681689310141 0.0709812996480145
20.6855338009523 0.0394569990762509
20.7028986708905 0.00789336690971111
20.7202635408286 -0.0236781335366212
20.7376284107668 -0.0552260311045066
20.754993280705 -0.0867188781635496
20.7723581506432 -0.118125281958908
20.7897230205814 -0.149413935904261
20.8070878905196 -0.180553650788903
20.8244527604578 -0.211513385867822
20.841817630396 -0.24226227980378
20.8591825003342 -0.272769681430601
20.8765473702724 -0.303005180306871
20.8939122402106 -0.33293863702976
20.9112771101487 -0.362540213278624
20.9286419800869 -0.391780401558495
20.9460068500251 -0.420630054613786
20.9633717199633 -0.449060414482922
20.9807365899015 -0.477043141164893
20.9981014598397 -0.504550340869175
21.0154663297779 -0.5315545938209
21.0328311997161 -0.55802898159344
21.0501960696543 -0.583947113941307
21.0675609395925 -0.609283155106517
21.0849258095307 -0.63401184957224
21.1022906794688 -0.658108547238039
21.119655549407 -0.681549227991631
21.1370204193452 -0.704310525652671
21.1543852892834 -0.726369751264639
21.1717501592216 -0.747704915711709
21.1891150291598 -0.768294751637971
21.206479899098 -0.788118734647193
21.2238447690362 -0.807157103761986
21.2412096389744 -0.825390881121978
21.2585745089126 -0.842801890901349
21.2759393788508 -0.859372777426911
21.2933042487889 -0.875087022478593
21.3106691187271 -0.88992896175518
21.3280339886653 -0.903883800488824
21.3453988586035 -0.91693762819279
21.3627637285417 -0.929077432527729
21.3801285984799 -0.940291112272674
21.3974934684181 -0.950567489387782
21.4148583383563 -0.959896320156857
21.4322232082945 -0.968268305398507
21.4495880782327 -0.975675099735774
21.4669529481709 -0.982109319914981
21.484317818109 -0.987564552165524
21.5016826880472 -0.992035358593258
21.5190475579854 -0.995517282601106
21.5364124279236 -0.998006853331493
21.5537772978618 -0.999501589126174
21.5711421678 -1
21.5783501105407 -0.999501589126174
21.5855580532814 -0.998006853331493
21.5927659960221 -0.995517282601106
21.5999739387628 -0.992035358593258
21.6071818815035 -0.987564552165525
21.6143898242442 -0.982109319914979
21.6215977669849 -0.975675099735773
21.6288057097256 -0.968268305398508
21.6360136524663 -0.959896320156859
21.643221595207 -0.950567489387781
21.6504295379477 -0.940291112272675
21.6576374806884 -0.929077432527731
21.6648454234291 -0.916937628192791
21.6720533661699 -0.903883800488821
21.6792613089106 -0.88992896175518
21.6864692516513 -0.875087022478595
21.693677194392 -0.859372777426916
21.7008851371327 -0.842801890901348
21.7080930798734 -0.825390881121976
21.7153010226141 -0.807157103761987
21.7225089653548 -0.788118734647197
21.7297169080955 -0.768294751637968
21.7369248508362 -0.747704915711709
21.7441327935769 -0.726369751264642
21.7513407363176 -0.704310525652667
21.7585486790583 -0.681549227991632
21.765756621799 -0.658108547238038
21.7729645645397 -0.634011849572243
21.7801725072804 -0.609283155106511
21.7873804500211 -0.583947113941304
21.7945883927618 -0.558028981593441
21.8017963355025 -0.531554593820906
21.8090042782432 -0.504550340869172
21.8162122209839 -0.477043141164888
21.8234201637246 -0.449060414482922
21.8306281064653 -0.42063005461379
21.837836049206 -0.391780401558488
21.8450439919467 -0.362540213278624
21.8522519346874 -0.332938637029764
21.8594598774281 -0.30300518030688
21.8666678201688 -0.272769681430599
21.8738757629095 -0.242262279803783
21.8810837056503 -0.211513385867823
21.888291648391 -0.18055365078891
21.8954995911317 -0.149413935904257
21.9027075338724 -0.118125281958908
21.9099154766131 -0.0867188781635551
21.9171234193538 -0.0552260311045011
21.9243313620945 -0.023678133536621
21.9315393048352 0.0078933669097122
21.9387472475759 0.0394569990762476
21.9459551903166 0.0709812996480222
21.9531631330573 0.102434844516615
21.960371075798 0.133786280104477
21.9675790185387 0.165004354618793
21.9747869612794 0.196057949203984
21.9819949040201 0.226916108961592
21.9892028467608 0.257548073806894
21.9964107895015 0.28792330913116
22.0036187322422 0.318011536239243
22.0108266749829 0.347782762531983
22.0180346177236 0.377207311403573
22.0252425604643 0.406255851823782
22.032450503205 0.434899427575797
22.0396584459457 0.463109486120348
22.0468663886864 0.49085790705759
22.0540743314271 0.518117030158084
22.0612822741678 0.544859682935073
22.0684902169085 0.571059207730694
22.0756981596492 0.596689488288852
22.08290610239 0.621724975788501
22.0901140451307 0.646140714311212
22.0973219878714 0.669912365717854
22.1045299306121 0.693016233909328
22.1117378733528 0.715429288447376
22.1189458160935 0.73712918751178
22.1261537588342 0.758094300171244
22.1333617015749 0.778303727945526
22.1405696443156 0.797737325637523
22.1477775870563 0.8163757214144
22.154985529797 0.834200336117916
22.1621934725377 0.851193401784491
22.1694014152784 0.867337979356717
22.1766093580191 0.882617975568547
22.1838173007598 0.897018158987462
22.1910252435005 0.910524175197459
22.1982331862412 0.923122561107862
22.2054411289819 0.934800758373598
22.2126490717226 0.945547125913666
22.2198570144633 0.955350951515192
22.227064957204 0.964202462511613
22.2342728999447 0.972092835524257
22.2414808426854 0.979014205257714
22.2486887854261 0.984959672340112
22.2558967281668 0.989923310200557
22.2631046709075 0.993900170976888
22.2703126136482 0.996886290447793
22.2775205563889 0.998878691984444
22.2847284991296 0.999875389517657
22.2919364418704 0.999875389517657
22.2991443846111 0.998878691984444
22.3063523273518 0.996886290447793
22.3135602700925 0.993900170976888
22.3207682128332 0.989923310200558
22.3279761555739 0.984959672340112
22.3351840983146 0.979014205257714
22.3423920410553 0.972092835524257
22.349599983796 0.964202462511613
22.3568079265367 0.955350951515197
22.3640158692774 0.945547125913666
22.3712238120181 0.934800758373598
22.3784317547588 0.923122561107862
22.3856396974995 0.910524175197459
22.3928476402402 0.897018158987462
22.4000555829809 0.882617975568547
22.4072635257216 0.867337979356717
22.4144714684623 0.851193401784491
22.421679411203 0.834200336117916
22.4288873539437 0.8163757214144
22.4360952966844 0.797737325637523
22.4433032394251 0.778303727945526
22.4505111821658 0.758094300171244
22.4577191249065 0.737129187511781
22.4649270676472 0.715429288447376
22.4721350103879 0.693016233909328
22.4793429531286 0.669912365717854
22.4865508958693 0.646140714311212
22.49375883861 0.621724975788501
22.5009667813508 0.596689488288852
22.5081747240915 0.571059207730695
22.5153826668322 0.544859682935073
22.5225906095729 0.518117030158084
22.5297985523136 0.490857907057591
22.5370064950543 0.463109486120348
22.544214437795 0.434899427575797
22.5514223805357 0.406255851823782
22.5586303232764 0.377207311403573
22.5658382660171 0.347782762531983
22.5730462087578 0.318011536239243
22.5802541514985 0.287923309131161
22.5874620942392 0.257548073806894
22.5946700369799 0.226916108961592
22.6018779797206 0.196057949203983
22.6090859224613 0.165004354618794
22.616293865202 0.133786280104478
22.6235018079427 0.102434844516616
22.6307097506834 0.0709812996480224
22.6379176934241 0.0394569990762483
22.6451256361648 0.007893366909712
22.6523335789055 -0.0236781335366203
22.6595415216462 -0.0552260311045013
22.6667494643869 -0.0867188781635549
22.6739574071276 -0.118125281958908
22.6811653498683 -0.149413935904257
22.688373292609 -0.180553650788894
22.6955812353497 -0.211513385867823
22.7027891780905 -0.242262279803782
22.7099971208312 -0.272769681430599
22.7172050635719 -0.303005180306879
22.7244130063126 -0.332938637029764
22.7316209490533 -0.362540213278624
22.738828891794 -0.391780401558488
22.7460368345347 -0.42063005461379
22.7532447772754 -0.449060414482922
22.7604527200161 -0.477043141164888
22.7676606627568 -0.504550340869172
22.7748686054975 -0.531554593820906
22.7820765482382 -0.558028981593441
22.7892844909789 -0.583947113941304
22.7964924337196 -0.609283155106511
22.8037003764603 -0.634011849572242
22.810908319201 -0.658108547238038
22.8181162619417 -0.681549227991631
22.8253242046824 -0.704310525652667
22.8325321474231 -0.726369751264642
22.8397400901638 -0.747704915711709
22.8469480329045 -0.768294751637968
22.8541559756452 -0.788118734647196
22.8613639183859 -0.807157103761987
22.8685718611266 -0.825390881121976
22.8757798038673 -0.842801890901348
22.882987746608 -0.859372777426916
22.8901956893487 -0.875087022478595
22.8974036320894 -0.88992896175518
22.9046115748301 -0.903883800488821
22.9118195175709 -0.916937628192791
22.9190274603116 -0.929077432527731
22.9262354030523 -0.940291112272675
22.933443345793 -0.950567489387781
22.9406512885337 -0.959896320156858
22.9478592312744 -0.968268305398508
22.9550671740151 -0.975675099735773
22.9622751167558 -0.982109319914979
22.9694830594965 -0.987564552165525
22.9766910022372 -0.992035358593258
22.9838989449779 -0.995517282601106
22.9911068877186 -0.998006853331494
22.9983148304593 -0.999501589126174
23.0055227732 -1
23.0255955230834 -0.999501589126174
23.0456682729668 -0.998006853331493
23.0657410228503 -0.995517282601106
23.0858137727337 -0.992035358593258
23.1058865226171 -0.987564552165524
23.1259592725005 -0.98210931991498
23.1460320223839 -0.975675099735773
23.1661047722673 -0.968268305398508
23.1861775221508 -0.959896320156857
23.2062502720342 -0.950567489387784
23.2263230219176 -0.940291112272676
23.246395771801 -0.92907743252773
23.2664685216844 -0.91693762819279
23.2865412715678 -0.903883800488824
23.3066140214513 -0.88992896175518
23.3266867713347 -0.875087022478595
23.3467595212181 -0.859372777426912
23.3668322711015 -0.84280189090135
23.3869050209849 -0.825390881121977
23.4069777708683 -0.807157103761985
23.4270505207518 -0.788118734647191
23.4471232706352 -0.768294751637972
23.4671960205186 -0.747704915711709
23.487268770402 -0.726369751264638
23.5073415202854 -0.704310525652673
23.5274142701688 -0.681549227991633
23.5474870200523 -0.65810854723804
23.5675597699357 -0.634011849572239
23.5876325198191 -0.609283155106516
23.6077052697025 -0.583947113941308
23.6277780195859 -0.558028981593441
23.6478507694693 -0.5315545938209
23.6679235193528 -0.504550340869179
23.6879962692362 -0.47704314116489
23.7080690191196 -0.449060414482919
23.728141769003 -0.420630054613786
23.7482145188864 -0.391780401558493
23.7682872687698 -0.362540213278622
23.7883600186533 -0.332938637029763
23.8084327685367 -0.303005180306873
23.8285055184201 -0.272769681430601
23.8485782683035 -0.242262279803784
23.8686510181869 -0.211513385867818
23.8887237680704 -0.1805536507889
23.9087965179538 -0.149413935904262
23.9288692678372 -0.118125281958907
23.9489420177206 -0.0867188781635536
23.969014767604 -0.0552260311045088
23.9890875174874 -0.0236781335366228
24.0091602673709 0.00789336690971087
24.0292330172543 0.0394569990762523
24.0493057671377 0.0709812996480175
24.0693785170211 0.102434844516611
24.0894512669045 0.133786280104479
24.1095240167879 0.165004354618801
24.1295967666714 0.196057949203976
24.1496695165548 0.22691610896159
24.1697422664382 0.257548073806899
24.1898150163216 0.287923309131165
24.209887766205 0.318011536239239
24.2299605160884 0.347782762531985
24.2500332659719 0.377207311403575
24.2701060158553 0.40625585182379
24.2901787657387 0.434899427575795
24.3102515156221 0.463109486120347
24.3303242655055 0.490857907057595
24.3503970153889 0.518117030158075
24.3704697652724 0.54485968293507
24.3905425151558 0.571059207730696
24.4106152650392 0.596689488288854
24.4306880149226 0.621724975788495
24.450760764806 0.646140714311211
24.4708335146894 0.669912365717854
24.4909062645729 0.693016233909332
24.5109790144563 0.715429288447373
24.5310517643397 0.737129187511778
24.5511245142231 0.758094300171246
24.5711972641065 0.778303727945531
24.5912700139899 0.797737325637519
24.6113427638734 0.816375721414399
24.6314155137568 0.834200336117916
24.6514882636402 0.851193401784494
24.6715610135236 0.867337979356715
24.691633763407 0.882617975568546
24.7117065132905 0.897018158987463
24.7317792631739 0.910524175197463
24.7518520130573 0.92312256110786
24.7719247629407 0.934800758373598
24.7919975128241 0.945547125913668
24.8120702627075 0.955350951515194
24.832143012591 0.964202462511612
24.8522157624744 0.972092835524258
24.8722885123578 0.979014205257714
24.8923612622412 0.984959672340111
24.9124340121246 0.989923310200557
24.932506762008 0.993900170976888
24.9525795118915 0.996886290447793
24.9726522617749 0.998878691984444
24.9927250116583 0.999875389517657
25.0127977615417 0.999875389517657
25.0328705114251 0.998878691984444
25.0529432613085 0.996886290447793
25.073016011192 0.993900170976888
25.0930887610754 0.989923310200557
25.1131615109588 0.984959672340111
25.1332342608422 0.979014205257714
25.1533070107256 0.972092835524258
25.173379760609 0.964202462511612
25.1934525104925 0.955350951515194
25.2135252603759 0.945547125913668
25.2335980102593 0.934800758373598
25.2536707601427 0.92312256110786
25.2737435100261 0.910524175197463
25.2938162599095 0.897018158987463
25.313889009793 0.882617975568546
25.3339617596764 0.867337979356715
25.3540345095598 0.851193401784494
25.3741072594432 0.834200336117919
25.3941800093266 0.8163757214144
25.4142527592101 0.797737325637519
25.4343255090935 0.778303727945532
25.4543982589769 0.758094300171246
25.4744710088603 0.737129187511778
25.4945437587437 0.715429288447373
25.5146165086271 0.693016233909332
25.5346892585106 0.669912365717854
25.554762008394 0.646140714311211
25.5748347582774 0.621724975788495
25.5949075081608 0.596689488288854
25.6149802580442 0.571059207730696
25.6350530079276 0.54485968293507
25.6551257578111 0.518117030158076
25.6751985076945 0.490857907057595
25.6952712575779 0.463109486120348
25.7153440074613 0.434899427575796
25.7354167573447 0.40625585182379
25.7554895072281 0.377207311403576
25.7755622571116 0.347782762531985
25.795635006995 0.31801153623924
25.8157077568784 0.287923309131165
25.8357805067618 0.257548073806899
25.8558532566452 0.22691610896159
25.8759260065286 0.196057949203976
25.8959987564121 0.165004354618802
25.9160715062955 0.133786280104479
25.9361442561789 0.102434844516611
25.9562170060623 0.0709812996480171
25.9762897559457 0.0394569990762527
25.9963625058291 0.00789336690971111
26.0164352557126 -0.0236781335366221
26.036508005596 -0.0552260311045093
26.0565807554794 -0.0867188781635478
26.0766535053628 -0.118125281958907
26.0967262552462 -0.149413935904261
26.1167990051296 -0.180553650788905
26.1368717550131 -0.211513385867818
26.1569445048965 -0.242262279803785
26.1770172547799 -0.272769681430601
26.1970900046633 -0.303005180306872
26.2171627545467 -0.332938637029762
26.2372355044301 -0.362540213278622
26.2573082543136 -0.391780401558493
26.277381004197 -0.420630054613786
26.2974537540804 -0.449060414482918
26.3175265039638 -0.47704314116489
26.3375992538472 -0.504550340869179
26.3576720037307 -0.5315545938209
26.3777447536141 -0.558028981593441
26.3978175034975 -0.583947113941304
26.4178902533809 -0.609283155106516
26.4379630032643 -0.634011849572239
26.4580357531477 -0.658108547238039
26.4781085030312 -0.681549227991633
26.4981812529146 -0.704310525652673
26.518254002798 -0.726369751264638
26.5383267526814 -0.747704915711709
26.5583995025648 -0.768294751637971
26.5784722524482 -0.788118734647191
26.5985450023317 -0.807157103761985
26.6186177522151 -0.825390881121977
26.6386905020985 -0.842801890901349
26.6587632519819 -0.859372777426912
26.6788360018653 -0.875087022478595
26.6989087517487 -0.88992896175518
26.7189815016322 -0.903883800488824
26.7390542515156 -0.916937628192787
26.759127001399 -0.92907743252773
26.7791997512824 -0.940291112272676
26.7992725011658 -0.950567489387784
26.8193452510492 -0.959896320156857
26.8394180009327 -0.968268305398508
26.8594907508161 -0.975675099735773
26.8795635006995 -0.98210931991498
26.8996362505829 -0.987564552165524
26.9197090004663 -0.992035358593258
26.9397817503497 -0.995517282601106
26.9598545002332 -0.998006853331493
26.9799272501166 -0.999501589126174
27 -1
