0 -1
0.0184014010140704 -0.999501589126174
0.0368028020281407 -0.998006853331493
0.0552042030422111 -0.995517282601106
0.0736056040562814 -0.992035358593258
0.0920070050703518 -0.987564552165524
0.110408406084422 -0.98210931991498
0.128809807098492 -0.975675099735774
0.147211208112563 -0.968268305398507
0.165612609126633 -0.959896320156857
0.184014010140704 -0.950567489387783
0.202415411154774 -0.940291112272676
0.220816812168844 -0.929077432527731
0.239218213182915 -0.916937628192789
0.257619614196985 -0.903883800488824
0.276021015211055 -0.88992896175518
0.294422416225126 -0.875087022478594
0.312823817239196 -0.859372777426912
0.331225218253266 -0.842801890901351
0.349626619267337 -0.825390881121976
0.368028020281407 -0.807157103761985
0.386429421295477 -0.788118734647192
0.404830822309548 -0.768294751637971
0.423232223323618 -0.747704915711709
0.441633624337688 -0.726369751264639
0.460035025351759 -0.704310525652672
0.478436426365829 -0.681549227991634
0.496837827379899 -0.658108547238038
0.51523922839397 -0.634011849572239
0.53364062940804 -0.609283155106517
0.552042030422111 -0.583947113941306
0.570443431436181 -0.55802898159344
0.588844832450251 -0.531554593820901
0.607246233464322 -0.504550340869177
0.625647634478392 -0.47704314116489
0.644049035492462 -0.44906041448292
0.662450436506533 -0.420630054613784
0.680851837520603 -0.391780401558493
0.699253238534673 -0.362540213278625
0.717654639548744 -0.332938637029761
0.736056040562814 -0.303005180306873
0.754457441576884 -0.272769681430603
0.772858842590955 -0.242262279803783
0.791260243605025 -0.211513385867819
0.809661644619095 -0.180553650788902
0.828063045633166 -0.149413935904261
0.846464446647236 -0.118125281958908
0.864865847661307 -0.0867188781635507
0.883267248675377 -0.0552260311045082
0.901668649689447 -0.0236781335366241
0.920070050703518 0.00789336690971331
0.938471451717588 0.0394569990762527
0.956872852731658 0.0709812996480158
0.975274253745729 0.102434844516613
0.993675654759799 0.133786280104479
1.01207705577387 0.165004354618799
1.03047845678794 0.196057949203978
1.04887985780201 0.22691610896159
1.06728125881608 0.257548073806896
1.08568265983015 0.287923309131166
1.10408406084422 0.318011536239238
1.12248546185829 0.347782762531983
1.14088686287236 0.377207311403576
1.15928826388643 0.406255851823789
1.1776896649005 0.434899427575793
1.19609106591457 0.463109486120347
1.21449246692864 0.490857907057594
1.23289386794271 0.518117030158077
1.25129526895678 0.54485968293507
1.26969666997085 0.571059207730695
1.28809807098492 0.596689488288856
1.306499471999 0.621724975788495
1.32490087301307 0.64614071431121
1.34330227402714 0.669912365717855
1.36170367504121 0.693016233909331
1.38010507605528 0.715429288447371
1.39850647706935 0.737129187511779
1.41690787808342 0.758094300171245
1.43530927909749 0.77830372794553
1.45371068011156 0.797737325637519
1.47211208112563 0.816375721414399
1.4905134821397 0.834200336117917
1.50891488315377 0.851193401784495
1.52731628416784 0.867337979356715
1.54571768518191 0.882617975568547
1.56411908619598 0.897018158987464
1.58252048721005 0.910524175197462
1.60092188822412 0.923122561107861
1.61932328923819 0.934800758373598
1.63772469025226 0.945547125913667
1.65612609126633 0.955350951515195
1.6745274922804 0.964202462511612
1.69292889329447 0.972092835524257
1.71133029430854 0.979014205257715
1.72973169532261 0.984959672340111
1.74813309633668 0.989923310200557
1.76653449735075 0.993900170976888
1.78493589836482 0.996886290447793
1.80333729937889 0.998878691984444
1.82173870039296 0.999875389517657
1.84014010140704 0.999875389517657
1.85854150242111 0.998878691984444
1.87694290343518 0.996886290447793
1.89534430444925 0.993900170976888
1.91374570546332 0.989923310200557
1.93214710647739 0.984959672340111
1.95054850749146 0.979014205257715
1.96894990850553 0.972092835524257
1.9873513095196 0.964202462511612
2.00575271053367 0.955350951515195
2.02415411154774 0.945547125913667
2.04255551256181 0.934800758373598
2.06095691357588 0.923122561107861
2.07935831458995 0.910524175197462
2.09775971560402 0.897018158987464
2.11616111661809 0.882617975568547
2.13456251763216 0.867337979356715
2.15296391864623 0.851193401784495
2.1713653196603 0.834200336117918
2.18976672067437 0.816375721414399
2.20816812168844 0.79773732563752
2.22656952270251 0.77830372794553
2.24497092371658 0.758094300171245
2.26337232473065 0.73712918751178
2.28177372574472 0.715429288447371
2.30017512675879 0.693016233909332
2.31857652777286 0.669912365717855
2.33697792878693 0.64614071431121
2.355379329801 0.621724975788495
2.37378073081508 0.596689488288856
2.39218213182915 0.571059207730696
2.41058353284322 0.54485968293507
2.42898493385729 0.518117030158078
2.44738633487136 0.490857907057594
2.46578773588543 0.463109486120348
2.4841891368995 0.434899427575793
2.50259053791357 0.406255851823789
2.52099193892764 0.377207311403576
2.53939333994171 0.347782762531982
2.55779474095578 0.318011536239238
2.57619614196985 0.287923309131167
2.59459754298392 0.257548073806897
2.61299894399799 0.22691610896159
2.63140034501206 0.196057949203979
2.64980174602613 0.1650043546188
2.6682031470402 0.133786280104479
2.68660454805427 0.102434844516613
2.70500594906834 0.0709812996480153
2.72340735008241 0.0394569990762536
2.74180875109648 0.00789336690971378
2.76021015211055 -0.0236781335366239
2.77861155312462 -0.0552260311045084
2.79701295413869 -0.0867188781635496
2.81541435515276 -0.118125281958908
2.83381575616683 -0.14941393590426
2.8522171571809 -0.180553650788903
2.87061855819498 -0.211513385867818
2.88901995920904 -0.242262279803782
2.90742136022312 -0.272769681430603
2.92582276123719 -0.303005180306872
2.94422416225126 -0.332938637029761
2.96262556326533 -0.362540213278625
2.9810269642794 -0.391780401558493
2.99942836529347 -0.420630054613784
3.01782976630754 -0.44906041448292
3.03623116732161 -0.47704314116489
3.05463256833568 -0.504550340869178
3.07303396934975 -0.531554593820901
3.09143537036382 -0.558028981593439
3.10983677137789 -0.583947113941307
3.12823817239196 -0.609283155106517
3.14663957340603 -0.634011849572238
3.1650409744201 -0.658108547238037
3.18344237543417 -0.681549227991633
3.20184377644824 -0.704310525652672
3.22024517746231 -0.726369751264639
3.23864657847638 -0.747704915711709
3.25704797949045 -0.768294751637971
3.27544938050452 -0.788118734647193
3.29385078151859 -0.807157103761985
3.31225218253266 -0.825390881121976
3.33065358354673 -0.84280189090135
3.3490549845608 -0.859372777426912
3.36745638557487 -0.875087022478594
3.38585778658894 -0.88992896175518
3.40425918760302 -0.903883800488824
3.42266058861709 -0.916937628192789
3.44106198963116 -0.92907743252773
3.45946339064523 -0.940291112272676
3.4778647916593 -0.950567489387783
3.49626619267337 -0.959896320156857
3.51466759368744 -0.968268305398507
3.53306899470151 -0.975675099735774
3.55147039571558 -0.982109319914981
3.56987179672965 -0.987564552165524
3.58827319774372 -0.992035358593258
3.60667459875779 -0.995517282601106
3.62507599977186 -0.998006853331493
3.64347740078593 -0.999501589126174
3.6618788018 -1
3.67082429120452 -0.999501589126174
3.67976978060905 -0.998006853331493
3.68871527001357 -0.995517282601106
3.69766075941809 -0.992035358593258
3.70660624882261 -0.987564552165524
3.71555173822714 -0.98210931991498
3.72449722763166 -0.975675099735773
3.73344271703618 -0.968268305398507
3.7423882064407 -0.959896320156857
3.75133369584523 -0.950567489387783
3.76027918524975 -0.940291112272676
3.76922467465427 -0.92907743252773
3.77817016405879 -0.916937628192789
3.78711565346332 -0.903883800488824
3.79606114286784 -0.88992896175518
3.80500663227236 -0.875087022478594
3.81395212167688 -0.859372777426912
3.82289761108141 -0.842801890901351
3.83184310048593 -0.825390881121976
3.84078858989045 -0.807157103761985
3.84973407929497 -0.788118734647192
3.8586795686995 -0.768294751637971
3.86762505810402 -0.747704915711709
3.87657054750854 -0.72636975126464
3.88551603691307 -0.704310525652672
3.89446152631759 -0.681549227991634
3.90340701572211 -0.658108547238038
3.91235250512663 -0.634011849572238
3.92129799453116 -0.609283155106517
3.93024348393568 -0.583947113941307
3.9391889733402 -0.55802898159344
3.94813446274472 -0.531554593820902
3.95707995214925 -0.504550340869177
3.96602544155377 -0.47704314116489
3.97497093095829 -0.449060414482921
3.98391642036281 -0.420630054613784
3.99286190976734 -0.391780401558493
4.00180739917186 -0.362540213278624
4.01075288857638 -0.332938637029762
4.0196983779809 -0.303005180306873
4.02864386738543 -0.272769681430603
4.03758935678995 -0.242262279803782
4.04653484619447 -0.21151338586782
4.055480335599 -0.180553650788902
4.06442582500352 -0.14941393590426
4.07337131440804 -0.118125281958909
4.08231680381256 -0.0867188781635507
4.09126229321709 -0.0552260311045073
4.10020778262161 -0.0236781335366252
4.10915327202613 0.00789336690971309
4.11809876143065 0.0394569990762534
4.12704425083518 0.0709812996480144
4.1359897402397 0.102434844516613
4.14493522964422 0.13378628010448
4.15388071904874 0.165004354618798
4.16282620845327 0.196057949203977
4.17177169785779 0.22691610896159
4.18071718726231 0.257548073806898
4.18966267666683 0.287923309131166
4.19860816607136 0.318011536239238
4.20755365547588 0.347782762531983
4.2164991448804 0.377207311403575
4.22544463428492 0.406255851823789
4.23439012368945 0.434899427575794
4.24333561309397 0.463109486120347
4.25228110249849 0.490857907057593
4.26122659190302 0.518117030158078
4.27017208130754 0.544859682935069
4.27911757071206 0.571059207730694
4.28806306011658 0.596689488288856
4.29700854952111 0.621724975788496
4.30595403892563 0.646140714311209
4.31489952833015 0.669912365717855
4.32384501773467 0.693016233909332
4.3327905071392 0.71542928844737
4.34173599654372 0.737129187511779
4.35068148594824 0.758094300171246
4.35962697535276 0.778303727945529
4.36857246475729 0.797737325637519
4.37751795416181 0.816375721414399
4.38646344356633 0.834200336117917
4.39540893297085 0.851193401784494
4.40435442237538 0.867337979356715
4.4132999117799 0.882617975568548
4.42224540118442 0.897018158987463
4.43119089058894 0.910524175197462
4.44013637999347 0.923122561107861
4.44908186939799 0.934800758373598
4.45802735880251 0.945547125913667
4.46697284820704 0.955350951515195
4.47591833761156 0.964202462511611
4.48486382701608 0.972092835524257
4.4938093164206 0.979014205257715
4.50275480582513 0.98495967234011
4.51170029522965 0.989923310200557
4.52064578463417 0.993900170976888
4.52959127403869 0.996886290447793
4.53853676344322 0.998878691984444
4.54748225284774 0.999875389517657
4.55642774225226 0.999875389517657
4.56537323165678 0.998878691984444
4.57431872106131 0.996886290447793
4.58326421046583 0.993900170976888
4.59220969987035 0.989923310200557
4.60115518927487 0.984959672340111
4.6101006786794 0.979014205257714
4.61904616808392 0.972092835524257
4.62799165748844 0.964202462511612
4.63693714689296 0.955350951515195
4.64588263629749 0.945547125913668
4.65482812570201 0.934800758373599
4.66377361510653 0.923122561107861
4.67271910451105 0.910524175197463
4.68166459391558 0.897018158987464
4.6906100833201 0.882617975568547
4.69955557272462 0.867337979356714
4.70850106212915 0.851193401784495
4.71744655153367 0.834200336117918
4.72639204093819 0.816375721414398
4.73533753034271 0.79773732563752
4.74428301974724 0.77830372794553
4.75322850915176 0.758094300171245
4.76217399855628 0.737129187511778
4.7711194879608 0.715429288447372
4.78006497736533 0.693016233909332
4.78901046676985 0.669912365717857
4.79795595617437 0.646140714311211
4.80690144557889 0.621724975788495
4.81584693498342 0.596689488288855
4.82479242438794 0.571059207730696
4.83373791379246 0.54485968293507
4.84268340319699 0.518117030158077
4.85162889260151 0.490857907057595
4.86057438200603 0.463109486120348
4.86951987141055 0.434899427575792
4.87846536081508 0.406255851823787
4.8874108502196 0.377207311403576
4.89635633962412 0.347782762531982
4.90530182902864 0.31801153623924
4.91424731843317 0.287923309131167
4.92319280783769 0.257548073806896
4.93213829724221 0.226916108961589
4.94108378664673 0.19605794920398
4.95002927605126 0.1650043546188
4.95897476545578 0.133786280104478
4.9679202548603 0.102434844516614
4.97686574426482 0.0709812996480162
4.98581123366935 0.0394569990762518
4.99475672307387 0.00789336690971467
5.00370221247839 -0.0236781335366239
5.01264770188291 -0.0552260311045084
5.02159319128744 -0.0867188781635523
5.03053868069196 -0.118125281958907
5.03948417009648 -0.14941393590426
5.04842965950101 -0.180553650788903
5.05737514890553 -0.211513385867818
5.06632063831005 -0.242262279803783
5.07526612771457 -0.272769681430603
5.0842116171191 -0.303005180306871
5.09315710652362 -0.332938637029761
5.10210259592814 -0.362540213278626
5.11104808533266 -0.391780401558492
5.11999357473719 -0.420630054613784
5.12893906414171 -0.449060414482921
5.13788455354623 -0.477043141164891
5.14683004295075 -0.504550340869177
5.15577553235528 -0.531554593820901
5.1647210217598 -0.558028981593441
5.17366651116432 -0.583947113941305
5.18261200056884 -0.609283155106517
5.19155748997337 -0.634011849572239
5.20050297937789 -0.658108547238036
5.20944846878241 -0.681549227991633
5.21839395818693 -0.704310525652673
5.22733944759146 -0.726369751264639
5.23628493699598 -0.747704915711709
5.2452304264005 -0.768294751637971
5.25417591580503 -0.788118734647193
5.26312140520955 -0.807157103761985
5.27206689461407 -0.825390881121976
5.28101238401859 -0.842801890901351
5.28995787342312 -0.859372777426911
5.29890336282764 -0.875087022478594
5.30784885223216 -0.889928961755181
5.31679434163668 -0.903883800488823
5.32573983104121 -0.916937628192789
5.33468532044573 -0.92907743252773
5.34363080985025 -0.940291112272675
5.35257629925477 -0.950567489387783
5.3615217886593 -0.959896320156857
5.37046727806382 -0.968268305398507
5.37941276746834 -0.975675099735774
5.38835825687286 -0.98210931991498
5.39730374627739 -0.987564552165524
5.40624923568191 -0.992035358593258
5.41519472508643 -0.995517282601106
5.42414021449096 -0.998006853331493
5.43308570389548 -0.999501589126174
5.4420311933 -1
5.45899299964573 -0.999501589126174
5.47595480599146 -0.998006853331493
5.49291661233719 -0.995517282601106
5.50987841868291 -0.992035358593258
5.52684022502864 -0.987564552165524
5.54380203137437 -0.98210931991498
5.5607638377201 -0.975675099735773
5.57772564406583 -0.968268305398507
5.59468745041156 -0.959896320156857
5.61164925675729 -0.950567489387783
5.62861106310302 -0.940291112272675
5.64557286944874 -0.929077432527731
5.66253467579447 -0.916937628192789
5.6794964821402 -0.903883800488824
5.69645828848593 -0.88992896175518
5.71342009483166 -0.875087022478594
5.73038190117739 -0.859372777426912
5.74734370752312 -0.842801890901351
5.76430551386884 -0.825390881121976
5.78126732021457 -0.807157103761986
5.7982291265603 -0.788118734647192
5.81519093290603 -0.768294751637971
5.83215273925176 -0.747704915711709
5.84911454559749 -0.72636975126464
5.86607635194322 -0.704310525652672
5.88303815828894 -0.681549227991634
5.89999996463467 -0.658108547238037
5.9169617709804 -0.634011849572239
5.93392357732613 -0.609283155106517
5.95088538367186 -0.583947113941307
5.96784719001759 -0.55802898159344
5.98480899636332 -0.531554593820902
6.00177080270905 -0.504550340869177
6.01873260905477 -0.477043141164889
6.0356944154005 -0.44906041448292
6.05265622174623 -0.420630054613785
6.06961802809196 -0.391780401558493
6.08657983443769 -0.362540213278625
6.10354164078342 -0.332938637029761
6.12050344712915 -0.303005180306874
6.13746525347487 -0.272769681430603
6.1544270598206 -0.242262279803783
6.17138886616633 -0.211513385867819
6.18835067251206 -0.180553650788903
6.20531247885779 -0.149413935904261
6.22227428520352 -0.118125281958907
6.23923609154925 -0.0867188781635509
6.25619789789498 -0.0552260311045075
6.2731597042407 -0.0236781335366241
6.29012151058643 0.00789336690971375
6.30708331693216 0.0394569990762525
6.32404512327789 0.0709812996480164
6.34100692962362 0.102434844516613
6.35796873596935 0.133786280104479
6.37493054231508 0.165004354618799
6.3918923486608 0.196057949203978
6.40885415500653 0.22691610896159
6.42581596135226 0.257548073806897
6.44277776769799 0.287923309131166
6.45973957404372 0.318011536239239
6.47670138038945 0.347782762531982
6.49366318673518 0.377207311403576
6.5106249930809 0.406255851823788
6.52758679942663 0.434899427575793
6.54454860577236 0.463109486120347
6.56151041211809 0.490857907057594
6.57847221846382 0.518117030158077
6.59543402480955 0.54485968293507
6.61239583115528 0.571059207730694
6.62935763750101 0.596689488288856
6.64631944384673 0.621724975788494
6.66328125019246 0.64614071431121
6.68024305653819 0.669912365717856
6.69720486288392 0.693016233909332
6.71416666922965 0.715429288447371
6.73112847557538 0.737129187511779
6.74809028192111 0.758094300171246
6.76505208826683 0.77830372794553
6.78201389461256 0.79773732563752
6.79897570095829 0.816375721414399
6.81593750730402 0.834200336117918
6.83289931364975 0.851193401784495
6.84986111999548 0.867337979356714
6.86682292634121 0.882617975568547
6.88378473268694 0.897018158987464
6.90074653903266 0.910524175197462
6.91770834537839 0.92312256110786
6.93467015172412 0.934800758373598
6.95163195806985 0.945547125913667
6.96859376441558 0.955350951515195
6.98555557076131 0.964202462511612
7.00251737710704 0.972092835524257
7.01947918345276 0.979014205257715
7.03644098979849 0.98495967234011
7.05340279614422 0.989923310200557
7.07036460248995 0.993900170976888
7.08732640883568 0.996886290447793
7.10428821518141 0.998878691984444
7.12125002152714 0.999875389517657
7.13821182787286 0.999875389517657
7.15517363421859 0.998878691984444
7.17213544056432 0.996886290447793
7.18909724691005 0.993900170976888
7.20605905325578 0.989923310200557
7.22302085960151 0.984959672340111
7.23998266594724 0.979014205257715
7.25694447229297 0.972092835524257
7.27390627863869 0.964202462511612
7.29086808498442 0.955350951515195
7.30782989133015 0.945547125913667
7.32479169767588 0.934800758373598
7.34175350402161 0.923122561107861
7.35871531036734 0.910524175197462
7.37567711671307 0.897018158987464
7.39263892305879 0.882617975568547
7.40960072940452 0.867337979356714
7.42656253575025 0.851193401784495
7.44352434209598 0.834200336117918
7.46048614844171 0.816375721414399
7.47744795478744 0.797737325637519
7.49440976113317 0.77830372794553
7.51137156747889 0.758094300171246
7.52833337382462 0.737129187511779
7.54529518017035 0.715429288447371
7.56225698651608 0.693016233909332
7.57921879286181 0.669912365717856
7.59618059920754 0.64614071431121
7.61314240555327 0.621724975788495
7.630104211899 0.596689488288856
7.64706601824472 0.571059207730696
7.66402782459045 0.544859682935071
7.68098963093618 0.518117030158077
7.69795143728191 0.490857907057595
7.71491324362764 0.463109486120348
7.73187504997337 0.434899427575793
7.7488368563191 0.406255851823789
7.76579866266482 0.377207311403576
7.78276046901055 0.347782762531984
7.79972227535628 0.318011536239237
7.81668408170201 0.287923309131166
7.83364588804774 0.257548073806897
7.85060769439347 0.226916108961592
7.8675695007392 0.196057949203977
7.88453130708493 0.165004354618799
7.90149311343065 0.133786280104479
7.91845491977638 0.102434844516613
7.93541672612211 0.0709812996480162
7.95237853246784 0.0394569990762527
7.96934033881357 0.00789336690971378
7.9863021451593 -0.0236781335366239
8.00326395150503 -0.0552260311045093
8.02022575785075 -0.0867188781635505
8.03718756419648 -0.118125281958906
8.05414937054221 -0.149413935904262
8.07111117688794 -0.180553650788899
8.08807298323367 -0.211513385867818
8.1050347895794 -0.242262279803783
8.12199659592513 -0.272769681430604
8.13895840227086 -0.303005180306874
8.15592020861658 -0.332938637029761
8.17288201496231 -0.362540213278624
8.18984382130804 -0.391780401558495
8.20680562765377 -0.420630054613785
8.2237674339995 -0.44906041448292
8.24072924034523 -0.477043141164892
8.25769104669095 -0.504550340869175
8.27465285303668 -0.531554593820902
8.29161465938241 -0.558028981593439
8.30857646572814 -0.583947113941305
8.32553827207387 -0.609283155106517
8.3425000784196 -0.634011849572239
8.35946188476533 -0.658108547238037
8.37642369111106 -0.681549227991633
8.39338549745678 -0.704310525652671
8.41034730380251 -0.726369751264639
8.42730911014824 -0.747704915711708
8.44427091649397 -0.76829475163797
8.4612327228397 -0.788118734647193
8.47819452918543 -0.807157103761986
8.49515633553116 -0.825390881121976
8.51211814187688 -0.84280189090135
8.52907994822261 -0.859372777426913
8.54604175456834 -0.875087022478594
8.56300356091407 -0.88992896175518
8.5799653672598 -0.903883800488823
8.59692717360553 -0.916937628192789
8.61388897995126 -0.92907743252773
8.63085078629699 -0.940291112272675
8.64781259264272 -0.950567489387783
8.66477439898844 -0.959896320156857
8.68173620533417 -0.968268305398507
8.6986980116799 -0.975675099735773
8.71565981802563 -0.98210931991498
8.73262162437136 -0.987564552165524
8.74958343071709 -0.992035358593258
8.76654523706281 -0.995517282601106
8.78350704340854 -0.998006853331493
8.80046884975427 -0.999501589126174
8.8174306561 -1
8.82264888732261 -0.999501589126174
8.82786711854523 -0.998006853331494
8.83308534976784 -0.995517282601106
8.83830358099045 -0.992035358593257
8.84352181221307 -0.987564552165524
8.84874004343568 -0.98210931991498
8.85395827465829 -0.975675099735773
8.8591765058809 -0.968268305398508
8.86439473710352 -0.959896320156857
8.86961296832613 -0.950567489387781
8.87483119954874 -0.940291112272676
8.88004943077136 -0.92907743252773
8.88526766199397 -0.916937628192787
8.89048589321658 -0.903883800488825
8.8957041244392 -0.88992896175518
8.90092235566181 -0.875087022478591
8.90614058688442 -0.859372777426913
8.91135881810704 -0.84280189090135
8.91657704932965 -0.825390881121973
8.92179528055226 -0.807157103761986
8.92701351177488 -0.788118734647191
8.93223174299749 -0.768294751637974
8.9374499742201 -0.74770491571171
8.94266820544271 -0.726369751264638
8.94788643666533 -0.704310525652676
8.95310466788794 -0.681549227991635
8.95832289911055 -0.658108547238036
8.96354113033317 -0.634011849572242
8.96875936155578 -0.609283155106518
8.97397759277839 -0.583947113941304
8.97919582400101 -0.558028981593444
8.98441405522362 -0.531554593820902
8.98963228644623 -0.504550340869175
8.99485051766884 -0.477043141164893
9.00006874889146 -0.449060414482921
9.00528698011407 -0.420630054613781
9.01050521133668 -0.391780401558497
9.0157234425593 -0.362540213278625
9.02094167378191 -0.332938637029758
9.02615990500452 -0.303005180306876
9.03137813622714 -0.272769681430603
9.03659636744975 -0.24226227980378
9.04181459867236 -0.211513385867822
9.04703282989498 -0.180553650788902
9.05225106111759 -0.149413935904257
9.0574692923402 -0.118125281958911
9.06268752356281 -0.0867188781635501
9.06790575478543 -0.0552260311045039
9.07312398600804 -0.0236781335366268
9.07834221723065 0.0078933669097142
9.08356044845327 0.0394569990762574
9.08877867967588 0.0709812996480133
9.09399691089849 0.102434844516614
9.09921514212111 0.133786280104484
9.10443337334372 0.165004354618797
9.10965160456633 0.19605794920398
9.11486983578895 0.226916108961595
9.12008806701156 0.257548073806895
9.12530629823417 0.287923309131168
9.13052452945679 0.318011536239243
9.1357427606794 0.347782762531981
9.14096099190201 0.377207311403578
9.14617922312462 0.406255851823784
9.15139745434724 0.434899427575791
9.15661568556985 0.46310948612035
9.16183391679246 0.49085790705759
9.16705214801508 0.518117030158076
9.17227037923769 0.544859682935072
9.1774886104603 0.571059207730691
9.18270684168291 0.596689488288855
9.18792507290553 0.621724975788498
9.19314330412814 0.646140714311206
9.19836153535075 0.669912365717855
9.20357976657337 0.693016233909334
9.20879799779598 0.715429288447369
9.21401622901859 0.737129187511779
9.21923446024121 0.758094300171248
9.22445269146382 0.778303727945527
9.22967092268643 0.797737325637519
9.23488915390905 0.816375721414401
9.24010738513166 0.834200336117915
9.24532561635427 0.851193401784495
9.25054384757689 0.867337979356717
9.2557620787995 0.882617975568545
9.26098031002211 0.897018158987464
9.26619854124472 0.910524175197464
9.27141677246734 0.92312256110786
9.27663500368995 0.934800758373599
9.28185323491256 0.945547125913669
9.28707146613518 0.955350951515194
9.29228969735779 0.964202462511612
9.2975079285804 0.972092835524258
9.30272615980302 0.979014205257714
9.30794439102563 0.984959672340111
9.31316262224824 0.989923310200558
9.31838085347085 0.993900170976888
9.32359908469347 0.996886290447793
9.32881731591608 0.998878691984443
9.33403554713869 0.999875389517657
9.33925377836131 0.999875389517657
9.34447200958392 0.998878691984443
9.34969024080653 0.996886290447793
9.35490847202915 0.993900170976888
9.36012670325176 0.989923310200558
9.36534493447437 0.984959672340111
9.37056316569699 0.979014205257714
9.3757813969196 0.972092835524258
9.38099962814221 0.964202462511612
9.38621785936482 0.955350951515194
9.39143609058744 0.945547125913669
9.39665432181005 0.934800758373599
9.40187255303266 0.92312256110786
9.40709078425528 0.910524175197464
9.41230901547789 0.897018158987464
9.4175272467005 0.882617975568546
9.42274547792312 0.867337979356717
9.42796370914573 0.851193401784495
9.43318194036834 0.834200336117916
9.43840017159095 0.816375721414401
9.44361840281357 0.79773732563752
9.44883663403618 0.778303727945528
9.45405486525879 0.758094300171248
9.45927309648141 0.737129187511779
9.46449132770402 0.715429288447369
9.46970955892663 0.693016233909334
9.47492779014925 0.669912365717855
9.48014602137186 0.646140714311207
9.48536425259447 0.621724975788498
9.49058248381709 0.596689488288855
9.4958007150397 0.571059207730691
9.50101894626231 0.544859682935073
9.50623717748493 0.518117030158077
9.51145540870754 0.490857907057589
9.51667363993015 0.46310948612035
9.52189187115276 0.434899427575792
9.52711010237538 0.406255851823785
9.53232833359799 0.377207311403578
9.5375465648206 0.347782762531981
9.54276479604322 0.318011536239243
9.54798302726583 0.287923309131168
9.55320125848844 0.257548073806895
9.55841948971105 0.226916108961596
9.56363772093367 0.196057949203979
9.56885595215628 0.165004354618797
9.57407418337889 0.133786280104485
9.57929241460151 0.102434844516615
9.58451064582412 0.0709812996480136
9.58972887704673 0.0394569990762572
9.59494710826935 0.00789336690971467
9.60016533949196 -0.0236781335366265
9.60538357071457 -0.0552260311045039
9.61060180193719 -0.0867188781635496
9.6158200331598 -0.118125281958911
9.62103826438241 -0.149413935904257
9.62625649560503 -0.180553650788902
9.63147472682764 -0.211513385867822
9.63669295805025 -0.242262279803779
9.64191118927286 -0.272769681430603
9.64712942049548 -0.303005180306877
9.65234765171809 -0.332938637029758
9.6575658829407 -0.362540213278624
9.66278411416332 -0.391780401558497
9.66800234538593 -0.420630054613781
9.67322057660854 -0.44906041448292
9.67843880783116 -0.477043141164893
9.68365703905377 -0.504550340869175
9.68887527027638 -0.531554593820902
9.694093501499 -0.558028981593443
9.69931173272161 -0.583947113941304
9.70452996394422 -0.609283155106517
9.70974819516683 -0.634011849572242
9.71496642638945 -0.658108547238036
9.72018465761206 -0.681549227991635
9.72540288883467 -0.704310525652667
9.73062112005729 -0.726369751264638
9.7358393512799 -0.74770491571171
9.74105758250251 -0.768294751637974
9.74627581372513 -0.788118734647191
9.75149404494774 -0.807157103761986
9.75671227617035 -0.825390881121973
9.76193050739296 -0.842801890901349
9.76714873861558 -0.859372777426913
9.77236696983819 -0.875087022478591
9.7775852010608 -0.88992896175518
9.78280343228342 -0.903883800488824
9.78802166350603 -0.916937628192787
9.79323989472864 -0.92907743252773
9.79845812595126 -0.940291112272677
9.80367635717387 -0.950567489387781
9.80889458839648 -0.959896320156857
9.8141128196191 -0.968268305398508
9.81933105084171 -0.975675099735773
9.82454928206432 -0.98210931991498
9.82976751328694 -0.987564552165524
9.83498574450955 -0.992035358593257
9.84020397573216 -0.995517282601106
9.84542220695477 -0.998006853331494
9.85064043817739 -0.999501589126174
9.8558586694 -1
9.87127746807739 -0.999501589126174
9.88669626675477 -0.998006853331493
9.90211506543216 -0.995517282601106
9.91753386410955 -0.992035358593258
9.93295266278693 -0.987564552165524
9.94837146146432 -0.982109319914981
9.96379026014171 -0.975675099735774
9.97920905881909 -0.968268305398508
9.99462785749648 -0.959896320156857
10.0100466561739 -0.950567489387782
10.0254654548513 -0.940291112272676
10.0408842535286 -0.92907743252773
10.056303052206 -0.916937628192789
10.0717218508834 -0.903883800488823
10.0871406495608 -0.889928961755181
10.1025594482382 -0.875087022478594
10.1179782469156 -0.859372777426911
10.133397045593 -0.842801890901351
10.1488158442704 -0.825390881121976
10.1642346429477 -0.807157103761986
10.1796534416251 -0.788118734647192
10.1950722403025 -0.768294751637972
10.2104910389799 -0.747704915711709
10.2259098376573 -0.726369751264638
10.2413286363347 -0.704310525652672
10.2567474350121 -0.681549227991633
10.2721662336894 -0.658108547238038
10.2875850323668 -0.634011849572238
10.3030038310442 -0.609283155106518
10.3184226297216 -0.583947113941306
10.333841428399 -0.558028981593442
10.3492602270764 -0.531554593820901
10.3646790257538 -0.504550340869176
10.3800978244312 -0.47704314116489
10.3955166231085 -0.449060414482919
10.4109354217859 -0.420630054613785
10.4263542204633 -0.391780401558493
10.4417730191407 -0.362540213278626
10.4571918178181 -0.332938637029761
10.4726106164955 -0.303005180306874
10.4880294151729 -0.272769681430603
10.5034482138503 -0.242262279803782
10.5188670125276 -0.21151338586782
10.534285811205 -0.180553650788901
10.5497046098824 -0.149413935904262
10.5651234085598 -0.118125281958908
10.5805422072372 -0.0867188781635525
10.5959610059146 -0.0552260311045084
10.611379804592 -0.0236781335366223
10.6267986032693 0.00789336690971264
10.6422174019467 0.0394569990762538
10.6576362006241 0.0709812996480151
10.6730549993015 0.102434844516614
10.6884737979789 0.133786280104478
10.7038925966563 0.165004354618799
10.7193113953337 0.19605794920398
10.7347301940111 0.22691610896159
10.7501489926884 0.257548073806898
10.7655677913658 0.287923309131166
10.7809865900432 0.318011536239239
10.7964053887206 0.347782762531981
10.811824187398 0.377207311403576
10.8272429860754 0.406255851823787
10.8426617847528 0.434899427575793
10.8580805834302 0.463109486120349
10.8734993821075 0.490857907057593
10.8889181807849 0.518117030158078
10.9043369794623 0.544859682935069
10.9197557781397 0.571059207730695
10.9351745768171 0.596689488288855
10.9505933754945 0.621724975788495
10.9660121741719 0.646140714311208
10.9814309728492 0.669912365717855
10.9968497715266 0.693016233909333
11.012268570204 0.715429288447371
11.0276873688814 0.737129187511779
11.0431061675588 0.758094300171245
11.0585249662362 0.77830372794553
11.0739437649136 0.797737325637518
11.089362563591 0.816375721414399
11.1047813622683 0.834200336117918
11.1202001609457 0.851193401784494
11.1356189596231 0.867337979356715
11.1510377583005 0.882617975568546
11.1664565569779 0.897018158987464
11.1818753556553 0.910524175197462
11.1972941543327 0.923122561107861
11.2127129530101 0.934800758373599
11.2281317516874 0.945547125913667
11.2435505503648 0.955350951515195
11.2589693490422 0.964202462511611
11.2743881477196 0.972092835524257
11.289806946397 0.979014205257714
11.3052257450744 0.984959672340111
11.3206445437518 0.989923310200557
11.3360633424291 0.993900170976888
11.3514821411065 0.996886290447793
11.3669009397839 0.998878691984444
11.3823197384613 0.999875389517657
11.3977385371387 0.999875389517657
11.4131573358161 0.998878691984444
11.4285761344935 0.996886290447793
11.4439949331709 0.993900170976888
11.4594137318482 0.989923310200557
11.4748325305256 0.984959672340111
11.490251329203 0.979014205257714
11.5056701278804 0.972092835524257
11.5210889265578 0.964202462511612
11.5365077252352 0.955350951515195
11.5519265239126 0.945547125913667
11.5673453225899 0.934800758373599
11.5827641212673 0.923122561107861
11.5981829199447 0.910524175197462
11.6136017186221 0.897018158987464
11.6290205172995 0.882617975568547
11.6444393159769 0.867337979356715
11.6598581146543 0.851193401784494
11.6752769133317 0.834200336117919
11.690695712009 0.816375721414399
11.7061145106864 0.797737325637518
11.7215333093638 0.77830372794553
11.7369521080412 0.758094300171245
11.7523709067186 0.73712918751178
11.767789705396 0.715429288447371
11.7832085040734 0.693016233909333
11.7986273027508 0.669912365717855
11.8140461014281 0.646140714311211
11.8294649001055 0.621724975788495
11.8448836987829 0.596689488288855
11.8603024974603 0.571059207730695
11.8757212961377 0.54485968293507
11.8911400948151 0.518117030158079
11.9065588934925 0.490857907057594
11.9219776921699 0.463109486120346
11.9373964908472 0.434899427575793
11.9528152895246 0.406255851823791
11.968234088202 0.377207311403576
11.9836528868794 0.347782762531982
11.9990716855568 0.31801153623924
12.0144904842342 0.287923309131166
12.0299092829116 0.257548073806898
12.0453280815889 0.22691610896159
12.0607468802663 0.196057949203976
12.0761656789437 0.1650043546188
12.0915844776211 0.133786280104478
12.1070032762985 0.102434844516614
12.1224220749759 0.0709812996480153
12.1378408736533 0.0394569990762536
12.1532596723307 0.00789336690971289
12.168678471008 -0.0236781335366221
12.1840972696854 -0.0552260311045084
12.1995160683628 -0.0867188781635523
12.2149348670402 -0.118125281958907
12.2303536657176 -0.149413935904259
12.245772464395 -0.180553650788901
12.2611912630724 -0.211513385867819
12.2766100617497 -0.242262279803782
12.2920288604271 -0.272769681430603
12.3074476591045 -0.303005180306871
12.3228664577819 -0.332938637029761
12.3382852564593 -0.362540213278626
12.3537040551367 -0.391780401558492
12.3691228538141 -0.420630054613784
12.3845416524915 -0.449060414482919
12.3999604511688 -0.47704314116489
12.4153792498462 -0.504550340869179
12.4307980485236 -0.531554593820901
12.446216847201 -0.558028981593442
12.4616356458784 -0.583947113941305
12.4770544445558 -0.609283155106517
12.4924732432332 -0.63401184957224
12.5078920419106 -0.658108547238038
12.5233108405879 -0.681549227991633
12.5387296392653 -0.704310525652672
12.5541484379427 -0.72636975126464
12.5695672366201 -0.747704915711709
12.5849860352975 -0.768294751637969
12.6004048339749 -0.788118734647192
12.6158236326523 -0.807157103761986
12.6312424313296 -0.825390881121975
12.646661230007 -0.842801890901351
12.6620800286844 -0.859372777426911
12.6774988273618 -0.875087022478594
12.6929176260392 -0.889928961755181
12.7083364247166 -0.903883800488824
12.723755223394 -0.916937628192789
12.7391740220714 -0.92907743252773
12.7545928207487 -0.940291112272676
12.7700116194261 -0.950567489387782
12.7854304181035 -0.959896320156857
12.8008492167809 -0.968268305398507
12.8162680154583 -0.975675099735773
12.8316868141357 -0.982109319914981
12.8471056128131 -0.987564552165524
12.8625244114905 -0.992035358593258
12.8779432101678 -0.995517282601106
12.8933620088452 -0.998006853331493
12.9087808075226 -0.999501589126174
12.9241996062 -1
12.9318505027176 -0.999501589126174
12.9395013992352 -0.998006853331493
12.9471522957528 -0.995517282601106
12.9548031922704 -0.992035358593257
12.9624540887879 -0.987564552165524
12.9701049853055 -0.982109319914981
12.9777558818231 -0.975675099735773
12.9854067783407 -0.968268305398508
12.9930576748583 -0.959896320156856
13.0007085713759 -0.950567489387783
13.0083594678935 -0.940291112272677
13.0160103644111 -0.92907743252773
13.0236612609286 -0.91693762819279
13.0313121574462 -0.903883800488823
13.0389630539638 -0.889928961755181
13.0466139504814 -0.875087022478592
13.054264846999 -0.859372777426912
13.0619157435166 -0.842801890901352
13.0695666400342 -0.825390881121975
13.0772175365518 -0.807157103761986
13.0848684330693 -0.78811873464719
13.0925193295869 -0.76829475163797
13.1001702261045 -0.747704915711711
13.1078211226221 -0.726369751264638
13.1154720191397 -0.704310525652673
13.1231229156573 -0.681549227991632
13.1307738121749 -0.658108547238038
13.1384247086925 -0.634011849572241
13.1460756052101 -0.609283155106516
13.1537265017276 -0.583947113941307
13.1613773982452 -0.558028981593438
13.1690282947628 -0.531554593820902
13.1766791912804 -0.50455034086918
13.184330087798 -0.477043141164889
13.1919809843156 -0.449060414482922
13.1996318808332 -0.420630054613782
13.2072827773508 -0.391780401558494
13.2149336738683 -0.362540213278628
13.2225845703859 -0.33293863702976
13.2302354669035 -0.303005180306875
13.2378863634211 -0.272769681430601
13.2455372599387 -0.242262279803784
13.2531881564563 -0.211513385867815
13.2608390529739 -0.180553650788901
13.2684899494915 -0.149413935904263
13.276140846009 -0.118125281958906
13.2837917425266 -0.0867188781635518
13.2914426390442 -0.0552260311045048
13.2990935355618 -0.0236781335366237
13.3067444320794 0.00789336690971087
13.314395328597 0.0394569990762543
13.3220462251146 0.0709812996480147
13.3296971216322 0.102434844516616
13.3373480181497 0.133786280104479
13.3449989146673 0.165004354618796
13.3526498111849 0.19605794920398
13.3603007077025 0.226916108961589
13.3679516042201 0.257548073806899
13.3756025007377 0.287923309131166
13.3832533972553 0.318011536239235
13.3909042937729 0.347782762531984
13.3985551902905 0.377207311403574
13.406206086808 0.406255851823791
13.4138569833256 0.434899427575793
13.4215078798432 0.463109486120345
13.4291587763608 0.490857907057595
13.4368096728784 0.518117030158076
13.444460569396 0.544859682935072
13.4521114659136 0.571059207730694
13.4597623624312 0.596689488288859
13.4674132589487 0.621724975788496
13.4750641554663 0.646140714311208
13.4827150519839 0.669912365717857
13.4903659485015 0.693016233909331
13.4980168450191 0.715429288447373
13.5056677415367 0.737129187511779
13.5133186380543 0.758094300171244
13.5209695345719 0.778303727945531
13.5286204310894 0.797737325637519
13.536271327607 0.816375721414401
13.5439222241246 0.834200336117917
13.5515731206422 0.851193401784493
13.5592240171598 0.867337979356715
13.5668749136774 0.882617975568546
13.574525810195 0.897018158987465
13.5821767067126 0.910524175197462
13.5898276032301 0.92312256110786
13.5974784997477 0.934800758373599
13.6051293962653 0.945547125913667
13.6127802927829 0.955350951515196
13.6204311893005 0.964202462511612
13.6280820858181 0.972092835524256
13.6357329823357 0.979014205257715
13.6433838788533 0.98495967234011
13.6510347753709 0.989923310200557
13.6586856718884 0.993900170976888
13.666336568406 0.996886290447793
13.6739874649236 0.998878691984444
13.6816383614412 0.999875389517657
13.6892892579588 0.999875389517657
13.6969401544764 0.998878691984444
13.704591050994 0.996886290447793
13.7122419475116 0.993900170976888
13.7198928440291 0.989923310200557
13.7275437405467 0.98495967234011
13.7351946370643 0.979014205257715
13.7428455335819 0.972092835524256
13.7504964300995 0.964202462511612
13.7581473266171 0.955350951515196
13.7657982231347 0.945547125913667
13.7734491196523 0.934800758373599
13.7811000161698 0.92312256110786
13.7887509126874 0.910524175197462
13.796401809205 0.897018158987465
13.8040527057226 0.882617975568546
13.8117036022402 0.867337979356716
13.8193544987578 0.851193401784493
13.8270053952754 0.834200336117918
13.834656291793 0.816375721414401
13.8423071883106 0.797737325637519
13.8499580848281 0.778303727945531
13.8576089813457 0.758094300171244
13.8652598778633 0.737129187511779
13.8729107743809 0.715429288447369
13.8805616708985 0.693016233909331
13.8882125674161 0.669912365717857
13.8958634639337 0.646140714311208
13.9035143604513 0.621724975788496
13.9111652569688 0.596689488288854
13.9188161534864 0.571059207730694
13.926467050004 0.544859682935073
13.9341179465216 0.518117030158076
13.9417688430392 0.490857907057595
13.9494197395568 0.463109486120345
13.9570706360744 0.434899427575792
13.964721532592 0.406255851823791
13.9723724291095 0.377207311403575
13.9800233256271 0.347782762531984
13.9876742221447 0.318011536239235
13.9953251186623 0.287923309131167
14.0029760151799 0.2575480738069
14.0106269116975 0.226916108961589
14.0182778082151 0.19605794920398
14.0259287047327 0.165004354618797
14.0335796012503 0.133786280104479
14.0412304977678 0.102434844516617
14.0488813942854 0.0709812996480153
14.056532290803 0.0394569990762545
14.0641831873206 0.00789336690971111
14.0718340838382 -0.0236781335366239
14.0794849803558 -0.0552260311045048
14.0871358768734 -0.0867188781635514
14.094786773391 -0.118125281958906
14.1024376699085 -0.149413935904263
14.1100885664261 -0.180553650788901
14.1177394629437 -0.211513385867815
14.1253903594613 -0.242262279803784
14.1330412559789 -0.272769681430601
14.1406921524965 -0.303005180306875
14.1483430490141 -0.33293863702976
14.1559939455317 -0.362540213278627
14.1636448420492 -0.391780401558493
14.1712957385668 -0.420630054613782
14.1789466350844 -0.449060414482921
14.186597531602 -0.477043141164888
14.1942484281196 -0.50455034086918
14.2018993246372 -0.531554593820902
14.2095502211548 -0.558028981593438
14.2172011176724 -0.583947113941307
14.2248520141899 -0.609283155106516
14.2325029107075 -0.634011849572241
14.2401538072251 -0.658108547238037
14.2478047037427 -0.681549227991631
14.2554556002603 -0.704310525652673
14.2631064967779 -0.726369751264638
14.2707573932955 -0.747704915711711
14.2784082898131 -0.768294751637971
14.2860591863307 -0.788118734647195
14.2937100828482 -0.807157103761986
14.3013609793658 -0.825390881121975
14.3090118758834 -0.842801890901352
14.316662772401 -0.859372777426911
14.3243136689186 -0.875087022478592
14.3319645654362 -0.889928961755181
14.3396154619538 -0.903883800488822
14.3472663584714 -0.91693762819279
14.3549172549889 -0.92907743252773
14.3625681515065 -0.940291112272677
14.3702190480241 -0.950567489387783
14.3778699445417 -0.959896320156856
14.3855208410593 -0.968268305398508
14.3931717375769 -0.975675099735773
14.4008226340945 -0.98210931991498
14.4084735306121 -0.987564552165524
14.4161244271296 -0.992035358593257
14.4237753236472 -0.995517282601106
14.4314262201648 -0.998006853331493
14.4390771166824 -0.999501589126174
14.4467280132 -1
14.4639109553281 -0.999501589126174
14.4810938974563 -0.998006853331493
14.4982768395844 -0.995517282601106
14.5154597817126 -0.992035358593258
14.5326427238407 -0.987564552165524
14.5498256659688 -0.982109319914981
14.567008608097 -0.975675099735774
14.5841915502251 -0.968268305398508
14.6013744923533 -0.959896320156857
14.6185574344814 -0.950567489387783
14.6357403766095 -0.940291112272676
14.6529233187377 -0.92907743252773
14.6701062608658 -0.916937628192789
14.687289202994 -0.903883800488823
14.7044721451221 -0.88992896175518
14.7216550872503 -0.875087022478593
14.7388380293784 -0.859372777426911
14.7560209715065 -0.842801890901351
14.7732039136347 -0.825390881121977
14.7903868557628 -0.807157103761986
14.807569797891 -0.788118734647193
14.8247527400191 -0.768294751637971
14.8419356821472 -0.747704915711709
14.8591186242754 -0.726369751264639
14.8763015664035 -0.704310525652672
14.8934845085317 -0.681549227991633
14.9106674506598 -0.658108547238037
14.9278503927879 -0.634011849572238
14.9450333349161 -0.609283155106515
14.9622162770442 -0.583947113941307
14.9793992191724 -0.558028981593441
14.9965821613005 -0.531554593820902
15.0137651034286 -0.504550340869178
15.0309480455568 -0.47704314116489
15.0481309876849 -0.44906041448292
15.0653139298131 -0.420630054613784
15.0824968719412 -0.391780401558493
15.0996798140693 -0.362540213278624
15.1168627561975 -0.33293863702976
15.1340456983256 -0.303005180306871
15.1512286404538 -0.272769681430601
15.1684115825819 -0.242262279803785
15.18559452471 -0.21151338586782
15.2027774668382 -0.180553650788903
15.2199604089663 -0.149413935904262
15.2371433510945 -0.118125281958908
15.2543262932226 -0.0867188781635509
15.2715092353508 -0.0552260311045077
15.2886921774789 -0.0236781335366232
15.305875119607 0.0078933669097142
15.3230580617352 0.039456999076254
15.3402410038633 0.0709812996480173
15.3574239459915 0.102434844516612
15.3746068881196 0.133786280104478
15.3917898302477 0.165004354618798
15.4089727723759 0.196057949203977
15.426155714504 0.22691610896159
15.4433386566322 0.257548073806896
15.4605215987603 0.287923309131166
15.4777045408884 0.318011536239239
15.4948874830166 0.347782762531983
15.5120704251447 0.377207311403577
15.5292533672729 0.40625585182379
15.546436309401 0.434899427575794
15.5636192515291 0.463109486120349
15.5808021936573 0.490857907057593
15.5979851357854 0.518117030158077
15.6151680779136 0.54485968293507
15.6323510200417 0.571059207730694
15.6495339621698 0.596689488288856
15.666716904298 0.621724975788495
15.6838998464261 0.64614071431121
15.7010827885543 0.669912365717856
15.7182657306824 0.693016233909332
15.7354486728106 0.715429288447372
15.7526316149387 0.737129187511778
15.7698145570668 0.758094300171245
15.786997499195 0.778303727945529
15.8041804413231 0.797737325637519
15.8213633834513 0.816375721414399
15.8385463255794 0.834200336117917
15.8557292677075 0.851193401784495
15.8729122098357 0.867337979356715
15.8900951519638 0.882617975568547
15.907278094092 0.897018158987464
15.9244610362201 0.910524175197463
15.9416439783482 0.923122561107861
15.9588269204764 0.934800758373599
15.9760098626045 0.945547125913667
15.9931928047327 0.955350951515194
16.0103757468608 0.964202462511612
16.0275586889889 0.972092835524258
16.0447416311171 0.979014205257714
16.0619245732452 0.98495967234011
16.0791075153734 0.989923310200557
16.0962904575015 0.993900170976888
16.1134733996296 0.996886290447793
16.1306563417578 0.998878691984443
16.1478392838859 0.999875389517657
16.1650222260141 0.999875389517657
16.1822051681422 0.998878691984444
16.1993881102704 0.996886290447793
16.2165710523985 0.993900170976888
16.2337539945266 0.989923310200557
16.2509369366548 0.984959672340111
16.2681198787829 0.979014205257715
16.2853028209111 0.972092835524257
16.3024857630392 0.964202462511612
16.3196687051673 0.955350951515195
16.3368516472955 0.945547125913667
16.3540345894236 0.934800758373598
16.3712175315518 0.92312256110786
16.3884004736799 0.910524175197462
16.405583415808 0.897018158987463
16.4227663579362 0.882617975568546
16.4399493000643 0.867337979356713
16.4571322421925 0.851193401784493
16.4743151843206 0.834200336117919
16.4914981264487 0.816375721414401
16.5086810685769 0.797737325637521
16.525864010705 0.778303727945531
16.5430469528332 0.758094300171247
16.5602298949613 0.73712918751178
16.5774128370894 0.715429288447372
16.5945957792176 0.693016233909333
16.6117787213457 0.669912365717856
16.6289616634739 0.64614071431121
16.646144605602 0.621724975788495
16.6633275477302 0.596689488288856
16.6805104898583 0.571059207730694
16.6976934319864 0.54485968293507
16.7148763741146 0.518117030158077
16.7320593162427 0.490857907057593
16.7492422583709 0.463109486120347
16.766425200499 0.434899427575792
16.7836081426271 0.406255851823787
16.8007910847553 0.377207311403574
16.8179740268834 0.34778276253198
16.8351569690116 0.318011536239242
16.8523399111397 0.287923309131163
16.8695228532678 0.2575480738069
16.886705795396 0.226916108961587
16.9038887375241 0.196057949203981
16.9210716796523 0.165004354618802
16.9382546217804 0.133786280104482
16.9554375639085 0.102434844516616
16.9726205060367 0.0709812996480171
16.9898034481648 0.0394569990762536
17.006986390293 0.00789336690971467
17.0241693324211 -0.0236781335366239
17.0413522745492 -0.0552260311045075
17.0585352166774 -0.0867188781635505
17.0757181588055 -0.118125281958908
17.0929011009337 -0.149413935904261
17.1100840430618 -0.180553650788902
17.12726698519 -0.21151338586782
17.1444499273181 -0.242262279803784
17.1616328694462 -0.272769681430605
17.1788158115744 -0.303005180306874
17.1959987537025 -0.332938637029764
17.2131816958307 -0.362540213278626
17.2303646379588 -0.391780401558495
17.2475475800869 -0.420630054613787
17.2647305222151 -0.449060414482917
17.2819134643432 -0.477043141164886
17.2990964064714 -0.504550340869175
17.3162793485995 -0.531554593820899
17.3334622907276 -0.558028981593439
17.3506452328558 -0.583947113941304
17.3678281749839 -0.609283155106516
17.3850111171121 -0.634011849572238
17.4021940592402 -0.658108547238037
17.4193770013683 -0.681549227991633
17.4365599434965 -0.704310525652672
17.4537428856246 -0.726369751264639
17.4709258277528 -0.747704915711709
17.4881087698809 -0.768294751637971
17.505291712009 -0.788118734647193
17.5224746541372 -0.807157103761986
17.5396575962653 -0.825390881121977
17.5568405383935 -0.842801890901351
17.5740234805216 -0.859372777426913
17.5912064226498 -0.875087022478595
17.6083893647779 -0.889928961755181
17.625572306906 -0.903883800488825
17.6427552490342 -0.91693762819279
17.6599381911623 -0.929077432527729
17.6771211332905 -0.940291112272674
17.6943040754186 -0.950567489387782
17.7114870175467 -0.959896320156856
17.7286699596749 -0.968268305398507
17.745852901803 -0.975675099735773
17.7630358439312 -0.98210931991498
17.7802187860593 -0.987564552165523
17.7974017281874 -0.992035358593258
17.8145846703156 -0.995517282601106
17.8317676124437 -0.998006853331493
17.8489505545719 -0.999501589126174
17.8661334967 -1
17.8731590894613 -0.999501589126174
17.8801846822226 -0.998006853331493
17.8872102749839 -0.995517282601106
17.8942358677452 -0.992035358593258
17.9012614605065 -0.987564552165523
17.9082870532678 -0.98210931991498
17.9153126460291 -0.975675099735774
17.9223382387905 -0.968268305398509
17.9293638315518 -0.959896320156856
17.9363894243131 -0.950567489387783
17.9434150170744 -0.940291112272678
17.9504406098357 -0.929077432527729
17.957466202597 -0.916937628192789
17.9644917953583 -0.903883800488826
17.9715173881196 -0.889928961755177
17.9785429808809 -0.875087022478593
17.9855685736422 -0.859372777426914
17.9925941664035 -0.842801890901346
17.9996197591648 -0.825390881121975
18.0066453519261 -0.807157103761987
18.0136709446874 -0.788118734647197
18.0206965374487 -0.768294751637968
18.0277221302101 -0.74770491571171
18.0347477229714 -0.726369751264643
18.0417733157327 -0.704310525652668
18.048798908494 -0.681549227991633
18.0558245012553 -0.658108547238041
18.0628500940166 -0.634011849572234
18.0698756867779 -0.609283155106515
18.0769012795392 -0.583947113941309
18.0839268723005 -0.558028981593447
18.0909524650618 -0.531554593820899
18.0979780578231 -0.504550340869179
18.1050036505844 -0.477043141164896
18.1120292433457 -0.449060414482916
18.119054836107 -0.420630054613785
18.1260804288683 -0.391780401558498
18.1331060216297 -0.362540213278619
18.140131614391 -0.33293863702976
18.1471572071523 -0.303005180306877
18.1541827999136 -0.272769681430597
18.1612083926749 -0.242262279803781
18.1682339854362 -0.211513385867822
18.1752595781975 -0.18055365078891
18.1822851709588 -0.149413935904258
18.1893107637201 -0.11812528195891
18.1963363564814 -0.0867188781635574
18.2033619492427 -0.0552260311045035
18.210387542004 -0.0236781335366243
18.2174131347653 0.00789336690970798
18.2244387275266 0.0394569990762587
18.2314643202879 0.0709812996480169
18.2384899130492 0.102434844516609
18.2455155058106 0.133786280104486
18.2525410985719 0.165004354618801
18.2595666913332 0.196057949203975
18.2665922840945 0.226916108961583
18.2736178768558 0.2575480738069
18.2806434696171 0.287923309131165
18.2876690623784 0.318011536239232
18.2946946551397 0.347782762531987
18.301720247901 0.377207311403576
18.3087458406623 0.406255851823785
18.3157714334236 0.434899427575799
18.3227970261849 0.463109486120349
18.3298226189462 0.49085790705759
18.3368482117075 0.518117030158084
18.3438738044688 0.544859682935072
18.3508993972302 0.571059207730693
18.3579249899915 0.59668948828885
18.3649505827528 0.621724975788498
18.3719761755141 0.646140714311209
18.3790017682754 0.669912365717851
18.3860273610367 0.693016233909335
18.393052953798 0.715429288447372
18.4000785465593 0.737129187511776
18.4071041393206 0.758094300171249
18.4141297320819 0.778303727945531
18.4211553248432 0.797737325637517
18.4281809176045 0.816375721414403
18.4352065103658 0.834200336117919
18.4422321031271 0.851193401784493
18.4492576958884 0.867337979356711
18.4562832886498 0.882617975568549
18.4633088814111 0.897018158987463
18.4703344741724 0.91052417519746
18.4773600669337 0.923122561107863
18.484385659695 0.934800758373598
18.4914112524563 0.945547125913666
18.4984368452176 0.955350951515197
18.5054624379789 0.964202462511612
18.5124880307402 0.972092835524256
18.5195136235015 0.979014205257716
18.5265392162628 0.984959672340111
18.5335648090241 0.989923310200557
18.5405904017854 0.993900170976887
18.5476159945467 0.996886290447794
18.554641587308 0.998878691984444
18.5616671800693 0.999875389517657
18.5686927728307 0.999875389517657
18.575718365592 0.998878691984444
18.5827439583533 0.996886290447794
18.5897695511146 0.993900170976887
18.5967951438759 0.989923310200557
18.6038207366372 0.984959672340111
18.6108463293985 0.979014205257716
18.6178719221598 0.972092835524256
18.6248975149211 0.964202462511612
18.6319231076824 0.955350951515197
18.6389487004437 0.945547125913666
18.645974293205 0.934800758373598
18.6529998859663 0.923122561107863
18.6600254787276 0.91052417519746
18.6670510714889 0.897018158987463
18.6740766642503 0.882617975568549
18.6811022570116 0.867337979356711
18.6881278497729 0.851193401784493
18.6951534425342 0.834200336117919
18.7021790352955 0.816375721414394
18.7092046280568 0.797737325637517
18.7162302208181 0.778303727945531
18.7232558135794 0.75809430017125
18.7302814063407 0.737129187511776
18.737306999102 0.715429288447372
18.7443325918633 0.693016233909335
18.7513581846246 0.669912365717851
18.7583837773859 0.646140714311209
18.7654093701472 0.621724975788498
18.7724349629085 0.59668948828885
18.7794605556698 0.571059207730693
18.7864861484312 0.544859682935073
18.7935117411925 0.518117030158084
18.8005373339538 0.490857907057591
18.8075629267151 0.463109486120349
18.8145885194764 0.434899427575799
18.8216141122377 0.406255851823785
18.828639704999 0.377207311403576
18.8356652977603 0.347782762531987
18.8426908905216 0.318011536239233
18.8497164832829 0.287923309131165
18.8567420760442 0.2575480738069
18.8637676688055 0.226916108961584
18.8707932615668 0.196057949203975
18.8778188543281 0.165004354618802
18.8848444470894 0.133786280104486
18.8918700398508 0.10243484451661
18.8988956326121 0.0709812996480171
18.9059212253734 0.0394569990762589
18.9129468181347 0.00789336690970845
18.919972410896 -0.0236781335366247
18.9269980036573 -0.055226031104503
18.9340235964186 -0.0867188781635567
18.9410491891799 -0.11812528195891
18.9480747819412 -0.149413935904257
18.9551003747025 -0.180553650788894
18.9621259674638 -0.211513385867822
18.9691515602251 -0.242262279803781
18.9761771529864 -0.272769681430596
18.9832027457477 -0.303005180306877
18.990228338509 -0.33293863702976
18.9972539312704 -0.362540213278619
19.0042795240317 -0.391780401558498
19.011305116793 -0.420630054613784
19.0183307095543 -0.449060414482916
19.0253563023156 -0.477043141164896
19.0323818950769 -0.504550340869178
19.0394074878382 -0.531554593820899
19.0464330805995 -0.558028981593447
19.0534586733608 -0.583947113941309
19.0604842661221 -0.609283155106515
19.0675098588834 -0.634011849572233
19.0745354516447 -0.658108547238041
19.081561044406 -0.681549227991633
19.0885866371673 -0.704310525652668
19.0956122299286 -0.726369751264643
19.1026378226899 -0.747704915711709
19.1096634154513 -0.768294751637968
19.1166890082126 -0.788118734647196
19.1237146009739 -0.807157103761987
19.1307401937352 -0.825390881121975
19.1377657864965 -0.842801890901346
19.1447913792578 -0.859372777426913
19.1518169720191 -0.875087022478593
19.1588425647804 -0.889928961755177
19.1658681575417 -0.903883800488825
19.172893750303 -0.916937628192789
19.1799193430643 -0.929077432527729
19.1869449358256 -0.940291112272677
19.1939705285869 -0.950567489387783
19.2009961213482 -0.959896320156856
19.2080217141095 -0.968268305398509
19.2150473068709 -0.975675099735774
19.2220728996322 -0.98210931991498
19.2290984923935 -0.987564552165523
19.2361240851548 -0.992035358593258
19.2431496779161 -0.995517282601106
19.2501752706774 -0.998006853331493
19.2572008634387 -0.999501589126174
19.2642264562 -1
19.2834299568045 -0.999501589126174
19.302633457409 -0.998006853331493
19.3218369580136 -0.995517282601106
19.3410404586181 -0.992035358593258
19.3602439592226 -0.987564552165524
19.3794474598271 -0.982109319914981
19.3986509604317 -0.975675099735774
19.4178544610362 -0.968268305398507
19.4370579616407 -0.959896320156856
19.4562614622452 -0.950567489387782
19.4754649628497 -0.940291112272675
19.4946684634543 -0.92907743252773
19.5138719640588 -0.916937628192789
19.5330754646633 -0.903883800488823
19.5522789652678 -0.88992896175518
19.5714824658724 -0.875087022478594
19.5906859664769 -0.859372777426913
19.6098894670814 -0.842801890901351
19.6290929676859 -0.825390881121977
19.6482964682905 -0.807157103761987
19.667499968895 -0.788118734647194
19.6867034694995 -0.768294751637969
19.705906970104 -0.747704915711708
19.7251104707085 -0.726369751264638
19.7443139713131 -0.704310525652671
19.7635174719176 -0.681549227991633
19.7827209725221 -0.658108547238037
19.8019244731266 -0.634011849572239
19.8211279737312 -0.609283155106517
19.8403314743357 -0.583947113941307
19.8595349749402 -0.558028981593441
19.8787384755447 -0.531554593820903
19.8979419761492 -0.504550340869179
19.9171454767538 -0.477043141164892
19.9363489773583 -0.449060414482923
19.9555524779628 -0.420630054613787
19.9747559785673 -0.391780401558491
19.9939594791719 -0.362540213278623
20.0131629797764 -0.33293863702976
20.0323664803809 -0.303005180306872
20.0515699809854 -0.272769681430602
20.0707734815899 -0.242262279803783
20.0899769821945 -0.211513385867819
20.109180482799 -0.180553650788903
20.1283839834035 -0.149413935904262
20.147587484008 -0.118125281958909
20.1667909846126 -0.0867188781635527
20.1859944852171 -0.0552260311045104
20.2051979858216 -0.0236781335366268
20.2244014864261 0.00789336690971598
20.2436049870307 0.0394569990762549
20.2628084876352 0.0709812996480178
20.2820119882397 0.102434844516615
20.3012154888442 0.13378628010448
20.3204189894487 0.1650043546188
20.3396224900533 0.196057949203978
20.3588259906578 0.22691610896159
20.3780294912623 0.257548073806896
20.3972329918668 0.287923309131166
20.4164364924714 0.318011536239237
20.4356399930759 0.347782762531981
20.4548434936804 0.377207311403574
20.4740469942849 0.406255851823787
20.4932504948894 0.43489942757579
20.512453995494 0.46310948612035
20.5316574960985 0.490857907057595
20.550860996703 0.518117030158079
20.5700644973075 0.544859682935072
20.5892679979121 0.571059207730695
20.6084714985166 0.596689488288856
20.6276749991211 0.621724975788495
20.6468784997256 0.64614071431121
20.6660820003301 0.669912365717854
20.6852855009347 0.693016233909331
20.7044890015392 0.71542928844737
20.7236925021437 0.737129187511778
20.7428960027482 0.758094300171244
20.7620995033528 0.778303727945532
20.7813030039573 0.797737325637517
20.8005065045618 0.8163757214144
20.8197100051663 0.834200336117918
20.8389135057709 0.851193401784495
20.8581170063754 0.867337979356715
20.8773205069799 0.882617975568547
20.8965240075844 0.897018158987464
20.9157275081889 0.910524175197462
20.9349310087935 0.92312256110786
20.954134509398 0.934800758373598
20.9733380100025 0.945547125913667
20.992541510607 0.955350951515194
21.0117450112116 0.964202462511611
21.0309485118161 0.972092835524256
21.0501520124206 0.979014205257715
21.0693555130251 0.984959672340111
21.0885590136296 0.989923310200557
21.1077625142342 0.993900170976888
21.1269660148387 0.996886290447793
21.1461695154432 0.998878691984444
21.1653730160477 0.999875389517657
21.1845765166523 0.999875389517657
21.2037800172568 0.998878691984444
21.2229835178613 0.996886290447793
21.2421870184658 0.993900170976888
21.2613905190703 0.989923310200557
21.2805940196749 0.984959672340111
21.2997975202794 0.979014205257714
21.3190010208839 0.972092835524258
21.3382045214884 0.964202462511611
21.357408022093 0.955350951515194
21.3766115226975 0.945547125913667
21.395815023302 0.934800758373598
21.4150185239065 0.92312256110786
21.4342220245111 0.910524175197462
21.4534255251156 0.897018158987464
21.4726290257201 0.882617975568547
21.4918325263246 0.867337979356715
21.5110360269291 0.851193401784496
21.5302395275337 0.834200336117919
21.5494430281382 0.816375721414401
21.5686465287427 0.797737325637521
21.5878500293472 0.778303727945528
21.6070535299518 0.758094300171244
21.6262570305563 0.737129187511778
21.6454605311608 0.71542928844737
21.6646640317653 0.693016233909331
21.6838675323698 0.669912365717854
21.7030710329744 0.646140714311209
21.7222745335789 0.621724975788495
21.7414780341834 0.596689488288856
21.7606815347879 0.571059207730696
21.7798850353925 0.544859682935072
21.799088535997 0.518117030158079
21.8182920366015 0.490857907057595
21.837495537206 0.463109486120345
21.8566990378106 0.434899427575796
21.8759025384151 0.406255851823786
21.8951060390196 0.377207311403574
21.9143095396241 0.347782762531982
21.9335130402286 0.318011536239237
21.9527165408332 0.287923309131166
21.9719200414377 0.257548073806896
21.9911235420422 0.22691610896159
22.0103270426467 0.196057949203978
22.0295305432513 0.1650043546188
22.0487340438558 0.13378628010448
22.0679375444603 0.102434844516616
22.0871410450648 0.070981299648018
22.1063445456693 0.0394569990762554
22.1255480462739 0.00789336690971111
22.1447515468784 -0.0236781335366203
22.1639550474829 -0.0552260311045101
22.1831585480874 -0.0867188781635523
22.202362048692 -0.11812528195891
22.2215655492965 -0.149413935904262
22.240769049901 -0.180553650788902
22.2599725505055 -0.211513385867818
22.27917605111 -0.242262279803783
22.2983795517146 -0.272769681430602
22.3175830523191 -0.303005180306871
22.3367865529236 -0.332938637029759
22.3559900535281 -0.362540213278623
22.3751935541327 -0.391780401558496
22.3943970547372 -0.420630054613781
22.4136005553417 -0.449060414482923
22.4328040559462 -0.477043141164886
22.4520075565508 -0.504550340869178
22.4712110571553 -0.531554593820902
22.4904145577598 -0.558028981593441
22.5096180583643 -0.583947113941307
22.5288215589688 -0.609283155106517
22.5480250595734 -0.634011849572239
22.5672285601779 -0.658108547238037
22.5864320607824 -0.681549227991633
22.6056355613869 -0.704310525652671
22.6248390619915 -0.726369751264638
22.644042562596 -0.747704915711707
22.6632460632005 -0.768294751637972
22.682449563805 -0.78811873464719
22.7016530644095 -0.807157103761987
22.7208565650141 -0.825390881121977
22.7400600656186 -0.842801890901351
22.7592635662231 -0.859372777426912
22.7784670668276 -0.875087022478594
22.7976705674322 -0.88992896175518
22.8168740680367 -0.903883800488824
22.8360775686412 -0.916937628192789
22.8552810692457 -0.92907743252773
22.8744845698502 -0.940291112272675
22.8936880704548 -0.950567489387782
22.9128915710593 -0.959896320156856
22.9320950716638 -0.968268305398506
22.9512985722683 -0.975675099735774
22.9705020728729 -0.98210931991498
22.9897055734774 -0.987564552165524
23.0089090740819 -0.992035358593258
23.0281125746864 -0.995517282601106
23.047316075291 -0.998006853331493
23.0665195758955 -0.999501589126174
23.0857230765 -1
23.1053928097839 -0.999501589126174
23.1250625430678 -0.998006853331493
23.1447322763518 -0.995517282601106
23.1644020096357 -0.992035358593258
23.1840717429196 -0.987564552165524
23.2037414762035 -0.98210931991498
23.2234112094874 -0.975675099735773
23.2430809427714 -0.968268305398507
23.2627506760553 -0.959896320156857
23.2824204093392 -0.950567489387783
23.3020901426231 -0.940291112272675
23.321759875907 -0.929077432527731
23.341429609191 -0.916937628192789
23.3610993424749 -0.903883800488824
23.3807690757588 -0.889928961755181
23.4004388090427 -0.875087022478595
23.4201085423266 -0.859372777426913
23.4397782756106 -0.842801890901349
23.4594480088945 -0.825390881121975
23.4791177421784 -0.807157103761984
23.4987874754623 -0.788118734647192
23.5184572087462 -0.76829475163797
23.5381269420301 -0.747704915711709
23.5577966753141 -0.72636975126464
23.577466408598 -0.704310525652673
23.5971361418819 -0.681549227991635
23.6168058751658 -0.658108547238039
23.6364756084497 -0.63401184957224
23.6561453417337 -0.609283155106519
23.6758150750176 -0.583947113941304
23.6954848083015 -0.558028981593439
23.7151545415854 -0.5315545938209
23.7348242748693 -0.504550340869177
23.7544940081533 -0.477043141164889
23.7741637414372 -0.44906041448292
23.7938334747211 -0.420630054613785
23.813503208005 -0.391780401558494
23.8331729412889 -0.362540213278626
23.8528426745729 -0.332938637029763
23.8725124078568 -0.303005180306875
23.8921821411407 -0.2727696814306
23.9118518744246 -0.242262279803781
23.9315216077085 -0.211513385867817
23.9511913409925 -0.180553650788901
23.9708610742764 -0.14941393590426
23.9905308075603 -0.118125281958908
24.0102005408442 -0.0867188781635509
24.0298702741281 -0.0552260311045086
24.0495400074121 -0.023678133536625
24.069209740696 0.00789336690971176
24.0888794739799 0.0394569990762505
24.1085492072638 0.0709812996480133
24.1282189405477 0.102434844516616
24.1478886738317 0.133786280104481
24.1675584071156 0.165004354618801
24.1872281403995 0.196057949203979
24.2068978736834 0.226916108961591
24.2265676069673 0.257548073806897
24.2462373402513 0.287923309131166
24.2659070735352 0.318011536239238
24.2855768068191 0.347782762531981
24.305246540103 0.377207311403574
24.3249162733869 0.406255851823787
24.3445860066709 0.434899427575791
24.3642557399548 0.46310948612035
24.3839254732387 0.490857907057595
24.4035952065226 0.518117030158079
24.4232649398065 0.544859682935071
24.4429346730905 0.571059207730695
24.4626044063744 0.596689488288856
24.4822741396583 0.621724975788495
24.5019438729422 0.646140714311209
24.5216136062261 0.669912365717854
24.54128333951 0.69301623390933
24.560953072794 0.71542928844737
24.5806228060779 0.737129187511781
24.6002925393618 0.758094300171247
24.6199622726457 0.778303727945531
24.6396320059296 0.79773732563752
24.6593017392136 0.8163757214144
24.6789714724975 0.834200336117918
24.6986412057814 0.851193401784495
24.7183109390653 0.867337979356714
24.7379806723492 0.882617975568546
24.7576504056332 0.897018158987463
24.7773201389171 0.910524175197461
24.796989872201 0.92312256110786
24.8166596054849 0.934800758373599
24.8363293387688 0.945547125913668
24.8559990720528 0.955350951515195
24.8756688053367 0.964202462511612
24.8953385386206 0.972092835524257
24.9150082719045 0.979014205257715
24.9346780051884 0.98495967234011
24.9543477384724 0.989923310200557
24.9740174717563 0.993900170976888
24.9936872050402 0.996886290447793
25.0133569383241 0.998878691984443
25.033026671608 0.999875389517657
25.052696404892 0.999875389517657
25.0723661381759 0.998878691984443
25.0920358714598 0.996886290447793
25.1117056047437 0.993900170976888
25.1313753380276 0.989923310200557
25.1510450713116 0.984959672340111
25.1707148045955 0.979014205257715
25.1903845378794 0.972092835524257
25.2100542711633 0.964202462511612
25.2297240044472 0.955350951515195
25.2493937377312 0.945547125913668
25.2690634710151 0.934800758373599
25.288733204299 0.92312256110786
25.3084029375829 0.910524175197461
25.3280726708668 0.897018158987463
25.3477424041508 0.882617975568546
25.3674121374347 0.867337979356714
25.3870818707186 0.851193401784495
25.4067516040025 0.834200336117918
25.4264213372864 0.8163757214144
25.4460910705704 0.79773732563752
25.4657608038543 0.778303727945531
25.4854305371382 0.758094300171247
25.5051002704221 0.737129187511777
25.524770003706 0.71542928844737
25.54443973699 0.693016233909331
25.5641094702739 0.669912365717854
25.5837792035578 0.646140714311209
25.6034489368417 0.621724975788495
25.6231186701256 0.596689488288856
25.6427884034095 0.571059207730696
25.6624581366935 0.544859682935072
25.6821278699774 0.518117030158079
25.7017976032613 0.490857907057596
25.7214673365452 0.46310948612035
25.7411370698291 0.434899427575796
25.7608068031131 0.406255851823787
25.780476536397 0.377207311403575
25.8001462696809 0.347782762531982
25.8198160029648 0.318011536239238
25.8394857362487 0.287923309131167
25.8591554695327 0.257548073806897
25.8788252028166 0.226916108961591
25.8984949361005 0.19605794920398
25.9181646693844 0.165004354618802
25.9378344026683 0.133786280104476
25.9575041359523 0.10243484451661
25.9771738692362 0.0709812996480136
25.9968436025201 0.0394569990762509
26.016513335804 0.007893366909712
26.0361830690879 -0.0236781335366247
26.0558528023719 -0.0552260311045084
26.0755225356558 -0.0867188781635505
26.0951922689397 -0.118125281958907
26.1148620022236 -0.14941393590426
26.1345317355075 -0.1805536507889
26.1542014687915 -0.211513385867817
26.1738712020754 -0.242262279803781
26.1935409353593 -0.272769681430601
26.2132106686432 -0.303005180306875
26.2328804019271 -0.332938637029763
26.2525501352111 -0.362540213278626
26.272219868495 -0.391780401558494
26.2918896017789 -0.420630054613784
26.3115593350628 -0.44906041448292
26.3312290683467 -0.477043141164889
26.3508988016307 -0.504550340869176
26.3705685349146 -0.5315545938209
26.3902382681985 -0.558028981593438
26.4099080014824 -0.583947113941304
26.4295777347663 -0.609283155106519
26.4492474680503 -0.63401184957224
26.4689172013342 -0.658108547238039
26.4885869346181 -0.681549227991635
26.508256667902 -0.704310525652672
26.5279264011859 -0.726369751264639
26.5475961344698 -0.747704915711709
26.5672658677538 -0.76829475163797
26.5869356010377 -0.788118734647191
26.6066053343216 -0.807157103761984
26.6262750676055 -0.825390881121975
26.6459448008894 -0.842801890901349
26.6656145341734 -0.859372777426911
26.6852842674573 -0.875087022478595
26.7049540007412 -0.889928961755181
26.7246237340251 -0.903883800488824
26.744293467309 -0.916937628192789
26.763963200593 -0.92907743252773
26.7836329338769 -0.940291112272675
26.8033026671608 -0.950567489387782
26.8229724004447 -0.959896320156857
26.8426421337286 -0.968268305398507
26.8623118670126 -0.975675099735773
26.8819816002965 -0.982109319914981
26.9016513335804 -0.987564552165524
26.9213210668643 -0.992035358593258
26.9409908001482 -0.995517282601106
26.9606605334322 -0.998006853331493
26.9803302667161 -0.999501589126174
27 -1
