0 -1
0.0151779551015075 -0.999501589126174
0.0303559102030151 -0.998006853331493
0.0455338653045226 -0.995517282601106
0.0607118204060302 -0.992035358593258
0.0758897755075377 -0.987564552165524
0.0910677306090452 -0.98210931991498
0.106245685710553 -0.975675099735774
0.12142364081206 -0.968268305398507
0.136601595913568 -0.959896320156857
0.151779551015075 -0.950567489387783
0.166957506116583 -0.940291112272676
0.18213546121809 -0.929077432527731
0.197313416319598 -0.916937628192789
0.212491371421106 -0.903883800488824
0.227669326522613 -0.88992896175518
0.242847281624121 -0.875087022478594
0.258025236725628 -0.859372777426912
0.273203191827136 -0.842801890901351
0.288381146928643 -0.825390881121976
0.303559102030151 -0.807157103761985
0.318737057131658 -0.788118734647192
0.333915012233166 -0.768294751637971
0.349092967334673 -0.747704915711709
0.364270922436181 -0.726369751264639
0.379448877537688 -0.704310525652672
0.394626832639196 -0.681549227991634
0.409804787740704 -0.658108547238038
0.424982742842211 -0.634011849572239
0.440160697943719 -0.609283155106517
0.455338653045226 -0.583947113941306
0.470516608146734 -0.55802898159344
0.485694563248241 -0.531554593820901
0.500872518349749 -0.504550340869177
0.516050473451256 -0.47704314116489
0.531228428552764 -0.44906041448292
0.546406383654271 -0.420630054613784
0.561584338755779 -0.391780401558493
0.576762293857287 -0.362540213278624
0.591940248958794 -0.332938637029761
0.607118204060301 -0.303005180306873
0.622296159161809 -0.272769681430603
0.637474114263317 -0.242262279803783
0.652652069364824 -0.211513385867819
0.667830024466332 -0.180553650788902
0.683007979567839 -0.149413935904261
0.698185934669347 -0.118125281958908
0.713363889770854 -0.0867188781635512
0.728541844872362 -0.0552260311045079
0.743719799973869 -0.0236781335366239
0.758897755075377 0.00789336690971331
0.774075710176884 0.0394569990762527
0.789253665278392 0.0709812996480158
0.8044316203799 0.102434844516613
0.819609575481407 0.133786280104479
0.834787530582915 0.165004354618799
0.849965485684422 0.196057949203978
0.86514344078593 0.22691610896159
0.880321395887437 0.257548073806897
0.895499350988945 0.287923309131166
0.910677306090452 0.318011536239238
0.92585526119196 0.347782762531982
0.941033216293467 0.377207311403576
0.956211171394975 0.406255851823789
0.971389126496482 0.434899427575793
0.98656708159799 0.463109486120348
1.0017450366995 0.490857907057594
1.016922991801 0.518117030158077
1.03210094690251 0.54485968293507
1.04727890200402 0.571059207730695
1.06245685710553 0.596689488288855
1.07763481220704 0.621724975788495
1.09281276730854 0.64614071431121
1.10799072241005 0.669912365717855
1.12316867751156 0.693016233909332
1.13834663261307 0.715429288447371
1.15352458771457 0.737129187511779
1.16870254281608 0.758094300171246
1.18388049791759 0.77830372794553
1.1990584530191 0.797737325637519
1.2142364081206 0.816375721414399
1.22941436322211 0.834200336117917
1.24459231832362 0.851193401784495
1.25977027342513 0.867337979356715
1.27494822852663 0.882617975568547
1.29012618362814 0.897018158987464
1.30530413872965 0.910524175197462
1.32048209383116 0.923122561107861
1.33566004893266 0.934800758373598
1.35083800403417 0.945547125913667
1.36601595913568 0.955350951515195
1.38119391423719 0.964202462511612
1.39637186933869 0.972092835524257
1.4115498244402 0.979014205257714
1.42672777954171 0.98495967234011
1.44190573464322 0.989923310200557
1.45708368974472 0.993900170976888
1.47226164484623 0.996886290447793
1.48743959994774 0.998878691984444
1.50261755504925 0.999875389517657
1.51779551015075 0.999875389517657
1.53297346525226 0.998878691984444
1.54815142035377 0.996886290447793
1.56332937545528 0.993900170976888
1.57850733055678 0.989923310200557
1.59368528565829 0.98495967234011
1.6088632407598 0.979014205257715
1.62404119586131 0.972092835524257
1.63921915096281 0.964202462511612
1.65439710606432 0.955350951515195
1.66957506116583 0.945547125913667
1.68475301626734 0.934800758373598
1.69993097136884 0.923122561107861
1.71510892647035 0.910524175197462
1.73028688157186 0.897018158987464
1.74546483667337 0.882617975568547
1.76064279177487 0.867337979356714
1.77582074687638 0.851193401784495
1.79099870197789 0.834200336117918
1.8061766570794 0.816375721414399
1.8213546121809 0.797737325637519
1.83653256728241 0.77830372794553
1.85171052238392 0.758094300171246
1.86688847748543 0.737129187511779
1.88206643258693 0.715429288447371
1.89724438768844 0.693016233909332
1.91242234278995 0.669912365717855
1.92760029789146 0.646140714311209
1.94277825299296 0.621724975788495
1.95795620809447 0.596689488288856
1.97313416319598 0.571059207730695
1.98831211829749 0.54485968293507
2.003490073399 0.518117030158077
2.0186680285005 0.490857907057594
2.03384598360201 0.463109486120348
2.04902393870352 0.434899427575793
2.06420189380503 0.406255851823789
2.07937984890653 0.377207311403576
2.09455780400804 0.347782762531982
2.10973575910955 0.318011536239239
2.12491371421106 0.287923309131167
2.14009166931256 0.257548073806896
2.15526962441407 0.22691610896159
2.17044757951558 0.196057949203978
2.18562553461709 0.165004354618799
2.20080348971859 0.13378628010448
2.2159814448201 0.102434844516614
2.23115939992161 0.0709812996480162
2.24633735502312 0.0394569990762527
2.26151531012462 0.00789336690971378
2.27669326522613 -0.0236781335366239
2.29187122032764 -0.0552260311045066
2.30704917542915 -0.0867188781635514
2.32222713053065 -0.118125281958907
2.33740508563216 -0.149413935904261
2.35258304073367 -0.180553650788902
2.36776099583518 -0.211513385867818
2.38293895093668 -0.242262279803783
2.39811690603819 -0.272769681430603
2.4132948611397 -0.303005180306872
2.42847281624121 -0.332938637029761
2.44365077134271 -0.362540213278624
2.45882872644422 -0.391780401558493
2.47400668154573 -0.420630054613784
2.48918463664724 -0.44906041448292
2.50436259174874 -0.477043141164889
2.51954054685025 -0.504550340869177
2.53471850195176 -0.531554593820902
2.54989645705327 -0.55802898159344
2.56507441215477 -0.583947113941306
2.58025236725628 -0.609283155106517
2.59543032235779 -0.634011849572238
2.6106082774593 -0.658108547238037
2.6257862325608 -0.681549227991633
2.64096418766231 -0.704310525652672
2.65614214276382 -0.726369751264639
2.67132009786533 -0.747704915711709
2.68649805296683 -0.768294751637971
2.70167600806834 -0.788118734647191
2.71685396316985 -0.807157103761985
2.73203191827136 -0.825390881121976
2.74720987337286 -0.84280189090135
2.76238782847437 -0.859372777426912
2.77756578357588 -0.875087022478593
2.79274373867739 -0.88992896175518
2.80792169377889 -0.903883800488823
2.8230996488804 -0.916937628192789
2.83827760398191 -0.92907743252773
2.85345555908342 -0.940291112272675
2.86863351418492 -0.950567489387783
2.88381146928643 -0.959896320156857
2.89898942438794 -0.968268305398507
2.91416737948945 -0.975675099735774
2.92934533459095 -0.98210931991498
2.94452328969246 -0.987564552165524
2.95970124479397 -0.992035358593258
2.97487919989548 -0.995517282601106
2.99005715499699 -0.998006853331493
3.00523511009849 -0.999501589126174
3.0204130652 -1
3.03006703324573 -0.999501589126174
3.03972100129146 -0.998006853331493
3.04937496933719 -0.995517282601106
3.05902893738291 -0.992035358593258
3.06868290542864 -0.987564552165524
3.07833687347437 -0.98210931991498
3.0879908415201 -0.975675099735773
3.09764480956583 -0.968268305398507
3.10729877761156 -0.959896320156857
3.11695274565729 -0.950567489387783
3.12660671370302 -0.940291112272676
3.13626068174874 -0.929077432527731
3.14591464979447 -0.916937628192789
3.1555686178402 -0.903883800488824
3.16522258588593 -0.88992896175518
3.17487655393166 -0.875087022478593
3.18453052197739 -0.859372777426912
3.19418449002312 -0.84280189090135
3.20383845806884 -0.825390881121976
3.21349242611457 -0.807157103761985
3.2231463941603 -0.788118734647193
3.23280036220603 -0.768294751637971
3.24245433025176 -0.747704915711709
3.25210829829749 -0.72636975126464
3.26176226634322 -0.704310525652673
3.27141623438895 -0.681549227991633
3.28107020243467 -0.658108547238037
3.2907241704804 -0.634011849572239
3.30037813852613 -0.609283155106517
3.31003210657186 -0.583947113941306
3.31968607461759 -0.55802898159344
3.32934004266332 -0.531554593820902
3.33899401070905 -0.504550340869178
3.34864797875477 -0.47704314116489
3.3583019468005 -0.44906041448292
3.36795591484623 -0.420630054613784
3.37760988289196 -0.391780401558493
3.38726385093769 -0.362540213278624
3.39691781898342 -0.332938637029761
3.40657178702915 -0.303005180306873
3.41622575507487 -0.272769681430603
3.4258797231206 -0.242262279803784
3.43553369116633 -0.21151338586782
3.44518765921206 -0.180553650788901
3.45484162725779 -0.149413935904262
3.46449559530352 -0.118125281958908
3.47414956334925 -0.0867188781635505
3.48380353139498 -0.0552260311045079
3.4934574994407 -0.0236781335366239
3.50311146748643 0.00789336690971309
3.51276543553216 0.0394569990762525
3.52241940357789 0.0709812996480156
3.53207337162362 0.102434844516613
3.54172733966935 0.133786280104478
3.55138130771508 0.1650043546188
3.5610352757608 0.196057949203978
3.57068924380653 0.22691610896159
3.58034321185226 0.257548073806897
3.58999717989799 0.287923309131166
3.59965114794372 0.318011536239238
3.60930511598945 0.347782762531982
3.61895908403518 0.377207311403576
3.6286130520809 0.406255851823788
3.63826702012663 0.434899427575794
3.64792098817236 0.463109486120347
3.65757495621809 0.490857907057594
3.66722892426382 0.518117030158078
3.67688289230955 0.54485968293507
3.68653686035528 0.571059207730695
3.69619082840101 0.596689488288856
3.70584479644673 0.621724975788495
3.71549876449246 0.64614071431121
3.72515273253819 0.669912365717855
3.73480670058392 0.693016233909331
3.74446066862965 0.715429288447372
3.75411463667538 0.737129187511779
3.76376860472111 0.758094300171246
3.77342257276683 0.77830372794553
3.78307654081256 0.797737325637519
3.79273050885829 0.816375721414399
3.80238447690402 0.834200336117917
3.81203844494975 0.851193401784494
3.82169241299548 0.867337979356714
3.83134638104121 0.882617975568547
3.84100034908693 0.897018158987463
3.85065431713266 0.910524175197462
3.86030828517839 0.923122561107861
3.86996225322412 0.934800758373598
3.87961622126985 0.945547125913667
3.88927018931558 0.955350951515195
3.89892415736131 0.964202462511612
3.90857812540704 0.972092835524257
3.91823209345276 0.979014205257715
3.92788606149849 0.98495967234011
3.93754002954422 0.989923310200557
3.94719399758995 0.993900170976888
3.95684796563568 0.996886290447793
3.96650193368141 0.998878691984444
3.97615590172714 0.999875389517657
3.98580986977286 0.999875389517657
3.99546383781859 0.998878691984444
4.00511780586432 0.996886290447793
4.01477177391005 0.993900170976888
4.02442574195578 0.989923310200557
4.03407971000151 0.984959672340111
4.04373367804724 0.979014205257714
4.05338764609296 0.972092835524257
4.06304161413869 0.964202462511612
4.07269558218442 0.955350951515194
4.08234955023015 0.945547125913667
4.09200351827588 0.934800758373599
4.10165748632161 0.923122561107861
4.11131145436734 0.910524175197462
4.12096542241307 0.897018158987464
4.13061939045879 0.882617975568547
4.14027335850452 0.867337979356715
4.14992732655025 0.851193401784494
4.15958129459598 0.834200336117917
4.16923526264171 0.816375721414399
4.17888923068744 0.79773732563752
4.18854319873317 0.77830372794553
4.1981971667789 0.758094300171245
4.20785113482462 0.73712918751178
4.21750510287035 0.715429288447371
4.22715907091608 0.693016233909333
4.23681303896181 0.669912365717855
4.24646700700754 0.646140714311211
4.25612097505327 0.621724975788495
4.26577494309899 0.596689488288857
4.27542891114472 0.571059207730695
4.28508287919045 0.54485968293507
4.29473684723618 0.518117030158079
4.30439081528191 0.490857907057593
4.31404478332764 0.463109486120348
4.32369875137337 0.434899427575793
4.3333527194191 0.40625585182379
4.34300668746482 0.377207311403576
4.35266065551055 0.347782762531984
4.36231462355628 0.318011536239239
4.37196859160201 0.287923309131165
4.38162255964774 0.257548073806896
4.39127652769347 0.226916108961592
4.4009304957392 0.196057949203979
4.41058446378493 0.165004354618798
4.42023843183065 0.13378628010448
4.42989239987638 0.102434844516613
4.43954636792211 0.0709812996480171
4.44920033596784 0.0394569990762527
4.45885430401357 0.007893366909712
4.4685082720593 -0.0236781335366239
4.47816224010502 -0.0552260311045057
4.48781620815075 -0.0867188781635496
4.49747017619648 -0.118125281958909
4.50712414424221 -0.149413935904263
4.51677811228794 -0.180553650788902
4.52643208033367 -0.211513385867818
4.5360860483794 -0.242262279803784
4.54574001642513 -0.272769681430604
4.55539398447085 -0.303005180306872
4.56504795251658 -0.332938637029759
4.57470192056231 -0.362540213278624
4.58435588860804 -0.391780401558494
4.59400985665377 -0.420630054613784
4.6036638246995 -0.449060414482917
4.61331779274523 -0.477043141164889
4.62297176079096 -0.504550340869178
4.63262572883668 -0.531554593820903
4.64227969688241 -0.55802898159344
4.65193366492814 -0.583947113941305
4.66158763297387 -0.609283155106517
4.6712416010196 -0.634011849572239
4.68089556906533 -0.658108547238037
4.69054953711106 -0.681549227991635
4.70020350515678 -0.704310525652671
4.70985747320251 -0.726369751264639
4.71951144124824 -0.74770491571171
4.72916540929397 -0.768294751637971
4.7388193773397 -0.788118734647191
4.74847334538543 -0.807157103761985
4.75812731343116 -0.825390881121977
4.76778128147688 -0.84280189090135
4.77743524952261 -0.859372777426912
4.78708921756834 -0.875087022478593
4.79674318561407 -0.889928961755181
4.8063971536598 -0.903883800488823
4.81605112170553 -0.916937628192789
4.82570508975126 -0.92907743252773
4.83535905779699 -0.940291112272676
4.84501302584271 -0.950567489387783
4.85466699388844 -0.959896320156857
4.86432096193417 -0.968268305398507
4.8739749299799 -0.975675099735773
4.88362889802563 -0.982109319914981
4.89328286607136 -0.987564552165524
4.90293683411709 -0.992035358593258
4.91259080216281 -0.995517282601106
4.92224477020854 -0.998006853331493
4.93189873825427 -0.999501589126174
4.9415527063 -1
4.9583740920804 -0.999501589126174
4.9751954778608 -0.998006853331493
4.99201686364121 -0.995517282601106
5.00883824942161 -0.992035358593258
5.02565963520201 -0.987564552165524
5.04248102098241 -0.98210931991498
5.05930240676281 -0.975675099735774
5.07612379254322 -0.968268305398507
5.09294517832362 -0.959896320156857
5.10976656410402 -0.950567489387783
5.12658794988442 -0.940291112272676
5.14340933566482 -0.929077432527731
5.16023072144523 -0.916937628192789
5.17705210722563 -0.903883800488824
5.19387349300603 -0.88992896175518
5.21069487878643 -0.875087022478594
5.22751626456683 -0.859372777426912
5.24433765034724 -0.842801890901351
5.26115903612764 -0.825390881121976
5.27798042190804 -0.807157103761985
5.29480180768844 -0.788118734647192
5.31162319346884 -0.768294751637971
5.32844457924925 -0.747704915711709
5.34526596502965 -0.726369751264639
5.36208735081005 -0.704310525652673
5.37890873659045 -0.681549227991634
5.39573012237085 -0.658108547238038
5.41255150815126 -0.634011849572238
5.42937289393166 -0.609283155106517
5.44619427971206 -0.583947113941306
5.46301566549246 -0.55802898159344
5.47983705127286 -0.531554593820901
5.49665843705327 -0.504550340869177
5.51347982283367 -0.477043141164889
5.53030120861407 -0.44906041448292
5.54712259439447 -0.420630054613784
5.56394398017487 -0.391780401558493
5.58076536595528 -0.362540213278625
5.59758675173568 -0.332938637029761
5.61440813751608 -0.303005180306873
5.63122952329648 -0.272769681430603
5.64805090907688 -0.242262279803784
5.66487229485729 -0.211513385867818
5.68169368063769 -0.180553650788903
5.69851506641809 -0.14941393590426
5.71533645219849 -0.118125281958908
5.73215783797889 -0.0867188781635518
5.7489792237593 -0.0552260311045082
5.7658006095397 -0.0236781335366248
5.7826219953201 0.00789336690971353
5.7994433811005 0.039456999076252
5.8162647668809 0.0709812996480162
5.83308615266131 0.102434844516613
5.84990753844171 0.133786280104479
5.86672892422211 0.165004354618799
5.88355031000251 0.196057949203979
5.90037169578291 0.22691610896159
5.91719308156332 0.257548073806897
5.93401446734372 0.287923309131167
5.95083585312412 0.318011536239238
5.96765723890452 0.347782762531983
5.98447862468492 0.377207311403575
6.00130001046533 0.406255851823789
6.01812139624573 0.434899427575793
6.03494278202613 0.463109486120348
6.05176416780653 0.490857907057594
6.06858555358694 0.518117030158078
6.08540693936734 0.54485968293507
6.10222832514774 0.571059207730696
6.11904971092814 0.596689488288856
6.13587109670854 0.621724975788496
6.15269248248894 0.64614071431121
6.16951386826935 0.669912365717855
6.18633525404975 0.693016233909332
6.20315663983015 0.715429288447371
6.21997802561055 0.737129187511779
6.23679941139095 0.758094300171245
6.25362079717136 0.778303727945529
6.27044218295176 0.797737325637519
6.28726356873216 0.816375721414399
6.30408495451256 0.834200336117917
6.32090634029296 0.851193401784494
6.33772772607337 0.867337979356715
6.35454911185377 0.882617975568547
6.37137049763417 0.897018158987464
6.38819188341457 0.910524175197462
6.40501326919498 0.923122561107861
6.42183465497538 0.934800758373598
6.43865604075578 0.945547125913667
6.45547742653618 0.955350951515195
6.47229881231658 0.964202462511611
6.48912019809698 0.972092835524257
6.50594158387739 0.979014205257715
6.52276296965779 0.984959672340111
6.53958435543819 0.989923310200557
6.55640574121859 0.993900170976888
6.57322712699899 0.996886290447793
6.5900485127794 0.998878691984444
6.6068698985598 0.999875389517657
6.6236912843402 0.999875389517657
6.6405126701206 0.998878691984444
6.65733405590101 0.996886290447793
6.67415544168141 0.993900170976888
6.69097682746181 0.989923310200557
6.70779821324221 0.984959672340111
6.72461959902261 0.979014205257714
6.74144098480302 0.972092835524257
6.75826237058342 0.964202462511612
6.77508375636382 0.955350951515195
6.79190514214422 0.945547125913667
6.80872652792462 0.934800758373598
6.82554791370502 0.923122561107861
6.84236929948543 0.910524175197463
6.85919068526583 0.897018158987464
6.87601207104623 0.882617975568547
6.89283345682663 0.867337979356715
6.90965484260703 0.851193401784495
6.92647622838744 0.834200336117917
6.94329761416784 0.816375721414399
6.96011899994824 0.797737325637519
6.97694038572864 0.77830372794553
6.99376177150904 0.758094300171247
7.01058315728945 0.737129187511778
7.02740454306985 0.715429288447371
7.04422592885025 0.693016233909332
7.06104731463065 0.669912365717856
7.07786870041105 0.64614071431121
7.09469008619146 0.621724975788495
7.11151147197186 0.596689488288856
7.12833285775226 0.571059207730695
7.14515424353266 0.54485968293507
7.16197562931307 0.518117030158077
7.17879701509347 0.490857907057594
7.19561840087387 0.463109486120348
7.21243978665427 0.434899427575794
7.22926117243467 0.406255851823788
7.24608255821508 0.377207311403576
7.26290394399548 0.347782762531982
7.27972532977588 0.31801153623924
7.29654671555628 0.287923309131167
7.31336810133668 0.257548073806896
7.33018948711709 0.22691610896159
7.34701087289749 0.196057949203979
7.36383225867789 0.165004354618799
7.38065364445829 0.133786280104478
7.39747503023869 0.102434844516613
7.41429641601909 0.0709812996480162
7.4311178017995 0.0394569990762545
7.4479391875799 0.007893366909712
7.4647605733603 -0.0236781335366247
7.4815819591407 -0.0552260311045075
7.4984033449211 -0.0867188781635505
7.51522473070151 -0.118125281958908
7.53204611648191 -0.149413935904261
7.54886750226231 -0.180553650788902
7.56568888804271 -0.211513385867818
7.58251027382311 -0.242262279803782
7.59933165960352 -0.272769681430604
7.61615304538392 -0.303005180306873
7.63297443116432 -0.332938637029761
7.64979581694472 -0.362540213278623
7.66661720272513 -0.391780401558494
7.68343858850553 -0.420630054613784
7.70025997428593 -0.44906041448292
7.71708136006633 -0.477043141164889
7.73390274584673 -0.504550340869177
7.75072413162713 -0.531554593820901
7.76754551740754 -0.55802898159344
7.78436690318794 -0.583947113941305
7.80118828896834 -0.609283155106517
7.81800967474874 -0.634011849572238
7.83483106052915 -0.658108547238038
7.85165244630955 -0.681549227991633
7.86847383208995 -0.704310525652671
7.88529521787035 -0.726369751264639
7.90211660365075 -0.74770491571171
7.91893798943116 -0.768294751637971
7.93575937521156 -0.788118734647191
7.95258076099196 -0.807157103761986
7.96940214677236 -0.825390881121977
7.98622353255276 -0.842801890901351
8.00304491833317 -0.859372777426912
8.01986630411357 -0.875087022478593
8.03668768989397 -0.889928961755181
8.05350907567437 -0.903883800488824
8.07033046145477 -0.916937628192789
8.08715184723517 -0.92907743252773
8.10397323301558 -0.940291112272675
8.12079461879598 -0.950567489387783
8.13761600457638 -0.959896320156857
8.15443739035678 -0.968268305398507
8.17125877613719 -0.975675099735774
8.18808016191759 -0.98210931991498
8.20490154769799 -0.987564552165524
8.22172293347839 -0.992035358593258
8.23854431925879 -0.995517282601106
8.2553657050392 -0.998006853331493
8.2721870908196 -0.999501589126174
8.2890084766 -1
8.29484299933769 -0.999501589126174
8.30067752207538 -0.998006853331493
8.30651204481306 -0.995517282601106
8.31234656755075 -0.992035358593258
8.31818109028844 -0.987564552165524
8.32401561302613 -0.98210931991498
8.32985013576382 -0.975675099735774
8.33568465850151 -0.968268305398508
8.3415191812392 -0.959896320156856
8.34735370397688 -0.950567489387783
8.35318822671457 -0.940291112272676
8.35902274945226 -0.929077432527729
8.36485727218995 -0.916937628192788
8.37069179492764 -0.903883800488824
8.37652631766533 -0.889928961755182
8.38236084040301 -0.875087022478592
8.3881953631407 -0.859372777426912
8.39402988587839 -0.842801890901352
8.39986440861608 -0.825390881121974
8.40569893135377 -0.807157103761985
8.41153345409146 -0.788118734647194
8.41736797682915 -0.768294751637968
8.42320249956683 -0.747704915711708
8.42903702230452 -0.72636975126464
8.43487154504221 -0.704310525652675
8.4407060677799 -0.681549227991632
8.44654059051759 -0.658108547238038
8.45237511325528 -0.634011849572241
8.45820963599297 -0.609283155106514
8.46404415873065 -0.583947113941305
8.46987868146834 -0.558028981593442
8.47571320420603 -0.531554593820905
8.48154772694372 -0.504550340869176
8.48738224968141 -0.47704314116489
8.49321677241909 -0.449060414482923
8.49905129515678 -0.420630054613781
8.50488581789447 -0.391780401558493
8.51072034063216 -0.362540213278627
8.51655486336985 -0.332938637029757
8.52238938610754 -0.303005180306871
8.52822390884523 -0.272769681430605
8.53405843158291 -0.242262279803787
8.5398929543206 -0.211513385867817
8.54572747705829 -0.180553650788903
8.55156199979598 -0.149413935904264
8.55739652253367 -0.118125281958905
8.56323104527136 -0.0867188781635501
8.56906556800904 -0.0552260311045104
8.57490009074673 -0.0236781335366197
8.58073461348442 0.00789336690971486
8.58656913622211 0.0394569990762516
8.5924036589598 0.0709812996480118
8.59823818169749 0.102434844516616
8.60407270443518 0.133786280104479
8.60990722717286 0.165004354618796
8.61574174991055 0.196057949203981
8.62157627264824 0.226916108961591
8.62741079538593 0.257548073806895
8.63324531812362 0.287923309131162
8.63907984086131 0.31801153623924
8.64491436359899 0.347782762531982
8.65074888633668 0.377207311403573
8.65658340907437 0.406255851823792
8.66241793181206 0.434899427575793
8.66825245454975 0.463109486120345
8.67408697728744 0.490857907057597
8.67992150002513 0.518117030158078
8.68575602276281 0.544859682935069
8.6915905455005 0.571059207730691
8.69742506823819 0.596689488288858
8.70325959097588 0.621724975788495
8.70909411371357 0.646140714311207
8.71492863645126 0.669912365717858
8.72076315918894 0.693016233909332
8.72659768192663 0.71542928844737
8.73243220466432 0.737129187511782
8.73826672740201 0.758094300171246
8.7441012501397 0.778303727945529
8.74993577287739 0.797737325637517
8.75577029561508 0.816375721414401
8.76160481835276 0.834200336117917
8.76743934109045 0.851193401784493
8.77327386382814 0.867337979356716
8.77910838656583 0.882617975568547
8.78494290930352 0.897018158987463
8.79077743204121 0.910524175197464
8.79661195477889 0.923122561107861
8.80244647751658 0.934800758373598
8.80828100025427 0.945547125913666
8.81411552299196 0.955350951515196
8.81995004572965 0.964202462511612
8.82578456846734 0.972092835524256
8.83161909120503 0.979014205257715
8.83745361394271 0.984959672340111
8.8432881366804 0.989923310200557
8.84912265941809 0.993900170976887
8.85495718215578 0.996886290447793
8.86079170489347 0.998878691984444
8.86662622763115 0.999875389517657
8.87246075036884 0.999875389517657
8.87829527310653 0.998878691984444
8.88412979584422 0.996886290447793
8.88996431858191 0.993900170976887
8.8957988413196 0.989923310200557
8.90163336405729 0.984959672340111
8.90746788679497 0.979014205257715
8.91330240953266 0.972092835524256
8.91913693227035 0.964202462511612
8.92497145500804 0.955350951515196
8.93080597774573 0.945547125913666
8.93664050048342 0.934800758373598
8.9424750232211 0.923122561107861
8.94830954595879 0.91052417519746
8.95414406869648 0.897018158987463
8.95997859143417 0.882617975568547
8.96581311417186 0.867337979356717
8.97164763690955 0.851193401784493
8.97748215964724 0.834200336117918
8.98331668238492 0.816375721414401
8.98915120512261 0.797737325637517
8.9949857278603 0.778303727945529
9.00082025059799 0.758094300171246
9.00665477333568 0.737129187511776
9.01248929607337 0.71542928844737
9.01832381881106 0.693016233909332
9.02415834154874 0.669912365717858
9.02999286428643 0.646140714311207
9.03582738702412 0.621724975788495
9.04166190976181 0.596689488288858
9.0474964324995 0.571059207730699
9.05333095523719 0.54485968293507
9.05916547797487 0.518117030158079
9.06500000071256 0.490857907057597
9.07083452345025 0.463109486120346
9.07666904618794 0.434899427575793
9.08250356892563 0.406255851823792
9.08833809166332 0.377207311403572
9.09417261440101 0.347782762531982
9.10000713713869 0.31801153623924
9.10584165987638 0.287923309131162
9.11167618261407 0.257548073806895
9.11751070535176 0.226916108961591
9.12334522808945 0.196057949203982
9.12917975082714 0.165004354618796
9.13501427356482 0.133786280104479
9.14084879630251 0.102434844516617
9.1466833190402 0.0709812996480127
9.15251784177789 0.0394569990762518
9.15835236451558 0.00789336690971467
9.16418688725327 -0.0236781335366194
9.17002140999096 -0.0552260311045101
9.17585593272864 -0.0867188781635505
9.18169045546633 -0.118125281958904
9.18752497820402 -0.149413935904264
9.19335950094171 -0.180553650788902
9.1991940236794 -0.211513385867817
9.20502854641709 -0.242262279803787
9.21086306915477 -0.272769681430604
9.21669759189246 -0.303005180306871
9.22253211463015 -0.332938637029757
9.22836663736784 -0.362540213278626
9.23420116010553 -0.391780401558493
9.24003568284322 -0.420630054613781
9.24587020558091 -0.449060414482924
9.25170472831859 -0.47704314116489
9.25753925105628 -0.504550340869175
9.26337377379397 -0.531554593820897
9.26920829653166 -0.558028981593442
9.27504281926935 -0.583947113941305
9.28087734200703 -0.609283155106513
9.28671186474472 -0.63401184957224
9.29254638748241 -0.658108547238037
9.2983809102201 -0.681549227991632
9.30421543295779 -0.704310525652674
9.31004995569548 -0.72636975126464
9.31588447843317 -0.747704915711708
9.32171900117086 -0.768294751637974
9.32755352390854 -0.788118734647194
9.33338804664623 -0.807157103761985
9.33922256938392 -0.825390881121974
9.34505709212161 -0.842801890901352
9.3508916148593 -0.859372777426912
9.35672613759698 -0.875087022478592
9.36256066033467 -0.889928961755178
9.36839518307236 -0.903883800488824
9.37422970581005 -0.916937628192788
9.38006422854774 -0.929077432527729
9.38589875128543 -0.940291112272677
9.39173327402312 -0.950567489387783
9.3975677967608 -0.959896320156856
9.40340231949849 -0.968268305398508
9.40923684223618 -0.975675099735774
9.41507136497387 -0.98210931991498
9.42090588771156 -0.987564552165524
9.42674041044925 -0.992035358593258
9.43257493318693 -0.995517282601106
9.43840945592462 -0.998006853331493
9.44424397866231 -0.999501589126174
9.4500785014 -1
9.46594612091005 -0.999501589126174
9.4818137404201 -0.998006853331493
9.49768135993015 -0.995517282601106
9.5135489794402 -0.992035358593258
9.52941659895025 -0.987564552165524
9.5452842184603 -0.982109319914981
9.56115183797035 -0.975675099735774
9.5770194574804 -0.968268305398507
9.59288707699045 -0.959896320156857
9.6087546965005 -0.950567489387783
9.62462231601055 -0.940291112272675
9.6404899355206 -0.92907743252773
9.65635755503065 -0.916937628192788
9.6722251745407 -0.903883800488824
9.68809279405075 -0.889928961755181
9.7039604135608 -0.875087022478594
9.71982803307085 -0.859372777426912
9.7356956525809 -0.842801890901351
9.75156327209096 -0.825390881121976
9.76743089160101 -0.807157103761985
9.78329851111106 -0.788118734647192
9.79916613062111 -0.76829475163797
9.81503375013116 -0.74770491571171
9.83090136964121 -0.72636975126464
9.84676898915126 -0.704310525652673
9.86263660866131 -0.681549227991634
9.87850422817136 -0.658108547238038
9.89437184768141 -0.634011849572238
9.91023946719146 -0.609283155106516
9.92610708670151 -0.583947113941305
9.94197470621156 -0.558028981593439
9.95784232572161 -0.531554593820903
9.97370994523166 -0.504550340869178
9.98957756474171 -0.47704314116489
10.0054451842518 -0.449060414482921
10.0213128037618 -0.420630054613784
10.0371804232719 -0.391780401558493
10.0530480427819 -0.362540213278624
10.068915662292 -0.33293863702976
10.084783281802 -0.303005180306871
10.1006509013121 -0.272769681430605
10.1165185208221 -0.242262279803784
10.1323861403322 -0.21151338586782
10.1482537598422 -0.180553650788903
10.1641213793523 -0.149413935904261
10.1799889988623 -0.118125281958908
10.1958566183724 -0.0867188781635501
10.2117242378824 -0.0552260311045071
10.2275918573925 -0.0236781335366228
10.2434594769025 0.00789336690971153
10.2593270964126 0.0394569990762516
10.2751947159226 0.0709812996480149
10.2910623354327 0.102434844516613
10.3069299549427 0.133786280104479
10.3227975744528 0.1650043546188
10.3386651939628 0.196057949203979
10.3545328134729 0.226916108961591
10.3704004329829 0.257548073806898
10.386268052493 0.287923309131168
10.402135672003 0.318011536239237
10.4180032915131 0.347782762531982
10.4338709110231 0.377207311403575
10.4497385305332 0.406255851823789
10.4656061500432 0.434899427575793
10.4814737695533 0.463109486120348
10.4973413890633 0.490857907057594
10.5132090085734 0.518117030158079
10.5290766280834 0.544859682935069
10.5449442475935 0.571059207730694
10.5608118671035 0.596689488288855
10.5766794866136 0.621724975788495
10.5925471061236 0.64614071431121
10.6084147256337 0.669912365717855
10.6242823451437 0.693016233909332
10.6401499646538 0.715429288447372
10.6560175841638 0.73712918751178
10.6718852036739 0.758094300171246
10.6877528231839 0.778303727945529
10.703620442694 0.797737325637519
10.719488062204 0.816375721414399
10.7353556817141 0.834200336117917
10.7512233012241 0.851193401784495
10.7670909207342 0.867337979356715
10.7829585402442 0.882617975568548
10.7988261597543 0.897018158987464
10.8146937792643 0.910524175197461
10.8305613987744 0.92312256110786
10.8464290182844 0.934800758373598
10.8622966377945 0.945547125913667
10.8781642573045 0.955350951515195
10.8940318768146 0.964202462511612
10.9098994963246 0.972092835524257
10.9257671158347 0.979014205257715
10.9416347353447 0.984959672340111
10.9575023548548 0.989923310200557
10.9733699743648 0.993900170976888
10.9892375938749 0.996886290447793
11.0051052133849 0.998878691984444
11.020972832895 0.999875389517657
11.036840452405 0.999875389517657
11.0527080719151 0.998878691984444
11.0685756914251 0.996886290447793
11.0844433109352 0.993900170976888
11.1003109304452 0.989923310200557
11.1161785499553 0.984959672340111
11.1320461694653 0.979014205257715
11.1479137889754 0.972092835524257
11.1637814084854 0.964202462511612
11.1796490279955 0.955350951515195
11.1955166475055 0.945547125913667
11.2113842670156 0.934800758373598
11.2272518865256 0.92312256110786
11.2431195060357 0.910524175197462
11.2589871255457 0.897018158987464
11.2748547450558 0.882617975568547
11.2907223645658 0.867337979356715
11.3065899840759 0.851193401784495
11.3224576035859 0.834200336117918
11.338325223096 0.816375721414399
11.354192842606 0.797737325637519
11.3700604621161 0.778303727945529
11.3859280816261 0.758094300171247
11.4017957011362 0.73712918751178
11.4176633206462 0.715429288447372
11.4335309401563 0.693016233909332
11.4493985596663 0.669912365717855
11.4652661791764 0.646140714311209
11.4811337986864 0.621724975788495
11.4970014181965 0.596689488288856
11.5128690377065 0.571059207730694
11.5287366572166 0.54485968293507
11.5446042767266 0.518117030158076
11.5604718962367 0.490857907057595
11.5763395157467 0.463109486120348
11.5922071352568 0.434899427575793
11.6080747547668 0.406255851823789
11.6239423742769 0.377207311403576
11.6398099937869 0.347782762531982
11.655677613297 0.318011536239237
11.671545232807 0.287923309131168
11.6874128523171 0.257548073806898
11.7032804718271 0.226916108961591
11.7191480913372 0.196057949203979
11.7350157108472 0.1650043546188
11.7508833303573 0.133786280104479
11.7667509498673 0.102434844516613
11.7826185693774 0.0709812996480153
11.7984861888874 0.0394569990762518
11.8143538083975 0.007893366909712
11.8302214279075 -0.0236781335366256
11.8460890474176 -0.0552260311045066
11.8619566669276 -0.0867188781635496
11.8778242864377 -0.118125281958907
11.8936919059477 -0.14941393590426
11.9095595254578 -0.180553650788902
11.9254271449678 -0.211513385867819
11.9412947644779 -0.242262279803785
11.9571623839879 -0.272769681430601
11.973030003498 -0.303005180306871
11.988897623008 -0.332938637029759
12.0047652425181 -0.362540213278623
12.0206328620281 -0.391780401558493
12.0365004815382 -0.420630054613784
12.0523681010482 -0.449060414482921
12.0682357205583 -0.47704314116489
12.0841033400683 -0.504550340869178
12.0999709595784 -0.531554593820903
12.1158385790884 -0.558028981593442
12.1317061985985 -0.583947113941308
12.1475738181085 -0.609283155106516
12.1634414376186 -0.634011849572238
12.1793090571286 -0.658108547238037
12.1951766766387 -0.681549227991634
12.2110442961487 -0.704310525652672
12.2269119156588 -0.726369751264638
12.2427795351688 -0.747704915711707
12.2586471546789 -0.768294751637969
12.2745147741889 -0.788118734647191
12.290382393699 -0.807157103761985
12.306250013209 -0.825390881121976
12.3221176327191 -0.84280189090135
12.3379852522291 -0.859372777426912
12.3538528717392 -0.875087022478594
12.3697204912492 -0.889928961755181
12.3855881107593 -0.903883800488824
12.4014557302693 -0.91693762819279
12.4173233497794 -0.92907743252773
12.4331909692894 -0.940291112272675
12.4490585887995 -0.950567489387783
12.4649262083095 -0.959896320156857
12.4807938278196 -0.968268305398507
12.4966614473296 -0.975675099735774
12.5125290668397 -0.982109319914981
12.5283966863497 -0.987564552165523
12.5442643058598 -0.992035358593258
12.5601319253698 -0.995517282601106
12.5759995448799 -0.998006853331493
12.5918671643899 -0.999501589126174
12.6077347839 -1
12.6158018839583 -0.999501589126174
12.6238689840166 -0.998006853331494
12.6319360840749 -0.995517282601106
12.6400031841332 -0.992035358593258
12.6480702841915 -0.987564552165524
12.6561373842497 -0.982109319914981
12.664204484308 -0.975675099735773
12.6722715843663 -0.968268305398507
12.6803386844246 -0.959896320156857
12.6884057844829 -0.950567489387784
12.6964728845412 -0.940291112272675
12.7045399845995 -0.92907743252773
12.7126070846578 -0.916937628192789
12.7206741847161 -0.903883800488825
12.7287412847744 -0.889928961755179
12.7368083848327 -0.875087022478593
12.744875484891 -0.859372777426912
12.7529425849492 -0.842801890901352
12.7610096850075 -0.825390881121975
12.7690767850658 -0.807157103761985
12.7771438851241 -0.788118734647193
12.7852109851824 -0.768294751637972
12.7932780852407 -0.747704915711707
12.801345185299 -0.726369751264638
12.8094122853573 -0.704310525652672
12.8174793854156 -0.681549227991635
12.8255464854739 -0.658108547238035
12.8336135855322 -0.634011849572237
12.8416806855905 -0.609283155106517
12.8497477856487 -0.583947113941307
12.857814885707 -0.558028981593443
12.8658819857653 -0.5315545938209
12.8739490858236 -0.504550340869177
12.8820161858819 -0.477043141164891
12.8900832859402 -0.449060414482923
12.8981503859985 -0.420630054613782
12.9062174860568 -0.391780401558493
12.9142845861151 -0.362540213278626
12.9223516861734 -0.332938637029764
12.9304187862317 -0.303005180306871
12.9384858862899 -0.272769681430602
12.9465529863482 -0.242262279803784
12.9546200864065 -0.211513385867821
12.9626871864648 -0.1805536507889
12.9707542865231 -0.14941393590426
12.9788213865814 -0.118125281958909
12.9868884866397 -0.0867188781635532
12.994955586698 -0.0552260311045051
13.0030226867563 -0.0236781335366228
13.0110897868146 0.00789336690971287
13.0191568868729 0.0394569990762505
13.0272239869312 0.0709812996480191
13.0352910869894 0.102434844516615
13.0433581870477 0.133786280104479
13.051425287106 0.165004354618797
13.0594923871643 0.196057949203981
13.0675594872226 0.226916108961592
13.0756265872809 0.257548073806897
13.0836936873392 0.287923309131165
13.0917607873975 0.318011536239235
13.0998278874558 0.347782762531984
13.1078949875141 0.377207311403576
13.1159620875724 0.406255851823788
13.1240291876307 0.43489942757579
13.1320962876889 0.46310948612035
13.1401633877472 0.490857907057594
13.1482304878055 0.518117030158076
13.1562975878638 0.544859682935068
13.1643646879221 0.571059207730697
13.1724317879804 0.596689488288857
13.1804988880387 0.621724975788494
13.188565988097 0.646140714311207
13.1966330881553 0.669912365717857
13.2047001882136 0.693016233909332
13.2127672882719 0.715429288447371
13.2208343883302 0.737129187511777
13.2289014883884 0.758094300171247
13.2369685884467 0.778303727945531
13.245035688505 0.797737325637519
13.2531027885633 0.816375721414398
13.2611698886216 0.834200336117919
13.2692369886799 0.851193401784495
13.2773040887382 0.867337979356715
13.2853711887965 0.882617975568546
13.2934382888548 0.897018158987462
13.3015053889131 0.910524175197463
13.3095724889714 0.923122561107861
13.3176395890296 0.934800758373598
13.3257066890879 0.945547125913666
13.3337737891462 0.955350951515195
13.3418408892045 0.964202462511612
13.3499079892628 0.972092835524257
13.3579750893211 0.979014205257714
13.3660421893794 0.984959672340111
13.3741092894377 0.989923310200557
13.382176389496 0.993900170976888
13.3902434895543 0.996886290447793
13.3983105896126 0.998878691984444
13.4063776896709 0.999875389517657
13.4144447897291 0.999875389517657
13.4225118897874 0.998878691984444
13.4305789898457 0.996886290447793
13.438646089904 0.993900170976888
13.4467131899623 0.989923310200557
13.4547802900206 0.984959672340111
13.4628473900789 0.979014205257714
13.4709144901372 0.972092835524257
13.4789815901955 0.964202462511612
13.4870486902538 0.955350951515195
13.4951157903121 0.945547125913666
13.5031828903704 0.934800758373598
13.5112499904286 0.923122561107861
13.5193170904869 0.910524175197463
13.5273841905452 0.897018158987465
13.5354512906035 0.882617975568546
13.5435183906618 0.867337979356715
13.5515854907201 0.851193401784496
13.5596525907784 0.83420033611792
13.5677196908367 0.816375721414398
13.575786790895 0.797737325637519
13.5838538909533 0.778303727945531
13.5919209910116 0.758094300171247
13.5999880910699 0.737129187511777
13.6080551911281 0.715429288447371
13.6161222911864 0.693016233909333
13.6241893912447 0.669912365717857
13.632256491303 0.646140714311208
13.6403235913613 0.621724975788495
13.6483906914196 0.596689488288856
13.6564577914779 0.571059207730697
13.6645248915362 0.544859682935068
13.6725919915945 0.518117030158077
13.6806590916528 0.490857907057595
13.6887261917111 0.46310948612035
13.6967932917693 0.434899427575791
13.7048603918276 0.406255851823788
13.7129274918859 0.377207311403576
13.7209945919442 0.347782762531985
13.7290616920025 0.318011536239235
13.7371287920608 0.287923309131165
13.7451958921191 0.257548073806896
13.7532629921774 0.226916108961592
13.7613300922357 0.196057949203982
13.769397192294 0.165004354618797
13.7774642923523 0.133786280104479
13.7855313924106 0.102434844516615
13.7935984924688 0.0709812996480127
13.8016655925271 0.0394569990762509
13.8097326925854 0.00789336690971289
13.8177997926437 -0.023678133536623
13.825866892702 -0.0552260311045048
13.8339339927603 -0.0867188781635531
13.8420010928186 -0.118125281958908
13.8500681928769 -0.14941393590426
13.8581352929352 -0.180553650788899
13.8662023929935 -0.211513385867822
13.8742694930518 -0.242262279803784
13.8823365931101 -0.272769681430602
13.8904036931683 -0.30300518030687
13.8984707932266 -0.332938637029764
13.9065378932849 -0.362540213278626
13.9146049933432 -0.391780401558492
13.9226720934015 -0.420630054613782
13.9307391934598 -0.449060414482923
13.9388062935181 -0.47704314116489
13.9468733935764 -0.504550340869177
13.9549404936347 -0.5315545938209
13.963007593693 -0.558028981593437
13.9710746937513 -0.583947113941307
13.9791417938095 -0.609283155106517
13.9872088938678 -0.634011849572238
13.9952759939261 -0.658108547238039
14.0033430939844 -0.681549227991635
14.0114101940427 -0.704310525652672
14.019477294101 -0.726369751264638
14.0275443941593 -0.747704915711707
14.0356114942176 -0.768294751637972
14.0436785942759 -0.788118734647193
14.0517456943342 -0.807157103761985
14.0598127943925 -0.825390881121975
14.0678798944508 -0.842801890901352
14.075946994509 -0.859372777426912
14.0840140945673 -0.875087022478593
14.0920811946256 -0.889928961755179
14.1001482946839 -0.903883800488824
14.1082153947422 -0.916937628192789
14.1162824948005 -0.92907743252773
14.1243495948588 -0.940291112272674
14.1324166949171 -0.950567489387784
14.1404837949754 -0.959896320156857
14.1485508950337 -0.968268305398507
14.156617995092 -0.975675099735773
14.1646850951503 -0.98210931991498
14.1727521952085 -0.987564552165524
14.1808192952668 -0.992035358593258
14.1888863953251 -0.995517282601106
14.1969534953834 -0.998006853331494
14.2050205954417 -0.999501589126174
14.2130876955 -1
14.2326274106035 -0.999501589126174
14.252167125707 -0.998006853331493
14.2717068408106 -0.995517282601106
14.2912465559141 -0.992035358593258
14.3107862710176 -0.987564552165524
14.3303259861211 -0.98210931991498
14.3498657012246 -0.975675099735773
14.3694054163281 -0.968268305398508
14.3889451314317 -0.959896320156857
14.4084848465352 -0.950567489387783
14.4280245616387 -0.940291112272676
14.4475642767422 -0.929077432527731
14.4671039918457 -0.916937628192789
14.4866437069492 -0.903883800488824
14.5061834220528 -0.88992896175518
14.5257231371563 -0.875087022478594
14.5452628522598 -0.859372777426912
14.5648025673633 -0.84280189090135
14.5843422824668 -0.825390881121976
14.6038819975704 -0.807157103761985
14.6234217126739 -0.788118734647192
14.6429614277774 -0.76829475163797
14.6625011428809 -0.74770491571171
14.6820408579844 -0.72636975126464
14.7015805730879 -0.704310525652673
14.7211202881915 -0.681549227991635
14.740660003295 -0.658108547238038
14.7601997183985 -0.634011849572239
14.779739433502 -0.609283155106517
14.7992791486055 -0.583947113941306
14.818818863709 -0.55802898159344
14.8383585788126 -0.531554593820901
14.8578982939161 -0.504550340869177
14.8774380090196 -0.477043141164889
14.8969777241231 -0.449060414482919
14.9165174392266 -0.420630054613783
14.9360571543302 -0.391780401558492
14.9555968694337 -0.362540213278623
14.9751365845372 -0.332938637029762
14.9946762996407 -0.303005180306874
15.0142160147442 -0.272769681430604
15.0337557298477 -0.242262279803784
15.0532954449513 -0.21151338586782
15.0728351600548 -0.180553650788903
15.0923748751583 -0.149413935904261
15.1119145902618 -0.118125281958908
15.1314543053653 -0.0867188781635505
15.1509940204688 -0.0552260311045077
15.1705337355724 -0.0236781335366234
15.1900734506759 0.00789336690971398
15.2096131657794 0.0394569990762538
15.2291528808829 0.0709812996480169
15.2486925959864 0.102434844516614
15.2682323110899 0.133786280104478
15.2877720261935 0.165004354618798
15.307311741297 0.196057949203977
15.3268514564005 0.226916108961589
15.346391171504 0.257548073806896
15.3659308866075 0.287923309131166
15.3854706017111 0.318011536239238
15.4050103168146 0.347782762531982
15.4245500319181 0.377207311403576
15.4440897470216 0.406255851823789
15.4636294621251 0.434899427575793
15.4831691772286 0.463109486120348
15.5027088923322 0.490857907057595
15.5222486074357 0.518117030158078
15.5417883225392 0.544859682935072
15.5613280376427 0.571059207730693
15.5808677527462 0.596689488288855
15.6004074678497 0.621724975788494
15.6199471829533 0.646140714311209
15.6394868980568 0.669912365717855
15.6590266131603 0.693016233909331
15.6785663282638 0.715429288447371
15.6981060433673 0.737129187511779
15.7176457584709 0.758094300171245
15.7371854735744 0.77830372794553
15.7567251886779 0.797737325637519
15.7762649037814 0.816375721414399
15.7958046188849 0.834200336117918
15.8153443339884 0.851193401784495
15.834884049092 0.867337979356715
15.8544237641955 0.882617975568548
15.873963479299 0.897018158987464
15.8935031944025 0.910524175197462
15.913042909506 0.92312256110786
15.9325826246095 0.934800758373598
15.9521223397131 0.945547125913667
15.9716620548166 0.955350951515195
15.9912017699201 0.964202462511612
16.0107414850236 0.972092835524257
16.0302812001271 0.979014205257714
16.0498209152307 0.984959672340111
16.0693606303342 0.989923310200557
16.0889003454377 0.993900170976888
16.1084400605412 0.996886290447793
16.1279797756447 0.998878691984444
16.1475194907482 0.999875389517657
16.1670592058518 0.999875389517657
16.1865989209553 0.998878691984444
16.2061386360588 0.996886290447793
16.2256783511623 0.993900170976888
16.2452180662658 0.989923310200557
16.2647577813693 0.984959672340111
16.2842974964729 0.979014205257714
16.3038372115764 0.972092835524257
16.3233769266799 0.964202462511612
16.3429166417834 0.955350951515195
16.3624563568869 0.945547125913668
16.3819960719905 0.934800758373598
16.401535787094 0.923122561107862
16.4210755021975 0.910524175197462
16.440615217301 0.897018158987464
16.4601549324045 0.882617975568546
16.479694647508 0.867337979356715
16.4992343626116 0.851193401784494
16.5187740777151 0.834200336117918
16.5383137928186 0.816375721414398
16.5578535079221 0.79773732563752
16.5773932230256 0.778303727945528
16.5969329381291 0.758094300171246
16.6164726532327 0.737129187511781
16.6360123683362 0.715429288447371
16.6555520834397 0.693016233909334
16.6750917985432 0.669912365717855
16.6946315136467 0.646140714311211
16.7141712287503 0.621724975788495
16.7337109438538 0.596689488288857
16.7532506589573 0.571059207730694
16.7727903740608 0.544859682935072
16.7923300891643 0.518117030158076
16.8118698042678 0.490857907057595
16.8314095193714 0.463109486120346
16.8509492344749 0.434899427575794
16.8704889495784 0.406255851823786
16.8900286646819 0.377207311403576
16.9095683797854 0.347782762531986
16.9291080948889 0.318011536239238
16.9486478099925 0.287923309131169
16.968187525096 0.257548073806896
16.9877272401995 0.226916108961593
17.007266955303 0.196057949203977
17.0268066704065 0.165004354618802
17.0463463855101 0.133786280104478
17.0658861006136 0.102434844516615
17.0854258157171 0.0709812996480145
17.1049655308206 0.0394569990762545
17.1245052459241 0.00789336690971111
17.1440449610276 -0.023678133536623
17.1635846761312 -0.0552260311045101
17.1831243912347 -0.0867188781635505
17.2026641063382 -0.118125281958905
17.2222038214417 -0.14941393590426
17.2417435365452 -0.180553650788906
17.2612832516487 -0.211513385867819
17.2808229667523 -0.242262279803781
17.3003626818558 -0.272769681430603
17.3199023969593 -0.303005180306871
17.3394421120628 -0.332938637029762
17.3589818271663 -0.362540213278623
17.3785215422699 -0.391780401558495
17.3980612573734 -0.420630054613784
17.4176009724769 -0.449060414482921
17.4371406875804 -0.47704314116489
17.4566804026839 -0.504550340869179
17.4762201177874 -0.531554593820901
17.495759832891 -0.558028981593442
17.5152995479945 -0.583947113941307
17.534839263098 -0.609283155106519
17.5543789782015 -0.634011849572238
17.573918693305 -0.658108547238036
17.5934584084085 -0.681549227991634
17.6129981235121 -0.704310525652671
17.6325378386156 -0.72636975126464
17.6520775537191 -0.747704915711708
17.6716172688226 -0.768294751637971
17.6911569839261 -0.788118734647192
17.7106966990297 -0.807157103761986
17.7302364141332 -0.825390881121976
17.7497761292367 -0.842801890901352
17.7693158443402 -0.859372777426912
17.7888555594437 -0.875087022478592
17.8083952745472 -0.88992896175518
17.8279349896508 -0.903883800488822
17.8474747047543 -0.916937628192789
17.8670144198578 -0.929077432527729
17.8865541349613 -0.940291112272676
17.9060938500648 -0.950567489387782
17.9256335651683 -0.959896320156857
17.9451732802719 -0.968268305398507
17.9647129953754 -0.975675099735774
17.9842527104789 -0.98210931991498
18.0037924255824 -0.987564552165524
18.0233321406859 -0.992035358593258
18.0428718557894 -0.995517282601106
18.062411570893 -0.998006853331493
18.0819512859965 -0.999501589126174
18.1014910011 -1
18.1109376262769 -0.999501589126174
18.1203842514538 -0.998006853331493
18.1298308766307 -0.995517282601105
18.1392775018075 -0.992035358593258
18.1487241269844 -0.987564552165524
18.1581707521613 -0.98210931991498
18.1676173773382 -0.975675099735773
18.1770640025151 -0.968268305398506
18.186510627692 -0.959896320156856
18.1959572528688 -0.950567489387784
18.2054038780457 -0.940291112272676
18.2148505032226 -0.929077432527731
18.2242971283995 -0.916937628192788
18.2337437535764 -0.903883800488822
18.2431903787533 -0.889928961755178
18.2526370039302 -0.875087022478596
18.262083629107 -0.859372777426914
18.2715302542839 -0.842801890901351
18.2809768794608 -0.825390881121976
18.2904235046377 -0.807157103761984
18.2998701298146 -0.78811873464719
18.3093167549915 -0.768294751637974
18.3187633801683 -0.747704915711711
18.3282100053452 -0.726369751264641
18.3376566305221 -0.704310525652672
18.347103255699 -0.681549227991632
18.3565498808759 -0.658108547238035
18.3659965060528 -0.634011849572234
18.3754431312296 -0.60928315510652
18.3848897564065 -0.583947113941308
18.3943363815834 -0.55802898159344
18.4037830067603 -0.5315545938209
18.4132296319372 -0.504550340869174
18.4226762571141 -0.477043141164885
18.432122882291 -0.449060414482924
18.4415695074678 -0.420630054613787
18.4510161326447 -0.391780401558494
18.4604627578216 -0.362540213278623
18.4699093829985 -0.332938637029758
18.4793560081754 -0.303005180306868
18.4888026333523 -0.272769681430608
18.4982492585291 -0.242262279803786
18.507695883706 -0.21151338586782
18.5171425088829 -0.180553650788901
18.5265891340598 -0.149413935904258
18.5360357592367 -0.118125281958903
18.5454823844136 -0.086718878163556
18.5549290095905 -0.0552260311045115
18.5643756347673 -0.0236781335366254
18.5738222599442 0.00789336690971375
18.5832688851211 0.0394569990762551
18.592715510298 0.07098129964802
18.6021621354749 0.102434844516619
18.6116087606518 0.133786280104476
18.6210553858286 0.165004354618797
18.6305020110055 0.196057949203978
18.6399486361824 0.226916108961592
18.6493952613593 0.2575480738069
18.6588418865362 0.287923309131161
18.6682885117131 0.318011536239234
18.67773513689 0.34778276253198
18.6871817620668 0.377207311403576
18.6966283872437 0.40625585182379
18.7060750124206 0.434899427575796
18.7155216375975 0.463109486120352
18.7249682627744 0.49085790705759
18.7344148879513 0.518117030158075
18.7438615131281 0.54485968293507
18.753308138305 0.571059207730696
18.7627547634819 0.596689488288858
18.7722013886588 0.621724975788499
18.7816480138357 0.646140714311206
18.7910946390126 0.669912365717853
18.8005412641894 0.693016233909331
18.8099878893663 0.715429288447372
18.8194345145432 0.737129187511781
18.8288811397201 0.758094300171248
18.838327764897 0.778303727945526
18.8477743900739 0.797737325637517
18.8572210152508 0.816375721414398
18.8666676404276 0.834200336117918
18.8761142656045 0.851193401784496
18.8855608907814 0.867337979356716
18.8950075159583 0.882617975568544
18.9044541411352 0.897018158987462
18.9139007663121 0.910524175197461
18.9233473914889 0.923122561107861
18.9327940166658 0.934800758373599
18.9422406418427 0.945547125913668
18.9516872670196 0.955350951515196
18.9611338921965 0.964202462511611
18.9705805173734 0.972092835524256
18.9800271425503 0.979014205257714
18.9894737677271 0.984959672340111
18.998920392904 0.989923310200558
19.0083670180809 0.993900170976888
19.0178136432578 0.996886290447793
19.0272602684347 0.998878691984443
19.0367068936116 0.999875389517657
19.0461535187884 0.999875389517657
19.0556001439653 0.998878691984443
19.0650467691422 0.996886290447793
19.0744933943191 0.993900170976888
19.083940019496 0.989923310200558
19.0933866446729 0.984959672340111
19.1028332698498 0.979014205257714
19.1122798950266 0.972092835524256
19.1217265202035 0.964202462511611
19.1311731453804 0.955350951515196
19.1406197705573 0.945547125913668
19.1500663957342 0.934800758373599
19.1595130209111 0.923122561107861
19.1689596460879 0.910524175197462
19.1784062712648 0.897018158987462
19.1878528964417 0.882617975568544
19.1972995216186 0.867337979356717
19.2067461467955 0.851193401784496
19.2161927719724 0.834200336117918
19.2256393971492 0.816375721414398
19.2350860223261 0.797737325637517
19.244532647503 0.778303727945527
19.2539792726799 0.758094300171249
19.2634258978568 0.737129187511781
19.2728725230337 0.715429288447372
19.2823191482106 0.693016233909331
19.2917657733874 0.669912365717853
19.3012123985643 0.646140714311206
19.3106590237412 0.621724975788499
19.3201056489181 0.596689488288859
19.329552274095 0.571059207730696
19.3389988992719 0.54485968293507
19.3484455244487 0.518117030158076
19.3578921496256 0.49085790705759
19.3673387748025 0.463109486120353
19.3767853999794 0.434899427575796
19.3862320251563 0.40625585182379
19.3956786503332 0.377207311403576
19.4051252755101 0.347782762531981
19.4145719006869 0.318011536239235
19.4240185258638 0.287923309131172
19.4334651510407 0.257548073806901
19.4429117762176 0.226916108961592
19.4523584013945 0.196057949203978
19.4618050265714 0.165004354618798
19.4712516517482 0.133786280104476
19.4806982769251 0.102434844516608
19.490144902102 0.0709812996480207
19.4995915272789 0.0394569990762554
19.5090381524558 0.00789336690971378
19.5184847776327 -0.0236781335366247
19.5279314028095 -0.055226031104511
19.5373780279864 -0.0867188781635558
19.5468246531633 -0.118125281958904
19.5562712783402 -0.149413935904258
19.5657179035171 -0.180553650788901
19.575164528694 -0.21151338586782
19.5846111538709 -0.242262279803786
19.5940577790477 -0.272769681430607
19.6035044042246 -0.303005180306868
19.6129510294015 -0.332938637029758
19.6223976545784 -0.362540213278623
19.6318442797553 -0.391780401558494
19.6412909049322 -0.420630054613786
19.650737530109 -0.449060414482924
19.6601841552859 -0.477043141164895
19.6696307804628 -0.504550340869175
19.6790774056397 -0.5315545938209
19.6885240308166 -0.55802898159344
19.6979706559935 -0.583947113941308
19.7074172811704 -0.609283155106519
19.7168639063472 -0.634011849572234
19.7263105315241 -0.658108547238035
19.735757156701 -0.681549227991632
19.7452037818779 -0.704310525652672
19.7546504070548 -0.726369751264641
19.7640970322317 -0.747704915711711
19.7735436574085 -0.768294751637974
19.7829902825854 -0.78811873464719
19.7924369077623 -0.807157103761984
19.8018835329392 -0.825390881121976
19.8113301581161 -0.842801890901351
19.820776783293 -0.859372777426914
19.8302234084699 -0.875087022478596
19.8396700336467 -0.889928961755178
19.8491166588236 -0.903883800488822
19.8585632840005 -0.916937628192789
19.8680099091774 -0.929077432527731
19.8774565343543 -0.940291112272677
19.8869031595312 -0.950567489387784
19.896349784708 -0.959896320156855
19.9057964098849 -0.968268305398506
19.9152430350618 -0.975675099735773
19.9246896602387 -0.98210931991498
19.9341362854156 -0.987564552165524
19.9435829105925 -0.992035358593258
19.9530295357693 -0.995517282601105
19.9624761609462 -0.998006853331493
19.9719227861231 -0.999501589126174
19.9813694113 -1
19.9982163562136 -0.999501589126174
20.0150633011271 -0.998006853331494
20.0319102460407 -0.995517282601106
20.0487571909543 -0.992035358593258
20.0656041358678 -0.987564552165524
20.0824510807814 -0.982109319914981
20.099298025695 -0.975675099735774
20.1161449706085 -0.968268305398507
20.1329919155221 -0.959896320156857
20.1498388604357 -0.950567489387783
20.1666858053492 -0.940291112272676
20.1835327502628 -0.929077432527729
20.2003796951764 -0.916937628192788
20.21722664009 -0.903883800488823
20.2340735850035 -0.889928961755181
20.2509205299171 -0.875087022478595
20.2677674748307 -0.859372777426911
20.2846144197442 -0.84280189090135
20.3014613646578 -0.825390881121976
20.3183083095714 -0.807157103761986
20.3351552544849 -0.788118734647194
20.3520021993985 -0.768294751637969
20.3688491443121 -0.747704915711708
20.3856960892256 -0.72636975126464
20.4025430341392 -0.704310525652673
20.4193899790528 -0.681549227991636
20.4362369239663 -0.658108547238036
20.4530838688799 -0.634011849572238
20.4699308137935 -0.609283155106517
20.486777758707 -0.583947113941308
20.5036247036206 -0.558028981593438
20.5204716485342 -0.5315545938209
20.5373185934477 -0.504550340869177
20.5541655383613 -0.477043141164891
20.5710124832749 -0.449060414482922
20.5878594281884 -0.420630054613782
20.604706373102 -0.391780401558492
20.6215533180156 -0.362540213278625
20.6384002629291 -0.332938637029763
20.6552472078427 -0.303005180306876
20.6720941527563 -0.272769681430601
20.6889410976699 -0.242262279803782
20.7057880425834 -0.21151338586782
20.722634987497 -0.180553650788904
20.7394819324106 -0.149413935904258
20.7563288773241 -0.118125281958906
20.7731758222377 -0.0867188781635503
20.7900227671513 -0.055226031104509
20.8068697120648 -0.0236781335366263
20.8237166569784 0.00789336690971642
20.840563601892 0.0394569990762543
20.8574105468055 0.070981299648016
20.8742574917191 0.102434844516612
20.8911044366327 0.133786280104477
20.9079513815462 0.165004354618802
20.9247983264598 0.196057949203979
20.9416452713734 0.22691610896159
20.9584922162869 0.257548073806895
20.9753391612005 0.287923309131164
20.9921861061141 0.31801153623924
21.0090330510276 0.347782762531983
21.0258799959412 0.377207311403575
21.0427269408548 0.406255851823787
21.0595738857683 0.434899427575796
21.0764208306819 0.46310948612035
21.0932677755955 0.490857907057594
21.110114720509 0.518117030158076
21.1269616654226 0.544859682935068
21.1438086103362 0.571059207730697
21.1606555552498 0.596689488288857
21.1775025001633 0.621724975788495
21.1943494450769 0.646140714311209
21.2111963899905 0.669912365717853
21.228043334904 0.693016233909334
21.2448902798176 0.715429288447372
21.2617372247312 0.737129187511779
21.2785841696447 0.758094300171244
21.2954311145583 0.778303727945528
21.3122780594719 0.797737325637521
21.3291250043854 0.8163757214144
21.345971949299 0.834200336117917
21.3628188942126 0.851193401784494
21.3796658391261 0.867337979356716
21.3965127840397 0.882617975568548
21.4133597289533 0.897018158987464
21.4302066738668 0.910524175197462
21.4470536187804 0.92312256110786
21.463900563694 0.934800758373599
21.4807475086075 0.945547125913668
21.4975944535211 0.955350951515195
21.5144413984347 0.964202462511611
21.5312883433482 0.972092835524256
21.5481352882618 0.979014205257715
21.5649822331754 0.984959672340111
21.5818291780889 0.989923310200557
21.5986761230025 0.993900170976888
21.6155230679161 0.996886290447793
21.6323700128297 0.998878691984444
21.6492169577432 0.999875389517657
21.6660639026568 0.999875389517657
21.6829108475704 0.998878691984444
21.6997577924839 0.996886290447793
21.7166047373975 0.993900170976888
21.7334516823111 0.989923310200557
21.7502986272246 0.984959672340111
21.7671455721382 0.979014205257715
21.7839925170518 0.972092835524256
21.8008394619653 0.964202462511611
21.8176864068789 0.955350951515195
21.8345333517925 0.945547125913668
21.851380296706 0.934800758373599
21.8682272416196 0.92312256110786
21.8850741865332 0.910524175197462
21.9019211314467 0.897018158987464
21.9187680763603 0.882617975568548
21.9356150212739 0.867337979356716
21.9524619661874 0.851193401784494
21.969308911101 0.834200336117917
21.9861558560146 0.8163757214144
22.0030028009281 0.797737325637521
22.0198497458417 0.778303727945528
22.0366966907553 0.758094300171245
22.0535436356688 0.737129187511779
22.0703905805824 0.715429288447372
22.087237525496 0.693016233909334
22.1040844704095 0.669912365717853
22.1209314153231 0.646140714311209
22.1377783602367 0.621724975788495
22.1546253051503 0.596689488288857
22.1714722500638 0.571059207730697
22.1883191949774 0.544859682935068
22.205166139891 0.518117030158077
22.2220130848045 0.490857907057595
22.2388600297181 0.46310948612035
22.2557069746317 0.434899427575796
22.2725539195452 0.406255851823787
22.2894008644588 0.377207311403576
22.3062478093724 0.347782762531983
22.3230947542859 0.31801153623924
22.3399416991995 0.287923309131163
22.3567886441131 0.257548073806895
22.3736355890266 0.22691610896159
22.3904825339402 0.19605794920398
22.4073294788538 0.165004354618802
22.4241764237673 0.133786280104477
22.4410233686809 0.102434844516612
22.4578703135945 0.0709812996480162
22.474717258508 0.0394569990762545
22.4915642034216 0.00789336690970934
22.5084111483352 -0.0236781335366265
22.5252580932487 -0.0552260311045093
22.5421050381623 -0.0867188781635505
22.5589519830759 -0.118125281958906
22.5757989279894 -0.149413935904264
22.592645872903 -0.180553650788904
22.6094928178166 -0.211513385867819
22.6263397627302 -0.242262279803782
22.6431867076437 -0.272769681430601
22.6600336525573 -0.303005180306876
22.6768805974709 -0.332938637029763
22.6937275423844 -0.362540213278625
22.710574487298 -0.391780401558492
22.7274214322116 -0.420630054613782
22.7442683771251 -0.449060414482922
22.7611153220387 -0.47704314116489
22.7779622669523 -0.504550340869177
22.7948092118658 -0.5315545938209
22.8116561567794 -0.558028981593438
22.828503101693 -0.583947113941308
22.8453500466065 -0.609283155106517
22.8621969915201 -0.634011849572238
22.8790439364337 -0.658108547238036
22.8958908813472 -0.681549227991631
22.9127378262608 -0.704310525652673
22.9295847711744 -0.726369751264639
22.9464317160879 -0.747704915711708
22.9632786610015 -0.768294751637969
22.9801256059151 -0.788118734647194
22.9969725508286 -0.807157103761986
23.0138194957422 -0.825390881121976
23.0306664406558 -0.84280189090135
23.0475133855693 -0.859372777426911
23.0643603304829 -0.875087022478595
23.0812072753965 -0.889928961755181
23.0980542203101 -0.903883800488823
23.1149011652236 -0.916937628192788
23.1317481101372 -0.929077432527729
23.1485950550508 -0.940291112272676
23.1654419999643 -0.950567489387783
23.1822889448779 -0.959896320156857
23.1991358897915 -0.968268305398507
23.215982834705 -0.975675099735773
23.2328297796186 -0.982109319914981
23.2496767245322 -0.987564552165524
23.2665236694457 -0.992035358593258
23.2833706143593 -0.995517282601106
23.3002175592729 -0.998006853331494
23.3170645041864 -0.999501589126174
23.3339114491 -1
23.3523340046322 -0.999501589126174
23.3707565601643 -0.998006853331494
23.3891791156965 -0.995517282601106
23.4076016712286 -0.992035358593258
23.4260242267608 -0.987564552165523
23.444446782293 -0.982109319914981
23.4628693378251 -0.975675099735774
23.4812918933573 -0.968268305398507
23.4997144488894 -0.959896320156856
23.5181370044216 -0.950567489387783
23.5365595599538 -0.940291112272676
23.5549821154859 -0.92907743252773
23.5734046710181 -0.91693762819279
23.5918272265503 -0.903883800488824
23.6102497820824 -0.88992896175518
23.6286723376146 -0.875087022478593
23.6470948931467 -0.859372777426913
23.6655174486789 -0.842801890901351
23.6839400042111 -0.825390881121976
23.7023625597432 -0.807157103761984
23.7207851152754 -0.788118734647194
23.7392076708075 -0.768294751637971
23.7576302263397 -0.747704915711708
23.7760527818719 -0.726369751264641
23.794475337404 -0.704310525652673
23.8128978929362 -0.681549227991634
23.8313204484683 -0.658108547238036
23.8497430040005 -0.634011849572241
23.8681655595327 -0.609283155106517
23.8865881150648 -0.583947113941306
23.905010670597 -0.558028981593438
23.9234332261291 -0.531554593820903
23.9418557816613 -0.504550340869178
23.9602783371935 -0.477043141164888
23.9787008927256 -0.449060414482918
23.9971234482578 -0.420630054613786
24.01554600379 -0.391780401558493
24.0339685593221 -0.362540213278623
24.0523911148543 -0.332938637029763
24.0708136703864 -0.303005180306874
24.0892362259186 -0.272769681430602
24.1076587814508 -0.242262279803781
24.1260813369829 -0.211513385867821
24.1445038925151 -0.180553650788903
24.1629264480472 -0.14941393590426
24.1813490035794 -0.118125281958905
24.1997715591116 -0.0867188781635523
24.2181941146437 -0.0552260311045079
24.2366166701759 -0.0236781335366221
24.255039225708 0.00789336690971065
24.2734617812402 0.0394569990762518
24.2918843367724 0.0709812996480164
24.3103068923045 0.102434844516615
24.3287294478367 0.133786280104477
24.3471520033688 0.165004354618799
24.365574558901 0.196057949203979
24.3839971144332 0.226916108961587
24.4024196699653 0.257548073806895
24.4208422254975 0.287923309131166
24.4392647810296 0.31801153623924
24.4576873365618 0.34778276253198
24.476109892094 0.377207311403575
24.4945324476261 0.406255851823789
24.5129550031583 0.434899427575795
24.5313775586905 0.463109486120346
24.5498001142226 0.490857907057593
24.5682226697548 0.518117030158078
24.5866452252869 0.544859682935073
24.6050677808191 0.571059207730693
24.6234903363513 0.596689488288856
24.6419128918834 0.621724975788496
24.6603354474156 0.646140714311207
24.6787580029477 0.669912365717854
24.6971805584799 0.693016233909332
24.7156031140121 0.715429288447373
24.7340256695442 0.737129187511777
24.7524482250764 0.758094300171245
24.7708707806085 0.778303727945531
24.7892933361407 0.797737325637521
24.8077158916729 0.816375721414398
24.826138447205 0.834200336117917
24.8445610027372 0.851193401784495
24.8629835582693 0.867337979356716
24.8814061138015 0.882617975568546
24.8998286693337 0.897018158987464
24.9182512248658 0.910524175197463
24.936673780398 0.92312256110786
24.9550963359302 0.934800758373598
24.9735188914623 0.945547125913667
24.9919414469945 0.955350951515195
25.0103640025266 0.964202462511611
25.0287865580588 0.972092835524257
25.047209113591 0.979014205257715
25.0656316691231 0.984959672340111
25.0840542246553 0.989923310200557
25.1024767801874 0.993900170976888
25.1208993357196 0.996886290447793
25.1393218912518 0.998878691984443
25.1577444467839 0.999875389517657
25.1761670023161 0.999875389517657
25.1945895578482 0.998878691984443
25.2130121133804 0.996886290447793
25.2314346689126 0.993900170976888
25.2498572244447 0.989923310200557
25.2682797799769 0.98495967234011
25.286702335509 0.979014205257715
25.3051248910412 0.972092835524257
25.3235474465734 0.964202462511611
25.3419700021055 0.955350951515196
25.3603925576377 0.945547125913668
25.3788151131698 0.934800758373598
25.397237668702 0.92312256110786
25.4156602242342 0.910524175197463
25.4340827797663 0.897018158987464
25.4525053352985 0.882617975568546
25.4709278908307 0.867337979356716
25.4893504463628 0.851193401784496
25.507773001895 0.834200336117918
25.5261955574271 0.816375721414398
25.5446181129593 0.797737325637521
25.5630406684915 0.778303727945531
25.5814632240236 0.758094300171245
25.5998857795558 0.737129187511777
25.6183083350879 0.715429288447373
25.6367308906201 0.693016233909332
25.6551534461523 0.669912365717854
25.6735760016844 0.646140714311208
25.6919985572166 0.621724975788497
25.7104211127487 0.596689488288856
25.7288436682809 0.571059207730694
25.7472662238131 0.544859682935073
25.7656887793452 0.518117030158079
25.7841113348774 0.490857907057594
25.8025338904095 0.463109486120346
25.8209564459417 0.434899427575795
25.8393790014739 0.40625585182379
25.857801557006 0.377207311403576
25.8762241125382 0.347782762531986
25.8946466680704 0.31801153623924
25.9130692236025 0.287923309131167
25.9314917791347 0.257548073806896
25.9499143346668 0.226916108961587
25.968336890199 0.196057949203979
25.9867594457312 0.165004354618799
26.0051820012633 0.133786280104478
26.0236045567955 0.102434844516616
26.0420271123276 0.0709812996480162
26.0604496678598 0.0394569990762527
26.078872223392 0.00789336690971111
26.0972947789241 -0.0236781335366221
26.1157173344563 -0.0552260311045075
26.1341398899884 -0.0867188781635523
26.1525624455206 -0.118125281958905
26.1709850010528 -0.14941393590426
26.1894075565849 -0.180553650788902
26.2078301121171 -0.211513385867821
26.2262526676492 -0.242262279803786
26.2446752231814 -0.272769681430601
26.2630977787136 -0.303005180306873
26.2815203342457 -0.332938637029764
26.2999428897779 -0.362540213278622
26.3183654453101 -0.391780401558492
26.3367880008422 -0.420630054613785
26.3552105563744 -0.449060414482917
26.3736331119065 -0.477043141164888
26.3920556674387 -0.504550340869178
26.4104782229709 -0.531554593820903
26.428900778503 -0.558028981593437
26.4473233340352 -0.583947113941305
26.4657458895673 -0.609283155106517
26.4841684450995 -0.63401184957224
26.5025910006317 -0.658108547238035
26.5210135561638 -0.681549227991633
26.539436111696 -0.704310525652673
26.5578586672281 -0.726369751264637
26.5762812227603 -0.747704915711707
26.5947037782925 -0.768294751637971
26.6131263338246 -0.788118734647194
26.6315488893568 -0.807157103761984
26.6499714448889 -0.825390881121976
26.6683940004211 -0.842801890901351
26.6868165559533 -0.859372777426913
26.7052391114854 -0.875087022478592
26.7236616670176 -0.88992896175518
26.7420842225497 -0.903883800488824
26.7605067780819 -0.91693762819279
26.7789293336141 -0.92907743252773
26.7973518891462 -0.940291112272676
26.8157744446784 -0.950567489387783
26.8341970002106 -0.959896320156856
26.8526195557427 -0.968268305398507
26.8710421112749 -0.975675099735774
26.889464666807 -0.982109319914981
26.9078872223392 -0.987564552165523
26.9263097778714 -0.992035358593258
26.9447323334035 -0.995517282601106
26.9631548889357 -0.998006853331494
26.9815774444678 -0.999501589126174
27 -1
