0 -1
0.00999552171005025 -0.999501589126174
0.0199910434201005 -0.998006853331493
0.0299865651301508 -0.995517282601106
0.039982086840201 -0.992035358593258
0.0499776085502513 -0.987564552165524
0.0599731302603015 -0.98210931991498
0.0699686519703518 -0.975675099735774
0.079964173680402 -0.968268305398507
0.0899596953904523 -0.959896320156857
0.0999552171005025 -0.950567489387783
0.109950738810553 -0.940291112272676
0.119946260520603 -0.929077432527731
0.129941782230653 -0.916937628192789
0.139937303940704 -0.903883800488824
0.149932825650754 -0.88992896175518
0.159928347360804 -0.875087022478594
0.169923869070854 -0.859372777426912
0.179919390780905 -0.842801890901351
0.189914912490955 -0.825390881121976
0.199910434201005 -0.807157103761985
0.209905955911055 -0.788118734647192
0.219901477621106 -0.768294751637971
0.229896999331156 -0.747704915711709
0.239892521041206 -0.726369751264639
0.249888042751256 -0.704310525652672
0.259883564461307 -0.681549227991634
0.269879086171357 -0.658108547238038
0.279874607881407 -0.634011849572239
0.289870129591457 -0.609283155106517
0.299865651301508 -0.583947113941306
0.309861173011558 -0.55802898159344
0.319856694721608 -0.531554593820901
0.329852216431658 -0.504550340869177
0.339847738141709 -0.47704314116489
0.349843259851759 -0.44906041448292
0.359838781561809 -0.420630054613784
0.369834303271859 -0.391780401558493
0.37982982498191 -0.362540213278625
0.38982534669196 -0.332938637029761
0.39982086840201 -0.303005180306873
0.40981639011206 -0.272769681430603
0.419811911822111 -0.242262279803783
0.429807433532161 -0.211513385867819
0.439802955242211 -0.180553650788902
0.449798476952261 -0.149413935904261
0.459793998662312 -0.118125281958908
0.469789520372362 -0.0867188781635507
0.479785042082412 -0.0552260311045082
0.489780563792462 -0.0236781335366241
0.499776085502513 0.00789336690971331
0.509771607212563 0.0394569990762525
0.519767128922613 0.0709812996480156
0.529762650632663 0.102434844516614
0.539758172342714 0.133786280104479
0.549753694052764 0.165004354618799
0.559749215762814 0.196057949203978
0.569744737472864 0.22691610896159
0.579740259182915 0.257548073806897
0.589735780892965 0.287923309131167
0.599731302603015 0.318011536239238
0.609726824313065 0.347782762531982
0.619722346023116 0.377207311403576
0.629717867733166 0.406255851823789
0.639713389443216 0.434899427575793
0.649708911153266 0.463109486120348
0.659704432863317 0.490857907057594
0.669699954573367 0.518117030158077
0.679695476283417 0.54485968293507
0.689690997993467 0.571059207730695
0.699686519703518 0.596689488288856
0.709682041413568 0.621724975788495
0.719677563123618 0.64614071431121
0.729673084833668 0.669912365717855
0.739668606543719 0.693016233909331
0.749664128253769 0.715429288447371
0.759659649963819 0.737129187511779
0.769655171673869 0.758094300171246
0.77965069338392 0.77830372794553
0.78964621509397 0.797737325637519
0.79964173680402 0.816375721414399
0.80963725851407 0.834200336117917
0.819632780224121 0.851193401784495
0.829628301934171 0.867337979356715
0.839623823644221 0.882617975568547
0.849619345354271 0.897018158987464
0.859614867064322 0.910524175197462
0.869610388774372 0.923122561107861
0.879605910484422 0.934800758373598
0.889601432194472 0.945547125913667
0.899596953904523 0.955350951515195
0.909592475614573 0.964202462511612
0.919587997324623 0.972092835524257
0.929583519034673 0.979014205257715
0.939579040744724 0.984959672340111
0.949574562454774 0.989923310200557
0.959570084164824 0.993900170976888
0.969565605874874 0.996886290447793
0.979561127584925 0.998878691984444
0.989556649294975 0.999875389517657
0.999552171005025 0.999875389517657
1.00954769271508 0.998878691984444
1.01954321442513 0.996886290447793
1.02953873613518 0.993900170976888
1.03953425784523 0.989923310200557
1.04952977955528 0.984959672340111
1.05952530126533 0.979014205257714
1.06952082297538 0.972092835524257
1.07951634468543 0.964202462511612
1.08951186639548 0.955350951515195
1.09950738810553 0.945547125913667
1.10950290981558 0.934800758373598
1.11949843152563 0.923122561107861
1.12949395323568 0.910524175197462
1.13948947494573 0.897018158987464
1.14948499665578 0.882617975568547
1.15948051836583 0.867337979356715
1.16947604007588 0.851193401784495
1.17947156178593 0.834200336117917
1.18946708349598 0.816375721414399
1.19946260520603 0.79773732563752
1.20945812691608 0.77830372794553
1.21945364862613 0.758094300171246
1.22944917033618 0.737129187511779
1.23944469204623 0.715429288447371
1.24944021375628 0.693016233909332
1.25943573546633 0.669912365717855
1.26943125717638 0.646140714311209
1.27942677888643 0.621724975788495
1.28942230059648 0.596689488288856
1.29941782230653 0.571059207730695
1.30941334401658 0.54485968293507
1.31940886572663 0.518117030158077
1.32940438743668 0.490857907057594
1.33939990914673 0.463109486120348
1.34939543085678 0.434899427575793
1.35939095256683 0.40625585182379
1.36938647427688 0.377207311403576
1.37938199598693 0.347782762531982
1.38937751769698 0.318011536239239
1.39937303940704 0.287923309131167
1.40936856111709 0.257548073806896
1.41936408282714 0.22691610896159
1.42935960453719 0.196057949203978
1.43935512624724 0.165004354618799
1.44935064795729 0.13378628010448
1.45934616966734 0.102434844516614
1.46934169137739 0.0709812996480162
1.47933721308744 0.0394569990762536
1.48933273479749 0.00789336690971289
1.49932825650754 -0.0236781335366239
1.50932377821759 -0.0552260311045075
1.51931929992764 -0.0867188781635505
1.52931482163769 -0.118125281958908
1.53931034334774 -0.149413935904261
1.54930586505779 -0.180553650788902
1.55930138676784 -0.211513385867819
1.56929690847789 -0.242262279803782
1.57929243018794 -0.272769681430603
1.58928795189799 -0.303005180306872
1.59928347360804 -0.33293863702976
1.60927899531809 -0.362540213278625
1.61927451702814 -0.391780401558493
1.62927003873819 -0.420630054613784
1.63926556044824 -0.44906041448292
1.64926108215829 -0.47704314116489
1.65925660386834 -0.504550340869178
1.66925212557839 -0.531554593820901
1.67924764728844 -0.55802898159344
1.68924316899849 -0.583947113941305
1.69923869070854 -0.609283155106517
1.70923421241859 -0.634011849572238
1.71922973412864 -0.658108547238037
1.72922525583869 -0.681549227991634
1.73922077754874 -0.704310525652672
1.74921629925879 -0.726369751264639
1.75921182096884 -0.747704915711709
1.76920734267889 -0.768294751637971
1.77920286438894 -0.788118734647192
1.789198386099 -0.807157103761986
1.79919390780905 -0.825390881121976
1.8091894295191 -0.84280189090135
1.81918495122915 -0.859372777426912
1.8291804729392 -0.875087022478593
1.83917599464925 -0.88992896175518
1.8491715163593 -0.903883800488824
1.85916703806935 -0.916937628192789
1.8691625597794 -0.92907743252773
1.87915808148945 -0.940291112272676
1.8891536031995 -0.950567489387783
1.89914912490955 -0.959896320156857
1.9091446466196 -0.968268305398507
1.91914016832965 -0.975675099735774
1.9291356900397 -0.98210931991498
1.93913121174975 -0.987564552165524
1.9491267334598 -0.992035358593258
1.95912225516985 -0.995517282601106
1.9691177768799 -0.998006853331493
1.97911329858995 -0.999501589126174
1.9891088203 -1
2.00675662088291 -0.999501589126174
2.02440442146583 -0.998006853331493
2.04205222204874 -0.995517282601106
2.05970002263166 -0.992035358593258
2.07734782321457 -0.987564552165524
2.09499562379749 -0.98210931991498
2.1126434243804 -0.975675099735773
2.13029122496332 -0.968268305398507
2.14793902554623 -0.959896320156857
2.16558682612915 -0.950567489387783
2.18323462671206 -0.940291112272676
2.20088242729497 -0.929077432527731
2.21853022787789 -0.916937628192789
2.2361780284608 -0.903883800488823
2.25382582904372 -0.88992896175518
2.27147362962663 -0.875087022478593
2.28912143020955 -0.859372777426912
2.30676923079246 -0.84280189090135
2.32441703137538 -0.825390881121976
2.34206483195829 -0.807157103761986
2.35971263254121 -0.788118734647192
2.37736043312412 -0.768294751637971
2.39500823370704 -0.747704915711709
2.41265603428995 -0.72636975126464
2.43030383487286 -0.704310525652672
2.44795163545578 -0.681549227991634
2.46559943603869 -0.658108547238038
2.48324723662161 -0.634011849572239
2.50089503720452 -0.609283155106516
2.51854283778744 -0.583947113941306
2.53619063837035 -0.55802898159344
2.55383843895327 -0.531554593820901
2.57148623953618 -0.504550340869178
2.5891340401191 -0.477043141164889
2.60678184070201 -0.44906041448292
2.62442964128492 -0.420630054613784
2.64207744186784 -0.391780401558493
2.65972524245075 -0.362540213278625
2.67737304303367 -0.332938637029761
2.69502084361658 -0.303005180306872
2.7126686441995 -0.272769681430603
2.73031644478241 -0.242262279803783
2.74796424536533 -0.211513385867819
2.76561204594824 -0.180553650788902
2.78325984653116 -0.149413935904261
2.80090764711407 -0.118125281958908
2.81855544769699 -0.0867188781635505
2.8362032482799 -0.0552260311045082
2.85385104886281 -0.0236781335366243
2.87149884944573 0.00789336690971331
2.88914665002864 0.0394569990762525
2.90679445061156 0.0709812996480162
2.92444225119447 0.102434844516613
2.94209005177739 0.133786280104479
2.9597378523603 0.165004354618799
2.97738565294322 0.196057949203978
2.99503345352613 0.22691610896159
3.01268125410905 0.257548073806897
3.03032905469196 0.287923309131167
3.04797685527487 0.318011536239238
3.06562465585779 0.347782762531983
3.0832724564407 0.377207311403576
3.10092025702362 0.406255851823788
3.11856805760653 0.434899427575793
3.13621585818945 0.463109486120348
3.15386365877236 0.490857907057594
3.17151145935528 0.518117030158077
3.18915925993819 0.54485968293507
3.20680706052111 0.571059207730695
3.22445486110402 0.596689488288855
3.24210266168693 0.621724975788495
3.25975046226985 0.64614071431121
3.27739826285276 0.669912365717855
3.29504606343568 0.693016233909332
3.31269386401859 0.715429288447371
3.33034166460151 0.737129187511779
3.34798946518442 0.758094300171245
3.36563726576734 0.77830372794553
3.38328506635025 0.797737325637519
3.40093286693317 0.816375721414399
3.41858066751608 0.834200336117918
3.43622846809899 0.851193401784495
3.45387626868191 0.867337979356715
3.47152406926482 0.882617975568547
3.48917186984774 0.897018158987463
3.50681967043065 0.910524175197462
3.52446747101357 0.923122561107861
3.54211527159648 0.934800758373598
3.5597630721794 0.945547125913667
3.57741087276231 0.955350951515195
3.59505867334523 0.964202462511612
3.61270647392814 0.972092835524257
3.63035427451106 0.979014205257714
3.64800207509397 0.984959672340111
3.66564987567688 0.989923310200557
3.6832976762598 0.993900170976888
3.70094547684271 0.996886290447793
3.71859327742563 0.998878691984444
3.73624107800854 0.999875389517657
3.75388887859146 0.999875389517657
3.77153667917437 0.998878691984444
3.78918447975729 0.996886290447793
3.8068322803402 0.993900170976888
3.82448008092312 0.989923310200557
3.84212788150603 0.98495967234011
3.85977568208894 0.979014205257715
3.87742348267186 0.972092835524257
3.89507128325477 0.964202462511612
3.91271908383769 0.955350951515195
3.9303668844206 0.945547125913667
3.94801468500352 0.934800758373598
3.96566248558643 0.923122561107861
3.98331028616935 0.910524175197462
4.00095808675226 0.897018158987464
4.01860588733518 0.882617975568547
4.03625368791809 0.867337979356715
4.053901488501 0.851193401784495
4.07154928908392 0.834200336117918
4.08919708966683 0.816375721414399
4.10684489024975 0.797737325637519
4.12449269083266 0.778303727945531
4.14214049141558 0.758094300171246
4.15978829199849 0.737129187511779
4.17743609258141 0.715429288447372
4.19508389316432 0.693016233909332
4.21273169374724 0.669912365717855
4.23037949433015 0.646140714311209
4.24802729491307 0.621724975788496
4.26567509549598 0.596689488288856
4.28332289607889 0.571059207730695
4.30097069666181 0.54485968293507
4.31861849724472 0.518117030158079
4.33626629782764 0.490857907057595
4.35391409841055 0.463109486120348
4.37156189899347 0.434899427575794
4.38920969957638 0.40625585182379
4.4068575001593 0.377207311403576
4.42450530074221 0.347782762531982
4.44215310132513 0.31801153623924
4.45980090190804 0.287923309131167
4.47744870249096 0.257548073806896
4.49509650307387 0.226916108961591
4.51274430365678 0.196057949203979
4.5303921042397 0.1650043546188
4.54803990482261 0.133786280104479
4.56568770540553 0.102434844516615
4.58333550598844 0.0709812996480171
4.60098330657136 0.0394569990762527
4.61863110715427 0.00789336690971378
4.63627890773719 -0.0236781335366247
4.6539267083201 -0.0552260311045075
4.67157450890301 -0.0867188781635487
4.68922230948593 -0.118125281958907
4.70687011006884 -0.14941393590426
4.72451791065176 -0.180553650788901
4.74216571123467 -0.211513385867818
4.75981351181759 -0.242262279803782
4.7774613124005 -0.272769681430602
4.79510911298342 -0.303005180306872
4.81275691356633 -0.332938637029762
4.83040471414925 -0.362540213278624
4.84805251473216 -0.391780401558493
4.86570031531508 -0.420630054613784
4.88334811589799 -0.449060414482921
4.9009959164809 -0.477043141164889
4.91864371706382 -0.504550340869177
4.93629151764673 -0.531554593820901
4.95393931822965 -0.558028981593441
4.97158711881256 -0.583947113941305
4.98923491939548 -0.609283155106517
5.00688271997839 -0.634011849572238
5.02453052056131 -0.658108547238037
5.04217832114422 -0.681549227991633
5.05982612172714 -0.704310525652672
5.07747392231005 -0.726369751264639
5.09512172289296 -0.747704915711709
5.11276952347588 -0.76829475163797
5.13041732405879 -0.788118734647193
5.14806512464171 -0.807157103761985
5.16571292522462 -0.825390881121976
5.18336072580754 -0.84280189090135
5.20100852639045 -0.859372777426912
5.21865632697337 -0.875087022478593
5.23630412755628 -0.88992896175518
5.2539519281392 -0.903883800488823
5.27159972872211 -0.916937628192788
5.28924752930503 -0.92907743252773
5.30689532988794 -0.940291112272676
5.32454313047085 -0.950567489387782
5.34219093105377 -0.959896320156857
5.35983873163668 -0.968268305398507
5.3774865322196 -0.975675099735774
5.39513433280251 -0.98210931991498
5.41278213338543 -0.987564552165524
5.43042993396834 -0.992035358593258
5.44807773455126 -0.995517282601106
5.46572553513417 -0.998006853331493
5.48337333571709 -0.999501589126174
5.5010211363 -1
5.50723028112161 -0.999501589126174
5.51343942594322 -0.998006853331493
5.51964857076482 -0.995517282601106
5.52585771558643 -0.992035358593258
5.53206686040804 -0.987564552165524
5.53827600522965 -0.982109319914981
5.54448515005126 -0.975675099735774
5.55069429487286 -0.968268305398507
5.55690343969447 -0.959896320156857
5.56311258451608 -0.950567489387782
5.56932172933769 -0.940291112272676
5.5755308741593 -0.929077432527731
5.5817400189809 -0.916937628192789
5.58794916380251 -0.903883800488823
5.59415830862412 -0.88992896175518
5.60036745344573 -0.875087022478593
5.60657659826734 -0.859372777426911
5.61278574308894 -0.842801890901352
5.61899488791055 -0.825390881121977
5.62520403273216 -0.807157103761986
5.63141317755377 -0.788118734647192
5.63762232237538 -0.76829475163797
5.64383146719699 -0.747704915711708
5.65004061201859 -0.726369751264641
5.6562497568402 -0.704310525652673
5.66245890166181 -0.681549227991635
5.66866804648342 -0.658108547238038
5.67487719130503 -0.634011849572239
5.68108633612663 -0.609283155106516
5.68729548094824 -0.583947113941305
5.69350462576985 -0.558028981593442
5.69971377059146 -0.531554593820903
5.70592291541307 -0.504550340869178
5.71213206023467 -0.47704314116489
5.71834120505628 -0.44906041448292
5.72455034987789 -0.420630054613783
5.7307594946995 -0.391780401558491
5.73696863952111 -0.362540213278626
5.74317778434271 -0.332938637029763
5.74938692916432 -0.303005180306874
5.75559607398593 -0.272769681430603
5.76180521880754 -0.242262279803783
5.76801436362915 -0.211513385867818
5.77422350845075 -0.1805536507889
5.78043265327236 -0.149413935904263
5.78664179809397 -0.118125281958909
5.79285094291558 -0.0867188781635516
5.79906008773719 -0.0552260311045082
5.80526923255879 -0.0236781335366234
5.8114783773804 0.00789336690971442
5.81768752220201 0.0394569990762547
5.82389666702362 0.0709812996480138
5.83010581184523 0.102434844516612
5.83631495666683 0.133786280104479
5.84252410148844 0.165004354618799
5.84873324631005 0.196057949203978
5.85494239113166 0.226916108961591
5.86115153595327 0.257548073806899
5.86736068077487 0.287923309131164
5.87356982559648 0.318011536239237
5.87977897041809 0.347782762531982
5.8859881152397 0.377207311403576
5.89219726006131 0.40625585182379
5.89840640488292 0.434899427575794
5.90461554970452 0.46310948612035
5.91082469452613 0.490857907057592
5.91703383934774 0.518117030158076
5.92324298416935 0.54485968293507
5.92945212899096 0.571059207730695
5.93566127381256 0.596689488288857
5.94187041863417 0.621724975788496
5.94807956345578 0.646140714311211
5.95428870827739 0.669912365717854
5.960497853099 0.693016233909331
5.9667069979206 0.715429288447371
5.97291614274221 0.737129187511779
5.97912528756382 0.758094300171246
5.98533443238543 0.778303727945531
5.99154357720704 0.797737325637521
5.99775272202864 0.816375721414398
6.00396186685025 0.834200336117917
6.01017101167186 0.851193401784495
6.01638015649347 0.867337979356715
6.02258930131508 0.882617975568547
6.02879844613668 0.897018158987464
6.03500759095829 0.910524175197463
6.0412167357799 0.92312256110786
6.04742588060151 0.934800758373598
6.05363502542312 0.945547125913667
6.05984417024472 0.955350951515195
6.06605331506633 0.964202462511612
6.07226245988794 0.972092835524256
6.07847160470955 0.979014205257714
6.08468074953116 0.98495967234011
6.09088989435276 0.989923310200557
6.09709903917437 0.993900170976888
6.10330818399598 0.996886290447793
6.10951732881759 0.998878691984444
6.1157264736392 0.999875389517657
6.1219356184608 0.999875389517657
6.12814476328241 0.998878691984444
6.13435390810402 0.996886290447793
6.14056305292563 0.993900170976888
6.14677219774724 0.989923310200557
6.15298134256884 0.98495967234011
6.15919048739045 0.979014205257715
6.16539963221206 0.972092835524258
6.17160877703367 0.964202462511612
6.17781792185528 0.955350951515195
6.18402706667688 0.945547125913667
6.19023621149849 0.934800758373598
6.1964453563201 0.92312256110786
6.20265450114171 0.910524175197463
6.20886364596332 0.897018158987464
6.21507279078492 0.882617975568548
6.22128193560653 0.867337979356715
6.22749108042814 0.851193401784495
6.23370022524975 0.834200336117917
6.23990937007136 0.816375721414398
6.24611851489296 0.797737325637521
6.25232765971457 0.778303727945531
6.25853680453618 0.758094300171246
6.26474594935779 0.73712918751178
6.2709550941794 0.715429288447371
6.27716423900101 0.693016233909331
6.28337338382261 0.669912365717854
6.28958252864422 0.646140714311208
6.29579167346583 0.621724975788497
6.30200081828744 0.596689488288856
6.30820996310905 0.571059207730695
6.31441910793065 0.54485968293507
6.32062825275226 0.518117030158076
6.32683739757387 0.490857907057592
6.33304654239548 0.46310948612035
6.33925568721709 0.434899427575794
6.34546483203869 0.40625585182379
6.3516739768603 0.377207311403576
6.35788312168191 0.347782762531982
6.36409226650352 0.318011536239238
6.37030141132513 0.287923309131165
6.37651055614673 0.257548073806899
6.38271970096834 0.226916108961592
6.38892884578995 0.196057949203979
6.39513799061156 0.1650043546188
6.40134713543317 0.133786280104478
6.40755628025477 0.102434844516612
6.41376542507638 0.0709812996480145
6.41997456989799 0.0394569990762545
6.4261837147196 0.00789336690971467
6.43239285954121 -0.023678133536623
6.43860200436281 -0.0552260311045084
6.44481114918442 -0.0867188781635514
6.45102029400603 -0.11812528195891
6.45722943882764 -0.149413935904263
6.46343858364925 -0.1805536507889
6.46964772847085 -0.211513385867818
6.47585687329246 -0.242262279803782
6.48206601811407 -0.272769681430602
6.48827516293568 -0.303005180306873
6.49448430775729 -0.332938637029762
6.5006934525789 -0.362540213278626
6.5069025974005 -0.391780401558491
6.51311174222211 -0.420630054613783
6.51932088704372 -0.44906041448292
6.52553003186533 -0.47704314116489
6.53173917668694 -0.504550340869178
6.53794832150854 -0.531554593820903
6.54415746633015 -0.558028981593442
6.55036661115176 -0.583947113941304
6.55657575597337 -0.609283155106516
6.56278490079498 -0.634011849572238
6.56899404561658 -0.658108547238038
6.57520319043819 -0.681549227991635
6.5814123352598 -0.70431052565267
6.58762148008141 -0.726369751264641
6.59383062490302 -0.747704915711708
6.60003976972462 -0.76829475163797
6.60624891454623 -0.788118734647192
6.61245805936784 -0.807157103761985
6.61866720418945 -0.825390881121977
6.62487634901106 -0.842801890901349
6.63108549383266 -0.859372777426913
6.63729463865427 -0.875087022478593
6.64350378347588 -0.88992896175518
6.64971292829749 -0.903883800488823
6.6559220731191 -0.916937628192789
6.6621312179407 -0.929077432527731
6.66834036276231 -0.940291112272674
6.67454950758392 -0.950567489387784
6.68075865240553 -0.959896320156857
6.68696779722714 -0.968268305398507
6.69317694204874 -0.975675099735774
6.69938608687035 -0.98210931991498
6.70559523169196 -0.987564552165524
6.71180437651357 -0.992035358593258
6.71801352133518 -0.995517282601106
6.72422266615678 -0.998006853331493
6.73043181097839 -0.999501589126174
6.7366409558 -1
6.7544642173794 -0.999501589126174
6.77228747895879 -0.998006853331493
6.79011074053819 -0.995517282601106
6.80793400211759 -0.992035358593258
6.82575726369699 -0.987564552165524
6.84358052527638 -0.98210931991498
6.86140378685578 -0.975675099735773
6.87922704843518 -0.968268305398507
6.89705031001457 -0.959896320156857
6.91487357159397 -0.950567489387783
6.93269683317337 -0.940291112272675
6.95052009475276 -0.929077432527731
6.96834335633216 -0.916937628192789
6.98616661791156 -0.903883800488824
7.00398987949096 -0.88992896175518
7.02181314107035 -0.875087022478593
7.03963640264975 -0.859372777426912
7.05745966422915 -0.842801890901351
7.07528292580854 -0.825390881121976
7.09310618738794 -0.807157103761985
7.11092944896734 -0.788118734647193
7.12875271054673 -0.768294751637971
7.14657597212613 -0.747704915711709
7.16439923370553 -0.726369751264639
7.18222249528493 -0.704310525652672
7.20004575686432 -0.681549227991634
7.21786901844372 -0.658108547238038
7.23569228002312 -0.634011849572239
7.25351554160251 -0.609283155106516
7.27133880318191 -0.583947113941306
7.28916206476131 -0.558028981593441
7.3069853263407 -0.531554593820902
7.3248085879201 -0.504550340869177
7.3426318494995 -0.477043141164889
7.3604551110789 -0.449060414482919
7.37827837265829 -0.420630054613785
7.39610163423769 -0.391780401558493
7.41392489581709 -0.362540213278624
7.43174815739648 -0.332938637029762
7.44957141897588 -0.303005180306873
7.46739468055528 -0.272769681430603
7.48521794213467 -0.242262279803783
7.50304120371407 -0.211513385867819
7.52086446529347 -0.180553650788903
7.53868772687286 -0.149413935904261
7.55651098845226 -0.118125281958908
7.57433425003166 -0.0867188781635505
7.59215751161106 -0.0552260311045077
7.60998077319045 -0.0236781335366248
7.62780403476985 0.00789336690971287
7.64562729634925 0.0394569990762529
7.66345055792864 0.0709812996480162
7.68127381950804 0.102434844516614
7.69909708108744 0.133786280104479
7.71692034266683 0.165004354618799
7.73474360424623 0.196057949203978
7.75256686582563 0.22691610896159
7.77039012740503 0.257548073806897
7.78821338898442 0.287923309131166
7.80603665056382 0.318011536239238
7.82385991214322 0.347782762531983
7.84168317372261 0.377207311403575
7.85950643530201 0.40625585182379
7.87732969688141 0.434899427575793
7.8951529584608 0.463109486120348
7.9129762200402 0.490857907057594
7.9307994816196 0.518117030158077
7.948622743199 0.54485968293507
7.96644600477839 0.571059207730694
7.98426926635779 0.596689488288856
8.00209252793719 0.621724975788495
8.01991578951658 0.646140714311209
8.03773905109598 0.669912365717856
8.05556231267538 0.693016233909332
8.07338557425477 0.71542928844737
8.09120883583417 0.737129187511779
8.10903209741357 0.758094300171245
8.12685535899297 0.778303727945531
8.14467862057236 0.797737325637519
8.16250188215176 0.816375721414398
8.18032514373116 0.834200336117918
8.19814840531055 0.851193401784495
8.21597166688995 0.867337979356714
8.23379492846935 0.882617975568547
8.25161819004874 0.897018158987463
8.26944145162814 0.910524175197463
8.28726471320754 0.923122561107861
8.30508797478694 0.934800758373599
8.32291123636633 0.945547125913667
8.34073449794573 0.955350951515195
8.35855775952513 0.964202462511612
8.37638102110452 0.972092835524257
8.39420428268392 0.979014205257714
8.41202754426332 0.984959672340111
8.42985080584271 0.989923310200557
8.44767406742211 0.993900170976888
8.46549732900151 0.996886290447793
8.4833205905809 0.998878691984444
8.5011438521603 0.999875389517657
8.5189671137397 0.999875389517657
8.5367903753191 0.998878691984444
8.55461363689849 0.996886290447793
8.57243689847789 0.993900170976888
8.59026016005729 0.989923310200557
8.60808342163668 0.984959672340111
8.62590668321608 0.979014205257714
8.64372994479548 0.972092835524257
8.66155320637487 0.964202462511612
8.67937646795427 0.955350951515195
8.69719972953367 0.945547125913667
8.71502299111307 0.934800758373598
8.73284625269246 0.923122561107861
8.75066951427186 0.910524175197463
8.76849277585126 0.897018158987463
8.78631603743065 0.882617975568547
8.80413929901005 0.867337979356715
8.82196256058945 0.851193401784494
8.83978582216884 0.834200336117918
8.85760908374824 0.816375721414399
8.87543234532764 0.79773732563752
8.89325560690703 0.778303727945531
8.91107886848643 0.758094300171245
8.92890213006583 0.73712918751178
8.94672539164523 0.715429288447371
8.96454865322462 0.693016233909332
8.98237191480402 0.669912365717856
9.00019517638342 0.646140714311209
9.01801843796281 0.621724975788496
9.03584169954221 0.596689488288858
9.05366496112161 0.571059207730695
9.071488222701 0.544859682935071
9.0893114842804 0.518117030158077
9.1071347458598 0.490857907057595
9.1249580074392 0.463109486120347
9.14278126901859 0.434899427575793
9.16060453059799 0.40625585182379
9.17842779217739 0.377207311403576
9.19625105375678 0.347782762531983
9.21407431533618 0.31801153623924
9.23189757691558 0.287923309131166
9.24972083849497 0.257548073806898
9.26754410007437 0.22691610896159
9.28536736165377 0.196057949203979
9.30319062323317 0.165004354618801
9.32101388481256 0.133786280104479
9.33883714639196 0.102434844516614
9.35666040797136 0.0709812996480145
9.37448366955075 0.0394569990762527
9.39230693113015 0.00789336690971467
9.41013019270955 -0.0236781335366247
9.42795345428894 -0.0552260311045066
9.44577671586834 -0.0867188781635487
9.46359997744774 -0.118125281958908
9.48142323902714 -0.149413935904262
9.49924650060653 -0.180553650788903
9.51706976218593 -0.211513385867818
9.53489302376533 -0.242262279803785
9.55271628534472 -0.272769681430602
9.57053954692412 -0.303005180306871
9.58836280850352 -0.332938637029762
9.60618607008291 -0.362540213278624
9.62400933166231 -0.391780401558491
9.64183259324171 -0.420630054613784
9.65965585482111 -0.44906041448292
9.6774791164005 -0.47704314116489
9.6953023779799 -0.504550340869177
9.7131256395593 -0.5315545938209
9.73094890113869 -0.55802898159344
9.74877216271809 -0.583947113941305
9.76659542429749 -0.609283155106517
9.78441868587688 -0.634011849572239
9.80224194745628 -0.658108547238037
9.82006520903568 -0.681549227991635
9.83788847061508 -0.704310525652671
9.85571173219447 -0.726369751264638
9.87353499377387 -0.747704915711709
9.89135825535327 -0.768294751637972
9.90918151693266 -0.788118734647193
9.92700477851206 -0.807157103761985
9.94482804009146 -0.825390881121977
9.96265130167085 -0.84280189090135
9.98047456325025 -0.859372777426911
9.99829782482965 -0.875087022478594
10.016121086409 -0.88992896175518
10.0339443479884 -0.903883800488823
10.0517676095678 -0.916937628192789
10.0695908711472 -0.92907743252773
10.0874141327266 -0.940291112272676
10.105237394306 -0.950567489387782
10.1230606558854 -0.959896320156857
10.1408839174648 -0.968268305398507
10.1587071790442 -0.975675099735773
10.1765304406236 -0.982109319914981
10.194353702203 -0.987564552165524
10.2121769637824 -0.992035358593258
10.2300002253618 -0.995517282601106
10.2478234869412 -0.998006853331493
10.2656467485206 -0.999501589126174
10.2834700101 -1
10.2906151060106 -0.999501589126174
10.2977602019211 -0.998006853331493
10.3049052978317 -0.995517282601106
10.3120503937422 -0.992035358593258
10.3191954896528 -0.987564552165524
10.3263405855633 -0.98210931991498
10.3334856814739 -0.975675099735774
10.3406307773844 -0.968268305398507
10.347775873295 -0.959896320156858
10.3549209692055 -0.950567489387782
10.3620660651161 -0.940291112272676
10.3692111610266 -0.92907743252773
10.3763562569372 -0.91693762819279
10.3835013528477 -0.903883800488823
10.3906464487583 -0.889928961755181
10.3977915446688 -0.875087022478593
10.4049366405794 -0.859372777426913
10.41208173649 -0.842801890901349
10.4192268324005 -0.825390881121977
10.4263719283111 -0.807157103761984
10.4335170242216 -0.788118734647193
10.4406621201322 -0.768294751637969
10.4478072160427 -0.74770491571171
10.4549523119533 -0.726369751264637
10.4620974078638 -0.704310525652672
10.4692425037744 -0.681549227991631
10.4763875996849 -0.658108547238038
10.4835326955955 -0.634011849572236
10.490677791506 -0.609283155106517
10.4978228874166 -0.583947113941309
10.5049679833271 -0.55802898159344
10.5121130792377 -0.531554593820904
10.5192581751482 -0.504550340869177
10.5264032710588 -0.477043141164892
10.5335483669693 -0.449060414482919
10.5406934628799 -0.420630054613787
10.5478385587905 -0.391780401558492
10.554983654701 -0.362540213278627
10.5621287506116 -0.33293863702976
10.5692738465221 -0.303005180306875
10.5764189424327 -0.272769681430601
10.5835640383432 -0.242262279803785
10.5907091342538 -0.211513385867817
10.5978542301643 -0.180553650788904
10.6049993260749 -0.149413935904259
10.6121444219854 -0.11812528195891
10.619289517896 -0.0867188781635483
10.6264346138065 -0.0552260311045095
10.6335797097171 -0.0236781335366212
10.6407248056276 0.00789336690971242
10.6478699015382 0.0394569990762556
10.6550149974487 0.0709812996480151
10.6621600933593 0.102434844516617
10.6693051892698 0.133786280104479
10.6764502851804 0.165004354618795
10.683595381091 0.196057949203978
10.6907404770015 0.226916108961594
10.6978855729121 0.257548073806897
10.7050306688226 0.287923309131163
10.7121757647332 0.318011536239239
10.7193208606437 0.347782762531979
10.7264659565543 0.377207311403577
10.7336110524648 0.406255851823786
10.7407561483754 0.434899427575794
10.7479012442859 0.463109486120345
10.7550463401965 0.490857907057595
10.762191436107 0.518117030158075
10.7693365320176 0.544859682935072
10.7764816279281 0.571059207730693
10.7836267238387 0.596689488288857
10.7907718197492 0.621724975788494
10.7979169156598 0.646140714311211
10.8050620115704 0.669912365717854
10.8122071074809 0.693016233909333
10.8193522033915 0.71542928844737
10.826497299302 0.737129187511781
10.8336423952126 0.758094300171245
10.8407874911231 0.778303727945532
10.8479325870337 0.797737325637519
10.8550776829442 0.816375721414401
10.8622227788548 0.834200336117917
10.8693678747653 0.851193401784496
10.8765129706759 0.867337979356715
10.8836580665864 0.882617975568545
10.890803162497 0.897018158987464
10.8979482584075 0.910524175197464
10.9050933543181 0.923122561107861
10.9122384502286 0.934800758373597
10.9193835461392 0.945547125913667
10.9265286420497 0.955350951515194
10.9336737379603 0.964202462511612
10.9408188338709 0.972092835524256
10.9479639297814 0.979014205257715
10.955109025692 0.98495967234011
10.9622541216025 0.989923310200557
10.9693992175131 0.993900170976888
10.9765443134236 0.996886290447793
10.9836894093342 0.998878691984443
10.9908345052447 0.999875389517657
10.9979796011553 0.999875389517657
11.0051246970658 0.998878691984443
11.0122697929764 0.996886290447793
11.0194148888869 0.993900170976888
11.0265599847975 0.989923310200557
11.033705080708 0.98495967234011
11.0408501766186 0.979014205257715
11.0479952725291 0.972092835524256
11.0551403684397 0.964202462511612
11.0622854643503 0.955350951515194
11.0694305602608 0.945547125913667
11.0765756561714 0.934800758373597
11.0837207520819 0.923122561107861
11.0908658479925 0.910524175197461
11.098010943903 0.897018158987463
11.1051560398136 0.882617975568549
11.1123011357241 0.867337979356715
11.1194462316347 0.851193401784496
11.1265913275452 0.834200336117917
11.1337364234558 0.816375721414401
11.1408815193663 0.797737325637519
11.1480266152769 0.778303727945532
11.1551717111874 0.758094300171245
11.162316807098 0.737129187511781
11.1694619030085 0.715429288447371
11.1766069989191 0.693016233909334
11.1837520948296 0.669912365717854
11.1908971907402 0.646140714311211
11.1980422866508 0.621724975788494
11.2051873825613 0.596689488288858
11.2123324784719 0.571059207730693
11.2194775743824 0.544859682935072
11.226622670293 0.518117030158076
11.2337677662035 0.490857907057595
11.2409128621141 0.463109486120345
11.2480579580246 0.434899427575794
11.2552030539352 0.406255851823786
11.2623481498457 0.377207311403576
11.2694932457563 0.34778276253198
11.2766383416668 0.318011536239239
11.2837834375774 0.287923309131163
11.2909285334879 0.257548073806896
11.2980736293985 0.226916108961594
11.305218725309 0.196057949203978
11.3123638212196 0.165004354618795
11.3195089171302 0.133786280104479
11.3266540130407 0.102434844516618
11.3337991089513 0.0709812996480153
11.3409442048618 0.0394569990762554
11.3480893007724 0.00789336690971289
11.3552343966829 -0.0236781335366212
11.3623794925935 -0.0552260311045093
11.369524588504 -0.0867188781635478
11.3766696844146 -0.11812528195891
11.3838147803251 -0.149413935904259
11.3909598762357 -0.180553650788904
11.3981049721462 -0.211513385867817
11.4052500680568 -0.242262279803785
11.4123951639673 -0.272769681430601
11.4195402598779 -0.303005180306875
11.4266853557884 -0.332938637029759
11.433830451699 -0.362540213278626
11.4409755476095 -0.391780401558491
11.4481206435201 -0.420630054613787
11.4552657394307 -0.449060414482919
11.4624108353412 -0.477043141164892
11.4695559312518 -0.504550340869177
11.4767010271623 -0.531554593820898
11.4838461230729 -0.558028981593439
11.4909912189834 -0.583947113941309
11.498136314894 -0.609283155106517
11.5052814108045 -0.634011849572235
11.5124265067151 -0.658108547238037
11.5195716026256 -0.681549227991637
11.5267166985362 -0.704310525652672
11.5338617944467 -0.726369751264637
11.5410068903573 -0.747704915711709
11.5481519862678 -0.768294751637969
11.5552970821784 -0.788118734647193
11.5624421780889 -0.807157103761984
11.5695872739995 -0.825390881121977
11.57673236991 -0.842801890901349
11.5838774658206 -0.859372777426913
11.5910225617312 -0.875087022478592
11.5981676576417 -0.889928961755181
11.6053127535523 -0.903883800488823
11.6124578494628 -0.91693762819279
11.6196029453734 -0.92907743252773
11.6267480412839 -0.940291112272677
11.6338931371945 -0.950567489387782
11.641038233105 -0.959896320156858
11.6481833290156 -0.968268305398507
11.6553284249261 -0.975675099735774
11.6624735208367 -0.98210931991498
11.6696186167472 -0.987564552165524
11.6767637126578 -0.992035358593258
11.6839088085683 -0.995517282601106
11.6910539044789 -0.998006853331493
11.6981990003894 -0.999501589126174
11.7053440963 -1
11.7226775144467 -0.999501589126174
11.7400109325935 -0.998006853331493
11.7573443507402 -0.995517282601106
11.7746777688869 -0.992035358593258
11.7920111870337 -0.987564552165524
11.8093446051804 -0.98210931991498
11.8266780233271 -0.975675099735773
11.8440114414739 -0.968268305398507
11.8613448596206 -0.959896320156857
11.8786782777673 -0.950567489387783
11.8960116959141 -0.940291112272676
11.9133451140608 -0.929077432527731
11.9306785322075 -0.916937628192789
11.9480119503543 -0.903883800488823
11.965345368501 -0.88992896175518
11.9826787866477 -0.875087022478593
12.0000122047945 -0.859372777426913
12.0173456229412 -0.842801890901351
12.0346790410879 -0.825390881121976
12.0520124592347 -0.807157103761985
12.0693458773814 -0.788118734647192
12.0866792955281 -0.76829475163797
12.1040127136749 -0.74770491571171
12.1213461318216 -0.72636975126464
12.1386795499683 -0.704310525652672
12.1560129681151 -0.681549227991634
12.1733463862618 -0.658108547238037
12.1906798044085 -0.634011849572238
12.2080132225553 -0.609283155106515
12.225346640702 -0.583947113941307
12.2426800588487 -0.558028981593441
12.2600134769955 -0.531554593820901
12.2773468951422 -0.504550340869177
12.2946803132889 -0.477043141164889
12.3120137314357 -0.449060414482919
12.3293471495824 -0.420630054613785
12.3466805677291 -0.391780401558494
12.3640139858759 -0.362540213278625
12.3813474040226 -0.332938637029761
12.3986808221693 -0.303005180306872
12.4160142403161 -0.272769681430602
12.4333476584628 -0.242262279803782
12.4506810766095 -0.21151338586782
12.4680144947563 -0.180553650788903
12.485347912903 -0.149413935904261
12.5026813310497 -0.118125281958908
12.5200147491965 -0.0867188781635498
12.5373481673432 -0.0552260311045097
12.5546815854899 -0.0236781335366252
12.5720150036367 0.00789336690971264
12.5893484217834 0.0394569990762525
12.6066818399302 0.0709812996480162
12.6240152580769 0.102434844516614
12.6413486762236 0.133786280104481
12.6586820943704 0.165004354618798
12.6760155125171 0.196057949203977
12.6933489306638 0.22691610896159
12.7106823488106 0.257548073806897
12.7280157669573 0.287923309131167
12.745349185104 0.318011536239239
12.7626826032508 0.347782762531981
12.7800160213975 0.377207311403575
12.7973494395442 0.406255851823788
12.814682857691 0.434899427575793
12.8320162758377 0.463109486120348
12.8493496939844 0.490857907057594
12.8666831121312 0.518117030158079
12.8840165302779 0.544859682935069
12.9013499484246 0.571059207730694
12.9186833665714 0.596689488288855
12.9360167847181 0.621724975788495
12.9533502028648 0.64614071431121
12.9706836210116 0.669912365717856
12.9880170391583 0.69301623390933
13.005350457305 0.71542928844737
13.0226838754518 0.737129187511779
13.0400172935985 0.758094300171246
13.0573507117452 0.77830372794553
13.074684129892 0.79773732563752
13.0920175480387 0.8163757214144
13.1093509661854 0.834200336117919
13.1266843843322 0.851193401784494
13.1440178024789 0.867337979356715
13.1613512206256 0.882617975568547
13.1786846387724 0.897018158987464
13.1960180569191 0.910524175197463
13.2133514750658 0.92312256110786
13.2306848932126 0.934800758373598
13.2480183113593 0.945547125913667
13.265351729506 0.955350951515195
13.2826851476528 0.964202462511612
13.3000185657995 0.972092835524257
13.3173519839462 0.979014205257715
13.334685402093 0.98495967234011
13.3520188202397 0.989923310200557
13.3693522383864 0.993900170976888
13.3866856565332 0.996886290447793
13.4040190746799 0.998878691984444
13.4213524928266 0.999875389517657
13.4386859109734 0.999875389517657
13.4560193291201 0.998878691984444
13.4733527472668 0.996886290447793
13.4906861654136 0.993900170976888
13.5080195835603 0.989923310200557
13.525353001707 0.98495967234011
13.5426864198538 0.979014205257715
13.5600198380005 0.972092835524257
13.5773532561472 0.964202462511612
13.594686674294 0.955350951515195
13.6120200924407 0.945547125913667
13.6293535105874 0.934800758373598
13.6466869287342 0.92312256110786
13.6640203468809 0.910524175197463
13.6813537650276 0.897018158987464
13.6986871831744 0.882617975568547
13.7160206013211 0.867337979356715
13.7333540194678 0.851193401784494
13.7506874376146 0.834200336117917
13.7680208557613 0.816375721414398
13.785354273908 0.79773732563752
13.8026876920548 0.77830372794553
13.8200211102015 0.758094300171246
13.8373545283482 0.737129187511779
13.854687946495 0.715429288447371
13.8720213646417 0.693016233909333
13.8893547827884 0.669912365717856
13.9066882009352 0.64614071431121
13.9240216190819 0.621724975788495
13.9413550372286 0.596689488288856
13.9586884553754 0.571059207730694
13.9760218735221 0.54485968293507
13.9933552916688 0.518117030158076
14.0106887098156 0.490857907057595
14.0280221279623 0.463109486120348
14.045355546109 0.434899427575793
14.0626889642558 0.406255851823789
14.0800223824025 0.377207311403578
14.0973558005492 0.347782762531984
14.114689218696 0.31801153623924
14.1320226368427 0.287923309131167
14.1493560549894 0.257548073806896
14.1666894731362 0.22691610896159
14.1840228912829 0.196057949203977
14.2013563094296 0.165004354618798
14.2186897275764 0.133786280104478
14.2360231457231 0.102434844516614
14.2533565638698 0.0709812996480162
14.2706899820166 0.0394569990762527
14.2880234001633 0.007893366909712
14.30535681831 -0.0236781335366212
14.3226902364568 -0.0552260311045066
14.3400236546035 -0.0867188781635496
14.3573570727503 -0.118125281958908
14.374690490897 -0.149413935904261
14.3920239090437 -0.180553650788903
14.4093573271905 -0.21151338586782
14.4266907453372 -0.242262279803785
14.4440241634839 -0.272769681430602
14.4613575816307 -0.303005180306872
14.4786909997774 -0.332938637029761
14.4960244179241 -0.362540213278625
14.5133578360709 -0.391780401558494
14.5306912542176 -0.420630054613785
14.5480246723643 -0.449060414482919
14.5653580905111 -0.477043141164889
14.5826915086578 -0.504550340869177
14.6000249268045 -0.531554593820901
14.6173583449513 -0.55802898159344
14.634691763098 -0.583947113941307
14.6520251812447 -0.609283155106518
14.6693585993915 -0.63401184957224
14.6866920175382 -0.658108547238037
14.7040254356849 -0.681549227991634
14.7213588538317 -0.704310525652672
14.7386922719784 -0.72636975126464
14.7560256901251 -0.74770491571171
14.7733591082719 -0.76829475163797
14.7906925264186 -0.788118734647192
14.8080259445653 -0.807157103761985
14.8253593627121 -0.825390881121976
14.8426927808588 -0.842801890901351
14.8600261990055 -0.859372777426912
14.8773596171523 -0.875087022478594
14.894693035299 -0.889928961755181
14.9120264534457 -0.903883800488823
14.9293598715925 -0.916937628192789
14.9466932897392 -0.92907743252773
14.9640267078859 -0.940291112272676
14.9813601260327 -0.950567489387782
14.9986935441794 -0.959896320156857
15.0160269623261 -0.968268305398507
15.0333603804729 -0.975675099735774
15.0506937986196 -0.98210931991498
15.0680272167663 -0.987564552165524
15.0853606349131 -0.992035358593258
15.1026940530598 -0.995517282601106
15.1200274712065 -0.998006853331493
15.1373608893533 -0.999501589126174
15.1546943075 -1
15.1625328734136 -0.999501589126174
15.1703714393271 -0.998006853331493
15.1782100052407 -0.995517282601106
15.1860485711543 -0.992035358593257
15.1938871370678 -0.987564552165524
15.2017257029814 -0.982109319914981
15.209564268895 -0.975675099735774
15.2174028348085 -0.968268305398508
15.2252414007221 -0.959896320156857
15.2330799666357 -0.950567489387783
15.2409185325492 -0.940291112272675
15.2487570984628 -0.92907743252773
15.2565956643764 -0.916937628192788
15.26443423029 -0.903883800488822
15.2722727962035 -0.889928961755182
15.2801113621171 -0.875087022478595
15.2879499280307 -0.859372777426913
15.2957884939442 -0.842801890901351
15.3036270598578 -0.825390881121977
15.3114656257714 -0.807157103761985
15.3193041916849 -0.788118734647192
15.3271427575985 -0.76829475163797
15.3349813235121 -0.747704915711707
15.3428198894256 -0.726369751264637
15.3506584553392 -0.70431052565267
15.3584970212528 -0.681549227991636
15.3663355871663 -0.658108547238039
15.3741741530799 -0.63401184957224
15.3820127189935 -0.609283155106517
15.389851284907 -0.583947113941306
15.3976898508206 -0.558028981593439
15.4055284167342 -0.5315545938209
15.4133669826477 -0.504550340869176
15.4212055485613 -0.477043141164887
15.4290441144749 -0.449060414482923
15.4368826803884 -0.420630054613787
15.444721246302 -0.391780401558495
15.4525598122156 -0.362540213278626
15.4603983781291 -0.332938637029762
15.4682369440427 -0.303005180306873
15.4760755099563 -0.272769681430602
15.4839140758698 -0.242262279803782
15.4917526417834 -0.211513385867817
15.499591207697 -0.180553650788899
15.5074297736106 -0.149413935904264
15.5152683395241 -0.118125281958911
15.5231069054377 -0.0867188781635527
15.5309454713513 -0.0552260311045095
15.5387840372648 -0.0236781335366248
15.5466226031784 0.00789336690971353
15.554461169092 0.0394569990762536
15.5622997350055 0.0709812996480175
15.5701383009191 0.102434844516615
15.5779768668327 0.133786280104482
15.5858154327462 0.165004354618796
15.5936539986598 0.196057949203975
15.6014925645734 0.226916108961588
15.6093311304869 0.257548073806895
15.6171696964005 0.287923309131166
15.6250082623141 0.318011536239238
15.6328468282276 0.347782762531983
15.6406853941412 0.377207311403578
15.6485239600548 0.406255851823791
15.6563625259683 0.434899427575796
15.6642010918819 0.463109486120351
15.6720396577955 0.490857907057591
15.679878223709 0.518117030158076
15.6877167896226 0.544859682935069
15.6955553555362 0.571059207730694
15.7033939214497 0.596689488288856
15.7112324873633 0.621724975788496
15.7190710532769 0.646140714311211
15.7269096191905 0.669912365717857
15.734748185104 0.693016233909334
15.7425867510176 0.715429288447369
15.7504253169312 0.737129187511777
15.7582638828447 0.758094300171244
15.7661024487583 0.778303727945529
15.7739410146719 0.797737325637519
15.7817795805854 0.816375721414399
15.789618146499 0.834200336117918
15.7974567124126 0.851193401784495
15.8052952783261 0.867337979356716
15.8131338442397 0.882617975568548
15.8209724101533 0.897018158987462
15.8288109760668 0.910524175197461
15.8366495419804 0.92312256110786
15.844488107894 0.934800758373598
15.8523266738075 0.945547125913667
15.8601652397211 0.955350951515195
15.8680038056347 0.964202462511612
15.8758423715482 0.972092835524257
15.8836809374618 0.979014205257715
15.8915195033754 0.984959672340111
15.8993580692889 0.989923310200557
15.9071966352025 0.993900170976888
15.9150352011161 0.996886290447793
15.9228737670296 0.998878691984444
15.9307123329432 0.999875389517657
15.9385508988568 0.999875389517657
15.9463894647704 0.998878691984444
15.9542280306839 0.996886290447793
15.9620665965975 0.993900170976888
15.9699051625111 0.989923310200557
15.9777437284246 0.984959672340111
15.9855822943382 0.979014205257715
15.9934208602518 0.972092835524258
16.0012594261653 0.964202462511612
16.0090979920789 0.955350951515193
16.0169365579925 0.945547125913667
16.024775123906 0.9348007583736
16.0326136898196 0.92312256110786
16.0404522557332 0.910524175197464
16.0482908216467 0.897018158987462
16.0561293875603 0.882617975568548
16.0639679534739 0.867337979356712
16.0718065193874 0.851193401784496
16.079645085301 0.834200336117914
16.0874836512146 0.816375721414399
16.0953222171281 0.797737325637523
16.1031607830417 0.778303727945529
16.1109993489553 0.758094300171249
16.1188379148688 0.737129187511777
16.1266764807824 0.715429288447374
16.134515046696 0.693016233909329
16.1423536126095 0.669912365717857
16.1501921785231 0.646140714311206
16.1580307444367 0.621724975788496
16.1658693103503 0.596689488288851
16.1737078762638 0.571059207730695
16.1815464421774 0.544859682935076
16.189385008091 0.518117030158076
16.1972235740045 0.490857907057598
16.2050621399181 0.463109486120345
16.2129007058317 0.434899427575796
16.2207392717452 0.406255851823785
16.2285778376588 0.377207311403578
16.2364164035724 0.347782762531977
16.2442549694859 0.318011536239239
16.2520935353995 0.287923309131173
16.2599321013131 0.257548073806896
16.2677706672266 0.226916108961596
16.2756092331402 0.196057949203975
16.2834477990538 0.165004354618803
16.2912863649673 0.133786280104476
16.2991249308809 0.102434844516616
16.3069634967945 0.07098129964801
16.314802062708 0.0394569990762536
16.3226406286216 0.00789336690972088
16.3304791945352 -0.0236781335366247
16.3383177604487 -0.0552260311045022
16.3461563263623 -0.0867188781635523
16.3539948922759 -0.118125281958904
16.3618334581894 -0.149413935904264
16.369672024103 -0.180553650788899
16.3775105900166 -0.211513385867824
16.3853491559302 -0.242262279803781
16.3931877218437 -0.272769681430609
16.4010262877573 -0.303005180306872
16.4088648536709 -0.332938637029754
16.4167034195844 -0.362540213278626
16.424541985498 -0.391780401558488
16.4323805514116 -0.420630054613787
16.4402191173251 -0.449060414482917
16.4480576832387 -0.477043141164893
16.4558962491523 -0.504550340869175
16.4637348150658 -0.531554593820906
16.4715733809794 -0.558028981593439
16.479411946893 -0.583947113941312
16.4872505128065 -0.609283155106517
16.4950890787201 -0.634011849572234
16.5029276446337 -0.658108547238039
16.5107662105472 -0.681549227991631
16.5186047764608 -0.704310525652674
16.5264433423744 -0.726369751264637
16.5342819082879 -0.747704915711712
16.5421204742015 -0.768294751637969
16.5499590401151 -0.788118734647196
16.5577976060286 -0.807157103761986
16.5656361719422 -0.825390881121972
16.5734747378558 -0.842801890901351
16.5813133037693 -0.85937277742691
16.5891518696829 -0.875087022478595
16.5969904355965 -0.889928961755179
16.6048290015101 -0.903883800488825
16.6126675674236 -0.916937628192788
16.6205061333372 -0.929077432527732
16.6283446992508 -0.940291112272675
16.6361832651643 -0.950567489387781
16.6440218310779 -0.959896320156857
16.6518603969915 -0.968268305398506
16.659698962905 -0.975675099735774
16.6675375288186 -0.982109319914979
16.6753760947322 -0.987564552165524
16.6832146606457 -0.992035358593257
16.6910532265593 -0.995517282601106
16.6988917924729 -0.998006853331493
16.7067303583864 -0.999501589126173
16.7145689243 -1
16.7305083978101 -0.999501589126174
16.7464478713201 -0.998006853331493
16.7623873448302 -0.995517282601106
16.7783268183402 -0.992035358593258
16.7942662918503 -0.987564552165523
16.8102057653603 -0.982109319914981
16.8261452388704 -0.975675099735773
16.8420847123804 -0.968268305398507
16.8580241858905 -0.959896320156856
16.8739636594005 -0.950567489387783
16.8899031329106 -0.940291112272675
16.9058426064206 -0.929077432527731
16.9217820799307 -0.916937628192788
16.9377215534407 -0.903883800488824
16.9536610269508 -0.889928961755179
16.9696005004608 -0.875087022478594
16.9855399739709 -0.859372777426911
17.0014794474809 -0.842801890901351
17.017418920991 -0.825390881121975
17.033358394501 -0.807157103761986
17.0492978680111 -0.788118734647191
17.0652373415211 -0.768294751637972
17.0811768150312 -0.747704915711708
17.0971162885412 -0.726369751264641
17.1130557620513 -0.704310525652671
17.1289952355613 -0.681549227991636
17.1449347090714 -0.658108547238037
17.1608741825814 -0.634011849572241
17.1768136560915 -0.609283155106516
17.1927531296015 -0.583947113941308
17.2086926031116 -0.55802898159344
17.2246320766216 -0.531554593820904
17.2405715501317 -0.504550340869177
17.2565110236417 -0.477043141164892
17.2724504971518 -0.44906041448292
17.2883899706618 -0.420630054613787
17.3043294441719 -0.391780401558493
17.3202689176819 -0.362540213278628
17.336208391192 -0.332938637029761
17.352147864702 -0.303005180306869
17.3680873382121 -0.272769681430603
17.3840268117221 -0.24226227980378
17.3999662852322 -0.21151338586782
17.4159057587422 -0.180553650788899
17.4318452322523 -0.149413935904262
17.4477847057623 -0.118125281958905
17.4637241792724 -0.0867188781635516
17.4796636527824 -0.0552260311045055
17.4956031262925 -0.0236781335366248
17.5115425998025 0.00789336690971575
17.5274820733126 0.0394569990762518
17.5434215468226 0.0709812996480182
17.5593610203327 0.102434844516612
17.5753004938427 0.133786280104481
17.5912399673528 0.165004354618798
17.6071794408628 0.19605794920398
17.6231189143729 0.226916108961589
17.6390583878829 0.257548073806899
17.654997861393 0.287923309131165
17.670937334903 0.31801153623924
17.6868768084131 0.34778276253198
17.7028162819231 0.377207311403577
17.7187557554332 0.406255851823787
17.7346952289432 0.434899427575794
17.7506347024533 0.463109486120346
17.7665741759633 0.490857907057595
17.7825136494734 0.518117030158075
17.7984531229834 0.544859682935071
17.8143925964935 0.571059207730693
17.8303320700035 0.596689488288857
17.8462715435136 0.621724975788493
17.8622110170236 0.64614071431121
17.8781504905337 0.669912365717853
17.8940899640437 0.693016233909332
17.9100294375538 0.715429288447369
17.9259689110638 0.737129187511779
17.9419083845739 0.758094300171248
17.9578478580839 0.77830372794553
17.973787331594 0.797737325637517
17.989726805104 0.816375721414399
18.0056662786141 0.834200336117919
18.0216057521241 0.851193401784495
18.0375452256342 0.867337979356713
18.0534846991442 0.882617975568547
18.0694241726543 0.897018158987465
18.0853636461643 0.910524175197462
18.1013031196744 0.923122561107862
18.1172425931844 0.934800758373598
18.1331820666945 0.945547125913668
18.1491215402045 0.955350951515194
18.1650610137146 0.964202462511612
18.1810004872246 0.972092835524257
18.1969399607347 0.979014205257715
18.2128794342447 0.98495967234011
18.2288189077548 0.989923310200557
18.2447583812648 0.993900170976888
18.2606978547749 0.996886290447793
18.2766373282849 0.998878691984444
18.292576801795 0.999875389517657
18.308516275305 0.999875389517657
18.3244557488151 0.998878691984444
18.3403952223251 0.996886290447793
18.3563346958352 0.993900170976888
18.3722741693452 0.989923310200557
18.3882136428553 0.98495967234011
18.4041531163653 0.979014205257715
18.4200925898754 0.972092835524257
18.4360320633854 0.964202462511612
18.4519715368955 0.955350951515194
18.4679110104055 0.945547125913668
18.4838504839156 0.934800758373598
18.4997899574256 0.923122561107862
18.5157294309357 0.910524175197462
18.5316689044457 0.897018158987465
18.5476083779558 0.882617975568547
18.5635478514658 0.867337979356716
18.5794873249759 0.851193401784495
18.5954267984859 0.83420033611792
18.611366271996 0.816375721414399
18.627305745506 0.797737325637517
18.6432452190161 0.77830372794553
18.6591846925261 0.758094300171243
18.6751241660362 0.737129187511779
18.6910636395462 0.715429288447369
18.7070031130563 0.693016233909332
18.7229425865663 0.669912365717853
18.7388820600764 0.64614071431121
18.7548215335864 0.621724975788493
18.7707610070965 0.596689488288857
18.7867004806065 0.571059207730693
18.8026399541166 0.544859682935071
18.8185794276266 0.518117030158076
18.8345189011367 0.490857907057595
18.8504583746467 0.463109486120346
18.8663978481568 0.434899427575795
18.8823373216668 0.406255851823787
18.8982767951769 0.377207311403577
18.9142162686869 0.347782762531981
18.930155742197 0.31801153623924
18.946095215707 0.287923309131165
18.9620346892171 0.257548073806898
18.9779741627271 0.226916108961589
18.9939136362372 0.196057949203981
19.0098531097472 0.165004354618798
19.0257925832573 0.133786280104481
19.0417320567673 0.102434844516612
19.0576715302774 0.0709812996480189
19.0736110037874 0.0394569990762518
19.0895504772975 0.00789336690971644
19.1054899508075 -0.0236781335366247
19.1214294243176 -0.0552260311045048
19.1373688978276 -0.0867188781635514
19.1533083713377 -0.118125281958904
19.1692478448477 -0.149413935904261
19.1851873183578 -0.180553650788906
19.2011267918678 -0.211513385867819
19.2170662653779 -0.242262279803779
19.2330057388879 -0.272769681430603
19.248945212398 -0.303005180306876
19.264884685908 -0.332938637029761
19.2808241594181 -0.362540213278621
19.2967636329281 -0.391780401558492
19.3127031064382 -0.420630054613787
19.3286425799482 -0.44906041448292
19.3445820534583 -0.477043141164886
19.3605215269683 -0.504550340869177
19.3764610004784 -0.531554593820904
19.3924004739884 -0.558028981593439
19.4083399474985 -0.583947113941309
19.4242794210085 -0.609283155106516
19.4402188945186 -0.63401184957224
19.4561583680286 -0.658108547238036
19.4720978415387 -0.681549227991635
19.4880373150487 -0.704310525652671
19.5039767885588 -0.726369751264641
19.5199162620688 -0.747704915711708
19.5358557355789 -0.768294751637972
19.5517952090889 -0.788118734647191
19.567734682599 -0.807157103761986
19.583674156109 -0.825390881121975
19.5996136296191 -0.842801890901351
19.6155531031291 -0.859372777426911
19.6314925766392 -0.875087022478594
19.6474320501492 -0.889928961755179
19.6633715236593 -0.903883800488824
19.6793109971693 -0.916937628192788
19.6952504706794 -0.929077432527731
19.7111899441894 -0.940291112272674
19.7271294176995 -0.950567489387783
19.7430688912095 -0.959896320156856
19.7590083647196 -0.968268305398507
19.7749478382296 -0.975675099735773
19.7908873117397 -0.98210931991498
19.8068267852497 -0.987564552165523
19.8227662587598 -0.992035358593258
19.8387057322699 -0.995517282601106
19.8546452057799 -0.998006853331493
19.8705846792899 -0.999501589126174
19.8865241528 -1
19.9035269795276 -0.999501589126174
19.9205298062553 -0.998006853331493
19.9375326329829 -0.995517282601106
19.9545354597106 -0.992035358593258
19.9715382864382 -0.987564552165524
19.9885411131658 -0.98210931991498
20.0055439398935 -0.975675099735774
20.0225467666211 -0.968268305398508
20.0395495933487 -0.959896320156856
20.0565524200764 -0.950567489387782
20.073555246804 -0.940291112272676
20.0905580735317 -0.929077432527731
20.1075609002593 -0.916937628192788
20.1245637269869 -0.903883800488823
20.1415665537146 -0.889928961755181
20.1585693804422 -0.875087022478595
20.1755722071699 -0.859372777426911
20.1925750338975 -0.842801890901351
20.2095778606251 -0.825390881121978
20.2265806873528 -0.807157103761984
20.2435835140804 -0.788118734647192
20.260586340808 -0.768294751637972
20.2775891675357 -0.747704915711711
20.2945919942633 -0.726369751264638
20.311594820991 -0.704310525652672
20.3285976477186 -0.681549227991635
20.3456004744462 -0.658108547238036
20.3626033011739 -0.634011849572238
20.3796061279015 -0.609283155106518
20.3966089546291 -0.583947113941308
20.4136117813568 -0.558028981593439
20.4306146080844 -0.531554593820901
20.4476174348121 -0.504550340869179
20.4646202615397 -0.477043141164887
20.4816230882673 -0.449060414482919
20.498625914995 -0.420630054613785
20.5156287417226 -0.391780401558496
20.5326315684503 -0.362540213278623
20.5496343951779 -0.332938637029761
20.5666372219055 -0.303005180306874
20.5836400486332 -0.2727696814306
20.6006428753608 -0.242262279803782
20.6176457020884 -0.21151338586782
20.6346485288161 -0.180553650788905
20.6516513555437 -0.149413935904259
20.6686541822714 -0.118125281958908
20.685657008999 -0.0867188781635523
20.7026598357266 -0.0552260311045051
20.7196626624543 -0.0236781335366228
20.7366654891819 0.00789336690971287
20.7536683159095 0.0394569990762505
20.7706711426372 0.0709812996480182
20.7876739693648 0.102434844516614
20.8046767960925 0.133786280104478
20.8216796228201 0.165004354618796
20.8386824495477 0.196057949203979
20.8556852762754 0.22691610896159
20.872688103003 0.257548073806895
20.8896909297307 0.287923309131169
20.9066937564583 0.318011536239239
20.9236965831859 0.347782762531981
20.9406994099136 0.377207311403573
20.9577022366412 0.406255851823791
20.9747050633688 0.434899427575793
20.9917078900965 0.463109486120346
21.0087107168241 0.490857907057596
21.0257135435518 0.518117030158078
21.0427163702794 0.54485968293507
21.059719197007 0.571059207730693
21.0767220237347 0.596689488288858
21.0937248504623 0.621724975788495
21.1107276771899 0.646140714311208
21.1277305039176 0.669912365717858
21.1447333306452 0.693016233909333
21.1617361573729 0.715429288447371
21.1787389841005 0.737129187511777
21.1957418108281 0.758094300171247
21.2127446375558 0.77830372794553
21.2297474642834 0.797737325637518
21.2467502910111 0.816375721414397
21.2637531177387 0.834200336117918
21.2807559444663 0.851193401784495
21.297758771194 0.867337979356713
21.3147615979216 0.882617975568548
21.3317644246492 0.897018158987464
21.3487672513769 0.910524175197462
21.3657700781045 0.923122561107862
21.3827729048322 0.934800758373599
21.3997757315598 0.945547125913667
21.4167785582874 0.955350951515194
21.4337813850151 0.964202462511612
21.4507842117427 0.972092835524257
21.4677870384704 0.979014205257714
21.484789865198 0.98495967234011
21.5017926919256 0.989923310200557
21.5187955186533 0.993900170976888
21.5357983453809 0.996886290447793
21.5528011721085 0.998878691984444
21.5698039988362 0.999875389517657
21.5868068255638 0.999875389517657
21.6038096522915 0.998878691984444
21.6208124790191 0.996886290447793
21.6378153057467 0.993900170976888
21.6548181324744 0.989923310200557
21.671820959202 0.98495967234011
21.6888237859296 0.979014205257714
21.7058266126573 0.972092835524257
21.7228294393849 0.964202462511612
21.7398322661126 0.955350951515194
21.7568350928402 0.945547125913667
21.7738379195678 0.934800758373599
21.7908407462955 0.92312256110786
21.8078435730231 0.910524175197462
21.8248463997508 0.897018158987464
21.8418492264784 0.882617975568548
21.858852053206 0.867337979356714
21.8758548799337 0.851193401784494
21.8928577066613 0.834200336117918
21.9098605333889 0.816375721414401
21.9268633601166 0.797737325637518
21.9438661868442 0.77830372794553
21.9608690135719 0.758094300171247
21.9778718402995 0.737129187511777
21.9948746670271 0.715429288447371
22.0118774937548 0.693016233909333
22.0288803204824 0.669912365717853
22.0458831472101 0.646140714311209
22.0628859739377 0.621724975788495
22.0798888006653 0.596689488288858
22.096891627393 0.571059207730693
22.1138944541206 0.54485968293507
22.1308972808482 0.518117030158079
22.1479001075759 0.490857907057596
22.1649029343035 0.463109486120346
22.1819057610312 0.434899427575793
22.1989085877588 0.40625585182379
22.2159114144864 0.377207311403574
22.2329142412141 0.347782762531982
22.2499170679417 0.31801153623924
22.2669198946693 0.287923309131169
22.283922721397 0.257548073806895
22.3009255481246 0.22691610896159
22.3179283748523 0.19605794920398
22.3349312015799 0.165004354618803
22.3519340283075 0.133786280104478
22.3689368550352 0.102434844516614
22.3859396817628 0.070981299648018
22.4029425084905 0.0394569990762501
22.4199453352181 0.00789336690971289
22.4369481619457 -0.0236781335366221
22.4539509886734 -0.0552260311045119
22.470953815401 -0.0867188781635523
22.4879566421286 -0.118125281958907
22.5049594688563 -0.149413935904259
22.5219622955839 -0.180553650788905
22.5389651223116 -0.211513385867819
22.5559679490392 -0.242262279803782
22.5729707757668 -0.2727696814306
22.5899736024945 -0.303005180306875
22.6069764292221 -0.332938637029761
22.6239792559497 -0.362540213278622
22.6409820826774 -0.391780401558495
22.657984909405 -0.420630054613784
22.6749877361327 -0.44906041448292
22.6919905628603 -0.477043141164887
22.7089933895879 -0.504550340869178
22.7259962163156 -0.531554593820901
22.7429990430432 -0.558028981593438
22.7600018697709 -0.583947113941309
22.7770046964985 -0.609283155106517
22.7940075232261 -0.634011849572238
22.8110103499538 -0.658108547238035
22.8280131766814 -0.681549227991635
22.845016003409 -0.704310525652672
22.8620188301367 -0.726369751264638
22.8790216568643 -0.74770491571171
22.896024483592 -0.768294751637972
22.9130273103196 -0.788118734647192
22.9300301370472 -0.807157103761984
22.9470329637749 -0.825390881121977
22.9640357905025 -0.84280189090135
22.9810386172302 -0.859372777426911
22.9980414439578 -0.875087022478592
23.0150442706854 -0.889928961755181
23.0320470974131 -0.903883800488823
23.0490499241407 -0.916937628192788
23.0660527508683 -0.929077432527731
23.083055577596 -0.940291112272676
23.1000584043236 -0.950567489387782
23.1170612310513 -0.959896320156858
23.1340640577789 -0.968268305398508
23.1510668845065 -0.975675099735774
23.1680697112342 -0.98210931991498
23.1850725379618 -0.987564552165523
23.2020753646894 -0.992035358593258
23.2190781914171 -0.995517282601106
23.2360810181447 -0.998006853331493
23.2530838448724 -0.999501589126174
23.2700866716 -1
23.2888299546573 -0.999501589126174
23.3075732377146 -0.998006853331493
23.3263165207719 -0.995517282601106
23.3450598038291 -0.992035358593258
23.3638030868864 -0.987564552165523
23.3825463699437 -0.98210931991498
23.401289653001 -0.975675099735773
23.4200329360583 -0.968268305398508
23.4387762191156 -0.959896320156858
23.4575195021729 -0.950567489387783
23.4762627852302 -0.940291112272676
23.4950060682874 -0.929077432527731
23.5137493513447 -0.916937628192789
23.532492634402 -0.903883800488824
23.5512359174593 -0.88992896175518
23.5699792005166 -0.875087022478593
23.5887224835739 -0.859372777426911
23.6074657666312 -0.84280189090135
23.6262090496884 -0.825390881121975
23.6449523327457 -0.807157103761984
23.663695615803 -0.788118734647191
23.6824388988603 -0.768294751637972
23.7011821819176 -0.747704915711711
23.7199254649749 -0.726369751264641
23.7386687480322 -0.704310525652673
23.7574120310894 -0.681549227991635
23.7761553141467 -0.658108547238038
23.794898597204 -0.634011849572239
23.8136418802613 -0.609283155106517
23.8323851633186 -0.583947113941306
23.8511284463759 -0.558028981593439
23.8698717294332 -0.5315545938209
23.8886150124905 -0.504550340869176
23.9073582955477 -0.477043141164888
23.926101578605 -0.449060414482918
23.9448448616623 -0.420630054613787
23.9635881447196 -0.391780401558495
23.9823314277769 -0.362540213278626
24.0010747108342 -0.332938637029763
24.0198179938915 -0.303005180306874
24.0385612769487 -0.272769681430604
24.057304560006 -0.242262279803783
24.0760478430633 -0.211513385867819
24.0947911261206 -0.180553650788902
24.1135344091779 -0.14941393590426
24.1322776922352 -0.118125281958907
24.1510209752925 -0.086718878163549
24.1697642583498 -0.0552260311045059
24.188507541407 -0.0236781335366214
24.2072508244643 0.0078933669097162
24.2259941075216 0.0394569990762503
24.2447373905789 0.0709812996480138
24.2634806736362 0.102434844516612
24.2822239566935 0.133786280104478
24.3009672397508 0.165004354618798
24.319710522808 0.196057949203978
24.3384538058653 0.22691610896159
24.3571970889226 0.257548073806897
24.3759403719799 0.287923309131167
24.3946836550372 0.318011536239239
24.4134269380945 0.347782762531984
24.4321702211518 0.377207311403578
24.450913504209 0.406255851823791
24.4696567872663 0.43489942757579
24.4884000703236 0.463109486120345
24.5071433533809 0.490857907057592
24.5258866364382 0.518117030158076
24.5446299194955 0.544859682935069
24.5633732025528 0.571059207730694
24.5821164856101 0.596689488288855
24.6008597686673 0.621724975788495
24.6196030517246 0.64614071431121
24.6383463347819 0.669912365717856
24.6570896178392 0.693016233909332
24.6758329008965 0.715429288447372
24.6945761839538 0.73712918751178
24.7133194670111 0.758094300171247
24.7320627500683 0.778303727945532
24.7508060331256 0.797737325637518
24.7695493161829 0.816375721414398
24.7882925992402 0.834200336117916
24.8070358822975 0.851193401784494
24.8257791653548 0.867337979356714
24.8445224484121 0.882617975568547
24.8632657314693 0.897018158987464
24.8820090145266 0.910524175197462
24.9007522975839 0.923122561107861
24.9194955806412 0.934800758373599
24.9382388636985 0.945547125913668
24.9569821467558 0.955350951515195
24.9757254298131 0.964202462511612
24.9944687128704 0.972092835524256
25.0132119959276 0.979014205257714
25.0319552789849 0.98495967234011
25.0506985620422 0.989923310200557
25.0694418450995 0.993900170976888
25.0881851281568 0.996886290447793
25.1069284112141 0.998878691984444
25.1256716942714 0.999875389517657
25.1444149773286 0.999875389517657
25.1631582603859 0.998878691984444
25.1819015434432 0.996886290447793
25.2006448265005 0.993900170976888
25.2193881095578 0.989923310200557
25.2381313926151 0.98495967234011
25.2568746756724 0.979014205257714
25.2756179587296 0.972092835524258
25.2943612417869 0.964202462511612
25.3131045248442 0.955350951515195
25.3318478079015 0.945547125913668
25.3505910909588 0.934800758373599
25.3693343740161 0.923122561107861
25.3880776570734 0.910524175197462
25.4068209401307 0.897018158987464
25.4255642231879 0.882617975568547
25.4443075062452 0.867337979356714
25.4630507893025 0.851193401784494
25.4817940723598 0.834200336117917
25.5005373554171 0.816375721414398
25.5192806384744 0.797737325637521
25.5380239215317 0.778303727945528
25.5567672045889 0.758094300171247
25.5755104876462 0.73712918751178
25.5942537707035 0.715429288447372
25.6129970537608 0.693016233909333
25.6317403368181 0.669912365717856
25.6504836198754 0.64614071431121
25.6692269029327 0.621724975788495
25.68797018599 0.596689488288856
25.7067134690472 0.571059207730694
25.7254567521045 0.54485968293507
25.7442000351618 0.518117030158076
25.7629433182191 0.490857907057592
25.7816866012764 0.463109486120346
25.8004298843337 0.434899427575796
25.819173167391 0.406255851823786
25.8379164504482 0.377207311403578
25.8566597335055 0.347782762531984
25.8754030165628 0.31801153623924
25.8941462996201 0.287923309131167
25.9128895826774 0.257548073806897
25.9316328657347 0.22691610896159
25.950376148792 0.196057949203977
25.9691194318492 0.165004354618798
25.9878627149065 0.133786280104478
26.0066059979638 0.102434844516612
26.0253492810211 0.0709812996480145
26.0440925640784 0.0394569990762509
26.0628358471357 0.00789336690971111
26.081579130193 -0.0236781335366212
26.1003224132503 -0.0552260311045057
26.1190656963075 -0.0867188781635487
26.1378089793648 -0.118125281958906
26.1565522624221 -0.14941393590426
26.1752955454794 -0.180553650788902
26.1940388285367 -0.211513385867819
26.212782111594 -0.242262279803784
26.2315253946513 -0.272769681430603
26.2502686777085 -0.303005180306873
26.2690119607658 -0.332938637029762
26.2877552438231 -0.362540213278626
26.3064985268804 -0.391780401558495
26.3252418099377 -0.420630054613787
26.343985092995 -0.449060414482917
26.3627283760523 -0.477043141164887
26.3814716591095 -0.504550340869176
26.4002149421668 -0.531554593820901
26.4189582252241 -0.558028981593439
26.4377015082814 -0.583947113941306
26.4564447913387 -0.609283155106517
26.475188074396 -0.634011849572238
26.4939313574533 -0.658108547238037
26.5126746405106 -0.681549227991634
26.5314179235678 -0.704310525652672
26.5501612066251 -0.726369751264641
26.5689044896824 -0.747704915711706
26.5876477727397 -0.768294751637972
26.606391055797 -0.788118734647191
26.6251343388543 -0.807157103761984
26.6438776219116 -0.825390881121975
26.6626209049688 -0.84280189090135
26.6813641880261 -0.859372777426911
26.7001074710834 -0.875087022478593
26.7188507541407 -0.88992896175518
26.737594037198 -0.903883800488823
26.7563373202553 -0.916937628192789
26.7750806033126 -0.929077432527731
26.7938238863699 -0.940291112272676
26.8125671694271 -0.950567489387783
26.8313104524844 -0.959896320156858
26.8500537355417 -0.968268305398506
26.868797018599 -0.975675099735774
26.8875403016563 -0.98210931991498
26.9062835847136 -0.987564552165523
26.9250268677709 -0.992035358593258
26.9437701508281 -0.995517282601106
26.9625134338854 -0.998006853331493
26.9812567169427 -0.999501589126174
27 -1
