0 -1
0.0154303357914573 -0.999501589126174
0.0308606715829146 -0.998006853331493
0.0462910073743719 -0.995517282601106
0.0617213431658291 -0.992035358593258
0.0771516789572864 -0.987564552165524
0.0925820147487437 -0.98210931991498
0.108012350540201 -0.975675099735774
0.123442686331658 -0.968268305398507
0.138873022123116 -0.959896320156857
0.154303357914573 -0.950567489387783
0.16973369370603 -0.940291112272676
0.185164029497487 -0.929077432527731
0.200594365288945 -0.916937628192789
0.216024701080402 -0.903883800488824
0.231455036871859 -0.88992896175518
0.246885372663317 -0.875087022478594
0.262315708454774 -0.859372777426912
0.277746044246231 -0.842801890901351
0.293176380037688 -0.825390881121976
0.308606715829146 -0.807157103761985
0.324037051620603 -0.788118734647192
0.33946738741206 -0.768294751637971
0.354897723203518 -0.747704915711709
0.370328058994975 -0.726369751264639
0.385758394786432 -0.704310525652672
0.401188730577889 -0.681549227991634
0.416619066369347 -0.658108547238038
0.432049402160804 -0.634011849572239
0.447479737952261 -0.609283155106517
0.462910073743719 -0.583947113941306
0.478340409535176 -0.55802898159344
0.493770745326633 -0.531554593820901
0.50920108111809 -0.504550340869177
0.524631416909548 -0.47704314116489
0.540061752701005 -0.44906041448292
0.555492088492462 -0.420630054613784
0.57092242428392 -0.391780401558493
0.586352760075377 -0.362540213278625
0.601783095866834 -0.332938637029761
0.617213431658291 -0.303005180306873
0.632643767449749 -0.272769681430603
0.648074103241206 -0.242262279803783
0.663504439032663 -0.211513385867819
0.678934774824121 -0.180553650788902
0.694365110615578 -0.149413935904261
0.709795446407035 -0.118125281958908
0.725225782198493 -0.0867188781635507
0.74065611798995 -0.0552260311045082
0.756086453781407 -0.0236781335366241
0.771516789572864 0.00789336690971309
0.786947125364322 0.0394569990762529
0.802377461155779 0.0709812996480158
0.817807796947236 0.102434844516613
0.833238132738693 0.133786280104479
0.848668468530151 0.165004354618799
0.864098804321608 0.196057949203978
0.879529140113065 0.22691610896159
0.894959475904523 0.257548073806897
0.91038981169598 0.287923309131166
0.925820147487437 0.318011536239238
0.941250483278894 0.347782762531982
0.956680819070352 0.377207311403576
0.972111154861809 0.406255851823789
0.987541490653266 0.434899427575793
1.00297182644472 0.463109486120348
1.01840216223618 0.490857907057594
1.03383249802764 0.518117030158077
1.0492628338191 0.54485968293507
1.06469316961055 0.571059207730695
1.08012350540201 0.596689488288856
1.09555384119347 0.621724975788495
1.11098417698492 0.64614071431121
1.12641451277638 0.669912365717855
1.14184484856784 0.693016233909332
1.1572751843593 0.715429288447371
1.17270552015075 0.737129187511779
1.18813585594221 0.758094300171246
1.20356619173367 0.77830372794553
1.21899652752513 0.797737325637519
1.23442686331658 0.816375721414399
1.24985719910804 0.834200336117917
1.2652875348995 0.851193401784495
1.28071787069095 0.867337979356715
1.29614820648241 0.882617975568547
1.31157854227387 0.897018158987464
1.32700887806533 0.910524175197462
1.34243921385678 0.923122561107861
1.35786954964824 0.934800758373598
1.3732998854397 0.945547125913667
1.38873022123116 0.955350951515195
1.40416055702261 0.964202462511612
1.41959089281407 0.972092835524257
1.43502122860553 0.979014205257714
1.45045156439699 0.984959672340111
1.46588190018844 0.989923310200557
1.4813122359799 0.993900170976888
1.49674257177136 0.996886290447793
1.51217290756281 0.998878691984444
1.52760324335427 0.999875389517657
1.54303357914573 0.999875389517657
1.55846391493719 0.998878691984444
1.57389425072864 0.996886290447793
1.5893245865201 0.993900170976888
1.60475492231156 0.989923310200557
1.62018525810302 0.984959672340111
1.63561559389447 0.979014205257715
1.65104592968593 0.972092835524257
1.66647626547739 0.964202462511612
1.68190660126884 0.955350951515195
1.6973369370603 0.945547125913667
1.71276727285176 0.934800758373599
1.72819760864322 0.923122561107861
1.74362794443467 0.910524175197462
1.75905828022613 0.897018158987464
1.77448861601759 0.882617975568547
1.78991895180905 0.867337979356715
1.8053492876005 0.851193401784494
1.82077962339196 0.834200336117918
1.83620995918342 0.816375721414399
1.85164029497487 0.797737325637519
1.86707063076633 0.77830372794553
1.88250096655779 0.758094300171246
1.89793130234925 0.737129187511779
1.9133616381407 0.715429288447371
1.92879197393216 0.693016233909332
1.94422230972362 0.669912365717856
1.95965264551508 0.646140714311209
1.97508298130653 0.621724975788495
1.99051331709799 0.596689488288856
2.00594365288945 0.571059207730695
2.0213739886809 0.544859682935071
2.03680432447236 0.518117030158078
2.05223466026382 0.490857907057594
2.06766499605528 0.463109486120348
2.08309533184673 0.434899427575792
2.09852566763819 0.406255851823789
2.11395600342965 0.377207311403576
2.12938633922111 0.347782762531982
2.14481667501256 0.318011536239238
2.16024701080402 0.287923309131166
2.17567734659548 0.257548073806896
2.19110768238693 0.22691610896159
2.20653801817839 0.196057949203978
2.22196835396985 0.165004354618799
2.23739868976131 0.133786280104479
2.25282902555276 0.102434844516614
2.26825936134422 0.0709812996480162
2.28368969713568 0.0394569990762527
2.29912003292714 0.00789336690971378
2.31455036871859 -0.0236781335366239
2.32998070451005 -0.0552260311045075
2.34541104030151 -0.0867188781635505
2.36084137609296 -0.118125281958908
2.37627171188442 -0.149413935904261
2.39170204767588 -0.180553650788903
2.40713238346734 -0.211513385867819
2.42256271925879 -0.242262279803783
2.43799305505025 -0.272769681430603
2.45342339084171 -0.303005180306873
2.46885372663317 -0.332938637029761
2.48428406242462 -0.362540213278624
2.49971439821608 -0.391780401558493
2.51514473400754 -0.420630054613784
2.53057506979899 -0.44906041448292
2.54600540559045 -0.477043141164889
2.56143574138191 -0.504550340869177
2.57686607717337 -0.531554593820901
2.59229641296482 -0.55802898159344
2.60772674875628 -0.583947113941306
2.62315708454774 -0.609283155106517
2.6385874203392 -0.634011849572238
2.65401775613065 -0.658108547238038
2.66944809192211 -0.681549227991634
2.68487842771357 -0.704310525652672
2.70030876350503 -0.726369751264639
2.71573909929648 -0.747704915711709
2.73116943508794 -0.768294751637971
2.7465997708794 -0.788118734647192
2.76203010667085 -0.807157103761985
2.77746044246231 -0.825390881121976
2.79289077825377 -0.842801890901351
2.80832111404523 -0.859372777426912
2.82375144983668 -0.875087022478594
2.83918178562814 -0.889928961755181
2.8546121214196 -0.903883800488823
2.87004245721105 -0.916937628192788
2.88547279300251 -0.92907743252773
2.90090312879397 -0.940291112272676
2.91633346458543 -0.950567489387783
2.93176380037688 -0.959896320156857
2.94719413616834 -0.968268305398507
2.9626244719598 -0.975675099735774
2.97805480775126 -0.98210931991498
2.99348514354271 -0.987564552165524
3.00891547933417 -0.992035358593258
3.02434581512563 -0.995517282601106
3.03977615091709 -0.998006853331493
3.05520648670854 -0.999501589126174
3.0706368225 -1
3.08062984573317 -0.999501589126174
3.09062286896633 -0.998006853331493
3.1006158921995 -0.995517282601106
3.11060891543266 -0.992035358593258
3.12060193866583 -0.987564552165524
3.13059496189899 -0.98210931991498
3.14058798513216 -0.975675099735774
3.15058100836533 -0.968268305398507
3.16057403159849 -0.959896320156857
3.17056705483166 -0.950567489387783
3.18056007806482 -0.940291112272675
3.19055310129799 -0.929077432527731
3.20054612453116 -0.916937628192789
3.21053914776432 -0.903883800488824
3.22053217099749 -0.88992896175518
3.23052519423065 -0.875087022478593
3.24051821746382 -0.859372777426912
3.25051124069698 -0.842801890901351
3.26050426393015 -0.825390881121976
3.27049728716332 -0.807157103761986
3.28049031039648 -0.788118734647193
3.29048333362965 -0.76829475163797
3.30047635686281 -0.747704915711709
3.31046938009598 -0.726369751264639
3.32046240332915 -0.704310525652672
3.33045542656231 -0.681549227991634
3.34044844979548 -0.658108547238037
3.35044147302864 -0.634011849572238
3.36043449626181 -0.609283155106517
3.37042751949497 -0.583947113941306
3.38042054272814 -0.55802898159344
3.39041356596131 -0.531554593820902
3.40040658919447 -0.504550340869178
3.41039961242764 -0.477043141164889
3.4203926356608 -0.44906041448292
3.43038565889397 -0.420630054613784
3.44037868212714 -0.391780401558493
3.4503717053603 -0.362540213278625
3.46036472859347 -0.33293863702976
3.47035775182663 -0.303005180306872
3.4803507750598 -0.272769681430603
3.49034379829296 -0.242262279803783
3.50033682152613 -0.211513385867819
3.5103298447593 -0.180553650788903
3.52032286799246 -0.149413935904262
3.53031589122563 -0.118125281958908
3.54030891445879 -0.0867188781635505
3.55030193769196 -0.0552260311045082
3.56029496092513 -0.0236781335366243
3.57028798415829 0.00789336690971287
3.58028100739146 0.0394569990762534
3.59027403062462 0.0709812996480162
3.60026705385779 0.102434844516614
3.61026007709095 0.133786280104479
3.62025310032412 0.165004354618799
3.63024612355729 0.196057949203978
3.64023914679045 0.226916108961589
3.65023217002362 0.257548073806897
3.66022519325678 0.287923309131167
3.67021821648995 0.318011536239238
3.68021123972312 0.347782762531982
3.69020426295628 0.377207311403575
3.70019728618945 0.406255851823789
3.71019030942261 0.434899427575792
3.72018333265578 0.463109486120348
3.73017635588894 0.490857907057594
3.74016937912211 0.518117030158077
3.75016240235528 0.54485968293507
3.76015542558844 0.571059207730694
3.77014844882161 0.596689488288856
3.78014147205477 0.621724975788495
3.79013449528794 0.64614071431121
3.80012751852111 0.669912365717855
3.81012054175427 0.693016233909331
3.82011356498744 0.715429288447371
3.8301065882206 0.737129187511778
3.84009961145377 0.758094300171246
3.85009263468693 0.77830372794553
3.8600856579201 0.797737325637519
3.87007868115327 0.8163757214144
3.88007170438643 0.834200336117917
3.8900647276196 0.851193401784495
3.90005775085276 0.867337979356715
3.91005077408593 0.882617975568547
3.9200437973191 0.897018158987464
3.93003682055226 0.910524175197462
3.94002984378543 0.923122561107861
3.95002286701859 0.934800758373598
3.96001589025176 0.945547125913667
3.97000891348492 0.955350951515195
3.98000193671809 0.964202462511612
3.98999495995126 0.972092835524257
3.99998798318442 0.979014205257714
4.00998100641759 0.984959672340111
4.01997402965075 0.989923310200557
4.02996705288392 0.993900170976888
4.03996007611709 0.996886290447793
4.04995309935025 0.998878691984444
4.05994612258342 0.999875389517657
4.06993914581658 0.999875389517657
4.07993216904975 0.998878691984444
4.08992519228291 0.996886290447793
4.09991821551608 0.993900170976888
4.10991123874925 0.989923310200557
4.11990426198241 0.984959672340111
4.12989728521558 0.979014205257714
4.13989030844874 0.972092835524257
4.14988333168191 0.964202462511612
4.15987635491508 0.955350951515194
4.16986937814824 0.945547125913667
4.17986240138141 0.934800758373598
4.18985542461457 0.923122561107861
4.19984844784774 0.910524175197462
4.2098414710809 0.897018158987463
4.21983449431407 0.882617975568547
4.22982751754724 0.867337979356714
4.2398205407804 0.851193401784495
4.24981356401357 0.834200336117917
4.25980658724673 0.8163757214144
4.2697996104799 0.79773732563752
4.27979263371306 0.778303727945531
4.28978565694623 0.758094300171246
4.2997786801794 0.737129187511778
4.30977170341256 0.715429288447372
4.31976472664573 0.693016233909332
4.32975774987889 0.669912365717856
4.33975077311206 0.64614071431121
4.34974379634523 0.621724975788495
4.35973681957839 0.596689488288856
4.36972984281156 0.571059207730694
4.37972286604472 0.544859682935072
4.38971588927789 0.518117030158078
4.39970891251106 0.490857907057593
4.40970193574422 0.463109486120348
4.41969495897739 0.434899427575795
4.42968798221055 0.40625585182379
4.43968100544372 0.377207311403576
4.44967402867688 0.347782762531983
4.45966705191005 0.318011536239239
4.46966007514322 0.287923309131168
4.47965309837638 0.257548073806897
4.48964612160955 0.22691610896159
4.49963914484271 0.196057949203976
4.50963216807588 0.1650043546188
4.51962519130905 0.133786280104478
4.52961821454221 0.102434844516613
4.53961123777538 0.0709812996480153
4.54960426100854 0.0394569990762536
4.55959728424171 0.00789336690971289
4.56959030747487 -0.023678133536623
4.57958333070804 -0.0552260311045075
4.58957635394121 -0.0867188781635514
4.59956937717437 -0.118125281958907
4.60956240040754 -0.149413935904261
4.6195554236407 -0.1805536507889
4.62954844687387 -0.211513385867819
4.63954147010704 -0.242262279803785
4.6495344933402 -0.272769681430603
4.65952751657337 -0.303005180306873
4.66952053980653 -0.33293863702976
4.6795135630397 -0.362540213278625
4.68950658627286 -0.391780401558492
4.69949960950603 -0.420630054613784
4.7094926327392 -0.449060414482918
4.71948565597236 -0.477043141164889
4.72947867920553 -0.504550340869178
4.73947170243869 -0.531554593820901
4.74946472567186 -0.55802898159344
4.75945774890502 -0.583947113941305
4.76945077213819 -0.609283155106517
4.77944379537136 -0.634011849572239
4.78943681860452 -0.658108547238039
4.79942984183769 -0.681549227991634
4.80942286507085 -0.704310525652671
4.81941588830402 -0.726369751264639
4.82940891153719 -0.747704915711709
4.83940193477035 -0.76829475163797
4.84939495800352 -0.788118734647193
4.85938798123668 -0.807157103761985
4.86938100446985 -0.825390881121976
4.87937402770302 -0.842801890901351
4.88936705093618 -0.859372777426912
4.89936007416935 -0.875087022478594
4.90935309740251 -0.88992896175518
4.91934612063568 -0.903883800488824
4.92933914386884 -0.916937628192788
4.93933216710201 -0.92907743252773
4.94932519033518 -0.940291112272675
4.95931821356834 -0.950567489387783
4.96931123680151 -0.959896320156857
4.97930426003467 -0.968268305398507
4.98929728326784 -0.975675099735774
4.999290306501 -0.98210931991498
5.00928332973417 -0.987564552165524
5.01927635296734 -0.992035358593258
5.0292693762005 -0.995517282601106
5.03926239943367 -0.998006853331493
5.04925542266683 -0.999501589126174
5.0592484459 -1
5.07450169406884 -0.999501589126174
5.08975494223769 -0.998006853331493
5.10500819040653 -0.995517282601106
5.12026143857538 -0.992035358593258
5.13551468674422 -0.987564552165524
5.15076793491307 -0.98210931991498
5.16602118308191 -0.975675099735774
5.18127443125075 -0.968268305398507
5.1965276794196 -0.959896320156857
5.21178092758844 -0.950567489387783
5.22703417575729 -0.940291112272676
5.24228742392613 -0.92907743252773
5.25754067209497 -0.916937628192789
5.27279392026382 -0.903883800488823
5.28804716843266 -0.88992896175518
5.30330041660151 -0.875087022478594
5.31855366477035 -0.859372777426912
5.3338069129392 -0.842801890901351
5.34906016110804 -0.825390881121976
5.36431340927688 -0.807157103761985
5.37956665744573 -0.788118734647192
5.39481990561457 -0.768294751637971
5.41007315378342 -0.747704915711709
5.42532640195226 -0.72636975126464
5.44057965012111 -0.704310525652673
5.45583289828995 -0.681549227991633
5.47108614645879 -0.658108547238037
5.48633939462764 -0.634011849572238
5.50159264279648 -0.609283155106517
5.51684589096533 -0.583947113941306
5.53209913913417 -0.55802898159344
5.54735238730301 -0.531554593820902
5.56260563547186 -0.504550340869177
5.5778588836407 -0.477043141164889
5.59311213180955 -0.44906041448292
5.60836537997839 -0.420630054613784
5.62361862814724 -0.391780401558493
5.63887187631608 -0.362540213278625
5.65412512448492 -0.332938637029762
5.66937837265377 -0.303005180306873
5.68463162082261 -0.272769681430604
5.69988486899146 -0.242262279803783
5.7151381171603 -0.211513385867819
5.73039136532915 -0.180553650788902
5.74564461349799 -0.149413935904261
5.76089786166683 -0.118125281958908
5.77615110983568 -0.0867188781635516
5.79140435800452 -0.055226031104509
5.80665760617337 -0.0236781335366234
5.82191085434221 0.00789336690971353
5.83716410251106 0.0394569990762529
5.8524173506799 0.0709812996480156
5.86767059884874 0.102434844516613
5.88292384701759 0.133786280104479
5.89817709518643 0.165004354618798
5.91343034335528 0.196057949203979
5.92868359152412 0.226916108961591
5.94393683969296 0.257548073806897
5.95919008786181 0.287923309131166
5.97444333603065 0.318011536239238
5.9896965841995 0.347782762531982
6.00494983236834 0.377207311403575
6.02020308053719 0.40625585182379
6.03545632870603 0.434899427575793
6.05070957687487 0.463109486120348
6.06596282504372 0.490857907057594
6.08121607321256 0.518117030158077
6.09646932138141 0.54485968293507
6.11172256955025 0.571059207730694
6.1269758177191 0.596689488288857
6.14222906588794 0.621724975788494
6.15748231405678 0.64614071431121
6.17273556222563 0.669912365717855
6.18798881039447 0.693016233909332
6.20324205856332 0.715429288447371
6.21849530673216 0.737129187511779
6.23374855490101 0.758094300171246
6.24900180306985 0.77830372794553
6.26425505123869 0.79773732563752
6.27950829940754 0.816375721414399
6.29476154757638 0.834200336117917
6.31001479574523 0.851193401784495
6.32526804391407 0.867337979356715
6.34052129208292 0.882617975568547
6.35577454025176 0.897018158987463
6.3710277884206 0.910524175197462
6.38628103658945 0.923122561107861
6.40153428475829 0.934800758373598
6.41678753292714 0.945547125913667
6.43204078109598 0.955350951515195
6.44729402926482 0.964202462511612
6.46254727743367 0.972092835524257
6.47780052560251 0.979014205257715
6.49305377377136 0.984959672340111
6.5083070219402 0.989923310200557
6.52356027010905 0.993900170976888
6.53881351827789 0.996886290447793
6.55406676644673 0.998878691984444
6.56932001461558 0.999875389517657
6.58457326278442 0.999875389517657
6.59982651095327 0.998878691984444
6.61507975912211 0.996886290447793
6.63033300729095 0.993900170976888
6.6455862554598 0.989923310200557
6.66083950362864 0.984959672340111
6.67609275179749 0.979014205257715
6.69134599996633 0.972092835524257
6.70659924813518 0.964202462511612
6.72185249630402 0.955350951515195
6.73710574447286 0.945547125913667
6.75235899264171 0.934800758373598
6.76761224081055 0.923122561107861
6.7828654889794 0.910524175197462
6.79811873714824 0.897018158987463
6.81337198531709 0.882617975568546
6.82862523348593 0.867337979356715
6.84387848165477 0.851193401784495
6.85913172982362 0.834200336117918
6.87438497799246 0.816375721414399
6.88963822616131 0.79773732563752
6.90489147433015 0.778303727945531
6.92014472249899 0.758094300171246
6.93539797066784 0.737129187511779
6.95065121883668 0.715429288447371
6.96590446700553 0.693016233909332
6.98115771517437 0.669912365717855
6.99641096334322 0.64614071431121
7.01166421151206 0.621724975788496
7.0269174596809 0.596689488288857
7.04217070784975 0.571059207730694
7.05742395601859 0.54485968293507
7.07267720418744 0.518117030158077
7.08793045235628 0.490857907057594
7.10318370052513 0.463109486120348
7.11843694869397 0.434899427575792
7.13369019686281 0.40625585182379
7.14894344503166 0.377207311403576
7.1641966932005 0.347782762531984
7.17944994136935 0.318011536239239
7.19470318953819 0.287923309131167
7.20995643770704 0.257548073806897
7.22520968587588 0.22691610896159
7.24046293404472 0.196057949203979
7.25571618221357 0.165004354618798
7.27096943038241 0.133786280104479
7.28622267855126 0.102434844516613
7.3014759267201 0.0709812996480162
7.31672917488894 0.0394569990762527
7.33198242305779 0.00789336690971378
7.34723567122663 -0.023678133536623
7.36248891939548 -0.0552260311045084
7.37774216756432 -0.0867188781635496
7.39299541573317 -0.118125281958908
7.40824866390201 -0.149413935904261
7.42350191207085 -0.180553650788902
7.4387551602397 -0.21151338586782
7.45400840840854 -0.242262279803782
7.46926165657739 -0.272769681430604
7.48451490474623 -0.303005180306871
7.49976815291508 -0.332938637029762
7.51502140108392 -0.362540213278625
7.53027464925276 -0.391780401558493
7.54552789742161 -0.420630054613784
7.56078114559045 -0.44906041448292
7.5760343937593 -0.477043141164889
7.59128764192814 -0.504550340869177
7.60654089009699 -0.531554593820901
7.62179413826583 -0.55802898159344
7.63704738643467 -0.583947113941306
7.65230063460352 -0.609283155106517
7.66755388277236 -0.634011849572238
7.68280713094121 -0.658108547238038
7.69806037911005 -0.681549227991633
7.71331362727889 -0.704310525652672
7.72856687544774 -0.726369751264639
7.74382012361658 -0.747704915711709
7.75907337178543 -0.768294751637971
7.77432661995427 -0.788118734647192
7.78957986812312 -0.807157103761986
7.80483311629196 -0.825390881121976
7.8200863644608 -0.842801890901351
7.83533961262965 -0.859372777426912
7.85059286079849 -0.875087022478594
7.86584610896734 -0.88992896175518
7.88109935713618 -0.903883800488824
7.89635260530503 -0.916937628192789
7.91160585347387 -0.92907743252773
7.92685910164271 -0.940291112272676
7.94211234981156 -0.950567489387782
7.9573655979804 -0.959896320156857
7.97261884614925 -0.968268305398507
7.98787209431809 -0.975675099735774
8.00312534248694 -0.982109319914981
8.01837859065578 -0.987564552165524
8.03363183882462 -0.992035358593258
8.04888508699347 -0.995517282601106
8.06413833516231 -0.998006853331493
8.07939158333116 -0.999501589126174
8.0946448315 -1
8.10460528295377 -0.999501589126174
8.11456573440754 -0.998006853331493
8.12452618586131 -0.995517282601106
8.13448663731508 -0.992035358593258
8.14444708876884 -0.987564552165524
8.15440754022261 -0.982109319914981
8.16436799167638 -0.975675099735773
8.17432844313015 -0.968268305398508
8.18428889458392 -0.959896320156857
8.19424934603769 -0.950567489387783
8.20420979749146 -0.940291112272675
8.21417024894523 -0.92907743252773
8.22413070039899 -0.91693762819279
8.23409115185276 -0.903883800488823
8.24405160330653 -0.889928961755181
8.2540120547603 -0.875087022478593
8.26397250621407 -0.859372777426912
8.27393295766784 -0.842801890901352
8.28389340912161 -0.825390881121976
8.29385386057538 -0.807157103761986
8.30381431202915 -0.788118734647191
8.31377476348291 -0.768294751637971
8.32373521493668 -0.747704915711711
8.33369566639045 -0.726369751264639
8.34365611784422 -0.704310525652673
8.35361656929799 -0.681549227991633
8.36357702075176 -0.658108547238038
8.37353747220553 -0.634011849572237
8.3834979236593 -0.609283155106516
8.39345837511306 -0.583947113941308
8.40341882656683 -0.558028981593439
8.4133792780206 -0.531554593820902
8.42333972947437 -0.504550340869176
8.43330018092814 -0.47704314116489
8.44326063238191 -0.449060414482922
8.45322108383568 -0.420630054613784
8.46318153528945 -0.391780401558495
8.47314198674322 -0.362540213278623
8.48310243819699 -0.332938637029761
8.49306288965075 -0.303005180306875
8.50302334110452 -0.272769681430603
8.51298379255829 -0.242262279803785
8.52294424401206 -0.211513385867818
8.53290469546583 -0.180553650788903
8.5428651469196 -0.149413935904259
8.55282559837337 -0.118125281958908
8.56278604982714 -0.0867188781635529
8.57274650128091 -0.0552260311045068
8.58270695273467 -0.023678133536625
8.59266740418844 0.00789336690971553
8.60262785564221 0.0394569990762527
8.61258830709598 0.0709812996480136
8.62254875854975 0.102434844516614
8.63250921000352 0.133786280104478
8.64246966145729 0.165004354618801
8.65243011291106 0.196057949203978
8.66239056436482 0.226916108961587
8.67235101581859 0.257548073806897
8.68231146727236 0.287923309131165
8.69227191872613 0.31801153623924
8.7022323701799 0.347782762531982
8.71219282163367 0.377207311403578
8.72215327308744 0.406255851823789
8.73211372454121 0.434899427575791
8.74207417599498 0.463109486120349
8.75203462744874 0.490857907057593
8.76199507890251 0.518117030158079
8.77195553035628 0.54485968293507
8.78191598181005 0.571059207730693
8.79187643326382 0.596689488288857
8.80183688471759 0.621724975788494
8.81179733617136 0.646140714311211
8.82175778762513 0.669912365717855
8.8317182390789 0.693016233909334
8.84167869053266 0.715429288447372
8.85163914198643 0.737129187511778
8.8615995934402 0.758094300171246
8.87156004489397 0.778303727945529
8.88152049634774 0.797737325637521
8.89148094780151 0.816375721414399
8.90144139925528 0.834200336117916
8.91140185070905 0.851193401784495
8.92136230216281 0.867337979356714
8.93132275361658 0.882617975568548
8.94128320507035 0.897018158987463
8.95124365652412 0.910524175197461
8.96120410797789 0.923122561107861
8.97116455943166 0.934800758373598
8.98112501088543 0.945547125913668
8.9910854623392 0.955350951515195
9.00104591379296 0.964202462511611
9.01100636524673 0.972092835524257
9.0209668167005 0.979014205257714
9.03092726815427 0.984959672340111
9.04088771960804 0.989923310200557
9.05084817106181 0.993900170976888
9.06080862251558 0.996886290447793
9.07076907396935 0.998878691984443
9.08072952542312 0.999875389517657
9.09068997687688 0.999875389517657
9.10065042833065 0.998878691984443
9.11061087978442 0.996886290447793
9.12057133123819 0.993900170976887
9.13053178269196 0.989923310200557
9.14049223414573 0.984959672340111
9.1504526855995 0.979014205257714
9.16041313705327 0.972092835524257
9.17037358850704 0.964202462511611
9.1803340399608 0.955350951515195
9.19029449141457 0.945547125913668
9.20025494286834 0.934800758373598
9.21021539432211 0.923122561107861
9.22017584577588 0.910524175197461
9.23013629722965 0.897018158987464
9.24009674868342 0.882617975568548
9.25005720013719 0.867337979356714
9.26001765159095 0.851193401784495
9.26997810304472 0.834200336117916
9.27993855449849 0.816375721414399
9.28989900595226 0.797737325637521
9.29985945740603 0.778303727945529
9.3098199088598 0.758094300171247
9.31978036031357 0.737129187511778
9.32974081176734 0.715429288447372
9.33970126322111 0.693016233909334
9.34966171467488 0.669912365717855
9.35962216612864 0.646140714311211
9.36958261758241 0.621724975788495
9.37954306903618 0.596689488288856
9.38950352048995 0.571059207730693
9.39946397194372 0.54485968293507
9.40942442339749 0.518117030158079
9.41938487485126 0.490857907057593
9.42934532630503 0.463109486120349
9.4393057777588 0.434899427575791
9.44926622921256 0.40625585182379
9.45922668066633 0.377207311403573
9.4691871321201 0.347782762531982
9.47914758357387 0.31801153623924
9.48910803502764 0.287923309131165
9.49906848648141 0.257548073806897
9.50902893793518 0.226916108961588
9.51898938938895 0.196057949203978
9.52894984084271 0.165004354618802
9.53891029229648 0.133786280104478
9.54887074375025 0.102434844516615
9.55883119520402 0.0709812996480136
9.56879164665779 0.0394569990762527
9.57875209811156 0.00789336690971555
9.58871254956533 -0.0236781335366256
9.5986730010191 -0.0552260311045066
9.60863345247287 -0.0867188781635531
9.61859390392663 -0.118125281958907
9.6285543553804 -0.149413935904259
9.63851480683417 -0.180553650788903
9.64847525828794 -0.211513385867818
9.65843570974171 -0.242262279803785
9.66839616119548 -0.272769681430602
9.67835661264925 -0.30300518030687
9.68831706410302 -0.332938637029762
9.69827751555678 -0.362540213278622
9.70823796701055 -0.391780401558495
9.71819841846432 -0.420630054613783
9.72815886991809 -0.449060414482922
9.73811932137186 -0.477043141164889
9.74807977282563 -0.504550340869175
9.7580402242794 -0.531554593820902
9.76800067573317 -0.558028981593439
9.77796112718694 -0.583947113941308
9.7879215786407 -0.609283155106516
9.79788203009447 -0.634011849572241
9.80784248154824 -0.658108547238038
9.81780293300201 -0.681549227991633
9.82776338445578 -0.704310525652673
9.83772383590955 -0.726369751264639
9.84768428736332 -0.74770491571171
9.85764473881709 -0.768294751637971
9.86760519027085 -0.788118734647191
9.87756564172462 -0.807157103761986
9.88752609317839 -0.825390881121975
9.89748654463216 -0.842801890901352
9.90744699608593 -0.859372777426912
9.9174074475397 -0.875087022478592
9.92736789899347 -0.889928961755181
9.93732835044724 -0.903883800488823
9.94728880190101 -0.916937628192789
9.95724925335477 -0.92907743252773
9.96720970480854 -0.940291112272674
9.97717015626231 -0.950567489387783
9.98713060771608 -0.959896320156856
9.99709105916985 -0.968268305398508
10.0070515106236 -0.975675099735774
10.0170119620774 -0.98210931991498
10.0269724135312 -0.987564552165524
10.0369328649849 -0.992035358593258
10.0468933164387 -0.995517282601106
10.0568537678925 -0.998006853331493
10.0668142193462 -0.999501589126174
10.0767746708 -1
10.0922288408548 -0.999501589126174
10.1076830109095 -0.998006853331493
10.1231371809643 -0.995517282601106
10.1385913510191 -0.992035358593258
10.1540455210739 -0.987564552165524
10.1694996911286 -0.98210931991498
10.1849538611834 -0.975675099735773
10.2004080312382 -0.968268305398507
10.215862201293 -0.959896320156857
10.2313163713477 -0.950567489387783
10.2467705414025 -0.940291112272675
10.2622247114573 -0.92907743252773
10.2776788815121 -0.916937628192788
10.2931330515668 -0.903883800488823
10.3085872216216 -0.88992896175518
10.3240413916764 -0.875087022478593
10.3394955617312 -0.859372777426911
10.3549497317859 -0.84280189090135
10.3704039018407 -0.825390881121975
10.3858580718955 -0.807157103761984
10.4013122419503 -0.788118734647191
10.416766412005 -0.76829475163797
10.4322205820598 -0.747704915711708
10.4476747521146 -0.726369751264638
10.4631289221693 -0.704310525652673
10.4785830922241 -0.681549227991635
10.4940372622789 -0.658108547238039
10.5094914323337 -0.63401184957224
10.5249456023884 -0.609283155106518
10.5403997724432 -0.583947113941307
10.555853942498 -0.558028981593441
10.5713081125528 -0.531554593820903
10.5867622826075 -0.504550340869178
10.6022164526623 -0.477043141164891
10.6176706227171 -0.449060414482921
10.6331247927719 -0.420630054613785
10.6485789628266 -0.391780401558494
10.6640331328814 -0.362540213278625
10.6794873029362 -0.332938637029762
10.694941472991 -0.303005180306873
10.7103956430457 -0.272769681430604
10.7258498131005 -0.242262279803784
10.7413039831553 -0.21151338586782
10.7567581532101 -0.180553650788903
10.7722123232648 -0.149413935904261
10.7876664933196 -0.118125281958908
10.8031206633744 -0.0867188781635509
10.8185748334291 -0.0552260311045084
10.8340290034839 -0.0236781335366241
10.8494831735387 0.00789336690971331
10.8649373435935 0.0394569990762529
10.8803915136482 0.0709812996480162
10.895845683703 0.102434844516614
10.9112998537578 0.133786280104479
10.9267540238126 0.1650043546188
10.9422081938673 0.196057949203978
10.9576623639221 0.22691610896159
10.9731165339769 0.257548073806897
10.9885707040317 0.287923309131167
11.0040248740864 0.318011536239239
11.0194790441412 0.347782762531983
11.034933214196 0.377207311403577
11.0503873842508 0.40625585182379
11.0658415543055 0.434899427575794
11.0812957243603 0.463109486120349
11.0967498944151 0.490857907057595
11.1122040644699 0.518117030158078
11.1276582345246 0.544859682935071
11.1431124045794 0.571059207730696
11.1585665746342 0.596689488288857
11.1740207446889 0.621724975788496
11.1894749147437 0.646140714311211
11.2049290847985 0.669912365717856
11.2203832548533 0.693016233909333
11.235837424908 0.715429288447373
11.2512915949628 0.73712918751178
11.2667457650176 0.758094300171244
11.2821999350724 0.778303727945529
11.2976541051271 0.797737325637521
11.3131082751819 0.816375721414398
11.3285624452367 0.834200336117917
11.3440166152915 0.851193401784494
11.3594707853462 0.867337979356714
11.374924955401 0.882617975568546
11.3903791254558 0.897018158987463
11.4058332955106 0.910524175197462
11.4212874655653 0.92312256110786
11.4367416356201 0.934800758373598
11.4521958056749 0.945547125913667
11.4676499757296 0.955350951515195
11.4831041457844 0.964202462511612
11.4985583158392 0.972092835524257
11.514012485894 0.979014205257714
11.5294666559487 0.98495967234011
11.5449208260035 0.989923310200557
11.5603749960583 0.993900170976888
11.5758291661131 0.996886290447793
11.5912833361678 0.998878691984444
11.6067375062226 0.999875389517657
11.6221916762774 0.999875389517657
11.6376458463322 0.998878691984444
11.6531000163869 0.996886290447793
11.6685541864417 0.993900170976888
11.6840083564965 0.989923310200557
11.6994625265513 0.984959672340111
11.714916696606 0.979014205257714
11.7303708666608 0.972092835524257
11.7458250367156 0.964202462511612
11.7612792067704 0.955350951515195
11.7767333768251 0.945547125913667
11.7921875468799 0.934800758373598
11.8076417169347 0.923122561107861
11.8230958869894 0.910524175197462
11.8385500570442 0.897018158987463
11.854004227099 0.882617975568546
11.8694583971538 0.867337979356714
11.8849125672085 0.851193401784494
11.9003667372633 0.834200336117917
11.9158209073181 0.816375721414398
11.9312750773729 0.797737325637518
11.9467292474276 0.778303727945531
11.9621834174824 0.758094300171247
11.9776375875372 0.737129187511778
11.993091757592 0.715429288447373
12.0085459276467 0.693016233909333
12.0240000977015 0.669912365717857
12.0394542677563 0.646140714311211
12.0549084378111 0.621724975788497
12.0703626078658 0.596689488288857
12.0858167779206 0.571059207730696
12.1012709479754 0.544859682935072
12.1167251180301 0.518117030158079
12.1321792880849 0.490857907057595
12.1476334581397 0.463109486120349
12.1630876281945 0.434899427575794
12.1785417982492 0.40625585182379
12.193995968304 0.377207311403577
12.2094501383588 0.347782762531983
12.2249043084136 0.318011536239239
12.2403584784683 0.287923309131167
12.2558126485231 0.257548073806897
12.2712668185779 0.22691610896159
12.2867209886327 0.196057949203979
12.3021751586874 0.1650043546188
12.3176293287422 0.13378628010448
12.333083498797 0.102434844516614
12.3485376688518 0.0709812996480162
12.3639918389065 0.0394569990762527
12.3794460089613 0.00789336690971378
12.3949001790161 -0.0236781335366239
12.4103543490709 -0.0552260311045084
12.4258085191256 -0.0867188781635514
12.4412626891804 -0.118125281958908
12.4567168592352 -0.14941393590426
12.4721710292899 -0.180553650788902
12.4876251993447 -0.211513385867819
12.5030793693995 -0.242262279803784
12.5185335394543 -0.272769681430603
12.533987709509 -0.303005180306873
12.5494418795638 -0.332938637029762
12.5648960496186 -0.362540213278626
12.5803502196734 -0.391780401558494
12.5958043897281 -0.420630054613785
12.6112585597829 -0.449060414482921
12.6267127298377 -0.47704314116489
12.6421668998925 -0.504550340869178
12.6576210699472 -0.531554593820902
12.673075240002 -0.558028981593441
12.6885294100568 -0.583947113941307
12.7039835801116 -0.609283155106518
12.7194377501663 -0.63401184957224
12.7348919202211 -0.658108547238038
12.7503460902759 -0.681549227991635
12.7658002603307 -0.704310525652673
12.7812544303854 -0.726369751264638
12.7967086004402 -0.74770491571171
12.812162770495 -0.768294751637972
12.8276169405497 -0.788118734647191
12.8430711106045 -0.807157103761987
12.8585252806593 -0.825390881121975
12.8739794507141 -0.842801890901349
12.8894336207688 -0.859372777426913
12.9048877908236 -0.875087022478593
12.9203419608784 -0.88992896175518
12.9357961309332 -0.903883800488824
12.9512503009879 -0.916937628192788
12.9667044710427 -0.92907743252773
12.9821586410975 -0.940291112272677
12.9976128111523 -0.950567489387782
13.013066981207 -0.959896320156857
13.0285211512618 -0.968268305398507
13.0439753213166 -0.975675099735773
13.0594294913714 -0.98210931991498
13.0748836614261 -0.987564552165524
13.0903378314809 -0.992035358593258
13.1057920015357 -0.995517282601106
13.1212461715905 -0.998006853331493
13.1367003416452 -0.999501589126174
13.1521545117 -1
13.1614256832623 -0.999501589126174
13.1706968548246 -0.998006853331493
13.1799680263869 -0.995517282601106
13.1892391979492 -0.992035358593258
13.1985103695116 -0.987564552165524
13.2077815410739 -0.98210931991498
13.2170527126362 -0.975675099735774
13.2263238841985 -0.968268305398508
13.2355950557608 -0.959896320156856
13.2448662273231 -0.950567489387783
13.2541373988854 -0.940291112272676
13.2634085704477 -0.929077432527732
13.27267974201 -0.916937628192788
13.2819509135724 -0.903883800488824
13.2912220851347 -0.889928961755181
13.300493256697 -0.875087022478592
13.3097644282593 -0.859372777426912
13.3190355998216 -0.842801890901351
13.3283067713839 -0.825390881121978
13.3375779429462 -0.807157103761984
13.3468491145085 -0.788118734647192
13.3561202860709 -0.768294751637972
13.3653914576332 -0.747704915711707
13.3746626291955 -0.726369751264639
13.3839338007578 -0.704310525652673
13.3932049723201 -0.681549227991636
13.4024761438824 -0.658108547238036
13.4117473154447 -0.634011849572239
13.421018487007 -0.609283155106518
13.4302896585693 -0.583947113941304
13.4395608301317 -0.55802898159344
13.448832001694 -0.531554593820902
13.4581031732563 -0.50455034086918
13.4673743448186 -0.477043141164888
13.4766455163809 -0.44906041448292
13.4859166879432 -0.420630054613786
13.4951878595055 -0.391780401558491
13.5044590310678 -0.362540213278624
13.5137302026301 -0.332938637029762
13.5230013741925 -0.303005180306876
13.5322725457548 -0.272769681430602
13.5415437173171 -0.242262279803783
13.5508148888794 -0.211513385867821
13.5600860604417 -0.1805536507889
13.569357232004 -0.14941393590426
13.5786284035663 -0.118125281958909
13.5878995751286 -0.0867188781635538
13.597170746691 -0.0552260311045068
13.6064419182533 -0.0236781335366243
13.6157130898156 0.00789336690971131
13.6249842613779 0.0394569990762549
13.6342554329402 0.0709812996480164
13.6435266045025 0.102434844516612
13.6527977760648 0.133786280104476
13.6620689476271 0.165004354618801
13.6713401191894 0.196057949203978
13.6806112907518 0.226916108961588
13.6898824623141 0.257548073806899
13.6991536338764 0.287923309131167
13.7084248054387 0.318011536239237
13.717695977001 0.34778276253198
13.7269671485633 0.377207311403577
13.7362383201256 0.406255851823789
13.7455094916879 0.434899427575791
13.7547806632503 0.46310948612035
13.7640518348126 0.490857907057594
13.7733230063749 0.518117030158076
13.7825941779372 0.544859682935068
13.7918653494995 0.571059207730696
13.8011365210618 0.596689488288856
13.8104076926241 0.621724975788494
13.8196788641864 0.646140714311212
13.8289500357487 0.669912365717856
13.8382212073111 0.693016233909331
13.8474923788734 0.715429288447369
13.8567635504357 0.73712918751178
13.866034721998 0.758094300171245
13.8753058935603 0.778303727945529
13.8845770651226 0.79773732563752
13.8938482366849 0.816375721414399
13.9031194082472 0.834200336117917
13.9123905798095 0.851193401784493
13.9216617513719 0.867337979356715
13.9309329229342 0.882617975568547
13.9402040944965 0.897018158987463
13.9494752660588 0.910524175197463
13.9587464376211 0.923122561107861
13.9680176091834 0.934800758373598
13.9772887807457 0.945547125913666
13.986559952308 0.955350951515195
13.9958311238704 0.964202462511612
14.0051022954327 0.972092835524257
14.014373466995 0.979014205257715
14.0236446385573 0.984959672340111
14.0329158101196 0.989923310200557
14.0421869816819 0.993900170976887
14.0514581532442 0.996886290447793
14.0607293248065 0.998878691984444
14.0700004963688 0.999875389517657
14.0792716679312 0.999875389517657
14.0885428394935 0.998878691984444
14.0978140110558 0.996886290447793
14.1070851826181 0.993900170976888
14.1163563541804 0.989923310200557
14.1256275257427 0.984959672340111
14.134898697305 0.979014205257715
14.1441698688673 0.972092835524257
14.1534410404296 0.964202462511612
14.162712211992 0.955350951515195
14.1719833835543 0.945547125913668
14.1812545551166 0.934800758373598
14.1905257266789 0.923122561107861
14.1997968982412 0.910524175197463
14.2090680698035 0.897018158987463
14.2183392413658 0.882617975568547
14.2276104129281 0.867337979356716
14.2368815844905 0.851193401784496
14.2461527560528 0.834200336117917
14.2554239276151 0.816375721414399
14.2646950991774 0.797737325637521
14.2739662707397 0.778303727945529
14.283237442302 0.758094300171246
14.2925086138643 0.73712918751178
14.3017797854266 0.715429288447374
14.3110509569889 0.693016233909331
14.3203221285513 0.669912365717856
14.3295933001136 0.646140714311211
14.3388644716759 0.621724975788494
14.3481356432382 0.596689488288856
14.3574068148005 0.571059207730696
14.3666779863628 0.544859682935073
14.3759491579251 0.518117030158077
14.3852203294874 0.490857907057595
14.3944915010497 0.46310948612035
14.4037626726121 0.434899427575792
14.4130338441744 0.406255851823789
14.4223050157367 0.377207311403577
14.431576187299 0.347782762531986
14.4408473588613 0.318011536239237
14.4501185304236 0.287923309131167
14.4593897019859 0.257548073806899
14.4686608735482 0.226916108961589
14.4779320451106 0.196057949203978
14.4872032166729 0.165004354618801
14.4964743882352 0.133786280104483
14.5057455597975 0.102434844516612
14.5150167313598 0.0709812996480162
14.5242879029221 0.0394569990762545
14.5335590744844 0.00789336690971111
14.5428302460467 -0.0236781335366239
14.552101417609 -0.0552260311045066
14.5613725891714 -0.0867188781635531
14.5706437607337 -0.118125281958909
14.579914932296 -0.14941393590426
14.5891861038583 -0.180553650788899
14.5984572754206 -0.211513385867821
14.6077284469829 -0.242262279803784
14.6169996185452 -0.272769681430601
14.6262707901075 -0.30300518030687
14.6355419616698 -0.332938637029762
14.6448131332322 -0.362540213278624
14.6540843047945 -0.39178040155849
14.6633554763568 -0.420630054613786
14.6726266479191 -0.449060414482921
14.6818978194814 -0.477043141164888
14.6911689910437 -0.504550340869175
14.700440162606 -0.531554593820902
14.7097113341683 -0.558028981593439
14.7189825057307 -0.583947113941304
14.728253677293 -0.609283155106517
14.7375248488553 -0.634011849572238
14.7467960204176 -0.658108547238036
14.7560671919799 -0.681549227991636
14.7653383635422 -0.704310525652672
14.7746095351045 -0.726369751264639
14.7838807066668 -0.747704915711711
14.7931518782291 -0.768294751637972
14.8024230497915 -0.788118734647192
14.8116942213538 -0.807157103761984
14.8209653929161 -0.825390881121974
14.8302365644784 -0.842801890901351
14.8395077360407 -0.859372777426911
14.848778907603 -0.875087022478595
14.8580500791653 -0.889928961755181
14.8673212507276 -0.903883800488824
14.8765924222899 -0.916937628192788
14.8858635938523 -0.929077432527729
14.8951347654146 -0.940291112272676
14.9044059369769 -0.950567489387783
14.9136771085392 -0.959896320156856
14.9229482801015 -0.968268305398508
14.9322194516638 -0.975675099735774
14.9414906232261 -0.98210931991498
14.9507617947884 -0.987564552165524
14.9600329663508 -0.992035358593258
14.9693041379131 -0.995517282601106
14.9785753094754 -0.998006853331494
14.9878464810377 -0.999501589126174
14.9971176526 -1
15.0150799777342 -0.999501589126174
15.0330423028683 -0.998006853331493
15.0510046280025 -0.995517282601106
15.0689669531367 -0.992035358593258
15.0869292782709 -0.987564552165524
15.104891603405 -0.98210931991498
15.1228539285392 -0.975675099735773
15.1408162536734 -0.968268305398507
15.1587785788075 -0.959896320156857
15.1767409039417 -0.950567489387783
15.1947032290759 -0.940291112272676
15.21266555421 -0.929077432527731
15.2306278793442 -0.916937628192789
15.2485902044784 -0.903883800488824
15.2665525296126 -0.88992896175518
15.2845148547467 -0.875087022478594
15.3024771798809 -0.859372777426912
15.3204395050151 -0.84280189090135
15.3384018301492 -0.825390881121976
15.3563641552834 -0.807157103761985
15.3743264804176 -0.788118734647192
15.3922888055518 -0.76829475163797
15.4102511306859 -0.747704915711708
15.4282134558201 -0.726369751264638
15.4461757809543 -0.704310525652673
15.4641381060884 -0.681549227991635
15.4821004312226 -0.658108547238039
15.5000627563568 -0.634011849572239
15.518025081491 -0.609283155106517
15.5359874066251 -0.583947113941307
15.5539497317593 -0.558028981593441
15.5719120568935 -0.531554593820902
15.5898743820276 -0.504550340869177
15.6078367071618 -0.47704314116489
15.625799032296 -0.44906041448292
15.6437613574302 -0.420630054613784
15.6617236825643 -0.391780401558493
15.6796860076985 -0.362540213278624
15.6976483328327 -0.33293863702976
15.7156106579668 -0.303005180306871
15.733572983101 -0.272769681430602
15.7515353082352 -0.242262279803785
15.7694976333693 -0.21151338586782
15.7874599585035 -0.180553650788903
15.8054222836377 -0.149413935904262
15.8233846087719 -0.118125281958909
15.841346933906 -0.0867188781635514
15.8593092590402 -0.0552260311045086
15.8772715841744 -0.0236781335366243
15.8952339093085 0.00789336690971331
15.9131962344427 0.0394569990762529
15.9311585595769 0.0709812996480162
15.9491208847111 0.102434844516614
15.9670832098452 0.13378628010448
15.9850455349794 0.1650043546188
16.0030078601136 0.196057949203976
16.0209701852477 0.226916108961589
16.0389325103819 0.257548073806895
16.0568948355161 0.287923309131165
16.0748571606503 0.318011536239237
16.0928194857844 0.347782762531982
16.1107818109186 0.377207311403575
16.1287441360528 0.406255851823788
16.1467064611869 0.434899427575793
16.1646687863211 0.463109486120347
16.1826311114553 0.490857907057594
16.2005934365894 0.518117030158078
16.2185557617236 0.54485968293507
16.2365180868578 0.571059207730695
16.254480411992 0.596689488288857
16.2724427371261 0.621724975788496
16.2904050622603 0.646140714311211
16.3083673873945 0.669912365717856
16.3263297125286 0.693016233909333
16.3442920376628 0.715429288447373
16.362254362797 0.73712918751178
16.3802166879312 0.758094300171247
16.3981790130653 0.778303727945531
16.4161413381995 0.797737325637521
16.4341036633337 0.816375721414401
16.4520659884678 0.834200336117919
16.470028313602 0.851193401784493
16.4879906387362 0.867337979356713
16.5059529638703 0.882617975568545
16.5239152890045 0.897018158987462
16.5418776141387 0.910524175197461
16.5598399392729 0.92312256110786
16.577802264407 0.934800758373597
16.5957645895412 0.945547125913666
16.6137269146754 0.955350951515194
16.6316892398095 0.964202462511611
16.6496515649437 0.972092835524257
16.6676138900779 0.979014205257714
16.6855762152121 0.98495967234011
16.7035385403462 0.989923310200557
16.7215008654804 0.993900170976888
16.7394631906146 0.996886290447793
16.7574255157487 0.998878691984444
16.7753878408829 0.999875389517657
16.7933501660171 0.999875389517657
16.8113124911513 0.998878691984444
16.8292748162854 0.996886290447793
16.8472371414196 0.993900170976888
16.8651994665538 0.989923310200557
16.8831617916879 0.98495967234011
16.9011241168221 0.979014205257714
16.9190864419563 0.972092835524257
16.9370487670905 0.964202462511611
16.9550110922246 0.955350951515194
16.9729734173588 0.945547125913667
16.990935742493 0.934800758373598
17.0088980676271 0.92312256110786
17.0268603927613 0.910524175197461
17.0448227178955 0.897018158987462
17.0627850430296 0.882617975568546
17.0807473681638 0.867337979356713
17.098709693298 0.851193401784493
17.1166720184322 0.834200336117916
17.1346343435663 0.816375721414401
17.1525966687005 0.797737325637521
17.1705589938347 0.778303727945531
17.1885213189688 0.758094300171247
17.206483644103 0.737129187511781
17.2244459692372 0.715429288447373
17.2424082943714 0.693016233909333
17.2603706195055 0.669912365717856
17.2783329446397 0.646140714311211
17.2962952697739 0.621724975788496
17.314257594908 0.596689488288856
17.3322199200422 0.571059207730696
17.3501822451764 0.544859682935071
17.3681445703106 0.518117030158078
17.3861068954447 0.490857907057594
17.4040692205789 0.463109486120348
17.4220315457131 0.434899427575793
17.4399938708472 0.406255851823789
17.4579561959814 0.377207311403576
17.4759185211156 0.347782762531982
17.4938808462497 0.318011536239237
17.5118431713839 0.287923309131165
17.5298054965181 0.257548073806896
17.5477678216523 0.226916108961589
17.5657301467864 0.196057949203977
17.5836924719206 0.165004354618797
17.6016547970548 0.133786280104478
17.6196171221889 0.10243484451661
17.6375794473231 0.0709812996480136
17.6555417724573 0.0394569990762563
17.6735040975915 0.00789336690971733
17.6914664227256 -0.0236781335366212
17.7094287478598 -0.0552260311045048
17.727391072994 -0.0867188781635487
17.7453533981281 -0.118125281958905
17.7633157232623 -0.149413935904259
17.7812780483965 -0.1805536507889
17.7992403735307 -0.211513385867817
17.8172026986648 -0.242262279803781
17.835165023799 -0.272769681430601
17.8531273489332 -0.303005180306871
17.8710896740673 -0.332938637029759
17.8890519992015 -0.362540213278624
17.9070143243357 -0.391780401558492
17.9249766494698 -0.420630054613784
17.942938974604 -0.44906041448292
17.9609012997382 -0.477043141164889
17.9788636248724 -0.504550340869178
17.9968259500065 -0.531554593820901
18.0147882751407 -0.55802898159344
18.0327506002749 -0.583947113941307
18.050712925409 -0.609283155106517
18.0686752505432 -0.63401184957224
18.0866375756774 -0.658108547238038
18.1045999008116 -0.681549227991635
18.1225622259457 -0.704310525652673
18.1405245510799 -0.726369751264641
18.1584868762141 -0.74770491571171
18.1764492013482 -0.768294751637972
18.1944115264824 -0.788118734647194
18.2123738516166 -0.807157103761986
18.2303361767508 -0.825390881121978
18.2482985018849 -0.842801890901352
18.2662608270191 -0.859372777426914
18.2842231521533 -0.875087022478595
18.3021854772874 -0.889928961755182
18.3201478024216 -0.903883800488822
18.3381101275558 -0.916937628192788
18.3560724526899 -0.929077432527729
18.3740347778241 -0.940291112272675
18.3919971029583 -0.950567489387782
18.4099594280925 -0.959896320156857
18.4279217532266 -0.968268305398507
18.4458840783608 -0.975675099735773
18.463846403495 -0.98210931991498
18.4818087286291 -0.987564552165524
18.4997710537633 -0.992035358593258
18.5177333788975 -0.995517282601106
18.5356957040317 -0.998006853331493
18.5536580291658 -0.999501589126174
18.5716203543 -1
18.5783293292774 -0.999501589126174
18.5850383042548 -0.998006853331493
18.5917472792322 -0.995517282601106
18.5984562542095 -0.992035358593259
18.6051652291869 -0.987564552165523
18.6118742041643 -0.982109319914981
18.6185831791417 -0.975675099735772
18.6252921541191 -0.968268305398507
18.6320011290965 -0.959896320156858
18.6387101040739 -0.950567489387781
18.6454190790513 -0.940291112272675
18.6521280540286 -0.929077432527733
18.658837029006 -0.916937628192787
18.6655460039834 -0.903883800488824
18.6722549789608 -0.889928961755184
18.6789639539382 -0.875087022478592
18.6856729289156 -0.859372777426913
18.692381903893 -0.842801890901346
18.6990908788704 -0.825390881121975
18.7057998538477 -0.807157103761988
18.7125088288251 -0.788118734647188
18.7192178038025 -0.76829475163797
18.7259267787799 -0.747704915711713
18.7326357537573 -0.726369751264636
18.7393447287347 -0.704310525652673
18.7460537037121 -0.681549227991639
18.7527626786894 -0.658108547238035
18.7594716536668 -0.63401184957224
18.7661806286442 -0.609283155106523
18.7728896036216 -0.583947113941304
18.779598578599 -0.558028981593443
18.7863075535764 -0.531554593820895
18.7930165285538 -0.504550340869177
18.7997255035312 -0.477043141164894
18.8064344785085 -0.449060414482915
18.8131434534859 -0.420630054613785
18.8198524284633 -0.391780401558499
18.8265614034407 -0.362540213278621
18.8332703784181 -0.332938637029763
18.8399793533955 -0.30300518030688
18.8466883283729 -0.272769681430601
18.8533973033502 -0.242262279803786
18.8601062783276 -0.211513385867812
18.866815253305 -0.180553650788901
18.8735242282824 -0.149413935904266
18.8802332032598 -0.118125281958902
18.8869421782372 -0.0867188781635509
18.8936511532146 -0.0552260311045144
18.900360128192 -0.0236781335366194
18.9070691031693 0.00789336690971176
18.9137780781467 0.0394569990762449
18.9204870531241 0.0709812996480189
18.9271960281015 0.10243484451661
18.9339050030789 0.133786280104487
18.9406139780563 0.165004354618801
18.9473229530337 0.196057949203974
18.9540319280111 0.226916108961596
18.9607409029884 0.257548073806897
18.9674498779658 0.287923309131161
18.9741588529432 0.318011536239243
18.9808678279206 0.347782762531981
18.987576802898 0.377207311403569
18.9942857778754 0.406255851823792
19.0009947528528 0.434899427575791
19.0077037278302 0.463109486120355
19.0144127028075 0.490857907057595
19.0211216777849 0.518117030158074
19.0278306527623 0.544859682935076
19.0345396277397 0.571059207730695
19.0412486027171 0.596689488288852
19.0479575776945 0.621724975788499
19.0546665526719 0.646140714311209
19.0613755276492 0.66991236571785
19.0680845026266 0.693016233909334
19.074793477604 0.71542928844737
19.0815024525814 0.737129187511773
19.0882114275588 0.758094300171247
19.0949204025362 0.778303727945527
19.1016293775136 0.797737325637524
19.108338352491 0.8163757214144
19.1150473274683 0.834200336117915
19.1217563024457 0.851193401784497
19.1284652774231 0.867337979356714
19.1351742524005 0.882617975568544
19.1418832273779 0.897018158987465
19.1485922023553 0.910524175197461
19.1553011773327 0.923122561107858
19.16201015231 0.934800758373599
19.1687191272874 0.945547125913666
19.1754281022648 0.955350951515197
19.1821370772422 0.964202462511612
19.1888460522196 0.972092835524256
19.195555027197 0.979014205257716
19.2022640021744 0.98495967234011
19.2089729771518 0.989923310200556
19.2156819521291 0.993900170976888
19.2223909271065 0.996886290447793
19.2290999020839 0.998878691984443
19.2358088770613 0.999875389517657
19.2425178520387 0.999875389517657
19.2492268270161 0.998878691984443
19.2559358019935 0.996886290447793
19.2626447769709 0.993900170976888
19.2693537519482 0.989923310200556
19.2760627269256 0.984959672340111
19.282771701903 0.979014205257716
19.2894806768804 0.972092835524256
19.2961896518578 0.964202462511612
19.3028986268352 0.955350951515197
19.3096076018126 0.945547125913666
19.3163165767899 0.934800758373599
19.3230255517673 0.923122561107858
19.3297345267447 0.910524175197462
19.3364435017221 0.897018158987465
19.3431524766995 0.882617975568544
19.3498614516769 0.867337979356715
19.3565704266543 0.851193401784498
19.3632794016317 0.834200336117915
19.369988376609 0.816375721414399
19.3766973515864 0.797737325637524
19.3834063265638 0.778303727945528
19.3901153015412 0.758094300171247
19.3968242765186 0.737129187511773
19.403533251496 0.71542928844737
19.4102422264734 0.693016233909335
19.4169512014508 0.66991236571785
19.4236601764281 0.646140714311209
19.4303691514055 0.621724975788499
19.4370781263829 0.596689488288852
19.4437871013603 0.571059207730696
19.4504960763377 0.544859682935076
19.4572050513151 0.518117030158074
19.4639140262925 0.490857907057596
19.4706230012698 0.463109486120355
19.4773319762472 0.434899427575791
19.4840409512246 0.406255851823792
19.490749926202 0.377207311403569
19.4974589011794 0.347782762531982
19.5041678761568 0.318011536239243
19.5108768511342 0.287923309131161
19.5175858261116 0.257548073806896
19.5242948010889 0.226916108961597
19.5310037760663 0.196057949203974
19.5377127510437 0.165004354618801
19.5444217260211 0.133786280104486
19.5511307009985 0.10243484451661
19.5578396759759 0.0709812996480189
19.5645486509533 0.0394569990762456
19.5712576259307 0.007893366909712
19.577966600908 -0.0236781335366194
19.5846755758854 -0.0552260311045137
19.5913845508628 -0.0867188781635505
19.5980935258402 -0.118125281958902
19.6048025008176 -0.149413935904266
19.611511475795 -0.1805536507889
19.6182204507724 -0.211513385867811
19.6249294257497 -0.242262279803786
19.6316384007271 -0.272769681430601
19.6383473757045 -0.303005180306864
19.6450563506819 -0.332938637029763
19.6517653256593 -0.362540213278621
19.6584743006367 -0.391780401558499
19.6651832756141 -0.420630054613784
19.6718922505915 -0.449060414482915
19.6786012255688 -0.477043141164893
19.6853102005462 -0.504550340869176
19.6920191755236 -0.531554593820895
19.698728150501 -0.558028981593442
19.7054371254784 -0.583947113941304
19.7121461004558 -0.60928315510651
19.7188550754332 -0.63401184957224
19.7255640504106 -0.658108547238034
19.7322730253879 -0.681549227991639
19.7389820003653 -0.704310525652672
19.7456909753427 -0.726369751264636
19.7523999503201 -0.747704915711713
19.7591089252975 -0.76829475163797
19.7658179002749 -0.788118734647188
19.7725268752523 -0.807157103761988
19.7792358502296 -0.825390881121975
19.785944825207 -0.842801890901346
19.7926538001844 -0.859372777426913
19.7993627751618 -0.875087022478592
19.8060717501392 -0.889928961755183
19.8127807251166 -0.903883800488824
19.819489700094 -0.916937628192787
19.8261986750714 -0.929077432527732
19.8329076500487 -0.940291112272675
19.8396166250261 -0.950567489387781
19.8463256000035 -0.959896320156858
19.8530345749809 -0.968268305398507
19.8597435499583 -0.975675099735772
19.8664525249357 -0.982109319914981
19.8731614999131 -0.987564552165523
19.8798704748905 -0.992035358593259
19.8865794498678 -0.995517282601106
19.8932884248452 -0.998006853331493
19.8999973998226 -0.999501589126174
19.9067063748 -1
19.9247383736377 -0.999501589126174
19.9427703724754 -0.998006853331493
19.9608023713131 -0.995517282601106
19.9788343701508 -0.992035358593258
19.9968663689884 -0.987564552165523
20.0148983678261 -0.98210931991498
20.0329303666638 -0.975675099735773
20.0509623655015 -0.968268305398508
20.0689943643392 -0.959896320156858
20.0870263631769 -0.950567489387783
20.1050583620146 -0.940291112272676
20.1230903608523 -0.929077432527731
20.1411223596899 -0.916937628192789
20.1591543585276 -0.903883800488824
20.1771863573653 -0.88992896175518
20.195218356203 -0.875087022478593
20.2132503550407 -0.859372777426911
20.2312823538784 -0.84280189090135
20.2493143527161 -0.825390881121975
20.2673463515538 -0.807157103761984
20.2853783503915 -0.788118734647191
20.3034103492291 -0.768294751637973
20.3214423480668 -0.747704915711711
20.3394743469045 -0.726369751264641
20.3575063457422 -0.704310525652673
20.3755383445799 -0.681549227991635
20.3935703434176 -0.658108547238038
20.4116023422553 -0.634011849572239
20.429634341093 -0.609283155106517
20.4476663399307 -0.583947113941306
20.4656983387683 -0.558028981593439
20.483730337606 -0.5315545938209
20.5017623364437 -0.504550340869176
20.5197943352814 -0.477043141164888
20.5378263341191 -0.449060414482918
20.5558583329568 -0.420630054613787
20.5738903317945 -0.391780401558495
20.5919223306322 -0.362540213278626
20.6099543294698 -0.332938637029763
20.6279863283075 -0.303005180306874
20.6460183271452 -0.272769681430604
20.6640503259829 -0.242262279803784
20.6820823248206 -0.211513385867819
20.7001143236583 -0.180553650788902
20.718146322496 -0.14941393590426
20.7361783213337 -0.118125281958907
20.7542103201714 -0.086718878163549
20.772242319009 -0.0552260311045059
20.7902743178467 -0.0236781335366214
20.8083063166844 0.0078933669097102
20.8263383155221 0.0394569990762503
20.8443703143598 0.0709812996480138
20.8624023131975 0.102434844516612
20.8804343120352 0.133786280104478
20.8984663108729 0.165004354618798
20.9164983097106 0.196057949203978
20.9345303085482 0.22691610896159
20.9525623073859 0.257548073806897
20.9705943062236 0.287923309131167
20.9886263050613 0.318011536239239
21.006658303899 0.347782762531984
21.0246903027367 0.377207311403578
21.0427223015744 0.406255851823791
21.0607543004121 0.43489942757579
21.0787862992497 0.463109486120345
21.0968182980874 0.490857907057592
21.1148502969251 0.518117030158076
21.1328822957628 0.544859682935069
21.1509142946005 0.571059207730694
21.1689462934382 0.596689488288855
21.1869782922759 0.621724975788495
21.2050102911136 0.64614071431121
21.2230422899513 0.669912365717856
21.2410742887889 0.693016233909333
21.2591062876266 0.715429288447373
21.2771382864643 0.73712918751178
21.295170285302 0.758094300171247
21.3132022841397 0.778303727945532
21.3312342829774 0.797737325637518
21.3492662818151 0.816375721414398
21.3672982806528 0.834200336117916
21.3853302794905 0.851193401784494
21.4033622783281 0.867337979356714
21.4213942771658 0.882617975568546
21.4394262760035 0.897018158987463
21.4574582748412 0.910524175197462
21.4754902736789 0.923122561107861
21.4935222725166 0.934800758373599
21.5115542713543 0.945547125913668
21.529586270192 0.955350951515195
21.5476182690296 0.964202462511612
21.5656502678673 0.972092835524258
21.583682266705 0.979014205257714
21.6017142655427 0.98495967234011
21.6197462643804 0.989923310200557
21.6377782632181 0.993900170976888
21.6558102620558 0.996886290447793
21.6738422608935 0.998878691984444
21.6918742597312 0.999875389517657
21.7099062585688 0.999875389517657
21.7279382574065 0.998878691984444
21.7459702562442 0.996886290447793
21.7640022550819 0.993900170976888
21.7820342539196 0.989923310200557
21.8000662527573 0.98495967234011
21.818098251595 0.979014205257714
21.8361302504327 0.972092835524258
21.8541622492703 0.964202462511612
21.872194248108 0.955350951515195
21.8902262469457 0.945547125913668
21.9082582457834 0.934800758373599
21.9262902446211 0.923122561107861
21.9443222434588 0.910524175197462
21.9623542422965 0.897018158987464
21.9803862411342 0.882617975568547
21.9984182399719 0.867337979356714
22.0164502388095 0.851193401784494
22.0344822376472 0.834200336117917
22.0525142364849 0.816375721414398
22.0705462353226 0.797737325637518
22.0885782341603 0.778303727945528
22.106610232998 0.758094300171247
22.1246422318357 0.737129187511781
22.1426742306734 0.715429288447373
22.1607062295111 0.693016233909333
22.1787382283487 0.669912365717856
22.1967702271864 0.64614071431121
22.2148022260241 0.621724975788495
22.2328342248618 0.596689488288856
22.2508662236995 0.571059207730694
22.2688982225372 0.54485968293507
22.2869302213749 0.518117030158076
22.3049622202126 0.490857907057592
22.3229942190503 0.463109486120345
22.3410262178879 0.434899427575796
22.3590582167256 0.406255851823792
22.3770902155633 0.377207311403579
22.395122214401 0.347782762531984
22.4131542132387 0.31801153623924
22.4311862120764 0.287923309131167
22.4492182109141 0.257548073806897
22.4672502097518 0.22691610896159
22.4852822085894 0.196057949203977
22.5033142074271 0.165004354618799
22.5213462062648 0.133786280104478
22.5393782051025 0.102434844516612
22.5574102039402 0.0709812996480136
22.5754422027779 0.0394569990762501
22.5934742016156 0.00789336690971022
22.6115062004533 -0.0236781335366203
22.629538199291 -0.0552260311045119
22.6475701981286 -0.0867188781635478
22.6656021969663 -0.118125281958906
22.683634195804 -0.14941393590426
22.7016661946417 -0.180553650788901
22.7196981934794 -0.211513385867819
22.7377301923171 -0.242262279803783
22.7557621911548 -0.272769681430604
22.7737941899925 -0.303005180306873
22.7918261888302 -0.332938637029763
22.8098581876678 -0.362540213278626
22.8278901865055 -0.391780401558495
22.8459221853432 -0.42063005461378
22.8639541841809 -0.449060414482923
22.8819861830186 -0.477043141164888
22.9000181818563 -0.504550340869175
22.918050180694 -0.531554593820901
22.9360821795317 -0.558028981593439
22.9541141783693 -0.583947113941306
22.972146177207 -0.609283155106516
22.9901781760447 -0.634011849572239
23.0082101748824 -0.658108547238038
23.0262421737201 -0.681549227991635
23.0442741725578 -0.704310525652673
23.0623061713955 -0.726369751264641
23.0803381702332 -0.74770491571171
23.0983701690709 -0.768294751637972
23.1164021679085 -0.78811873464719
23.1344341667462 -0.807157103761984
23.1524661655839 -0.825390881121975
23.1704981644216 -0.842801890901349
23.1885301632593 -0.859372777426911
23.206562162097 -0.875087022478593
23.2245941609347 -0.88992896175518
23.2426261597724 -0.903883800488824
23.26065815861 -0.916937628192789
23.2786901574477 -0.929077432527731
23.2967221562854 -0.940291112272676
23.3147541551231 -0.950567489387783
23.3327861539608 -0.959896320156858
23.3508181527985 -0.968268305398508
23.3688501516362 -0.975675099735774
23.3868821504739 -0.98210931991498
23.4049141493116 -0.987564552165523
23.4229461481492 -0.992035358593258
23.4409781469869 -0.995517282601106
23.4590101458246 -0.998006853331493
23.4770421446623 -0.999501589126174
23.4950741435 -1
23.5126868362462 -0.999501589126174
23.5302995289925 -0.998006853331493
23.5479122217387 -0.995517282601106
23.5655249144849 -0.992035358593258
23.5831376072312 -0.987564552165524
23.6007502999774 -0.982109319914981
23.6183629927236 -0.975675099735774
23.6359756854698 -0.968268305398507
23.6535883782161 -0.959896320156857
23.6712010709623 -0.950567489387782
23.6888137637085 -0.940291112272675
23.7064264564548 -0.929077432527731
23.724039149201 -0.916937628192788
23.7416518419472 -0.903883800488824
23.7592645346935 -0.889928961755181
23.7768772274397 -0.875087022478593
23.7944899201859 -0.859372777426912
23.8121026129322 -0.842801890901352
23.8297153056784 -0.825390881121975
23.8473279984246 -0.807157103761986
23.8649406911709 -0.788118734647194
23.8825533839171 -0.76829475163797
23.9001660766633 -0.74770491571171
23.9177787694095 -0.726369751264637
23.9353914621558 -0.704310525652672
23.953004154902 -0.681549227991635
23.9706168476482 -0.658108547238036
23.9882295403945 -0.634011849572239
24.0058422331407 -0.609283155106519
24.0234549258869 -0.583947113941305
24.0410676186332 -0.55802898159344
24.0586803113794 -0.531554593820904
24.0762930041256 -0.504550340869176
24.0939056968719 -0.47704314116489
24.1115183896181 -0.449060414482917
24.1291310823643 -0.420630054613783
24.1467437751106 -0.391780401558494
24.1643564678568 -0.362540213278622
24.181969160603 -0.332938637029761
24.1995818533492 -0.303005180306874
24.2171945460955 -0.272769681430601
24.2348072388417 -0.242262279803783
24.2524199315879 -0.211513385867821
24.2700326243342 -0.1805536507889
24.2876453170804 -0.149413935904261
24.3052580098266 -0.118125281958911
24.3228707025729 -0.0867188781635494
24.3404833953191 -0.055226031104509
24.3580960880653 -0.0236781335366272
24.3757087808116 0.0078933669097142
24.3933214735578 0.0394569990762514
24.410934166304 0.0709812996480187
24.4285468590503 0.102434844516614
24.4461595517965 0.133786280104477
24.4637722445427 0.165004354618802
24.4813849372889 0.196057949203978
24.4989976300352 0.226916108961588
24.5166103227814 0.257548073806898
24.5342230155276 0.287923309131166
24.5518357082739 0.318011536239236
24.5694484010201 0.347782762531984
24.5870610937663 0.377207311403575
24.6046737865126 0.406255851823792
24.6222864792588 0.434899427575794
24.639899172005 0.463109486120347
24.6575118647513 0.490857907057596
24.6751245574975 0.518117030158078
24.6927372502437 0.544859682935069
24.71034994299 0.571059207730697
24.7279626357362 0.596689488288856
24.7455753284824 0.621724975788493
24.7631880212286 0.646140714311211
24.7808007139749 0.669912365717855
24.7984134067211 0.69301623390933
24.8160260994673 0.715429288447373
24.8336387922136 0.737129187511778
24.8512514849598 0.758094300171244
24.868864177706 0.778303727945531
24.8864768704523 0.797737325637519
24.9040895631985 0.816375721414401
24.9217022559447 0.834200336117918
24.939314948691 0.851193401784494
24.9569276414372 0.867337979356716
24.9745403341834 0.882617975568547
24.9921530269296 0.897018158987463
25.0097657196759 0.910524175197463
25.0273784124221 0.923122561107861
25.0449911051683 0.934800758373597
25.0626037979146 0.945547125913668
25.0802164906608 0.955350951515195
25.097829183407 0.964202462511611
25.1154418761533 0.972092835524257
25.1330545688995 0.979014205257714
25.1506672616457 0.984959672340111
25.168279954392 0.989923310200557
25.1858926471382 0.993900170976888
25.2035053398844 0.996886290447793
25.2211180326307 0.998878691984444
25.2387307253769 0.999875389517657
25.2563434181231 0.999875389517657
25.2739561108693 0.998878691984444
25.2915688036156 0.996886290447793
25.3091814963618 0.993900170976888
25.326794189108 0.989923310200557
25.3444068818543 0.984959672340111
25.3620195746005 0.979014205257714
25.3796322673467 0.972092835524257
25.397244960093 0.964202462511611
25.4148576528392 0.955350951515195
25.4324703455854 0.945547125913668
25.4500830383317 0.934800758373598
25.4676957310779 0.923122561107861
25.4853084238241 0.910524175197463
25.5029211165704 0.897018158987463
25.5205338093166 0.882617975568547
25.5381465020628 0.867337979356716
25.555759194809 0.851193401784494
25.5733718875553 0.834200336117918
25.5909845803015 0.816375721414397
25.6085972730477 0.797737325637519
25.626209965794 0.77830372794553
25.6438226585402 0.758094300171243
25.6614353512864 0.737129187511779
25.6790480440327 0.715429288447372
25.6966607367789 0.69301623390933
25.7142734295251 0.669912365717855
25.7318861222714 0.646140714311211
25.7494988150176 0.621724975788494
25.7671115077638 0.596689488288856
25.78472420051 0.571059207730696
25.8023368932563 0.544859682935069
25.8199495860025 0.518117030158079
25.8375622787487 0.490857907057596
25.855174971495 0.463109486120347
25.8727876642412 0.434899427575794
25.8904003569874 0.406255851823792
25.9080130497337 0.377207311403576
25.9256257424799 0.347782762531984
25.9432384352261 0.318011536239236
25.9608511279724 0.287923309131167
25.9784638207186 0.257548073806899
25.9960765134648 0.226916108961588
26.0136892062111 0.196057949203978
26.0313018989573 0.165004354618802
26.0489145917035 0.133786280104478
26.0665272844497 0.102434844516614
26.084139977196 0.0709812996480189
26.1017526699422 0.0394569990762518
26.1193653626884 0.00789336690971467
26.1369780554347 -0.0236781335366274
26.1545907481809 -0.0552260311045093
26.1722034409271 -0.0867188781635487
26.1898161336734 -0.118125281958911
26.2074288264196 -0.149413935904261
26.2250415191658 -0.1805536507889
26.2426542119121 -0.211513385867821
26.2602669046583 -0.242262279803783
26.2778795974045 -0.272769681430601
26.2954922901508 -0.303005180306875
26.313104982897 -0.33293863702976
26.3307176756432 -0.362540213278621
26.3483303683894 -0.391780401558495
26.3659430611357 -0.420630054613784
26.3835557538819 -0.449060414482917
26.4011684466281 -0.47704314116489
26.4187811393744 -0.504550340869176
26.4363938321206 -0.531554593820898
26.4540065248668 -0.55802898159344
26.4716192176131 -0.583947113941304
26.4892319103593 -0.609283155106519
26.5068446031055 -0.634011849572239
26.5244572958518 -0.658108547238035
26.542069988598 -0.681549227991635
26.5596826813442 -0.704310525652672
26.5772953740905 -0.726369751264641
26.5949080668367 -0.74770491571171
26.6125207595829 -0.76829475163797
26.6301334523291 -0.788118734647194
26.6477461450754 -0.807157103761986
26.6653588378216 -0.825390881121975
26.6829715305678 -0.842801890901352
26.7005842233141 -0.859372777426912
26.7181969160603 -0.875087022478593
26.7358096088065 -0.889928961755181
26.7534223015528 -0.903883800488824
26.771034994299 -0.916937628192788
26.7886476870452 -0.929077432527731
26.8062603797915 -0.940291112272675
26.8238730725377 -0.950567489387782
26.8414857652839 -0.959896320156858
26.8590984580302 -0.968268305398507
26.8767111507764 -0.975675099735773
26.8943238435226 -0.982109319914981
26.9119365362688 -0.987564552165524
26.9295492290151 -0.992035358593257
26.9471619217613 -0.995517282601106
26.9647746145075 -0.998006853331493
26.9823873072538 -0.999501589126174
27 -1
