0 -1
0.0184436280839196 -0.999501589126174
0.0368872561678392 -0.998006853331493
0.0553308842517588 -0.995517282601106
0.0737745123356784 -0.992035358593258
0.092218140419598 -0.987564552165524
0.110661768503518 -0.98210931991498
0.129105396587437 -0.975675099735774
0.147549024671357 -0.968268305398507
0.165992652755276 -0.959896320156857
0.184436280839196 -0.950567489387783
0.202879908923116 -0.940291112272676
0.221323537007035 -0.929077432527731
0.239767165090955 -0.916937628192789
0.258210793174874 -0.903883800488824
0.276654421258794 -0.88992896175518
0.295098049342714 -0.875087022478594
0.313541677426633 -0.859372777426912
0.331985305510553 -0.842801890901351
0.350428933594472 -0.825390881121976
0.368872561678392 -0.807157103761985
0.387316189762312 -0.788118734647192
0.405759817846231 -0.768294751637971
0.424203445930151 -0.747704915711709
0.44264707401407 -0.726369751264639
0.46109070209799 -0.704310525652672
0.47953433018191 -0.681549227991634
0.497977958265829 -0.658108547238038
0.516421586349749 -0.634011849572239
0.534865214433668 -0.609283155106517
0.553308842517588 -0.583947113941306
0.571752470601508 -0.55802898159344
0.590196098685427 -0.531554593820901
0.608639726769347 -0.504550340869177
0.627083354853266 -0.47704314116489
0.645526982937186 -0.44906041448292
0.663970611021106 -0.420630054613784
0.682414239105025 -0.391780401558493
0.700857867188945 -0.362540213278624
0.719301495272864 -0.332938637029761
0.737745123356784 -0.303005180306873
0.756188751440704 -0.272769681430603
0.774632379524623 -0.242262279803783
0.793076007608543 -0.211513385867819
0.811519635692462 -0.180553650788902
0.829963263776382 -0.149413935904261
0.848406891860301 -0.118125281958908
0.866850519944221 -0.0867188781635509
0.885294148028141 -0.0552260311045084
0.90373777611206 -0.0236781335366239
0.92218140419598 0.00789336690971331
0.9406250322799 0.0394569990762529
0.959068660363819 0.070981299648016
0.977512288447739 0.102434844516613
0.995955916531658 0.133786280104479
1.01439954461558 0.165004354618799
1.0328431726995 0.196057949203978
1.05128680078342 0.22691610896159
1.06973042886734 0.257548073806896
1.08817405695126 0.287923309131166
1.10661768503518 0.318011536239238
1.1250613131191 0.347782762531982
1.14350494120302 0.377207311403576
1.16194856928693 0.406255851823789
1.18039219737085 0.434899427575793
1.19883582545477 0.463109486120348
1.21727945353869 0.490857907057594
1.23572308162261 0.518117030158077
1.25416670970653 0.54485968293507
1.27261033779045 0.571059207730695
1.29105396587437 0.596689488288855
1.30949759395829 0.621724975788495
1.32794122204221 0.64614071431121
1.34638485012613 0.669912365717855
1.36482847821005 0.693016233909331
1.38327210629397 0.715429288447371
1.40171573437789 0.737129187511779
1.42015936246181 0.758094300171246
1.43860299054573 0.77830372794553
1.45704661862965 0.797737325637519
1.47549024671357 0.816375721414399
1.49393387479749 0.834200336117918
1.51237750288141 0.851193401784495
1.53082113096533 0.867337979356715
1.54926475904925 0.882617975568547
1.56770838713317 0.897018158987463
1.58615201521709 0.910524175197462
1.60459564330101 0.923122561107861
1.62303927138492 0.934800758373598
1.64148289946884 0.945547125913667
1.65992652755276 0.955350951515195
1.67837015563668 0.964202462511612
1.6968137837206 0.972092835524257
1.71525741180452 0.979014205257715
1.73370103988844 0.98495967234011
1.75214466797236 0.989923310200557
1.77058829605628 0.993900170976888
1.7890319241402 0.996886290447793
1.80747555222412 0.998878691984444
1.82591918030804 0.999875389517657
1.84436280839196 0.999875389517657
1.86280643647588 0.998878691984444
1.8812500645598 0.996886290447793
1.89969369264372 0.993900170976888
1.91813732072764 0.989923310200557
1.93658094881156 0.984959672340111
1.95502457689548 0.979014205257715
1.9734682049794 0.972092835524257
1.99191183306332 0.964202462511612
2.01035546114724 0.955350951515195
2.02879908923116 0.945547125913667
2.04724271731508 0.934800758373598
2.065686345399 0.923122561107861
2.08412997348291 0.910524175197462
2.10257360156683 0.897018158987464
2.12101722965075 0.882617975568547
2.13946085773467 0.867337979356715
2.15790448581859 0.851193401784495
2.17634811390251 0.834200336117918
2.19479174198643 0.816375721414399
2.21323537007035 0.797737325637519
2.23167899815427 0.77830372794553
2.25012262623819 0.758094300171246
2.26856625432211 0.737129187511779
2.28700988240603 0.715429288447371
2.30545351048995 0.693016233909332
2.32389713857387 0.669912365717855
2.34234076665779 0.64614071431121
2.36078439474171 0.621724975788495
2.37922802282563 0.596689488288856
2.39767165090955 0.571059207730695
2.41611527899347 0.54485968293507
2.43455890707739 0.518117030158078
2.45300253516131 0.490857907057594
2.47144616324523 0.463109486120348
2.48988979132915 0.434899427575793
2.50833341941307 0.406255851823789
2.52677704749699 0.377207311403576
2.5452206755809 0.347782762531982
2.56366430366482 0.318011536239239
2.58210793174874 0.287923309131167
2.60055155983266 0.257548073806896
2.61899518791658 0.22691610896159
2.6374388160005 0.196057949203978
2.65588244408442 0.1650043546188
2.67432607216834 0.13378628010448
2.69276970025226 0.102434844516613
2.71121332833618 0.0709812996480153
2.7296569564201 0.0394569990762536
2.74810058450402 0.00789336690971289
2.76654421258794 -0.023678133536623
2.78498784067186 -0.0552260311045084
2.80343146875578 -0.0867188781635514
2.8218750968397 -0.118125281958907
2.84031872492362 -0.149413935904261
2.85876235300754 -0.180553650788902
2.87720598109146 -0.211513385867819
2.89564960917538 -0.242262279803782
2.9140932372593 -0.272769681430602
2.93253686534322 -0.303005180306873
2.95098049342714 -0.332938637029761
2.96942412151106 -0.362540213278625
2.98786774959498 -0.391780401558494
3.00631137767889 -0.420630054613784
3.02475500576281 -0.449060414482921
3.04319863384673 -0.47704314116489
3.06164226193065 -0.504550340869177
3.08008589001457 -0.531554593820902
3.09852951809849 -0.55802898159344
3.11697314618241 -0.583947113941307
3.13541677426633 -0.609283155106516
3.15386040235025 -0.634011849572238
3.17230403043417 -0.658108547238038
3.19074765851809 -0.681549227991634
3.20919128660201 -0.704310525652672
3.22763491468593 -0.726369751264639
3.24607854276985 -0.747704915711709
3.26452217085377 -0.768294751637971
3.28296579893769 -0.788118734647193
3.30140942702161 -0.807157103761985
3.31985305510553 -0.825390881121976
3.33829668318945 -0.84280189090135
3.35674031127337 -0.859372777426912
3.37518393935729 -0.875087022478594
3.39362756744121 -0.88992896175518
3.41207119552513 -0.903883800488824
3.43051482360905 -0.916937628192789
3.44895845169297 -0.92907743252773
3.46740207977688 -0.940291112272675
3.4858457078608 -0.950567489387783
3.50428933594472 -0.959896320156857
3.52273296402864 -0.968268305398507
3.54117659211256 -0.975675099735773
3.55962022019648 -0.98210931991498
3.5780638482804 -0.987564552165524
3.59650747636432 -0.992035358593258
3.61495110444824 -0.995517282601106
3.63339473253216 -0.998006853331493
3.65183836061608 -0.999501589126174
3.6702819887 -1
3.67847357376382 -0.999501589126174
3.68666515882764 -0.998006853331493
3.69485674389146 -0.995517282601106
3.70304832895528 -0.992035358593258
3.7112399140191 -0.987564552165524
3.71943149908291 -0.98210931991498
3.72762308414673 -0.975675099735774
3.73581466921055 -0.968268305398507
3.74400625427437 -0.959896320156857
3.75219783933819 -0.950567489387783
3.76038942440201 -0.940291112272675
3.76858100946583 -0.929077432527731
3.77677259452965 -0.916937628192789
3.78496417959347 -0.903883800488823
3.79315576465729 -0.889928961755181
3.80134734972111 -0.875087022478594
3.80953893478492 -0.859372777426912
3.81773051984874 -0.842801890901351
3.82592210491256 -0.825390881121976
3.83411368997638 -0.807157103761985
3.8423052750402 -0.788118734647192
3.85049686010402 -0.768294751637971
3.85868844516784 -0.747704915711709
3.86688003023166 -0.726369751264639
3.87507161529548 -0.704310525652673
3.8832632003593 -0.681549227991634
3.89145478542312 -0.658108547238037
3.89964637048693 -0.634011849572239
3.90783795555075 -0.609283155106517
3.91602954061457 -0.583947113941306
3.92422112567839 -0.558028981593439
3.93241271074221 -0.531554593820902
3.94060429580603 -0.504550340869177
3.94879588086985 -0.477043141164889
3.95698746593367 -0.449060414482921
3.96517905099749 -0.420630054613784
3.97337063606131 -0.391780401558493
3.98156222112513 -0.362540213278625
3.98975380618894 -0.332938637029761
3.99794539125276 -0.303005180306872
4.00613697631658 -0.272769681430604
4.0143285613804 -0.242262279803782
4.02252014644422 -0.211513385867819
4.03071173150804 -0.180553650788903
4.03890331657186 -0.14941393590426
4.04709490163568 -0.118125281958908
4.0552864866995 -0.0867188781635518
4.06347807176332 -0.0552260311045068
4.07166965682714 -0.0236781335366239
4.07986124189095 0.00789336690971198
4.08805282695477 0.0394569990762538
4.09624441201859 0.0709812996480156
4.10443599708241 0.102434844516612
4.11262758214623 0.13378628010448
4.12081916721005 0.165004354618799
4.12901075227387 0.196057949203976
4.13720233733769 0.226916108961591
4.14539392240151 0.257548073806896
4.15358550746533 0.287923309131165
4.16177709252915 0.318011536239239
4.16996867759296 0.347782762531982
4.17816026265678 0.377207311403574
4.1863518477206 0.406255851823789
4.19454343278442 0.434899427575792
4.20273501784824 0.463109486120346
4.21092660291206 0.490857907057594
4.21911818797588 0.518117030158077
4.2273097730397 0.544859682935072
4.23550135810352 0.571059207730695
4.24369294316734 0.596689488288855
4.25188452823116 0.621724975788496
4.26007611329497 0.64614071431121
4.26826769835879 0.669912365717854
4.27645928342261 0.693016233909332
4.28465086848643 0.715429288447371
4.29284245355025 0.737129187511778
4.30103403861407 0.758094300171246
4.30922562367789 0.77830372794553
4.31741720874171 0.797737325637518
4.32560879380553 0.8163757214144
4.33380037886935 0.834200336117917
4.34199196393317 0.851193401784494
4.35018354899699 0.867337979356715
4.3583751340608 0.882617975568546
4.36656671912462 0.897018158987464
4.37475830418844 0.910524175197462
4.38294988925226 0.923122561107861
4.39114147431608 0.934800758373598
4.3993330593799 0.945547125913667
4.40752464444372 0.955350951515195
4.41571622950754 0.964202462511612
4.42390781457136 0.972092835524257
4.43209939963518 0.979014205257714
4.440290984699 0.984959672340111
4.44848256976281 0.989923310200557
4.45667415482663 0.993900170976888
4.46486573989045 0.996886290447793
4.47305732495427 0.998878691984444
4.48124891001809 0.999875389517657
4.48944049508191 0.999875389517657
4.49763208014573 0.998878691984444
4.50582366520955 0.996886290447793
4.51401525027337 0.993900170976888
4.52220683533719 0.989923310200557
4.530398420401 0.984959672340111
4.53859000546482 0.979014205257714
4.54678159052864 0.972092835524257
4.55497317559246 0.964202462511612
4.56316476065628 0.955350951515195
4.5713563457201 0.945547125913667
4.57954793078392 0.934800758373599
4.58773951584774 0.923122561107861
4.59593110091156 0.910524175197463
4.60412268597538 0.897018158987464
4.6123142710392 0.882617975568547
4.62050585610301 0.867337979356715
4.62869744116683 0.851193401784494
4.63688902623065 0.834200336117917
4.64508061129447 0.8163757214144
4.65327219635829 0.797737325637521
4.66146378142211 0.77830372794553
4.66965536648593 0.758094300171246
4.67784695154975 0.737129187511778
4.68603853661357 0.715429288447371
4.69423012167739 0.693016233909333
4.70242170674121 0.669912365717854
4.71061329180502 0.64614071431121
4.71880487686884 0.621724975788494
4.72699646193266 0.596689488288855
4.73518804699648 0.571059207730695
4.7433796320603 0.544859682935069
4.75157121712412 0.518117030158077
4.75976280218794 0.490857907057595
4.76795438725176 0.463109486120346
4.77614597231558 0.434899427575792
4.7843375573794 0.40625585182379
4.79252914244322 0.377207311403575
4.80072072750704 0.347782762531982
4.80891231257085 0.318011536239239
4.81710389763467 0.287923309131165
4.82529548269849 0.257548073806896
4.83348706776231 0.22691610896159
4.84167865282613 0.196057949203977
4.84987023788995 0.165004354618799
4.85806182295377 0.13378628010448
4.86625340801759 0.102434844516612
4.87444499308141 0.0709812996480162
4.88263657814523 0.0394569990762536
4.89082816320905 0.00789336690971289
4.89901974827286 -0.0236781335366239
4.90721133333668 -0.0552260311045066
4.9154029184005 -0.0867188781635514
4.92359450346432 -0.118125281958907
4.93178608852814 -0.14941393590426
4.93997767359196 -0.180553650788903
4.94816925865578 -0.211513385867818
4.9563608437196 -0.242262279803782
4.96455242878342 -0.272769681430603
4.97274401384724 -0.303005180306872
4.98093559891105 -0.332938637029759
4.98912718397487 -0.362540213278625
4.99731876903869 -0.391780401558493
5.00551035410251 -0.420630054613782
5.01370193916633 -0.449060414482921
5.02189352423015 -0.47704314116489
5.03008510929397 -0.504550340869178
5.03827669435779 -0.531554593820902
5.04646827942161 -0.558028981593439
5.05465986448543 -0.583947113941304
5.06285144954925 -0.609283155106517
5.07104303461307 -0.63401184957224
5.07923461967688 -0.658108547238036
5.0874262047407 -0.681549227991634
5.09561778980452 -0.704310525652671
5.10380937486834 -0.72636975126464
5.11200095993216 -0.747704915711709
5.12019254499598 -0.76829475163797
5.1283841300598 -0.788118734647193
5.13657571512362 -0.807157103761985
5.14476730018744 -0.825390881121977
5.15295888525126 -0.842801890901349
5.16115047031508 -0.859372777426911
5.16934205537889 -0.875087022478595
5.17753364044271 -0.88992896175518
5.18572522550653 -0.903883800488823
5.19391681057035 -0.916937628192788
5.20210839563417 -0.92907743252773
5.21029998069799 -0.940291112272675
5.21849156576181 -0.950567489387783
5.22668315082563 -0.959896320156857
5.23487473588945 -0.968268305398507
5.24306632095327 -0.975675099735774
5.25125790601709 -0.98210931991498
5.2594494910809 -0.987564552165524
5.26764107614472 -0.992035358593258
5.27583266120854 -0.995517282601106
5.28402424627236 -0.998006853331493
5.29221583133618 -0.999501589126174
5.3004074164 -1
5.31747895548995 -0.999501589126174
5.3345504945799 -0.998006853331493
5.35162203366985 -0.995517282601106
5.3686935727598 -0.992035358593258
5.38576511184975 -0.987564552165524
5.4028366509397 -0.98210931991498
5.41990819002965 -0.975675099735774
5.4369797291196 -0.968268305398507
5.45405126820955 -0.959896320156857
5.4711228072995 -0.950567489387783
5.48819434638945 -0.940291112272676
5.5052658854794 -0.92907743252773
5.52233742456935 -0.916937628192789
5.5394089636593 -0.903883800488824
5.55648050274925 -0.88992896175518
5.5735520418392 -0.875087022478594
5.59062358092915 -0.859372777426912
5.60769512001909 -0.842801890901351
5.62476665910904 -0.825390881121976
5.64183819819899 -0.807157103761985
5.65890973728894 -0.788118734647193
5.67598127637889 -0.768294751637971
5.69305281546884 -0.747704915711709
5.71012435455879 -0.72636975126464
5.72719589364874 -0.704310525652672
5.74426743273869 -0.681549227991633
5.76133897182864 -0.658108547238038
5.77841051091859 -0.634011849572239
5.79548205000854 -0.609283155106516
5.81255358909849 -0.583947113941306
5.82962512818844 -0.55802898159344
5.84669666727839 -0.531554593820902
5.86376820636834 -0.504550340869177
5.88083974545829 -0.477043141164889
5.89791128454824 -0.449060414482921
5.91498282363819 -0.420630054613784
5.93205436272814 -0.391780401558493
5.94912590181809 -0.362540213278625
5.96619744090804 -0.332938637029761
5.98326897999799 -0.303005180306874
6.00034051908794 -0.272769681430603
6.01741205817789 -0.242262279803783
6.03448359726784 -0.21151338586782
6.05155513635779 -0.180553650788902
6.06862667544774 -0.14941393590426
6.08569821453769 -0.118125281958908
6.10276975362764 -0.0867188781635507
6.11984129271759 -0.0552260311045075
6.13691283180754 -0.0236781335366243
6.15398437089749 0.00789336690971353
6.17105590998744 0.0394569990762536
6.18812744907739 0.0709812996480158
6.20519898816734 0.102434844516614
6.22227052725729 0.133786280104478
6.23934206634724 0.165004354618799
6.25641360543719 0.196057949203978
6.27348514452714 0.226916108961589
6.29055668361709 0.257548073806896
6.30762822270704 0.287923309131167
6.32469976179698 0.318011536239238
6.34177130088693 0.347782762531982
6.35884283997688 0.377207311403575
6.37591437906683 0.406255851823789
6.39298591815678 0.434899427575793
6.41005745724673 0.463109486120347
6.42712899633668 0.490857907057594
6.44420053542663 0.518117030158078
6.46127207451658 0.54485968293507
6.47834361360653 0.571059207730694
6.49541515269648 0.596689488288856
6.51248669178643 0.621724975788495
6.52955823087638 0.64614071431121
6.54662976996633 0.669912365717856
6.56370130905628 0.693016233909331
6.58077284814623 0.715429288447372
6.59784438723618 0.737129187511779
6.61491592632613 0.758094300171245
6.63198746541608 0.77830372794553
6.64905900450603 0.79773732563752
6.66613054359598 0.816375721414399
6.68320208268593 0.834200336117918
6.70027362177588 0.851193401784494
6.71734516086583 0.867337979356715
6.73441669995578 0.882617975568547
6.75148823904573 0.897018158987463
6.76855977813568 0.910524175197462
6.78563131722563 0.923122561107861
6.80270285631558 0.934800758373598
6.81977439540553 0.945547125913667
6.83684593449548 0.955350951515195
6.85391747358543 0.964202462511612
6.87098901267538 0.972092835524257
6.88806055176533 0.979014205257714
6.90513209085528 0.984959672340111
6.92220362994523 0.989923310200557
6.93927516903518 0.993900170976888
6.95634670812513 0.996886290447793
6.97341824721508 0.998878691984444
6.99048978630502 0.999875389517657
7.00756132539497 0.999875389517657
7.02463286448492 0.998878691984444
7.04170440357487 0.996886290447793
7.05877594266482 0.993900170976888
7.07584748175477 0.989923310200557
7.09291902084472 0.984959672340111
7.10999055993467 0.979014205257714
7.12706209902462 0.972092835524257
7.14413363811457 0.964202462511612
7.16120517720452 0.955350951515195
7.17827671629447 0.945547125913667
7.19534825538442 0.934800758373598
7.21241979447437 0.923122561107861
7.22949133356432 0.910524175197462
7.24656287265427 0.897018158987463
7.26363441174422 0.882617975568547
7.28070595083417 0.867337979356715
7.29777748992412 0.851193401784494
7.31484902901407 0.834200336117918
7.33192056810402 0.816375721414399
7.34899210719397 0.797737325637519
7.36606364628392 0.77830372794553
7.38313518537387 0.758094300171246
7.40020672446382 0.737129187511778
7.41727826355377 0.715429288447371
7.43434980264372 0.693016233909332
7.45142134173367 0.669912365717854
7.46849288082362 0.64614071431121
7.48556441991357 0.621724975788496
7.50263595900352 0.596689488288856
7.51970749809347 0.571059207730695
7.53677903718342 0.544859682935071
7.55385057627337 0.518117030158078
7.57092211536332 0.490857907057594
7.58799365445327 0.463109486120348
7.60506519354322 0.434899427575793
7.62213673263317 0.406255851823789
7.63920827172312 0.377207311403577
7.65627981081307 0.347782762531983
7.67335134990302 0.318011536239238
7.69042288899296 0.287923309131167
7.70749442808291 0.257548073806897
7.72456596717286 0.22691610896159
7.74163750626281 0.196057949203979
7.75870904535276 0.1650043546188
7.77578058444271 0.133786280104478
7.79285212353266 0.102434844516614
7.80992366262261 0.0709812996480171
7.82699520171256 0.0394569990762518
7.84406674080251 0.00789336690971378
7.86113827989246 -0.023678133536623
7.87820981898241 -0.0552260311045093
7.89528135807236 -0.0867188781635505
7.91235289716231 -0.118125281958907
7.92942443625226 -0.14941393590426
7.94649597534221 -0.180553650788902
7.96356751443216 -0.211513385867819
7.98063905352211 -0.242262279803785
7.99771059261206 -0.272769681430603
8.01478213170201 -0.303005180306872
8.03185367079196 -0.332938637029763
8.04892520988191 -0.362540213278625
8.06599674897186 -0.391780401558493
8.08306828806181 -0.420630054613786
8.10013982715176 -0.449060414482921
8.11721136624171 -0.47704314116489
8.13428290533166 -0.504550340869179
8.15135444442161 -0.531554593820902
8.16842598351156 -0.55802898159344
8.18549752260151 -0.583947113941308
8.20256906169146 -0.609283155106517
8.21964060078141 -0.634011849572239
8.23671213987136 -0.658108547238037
8.25378367896131 -0.681549227991633
8.27085521805126 -0.704310525652672
8.28792675714121 -0.726369751264641
8.30499829623116 -0.74770491571171
8.32206983532111 -0.768294751637971
8.33914137441105 -0.788118734647192
8.356212913501 -0.807157103761984
8.37328445259095 -0.825390881121976
8.3903559916809 -0.84280189090135
8.40742753077085 -0.859372777426911
8.4244990698608 -0.875087022478594
8.44157060895075 -0.88992896175518
8.4586421480407 -0.903883800488822
8.47571368713065 -0.916937628192789
8.4927852262206 -0.92907743252773
8.50985676531055 -0.940291112272675
8.5269283044005 -0.950567489387783
8.54399984349045 -0.959896320156857
8.5610713825804 -0.968268305398507
8.57814292167035 -0.975675099735774
8.5952144607603 -0.98210931991498
8.61228599985025 -0.987564552165523
8.6293575389402 -0.992035358593258
8.64642907803015 -0.995517282601106
8.6635006171201 -0.998006853331493
8.68057215621005 -0.999501589126174
8.6976436953 -1
8.71525117040151 -0.999501589126174
8.73285864550301 -0.998006853331493
8.75046612060452 -0.995517282601106
8.76807359570603 -0.992035358593258
8.78568107080754 -0.987564552165524
8.80328854590904 -0.982109319914981
8.82089602101055 -0.975675099735774
8.83850349611206 -0.968268305398507
8.85611097121357 -0.959896320156857
8.87371844631508 -0.950567489387783
8.89132592141658 -0.940291112272676
8.90893339651809 -0.92907743252773
8.9265408716196 -0.916937628192788
8.94414834672111 -0.903883800488824
8.96175582182261 -0.88992896175518
8.97936329692412 -0.875087022478594
8.99697077202563 -0.859372777426912
9.01457824712713 -0.842801890901351
9.03218572222864 -0.825390881121976
9.04979319733015 -0.807157103761984
9.06740067243166 -0.788118734647193
9.08500814753317 -0.76829475163797
9.10261562263467 -0.74770491571171
9.12022309773618 -0.726369751264639
9.13783057283769 -0.704310525652673
9.1554380479392 -0.681549227991634
9.1730455230407 -0.658108547238037
9.19065299814221 -0.634011849572239
9.20826047324372 -0.609283155106516
9.22586794834523 -0.583947113941307
9.24347542344673 -0.55802898159344
9.26108289854824 -0.5315545938209
9.27869037364975 -0.504550340869178
9.29629784875126 -0.477043141164889
9.31390532385276 -0.449060414482921
9.33151279895427 -0.420630054613784
9.34912027405578 -0.391780401558494
9.36672774915729 -0.362540213278624
9.38433522425879 -0.33293863702976
9.4019426993603 -0.303005180306873
9.41955017446181 -0.272769681430602
9.43715764956332 -0.242262279803784
9.45476512466482 -0.211513385867819
9.47237259976633 -0.180553650788904
9.48998007486784 -0.149413935904261
9.50758754996935 -0.118125281958907
9.52519502507085 -0.0867188781635512
9.54280250017236 -0.0552260311045075
9.56040997527387 -0.0236781335366252
9.57801745037538 0.00789336690971353
9.59562492547688 0.0394569990762511
9.61323240057839 0.0709812996480158
9.6308398756799 0.102434844516614
9.64844735078141 0.133786280104478
9.66605482588291 0.1650043546188
9.68366230098442 0.196057949203977
9.70126977608593 0.22691610896159
9.71887725118744 0.257548073806895
9.73648472628894 0.287923309131166
9.75409220139045 0.318011536239239
9.77169967649196 0.347782762531982
9.78930715159347 0.377207311403577
9.80691462669497 0.406255851823788
9.82452210179648 0.434899427575793
9.84212957689799 0.463109486120349
9.8597370519995 0.490857907057593
9.87734452710101 0.518117030158078
9.89495200220251 0.544859682935069
9.91255947730402 0.571059207730695
9.93016695240553 0.596689488288857
9.94777442750703 0.621724975788495
9.96538190260854 0.646140714311211
9.98298937771005 0.669912365717855
10.0005968528116 0.693016233909332
10.0182043279131 0.71542928844737
10.0358118030146 0.737129187511779
10.0534192781161 0.758094300171246
10.0710267532176 0.77830372794553
10.0886342283191 0.79773732563752
10.1062417034206 0.816375721414399
10.1238491785221 0.834200336117918
10.1414566536236 0.851193401784494
10.1590641287251 0.867337979356715
10.1766716038266 0.882617975568548
10.1942790789281 0.897018158987463
10.2118865540296 0.910524175197463
10.2294940291312 0.92312256110786
10.2471015042327 0.934800758373598
10.2647089793342 0.945547125913667
10.2823164544357 0.955350951515195
10.2999239295372 0.964202462511612
10.3175314046387 0.972092835524257
10.3351388797402 0.979014205257715
10.3527463548417 0.98495967234011
10.3703538299432 0.989923310200557
10.3879613050447 0.993900170976888
10.4055687801462 0.996886290447793
10.4231762552477 0.998878691984444
10.4407837303492 0.999875389517657
10.4583912054508 0.999875389517657
10.4759986805523 0.998878691984444
10.4936061556538 0.996886290447793
10.5112136307553 0.993900170976888
10.5288211058568 0.989923310200557
10.5464285809583 0.98495967234011
10.5640360560598 0.979014205257715
10.5816435311613 0.972092835524257
10.5992510062628 0.964202462511611
10.6168584813643 0.955350951515195
10.6344659564658 0.945547125913667
10.6520734315673 0.934800758373598
10.6696809066688 0.92312256110786
10.6872883817704 0.910524175197463
10.7048958568719 0.897018158987463
10.7225033319734 0.882617975568546
10.7401108070749 0.867337979356715
10.7577182821764 0.851193401784494
10.7753257572779 0.834200336117918
10.7929332323794 0.816375721414399
10.8105407074809 0.79773732563752
10.8281481825824 0.77830372794553
10.8457556576839 0.758094300171245
10.8633631327854 0.737129187511779
10.8809706078869 0.715429288447371
10.8985780829884 0.693016233909332
10.9161855580899 0.669912365717855
10.9337930331915 0.646140714311211
10.951400508293 0.621724975788495
10.9690079833945 0.596689488288855
10.986615458496 0.571059207730695
11.0042229335975 0.54485968293507
11.021830408699 0.518117030158079
11.0394378838005 0.490857907057593
11.057045358902 0.463109486120349
11.0746528340035 0.434899427575793
11.092260309105 0.406255851823788
11.1098677842065 0.377207311403576
11.127475259308 0.347782762531982
11.1450827344095 0.31801153623924
11.1626902095111 0.287923309131167
11.1802976846126 0.257548073806898
11.1979051597141 0.22691610896159
11.2155126348156 0.196057949203977
11.2331201099171 0.1650043546188
11.2507275850186 0.133786280104479
11.2683350601201 0.102434844516615
11.2859425352216 0.0709812996480162
11.3035500103231 0.0394569990762518
11.3211574854246 0.00789336690971378
11.3387649605261 -0.0236781335366247
11.3563724356276 -0.0552260311045075
11.3739799107291 -0.0867188781635514
11.3915873858307 -0.11812528195891
11.4091948609322 -0.149413935904261
11.4268023360337 -0.1805536507889
11.4444098111352 -0.211513385867818
11.4620172862367 -0.242262279803784
11.4796247613382 -0.272769681430601
11.4972322364397 -0.303005180306873
11.5148397115412 -0.332938637029763
11.5324471866427 -0.362540213278624
11.5500546617442 -0.391780401558495
11.5676621368457 -0.420630054613784
11.5852696119472 -0.449060414482921
11.6028770870487 -0.477043141164888
11.6204845621503 -0.504550340869177
11.6380920372518 -0.531554593820903
11.6556995123533 -0.558028981593439
11.6733069874548 -0.583947113941307
11.6909144625563 -0.609283155106516
11.7085219376578 -0.634011849572239
11.7261294127593 -0.658108547238037
11.7437368878608 -0.681549227991633
11.7613443629623 -0.704310525652673
11.7789518380638 -0.726369751264639
11.7965593131653 -0.747704915711709
11.8141667882668 -0.76829475163797
11.8317742633683 -0.788118734647193
11.8493817384698 -0.807157103761984
11.8669892135714 -0.825390881121976
11.8845966886729 -0.842801890901351
11.9022041637744 -0.859372777426911
11.9198116388759 -0.875087022478594
11.9374191139774 -0.88992896175518
11.9550265890789 -0.903883800488824
11.9726340641804 -0.916937628192788
11.9902415392819 -0.92907743252773
12.0078490143834 -0.940291112272676
12.0254564894849 -0.950567489387782
12.0430639645864 -0.959896320156857
12.0606714396879 -0.968268305398508
12.0782789147894 -0.975675099735774
12.095886389891 -0.98210931991498
12.1134938649925 -0.987564552165524
12.131101340094 -0.992035358593258
12.1487088151955 -0.995517282601106
12.166316290297 -0.998006853331493
12.1839237653985 -0.999501589126174
12.2015312405 -1
12.2082063618834 -0.999501589126174
12.2148814832668 -0.998006853331493
12.2215566046503 -0.995517282601106
12.2282317260337 -0.992035358593258
12.2349068474171 -0.987564552165524
12.2415819688005 -0.98210931991498
12.2482570901839 -0.975675099735773
12.2549322115673 -0.968268305398507
12.2616073329508 -0.959896320156858
12.2682824543342 -0.950567489387782
12.2749575757176 -0.940291112272675
12.281632697101 -0.929077432527731
12.2883078184844 -0.91693762819279
12.2949829398678 -0.903883800488822
12.3016580612513 -0.889928961755179
12.3083331826347 -0.875087022478594
12.3150083040181 -0.859372777426913
12.3216834254015 -0.842801890901348
12.3283585467849 -0.825390881121975
12.3350336681683 -0.807157103761985
12.3417087895518 -0.788118734647194
12.3483839109352 -0.768294751637968
12.3550590323186 -0.747704915711708
12.361734153702 -0.72636975126464
12.3684092750854 -0.704310525652674
12.3750843964688 -0.681549227991631
12.3817595178523 -0.658108547238036
12.3884346392357 -0.634011849572239
12.3951097606191 -0.609283155106519
12.4017848820025 -0.583947113941303
12.4084600033859 -0.558028981593439
12.4151351247693 -0.531554593820902
12.4218102461528 -0.50455034086918
12.4284853675362 -0.477043141164886
12.4351604889196 -0.449060414482919
12.441835610303 -0.420630054613785
12.4485107316864 -0.391780401558495
12.4551858530698 -0.362540213278621
12.4618609744533 -0.33293863702976
12.4685360958367 -0.303005180306873
12.4752112172201 -0.272769681430606
12.4818863386035 -0.24226227980378
12.4885614599869 -0.211513385867818
12.4952365813704 -0.180553650788903
12.5019117027538 -0.149413935904264
12.5085868241372 -0.118125281958904
12.5152619455206 -0.0867188781635492
12.521937066904 -0.0552260311045088
12.5286121882874 -0.0236781335366265
12.5352873096709 0.00789336690971686
12.5419624310543 0.0394569990762543
12.5486375524377 0.0709812996480156
12.5553126738211 0.102434844516611
12.5619877952045 0.133786280104483
12.5686629165879 0.165004354618801
12.5753380379714 0.196057949203977
12.5820131593548 0.226916108961588
12.5886882807382 0.2575480738069
12.5953634021216 0.287923309131168
12.602038523505 0.318011536239238
12.6087136448884 0.34778276253198
12.6153887662719 0.377207311403579
12.6220638876553 0.40625585182379
12.6287390090387 0.434899427575793
12.6354141304221 0.463109486120345
12.6420892518055 0.490857907057597
12.6487643731889 0.518117030158079
12.6554394945724 0.54485968293507
12.6621146159558 0.571059207730693
12.6687897373392 0.596689488288859
12.6754648587226 0.621724975788496
12.682139980106 0.646140714311209
12.6888151014894 0.669912365717853
12.6954902228729 0.693016233909334
12.7021653442563 0.715429288447372
12.7088404656397 0.737129187511778
12.7155155870231 0.758094300171244
12.7221907084065 0.778303727945532
12.7288658297899 0.79773732563752
12.7355409511734 0.816375721414399
12.7422160725568 0.834200336117916
12.7488911939402 0.851193401784496
12.7555663153236 0.867337979356715
12.762241436707 0.882617975568546
12.7689165580905 0.897018158987462
12.7755916794739 0.910524175197463
12.7822668008573 0.923122561107861
12.7889419222407 0.934800758373598
12.7956170436241 0.945547125913666
12.8022921650075 0.955350951515196
12.808967286391 0.964202462511612
12.8156424077744 0.972092835524257
12.8223175291578 0.979014205257714
12.8289926505412 0.984959672340111
12.8356677719246 0.989923310200557
12.842342893308 0.993900170976888
12.8490180146915 0.996886290447793
12.8556931360749 0.998878691984444
12.8623682574583 0.999875389517657
12.8690433788417 0.999875389517657
12.8757185002251 0.998878691984444
12.8823936216085 0.996886290447793
12.889068742992 0.993900170976888
12.8957438643754 0.989923310200557
12.9024189857588 0.984959672340111
12.9090941071422 0.979014205257714
12.9157692285256 0.972092835524257
12.922444349909 0.964202462511612
12.9291194712925 0.955350951515196
12.9357945926759 0.945547125913666
12.9424697140593 0.934800758373598
12.9491448354427 0.923122561107861
12.9558199568261 0.910524175197464
12.9624950782095 0.897018158987462
12.969170199593 0.882617975568547
12.9758453209764 0.867337979356715
12.9825204423598 0.851193401784496
12.9891955637432 0.834200336117916
12.9958706851266 0.816375721414399
13.00254580651 0.79773732563752
13.0092209278935 0.778303727945532
13.0158960492769 0.758094300171243
13.0225711706603 0.737129187511778
13.0292462920437 0.715429288447372
13.0359214134271 0.693016233909335
13.0425965348106 0.669912365717853
13.049271656194 0.646140714311209
13.0559467775774 0.621724975788496
13.0626218989608 0.596689488288859
13.0692970203442 0.571059207730693
13.0759721417276 0.54485968293507
13.0826472631111 0.518117030158079
13.0893223844945 0.490857907057597
13.0959975058779 0.463109486120345
13.1026726272613 0.434899427575792
13.1093477486447 0.40625585182379
13.1160228700281 0.377207311403579
13.1226979914116 0.34778276253198
13.129373112795 0.318011536239238
13.1360482341784 0.287923309131168
13.1427233555618 0.257548073806901
13.1493984769452 0.226916108961588
13.1560735983286 0.196057949203978
13.1627487197121 0.165004354618801
13.1694238410955 0.133786280104483
13.1760989624789 0.10243484451661
13.1827740838623 0.0709812996480153
13.1894492052457 0.0394569990762545
13.1961243266291 0.00789336690971733
13.2027994480126 -0.0236781335366265
13.209474569396 -0.0552260311045084
13.2161496907794 -0.0867188781635487
13.2228248121628 -0.118125281958904
13.2294999335462 -0.149413935904263
13.2361750549296 -0.180553650788903
13.2428501763131 -0.211513385867818
13.2495252976965 -0.242262279803779
13.2562004190799 -0.272769681430606
13.2628755404633 -0.303005180306873
13.2695506618467 -0.332938637029759
13.2762257832301 -0.362540213278621
13.2829009046136 -0.391780401558495
13.289576025997 -0.420630054613784
13.2962511473804 -0.449060414482918
13.3029262687638 -0.477043141164886
13.3096013901472 -0.504550340869179
13.3162765115307 -0.531554593820902
13.3229516329141 -0.558028981593439
13.3296267542975 -0.583947113941303
13.3363018756809 -0.609283155106518
13.3429769970643 -0.634011849572238
13.3496521184477 -0.658108547238036
13.3563272398312 -0.681549227991631
13.3630023612146 -0.704310525652674
13.369677482598 -0.726369751264639
13.3763526039814 -0.747704915711707
13.3830277253648 -0.768294751637968
13.3897028467482 -0.788118734647194
13.3963779681317 -0.807157103761986
13.4030530895151 -0.825390881121975
13.4097282108985 -0.842801890901353
13.4164033322819 -0.859372777426913
13.4230784536653 -0.875087022478594
13.4297535750487 -0.889928961755179
13.4364286964322 -0.903883800488822
13.4431038178156 -0.91693762819279
13.449778939199 -0.92907743252773
13.4564540605824 -0.940291112272675
13.4631291819658 -0.950567489387784
13.4698043033492 -0.959896320156858
13.4764794247327 -0.968268305398507
13.4831545461161 -0.975675099735773
13.4898296674995 -0.982109319914979
13.4965047888829 -0.987564552165524
13.5031799102663 -0.992035358593258
13.5098550316497 -0.995517282601106
13.5165301530332 -0.998006853331494
13.5232052744166 -0.999501589126174
13.5298803958 -1
13.5455131856171 -0.999501589126174
13.5611459754342 -0.998006853331493
13.5767787652513 -0.995517282601106
13.5924115550683 -0.992035358593258
13.6080443448854 -0.987564552165524
13.6236771347025 -0.982109319914981
13.6393099245196 -0.975675099735773
13.6549427143367 -0.968268305398508
13.6705755041538 -0.959896320156857
13.6862082939709 -0.950567489387783
13.7018410837879 -0.940291112272676
13.717473873605 -0.92907743252773
13.7331066634221 -0.916937628192789
13.7487394532392 -0.903883800488823
13.7643722430563 -0.88992896175518
13.7800050328734 -0.875087022478595
13.7956378226905 -0.859372777426912
13.8112706125075 -0.842801890901351
13.8269034023246 -0.825390881121976
13.8425361921417 -0.807157103761986
13.8581689819588 -0.788118734647191
13.8738017717759 -0.768294751637971
13.889434561593 -0.74770491571171
13.9050673514101 -0.726369751264639
13.9207001412271 -0.704310525652673
13.9363329310442 -0.681549227991633
13.9519657208613 -0.658108547238038
13.9675985106784 -0.63401184957224
13.9832313004955 -0.609283155106516
13.9988640903126 -0.583947113941307
14.0144968801296 -0.558028981593439
14.0301296699467 -0.531554593820901
14.0457624597638 -0.504550340869179
14.0613952495809 -0.477043141164889
14.077028039398 -0.449060414482921
14.0926608292151 -0.420630054613783
14.1082936190322 -0.391780401558493
14.1239264088492 -0.362540213278626
14.1395591986663 -0.332938637029761
14.1551919884834 -0.303005180306874
14.1708247783005 -0.272769681430602
14.1864575681176 -0.242262279803783
14.2020903579347 -0.211513385867821
14.2177231477518 -0.180553650788902
14.2333559375688 -0.149413935904262
14.2489887273859 -0.118125281958907
14.264621517203 -0.0867188781635514
14.2802543070201 -0.0552260311045066
14.2958870968372 -0.0236781335366239
14.3115198866543 0.00789336690971198
14.3271526764714 0.0394569990762536
14.3427854662884 0.0709812996480151
14.3584182561055 0.102434844516615
14.3740510459226 0.133786280104479
14.3896838357397 0.165004354618798
14.4053166255568 0.196057949203979
14.4209494153739 0.226916108961589
14.436582205191 0.257548073806898
14.452214995008 0.287923309131166
14.4678477848251 0.318011536239237
14.4834805746422 0.347782762531983
14.4991133644593 0.377207311403575
14.5147461542764 0.40625585182379
14.5303789440935 0.434899427575793
14.5460117339106 0.46310948612035
14.5616445237276 0.490857907057594
14.5772773135447 0.518117030158077
14.5929101033618 0.544859682935072
14.6085428931789 0.571059207730694
14.624175682996 0.596689488288854
14.6398084728131 0.621724975788495
14.6554412626302 0.646140714311209
14.6710740524472 0.669912365717856
14.6867068422643 0.693016233909331
14.7023396320814 0.715429288447373
14.7179724218985 0.737129187511779
14.7336052117156 0.758094300171244
14.7492380015327 0.77830372794553
14.7648707913497 0.797737325637519
14.7805035811668 0.8163757214144
14.7961363709839 0.834200336117917
14.811769160801 0.851193401784494
14.8274019506181 0.867337979356715
14.8430347404352 0.882617975568547
14.8586675302523 0.897018158987464
14.8743003200693 0.910524175197462
14.8899331098864 0.92312256110786
14.9055658997035 0.934800758373599
14.9211986895206 0.945547125913667
14.9368314793377 0.955350951515195
14.9524642691548 0.964202462511612
14.9680970589719 0.972092835524257
14.9837298487889 0.979014205257715
14.999362638606 0.98495967234011
15.0149954284231 0.989923310200557
15.0306282182402 0.993900170976888
15.0462610080573 0.996886290447793
15.0618937978744 0.998878691984444
15.0775265876915 0.999875389517657
15.0931593775085 0.999875389517657
15.1087921673256 0.998878691984444
15.1244249571427 0.996886290447793
15.1400577469598 0.993900170976888
15.1556905367769 0.989923310200557
15.171323326594 0.98495967234011
15.1869561164111 0.979014205257715
15.2025889062281 0.972092835524258
15.2182216960452 0.964202462511612
15.2338544858623 0.955350951515195
15.2494872756794 0.945547125913667
15.2651200654965 0.934800758373599
15.2807528553136 0.92312256110786
15.2963856451307 0.910524175197462
15.3120184349477 0.897018158987464
15.3276512247648 0.882617975568547
15.3432840145819 0.867337979356715
15.358916804399 0.851193401784494
15.3745495942161 0.834200336117918
15.3901823840332 0.816375721414398
15.4058151738503 0.797737325637519
15.4214479636673 0.778303727945531
15.4370807534844 0.758094300171245
15.4527135433015 0.737129187511779
15.4683463331186 0.715429288447373
15.4839791229357 0.693016233909331
15.4996119127528 0.669912365717856
15.5152447025699 0.646140714311209
15.5308774923869 0.621724975788495
15.546510282204 0.596689488288855
15.5621430720211 0.571059207730695
15.5777758618382 0.544859682935071
15.5934086516553 0.518117030158077
15.6090414414724 0.490857907057595
15.6246742312894 0.463109486120349
15.6403070211065 0.434899427575793
15.6559398109236 0.40625585182379
15.6715726007407 0.377207311403576
15.6872053905578 0.347782762531983
15.7028381803749 0.318011536239237
15.718470970192 0.287923309131167
15.734103760009 0.257548073806898
15.7497365498261 0.22691610896159
15.7653693396432 0.196057949203979
15.7810021294603 0.165004354618802
15.7966349192774 0.133786280104479
15.8122677090945 0.102434844516611
15.8279004989116 0.0709812996480153
15.8435332887286 0.0394569990762536
15.8591660785457 0.007893366909712
15.8747988683628 -0.0236781335366239
15.8904316581799 -0.0552260311045057
15.906064447997 -0.0867188781635514
15.9216972378141 -0.118125281958907
15.9373300276312 -0.149413935904262
15.9529628174482 -0.180553650788902
15.9685956072653 -0.21151338586782
15.9842283970824 -0.242262279803784
15.9998611868995 -0.272769681430602
16.0154939767166 -0.303005180306873
16.0311267665337 -0.332938637029764
16.0467595563508 -0.362540213278622
16.0623923461678 -0.391780401558493
16.0780251359849 -0.420630054613786
16.093657925802 -0.449060414482917
16.1092907156191 -0.47704314116489
16.1249235054362 -0.504550340869178
16.1405562952533 -0.531554593820898
16.1561890850704 -0.558028981593439
16.1718218748874 -0.583947113941307
16.1874546647045 -0.609283155106519
16.2030874545216 -0.634011849572238
16.2187202443387 -0.658108547238037
16.2343530341558 -0.681549227991635
16.2499858239729 -0.70431052565267
16.26561861379 -0.726369751264638
16.281251403607 -0.74770491571171
16.2968841934241 -0.768294751637968
16.3125169832412 -0.788118734647191
16.3281497730583 -0.807157103761986
16.3437825628754 -0.825390881121978
16.3594153526925 -0.842801890901349
16.3750481425095 -0.859372777426912
16.3906809323266 -0.875087022478595
16.4063137221437 -0.889928961755179
16.4219465119608 -0.903883800488823
16.4375793017779 -0.916937628192789
16.453212091595 -0.929077432527732
16.4688448814121 -0.940291112272675
16.4844776712291 -0.950567489387783
16.5001104610462 -0.959896320156858
16.5157432508633 -0.968268305398506
16.5313760406804 -0.975675099735774
16.5470088304975 -0.982109319914981
16.5626416203146 -0.987564552165523
16.5782744101317 -0.992035358593258
16.5939071999487 -0.995517282601106
16.6095399897658 -0.998006853331494
16.6251727795829 -0.999501589126174
16.6408055694 -1
16.648999152899 -0.999501589126174
16.657192736398 -0.998006853331493
16.665386319897 -0.995517282601106
16.673579903396 -0.992035358593257
16.681773486895 -0.987564552165524
16.689967070394 -0.982109319914979
16.698160653893 -0.975675099735773
16.706354237392 -0.968268305398508
16.714547820891 -0.959896320156856
16.72274140439 -0.950567489387784
16.7309349878889 -0.940291112272674
16.7391285713879 -0.929077432527731
16.7473221548869 -0.916937628192791
16.7555157383859 -0.903883800488823
16.7637093218849 -0.889928961755182
16.7719029053839 -0.875087022478592
16.7800964888829 -0.859372777426913
16.7882900723819 -0.842801890901348
16.7964836558809 -0.825390881121976
16.8046772393799 -0.807157103761989
16.8128708228789 -0.788118734647191
16.8210644063779 -0.768294751637973
16.8292579898769 -0.747704915711706
16.8374515733759 -0.726369751264641
16.8456451568749 -0.704310525652668
16.8538387403739 -0.681549227991634
16.8620323238729 -0.658108547238042
16.8702259073719 -0.634011849572237
16.8784194908709 -0.609283155106519
16.8866130743699 -0.583947113941302
16.8948066578688 -0.558028981593441
16.9030002413678 -0.531554593820896
16.9111938248668 -0.504550340869177
16.9193874083658 -0.477043141164894
16.9275809918648 -0.449060414482917
16.9357745753638 -0.420630054613787
16.9439681588628 -0.391780401558488
16.9521617423618 -0.362540213278625
16.9603553258608 -0.332938637029767
16.9685489093598 -0.303005180306871
16.9767424928588 -0.272769681430607
16.9849360763578 -0.24226227980378
16.9931296598568 -0.211513385867821
17.0013232433558 -0.180553650788896
17.0095168268548 -0.149413935904261
17.0177104103538 -0.118125281958914
17.0259039938528 -0.0867188781635487
17.0340975773518 -0.0552260311045117
17.0422911608508 -0.0236781335366197
17.0504847443497 0.00789336690971176
17.0586783278487 0.0394569990762591
17.0668719113477 0.0709812996480164
17.0750654948467 0.102434844516608
17.0832590783457 0.133786280104482
17.0914526618447 0.165004354618796
17.0996462453437 0.196057949203983
17.1078398288427 0.226916108961589
17.1160334123417 0.25754807380689
17.1242269958407 0.287923309131167
17.1324205793397 0.318011536239234
17.1406141628387 0.347782762531985
17.1488077463377 0.377207311403574
17.1570013298367 0.406255851823794
17.1651949133357 0.434899427575793
17.1733884968347 0.463109486120343
17.1815820803337 0.490857907057595
17.1897756638327 0.518117030158074
17.1979692473317 0.544859682935074
17.2061628308307 0.571059207730693
17.2143564143297 0.596689488288861
17.2225499978286 0.621724975788495
17.2307435813276 0.646140714311205
17.2389371648266 0.669912365717857
17.2471307483256 0.69301623390933
17.2553243318246 0.715429288447375
17.2635179153236 0.737129187511778
17.2717114988226 0.758094300171241
17.2799050823216 0.778303727945531
17.2880986658206 0.797737325637516
17.2962922493196 0.816375721414401
17.3044858328186 0.834200336117916
17.3126794163176 0.851193401784498
17.3208729998166 0.867337979356714
17.3290665833156 0.882617975568544
17.3372601668146 0.897018158987464
17.3454537503136 0.910524175197461
17.3536473338126 0.923122561107862
17.3618409173116 0.934800758373598
17.3700345008106 0.945547125913669
17.3782280843095 0.955350951515195
17.3864216678085 0.96420246251161
17.3946152513075 0.972092835524258
17.4028088348065 0.979014205257714
17.4110024183055 0.984959672340111
17.4191960018045 0.989923310200557
17.4273895853035 0.993900170976889
17.4355831688025 0.996886290447793
17.4437767523015 0.998878691984443
17.4519703358005 0.999875389517657
17.4601639192995 0.999875389517657
17.4683575027985 0.998878691984443
17.4765510862975 0.996886290447793
17.4847446697965 0.993900170976889
17.4929382532955 0.989923310200557
17.5011318367945 0.984959672340111
17.5093254202935 0.979014205257714
17.5175190037925 0.972092835524258
17.5257125872915 0.96420246251161
17.5339061707905 0.955350951515195
17.5420997542894 0.945547125913669
17.5502933377884 0.934800758373598
17.5584869212874 0.923122561107862
17.5666805047864 0.910524175197461
17.5748740882854 0.897018158987464
17.5830676717844 0.882617975568544
17.5912612552834 0.867337979356714
17.5994548387824 0.851193401784498
17.6076484222814 0.834200336117916
17.6158420057804 0.816375721414401
17.6240355892794 0.797737325637517
17.6322291727784 0.778303727945531
17.6404227562774 0.758094300171241
17.6486163397764 0.737129187511778
17.6568099232754 0.715429288447375
17.6650035067744 0.693016233909329
17.6731970902734 0.669912365717857
17.6813906737724 0.646140714311206
17.6895842572714 0.621724975788496
17.6977778407703 0.596689488288861
17.7059714242693 0.571059207730694
17.7141650077683 0.544859682935074
17.7223585912673 0.518117030158074
17.7305521747663 0.490857907057595
17.7387457582653 0.463109486120343
17.7469393417643 0.434899427575793
17.7551329252633 0.406255851823795
17.7633265087623 0.377207311403574
17.7715200922613 0.347782762531986
17.7797136757603 0.318011536239234
17.7879072592593 0.287923309131167
17.7961008427583 0.25754807380689
17.8042944262573 0.22691610896159
17.8124880097563 0.196057949203983
17.8206815932553 0.165004354618796
17.8288751767543 0.133786280104482
17.8370687602533 0.102434844516609
17.8452623437523 0.0709812996480171
17.8534559272513 0.0394569990762589
17.8616495107503 0.007893366909712
17.8698430942492 -0.0236781335366194
17.8780366777482 -0.0552260311045119
17.8862302612472 -0.0867188781635478
17.8944238447462 -0.118125281958913
17.9026174282452 -0.14941393590426
17.9108110117442 -0.180553650788896
17.9190045952432 -0.211513385867821
17.9271981787422 -0.242262279803779
17.9353917622412 -0.272769681430607
17.9435853457402 -0.303005180306871
17.9517789292392 -0.332938637029767
17.9599725127382 -0.362540213278625
17.9681660962372 -0.391780401558489
17.9763596797362 -0.420630054613787
17.9845532632352 -0.449060414482917
17.9927468467342 -0.477043141164893
18.0009404302332 -0.504550340869176
18.0091340137322 -0.531554593820907
18.0173275972312 -0.558028981593441
18.0255211807301 -0.583947113941302
18.0337147642291 -0.609283155106519
18.0419083477281 -0.634011849572237
18.0501019312271 -0.658108547238042
18.0582955147261 -0.681549227991633
18.0664890982251 -0.704310525652667
18.0746826817241 -0.72636975126464
18.0828762652231 -0.747704915711706
18.0910698487221 -0.768294751637973
18.0992634322211 -0.788118734647191
18.1074570157201 -0.807157103761989
18.1156505992191 -0.825390881121977
18.1238441827181 -0.842801890901347
18.1320377662171 -0.859372777426913
18.1402313497161 -0.875087022478592
18.1484249332151 -0.889928961755182
18.1566185167141 -0.903883800488823
18.1648121002131 -0.916937628192786
18.1730056837121 -0.929077432527731
18.1811992672111 -0.940291112272674
18.18939285071 -0.950567489387784
18.197586434209 -0.959896320156856
18.205780017708 -0.968268305398508
18.213973601207 -0.975675099735773
18.222167184706 -0.982109319914979
18.230360768205 -0.987564552165524
18.238554351704 -0.992035358593257
18.246747935203 -0.995517282601106
18.254941518702 -0.998006853331493
18.263135102201 -0.999501589126174
18.2713286857 -1
18.28932832181 -0.999501589126174
18.3073279579201 -0.998006853331494
18.3253275940301 -0.995517282601106
18.3433272301402 -0.992035358593258
18.3613268662502 -0.987564552165524
18.3793265023603 -0.98210931991498
18.3973261384704 -0.975675099735773
18.4153257745804 -0.968268305398508
18.4333254106905 -0.959896320156857
18.4513250468005 -0.950567489387782
18.4693246829105 -0.940291112272677
18.4873243190206 -0.929077432527731
18.5053239551307 -0.916937628192788
18.5233235912407 -0.903883800488822
18.5413232273508 -0.889928961755181
18.5593228634608 -0.875087022478593
18.5773224995709 -0.859372777426911
18.5953221356809 -0.842801890901351
18.613321771791 -0.825390881121976
18.631321407901 -0.807157103761984
18.6493210440111 -0.788118734647193
18.6673206801211 -0.76829475163797
18.6853203162312 -0.747704915711707
18.7033199523412 -0.726369751264641
18.7213195884513 -0.704310525652672
18.7393192245613 -0.681549227991632
18.7573188606714 -0.658108547238039
18.7753184967814 -0.634011849572239
18.7933181328915 -0.609283155106515
18.8113177690015 -0.583947113941308
18.8293174051116 -0.55802898159344
18.8473170412216 -0.5315545938209
18.8653166773317 -0.504550340869179
18.8833163134417 -0.47704314116489
18.9013159495518 -0.449060414482919
18.9193155856618 -0.420630054613787
18.9373152217719 -0.391780401558494
18.9553148578819 -0.362540213278623
18.973314493992 -0.332938637029764
18.991314130102 -0.303005180306874
19.0093137662121 -0.272769681430602
19.0273134023221 -0.242262279803786
19.0453130384322 -0.21151338586782
19.0633126745422 -0.180553650788901
19.0813123106523 -0.149413935904258
19.0993119467623 -0.118125281958909
19.1173115828724 -0.0867188781635501
19.1353112189824 -0.0552260311045055
19.1533108550925 -0.0236781335366254
19.1713104912025 0.00789336690971375
19.1893101273126 0.0394569990762554
19.2073097634226 0.070981299648014
19.2253093995327 0.102434844516614
19.2433090356427 0.133786280104481
19.2613086717528 0.165004354618797
19.2793083078628 0.196057949203978
19.2973079439729 0.226916108961592
19.3153075800829 0.257548073806895
19.333307216193 0.287923309131166
19.351306852303 0.31801153623924
19.3693064884131 0.34778276253198
19.3873061245231 0.377207311403575
19.4053057606332 0.40625585182379
19.4233053967432 0.434899427575791
19.4413050328533 0.463109486120347
19.4593046689633 0.490857907057595
19.4773043050734 0.518117030158075
19.4953039411834 0.54485968293507
19.5133035772935 0.571059207730696
19.5313032134035 0.596689488288858
19.5493028495136 0.621724975788494
19.5673024856236 0.646140714311211
19.5853021217337 0.669912365717858
19.6033017578437 0.693016233909331
19.6213013939538 0.715429288447372
19.6393010300638 0.737129187511781
19.6573006661739 0.758094300171244
19.6753003022839 0.77830372794553
19.693299938394 0.797737325637521
19.711299574504 0.816375721414398
19.7292992106141 0.834200336117918
19.7472988467241 0.851193401784496
19.7652984828342 0.867337979356714
19.7832981189442 0.882617975568547
19.8012977550543 0.897018158987465
19.8192973911643 0.910524175197461
19.8372970272744 0.923122561107861
19.8552966633844 0.934800758373599
19.8732962994945 0.945547125913666
19.8912959356045 0.955350951515195
19.9092955717146 0.964202462511612
19.9272952078246 0.972092835524256
19.9452948439347 0.979014205257714
19.9632944800447 0.984959672340111
19.9812941161548 0.989923310200557
19.9992937522648 0.993900170976888
20.0172933883749 0.996886290447793
20.0352930244849 0.998878691984443
20.053292660595 0.999875389517657
20.071292296705 0.999875389517657
20.0892919328151 0.998878691984444
20.1072915689251 0.996886290447793
20.1252912050352 0.993900170976888
20.1432908411452 0.989923310200557
20.1612904772553 0.984959672340111
20.1792901133653 0.979014205257714
20.1972897494754 0.972092835524257
20.2152893855854 0.964202462511612
20.2332890216955 0.955350951515195
20.2512886578055 0.945547125913666
20.2692882939156 0.934800758373599
20.2872879300256 0.923122561107861
20.3052875661357 0.910524175197461
20.3232872022457 0.897018158987465
20.3412868383558 0.882617975568547
20.3592864744658 0.867337979356714
20.3772861105759 0.851193401784496
20.3952857466859 0.834200336117918
20.413285382796 0.816375721414398
20.431285018906 0.797737325637521
20.4492846550161 0.77830372794553
20.4672842911261 0.758094300171245
20.4852839272362 0.737129187511777
20.5032835633462 0.715429288447372
20.5212831994563 0.693016233909331
20.5392828355663 0.669912365717853
20.5572824716764 0.646140714311211
20.5752821077864 0.621724975788495
20.5932817438965 0.596689488288854
20.6112813800065 0.571059207730696
20.6292810161166 0.54485968293507
20.6472806522266 0.518117030158076
20.6652802883367 0.490857907057595
20.6832799244467 0.463109486120348
20.7012795605568 0.434899427575791
20.7192791966668 0.40625585182379
20.7372788327769 0.377207311403576
20.7552784688869 0.34778276253198
20.773278104997 0.31801153623924
20.791277741107 0.287923309131167
20.8092773772171 0.257548073806895
20.8272770133271 0.226916108961592
20.8452766494372 0.196057949203978
20.8632762855472 0.165004354618797
20.8812759216573 0.133786280104482
20.8992755577673 0.102434844516614
20.9172751938774 0.0709812996480145
20.9352748299874 0.0394569990762554
20.9532744660975 0.00789336690971378
20.9712741022075 -0.0236781335366256
20.9892737383176 -0.0552260311045057
21.0072733744276 -0.0867188781635505
21.0252730105377 -0.11812528195891
21.0432726466477 -0.149413935904258
21.0612722827578 -0.1805536507889
21.0792719188678 -0.211513385867819
21.0972715549779 -0.242262279803779
21.1152711910879 -0.272769681430601
21.133270827198 -0.303005180306873
21.151270463308 -0.332938637029758
21.1692700994181 -0.362540213278623
21.1872697355281 -0.391780401558494
21.2052693716382 -0.420630054613787
21.2232690077482 -0.449060414482918
21.2412686438583 -0.47704314116489
21.2592682799683 -0.504550340869179
21.2772679160784 -0.5315545938209
21.2952675521884 -0.55802898159344
21.3132671882985 -0.583947113941308
21.3312668244085 -0.609283155106515
21.3492664605186 -0.634011849572239
21.3672660966286 -0.658108547238039
21.3852657327387 -0.681549227991632
21.4032653688487 -0.704310525652672
21.4212650049588 -0.72636975126464
21.4392646410688 -0.747704915711707
21.4572642771789 -0.76829475163797
21.4752639132889 -0.788118734647193
21.493263549399 -0.807157103761987
21.511263185509 -0.825390881121976
21.5292628216191 -0.842801890901351
21.5472624577291 -0.859372777426914
21.5652620938392 -0.875087022478593
21.5832617299492 -0.889928961755181
21.6012613660593 -0.903883800488825
21.6192610021693 -0.916937628192788
21.6372606382794 -0.929077432527731
21.6552602743894 -0.940291112272677
21.6732599104995 -0.950567489387782
21.6912595466095 -0.959896320156857
21.7092591827196 -0.968268305398508
21.7272588188296 -0.975675099735773
21.7452584549397 -0.98210931991498
21.7632580910497 -0.987564552165524
21.7812577271598 -0.992035358593258
21.7992573632698 -0.995517282601106
21.8172569993799 -0.998006853331493
21.8352566354899 -0.999501589126174
21.8532562716 -1
21.8625548418668 -0.999501589126174
21.8718534121337 -0.998006853331493
21.8811519824005 -0.995517282601106
21.8904505526673 -0.992035358593258
21.8997491229342 -0.987564552165523
21.909047693201 -0.982109319914981
21.9183462634678 -0.975675099735773
21.9276448337347 -0.968268305398508
21.9369434040015 -0.959896320156857
21.9462419742683 -0.950567489387785
21.9555405445352 -0.940291112272676
21.964839114802 -0.929077432527729
21.9741376850688 -0.916937628192789
21.9834362553357 -0.903883800488822
21.9927348256025 -0.889928961755181
22.0020333958693 -0.875087022478592
22.0113319661362 -0.859372777426914
22.020630536403 -0.84280189090135
22.0299291066698 -0.825390881121979
22.0392276769367 -0.807157103761985
22.0485262472035 -0.788118734647189
22.0578248174704 -0.768294751637971
22.0671233877372 -0.747704915711706
22.076421958004 -0.726369751264641
22.0857205282709 -0.70431052565267
22.0950190985377 -0.681549227991636
22.1043176688045 -0.658108547238036
22.1136162390714 -0.634011849572242
22.1229148093382 -0.609283155106516
22.132213379605 -0.58394711394131
22.1415119498719 -0.55802898159344
22.1508105201387 -0.531554593820897
22.1601090904055 -0.504550340869178
22.1694076606724 -0.477043141164886
22.1787062309392 -0.449060414482922
22.188004801206 -0.420630054613781
22.1973033714729 -0.391780401558496
22.2066019417397 -0.362540213278622
22.2159005120065 -0.332938637029765
22.2251990822734 -0.303005180306872
22.2344976525402 -0.272769681430608
22.243796222807 -0.242262279803783
22.2530947930739 -0.211513385867814
22.2623933633407 -0.180553650788903
22.2716919336075 -0.149413935904257
22.2809905038744 -0.11812528195891
22.2902890741412 -0.0867188781635478
22.299587644408 -0.0552260311045117
22.3088862146749 -0.0236781335366221
22.3181847849417 0.00789336690970843
22.3274833552085 0.0394569990762536
22.3367819254754 0.07098129964801
22.3460804957422 0.102434844516613
22.355379066009 0.133786280104484
22.3646776362759 0.165004354618798
22.3739762065427 0.196057949203982
22.3832747768095 0.226916108961587
22.3925733470764 0.257548073806899
22.4018719173432 0.287923309131163
22.4111704876101 0.31801153623924
22.4204690578769 0.347782762531978
22.4297676281437 0.377207311403576
22.4390661984106 0.406255851823794
22.4483647686774 0.434899427575792
22.4576633389442 0.463109486120352
22.4669619092111 0.490857907057592
22.4762604794779 0.518117030158081
22.4855590497447 0.544859682935068
22.4948576200116 0.571059207730697
22.5041561902784 0.596689488288852
22.5134547605452 0.621724975788496
22.5227533308121 0.646140714311206
22.5320519010789 0.669912365717855
22.5413504713457 0.693016233909336
22.5506490416126 0.71542928844737
22.5599476118794 0.737129187511782
22.5692461821462 0.758094300171244
22.5785447524131 0.778303727945532
22.5878433226799 0.797737325637517
22.5971418929467 0.8163757214144
22.6064404632136 0.834200336117915
22.6157390334804 0.851193401784495
22.6250376037472 0.867337979356712
22.6343361740141 0.882617975568547
22.6436347442809 0.897018158987466
22.6529333145477 0.910524175197462
22.6622318848146 0.923122561107862
22.6715304550814 0.934800758373597
22.6808290253482 0.945547125913668
22.6901275956151 0.955350951515194
22.6994261658819 0.964202462511612
22.7087247361487 0.972092835524256
22.7180233064156 0.979014205257715
22.7273218766824 0.984959672340109
22.7366204469492 0.989923310200557
22.7459190172161 0.993900170976888
22.7552175874829 0.996886290447793
22.7645161577497 0.998878691984444
22.7738147280166 0.999875389517657
22.7831132982834 0.999875389517657
22.7924118685502 0.998878691984444
22.8017104388171 0.996886290447793
22.8110090090839 0.993900170976888
22.8203075793508 0.989923310200557
22.8296061496176 0.98495967234011
22.8389047198844 0.979014205257715
22.8482032901513 0.972092835524256
22.8575018604181 0.964202462511612
22.8668004306849 0.955350951515194
22.8760990009518 0.945547125913668
22.8853975712186 0.934800758373598
22.8946961414854 0.923122561107862
22.9039947117523 0.910524175197462
22.9132932820191 0.897018158987466
22.9225918522859 0.882617975568547
22.9318904225528 0.867337979356712
22.9411889928196 0.851193401784495
22.9504875630864 0.834200336117915
22.9597861333533 0.816375721414401
22.9690847036201 0.797737325637517
22.9783832738869 0.778303727945532
22.9876818441538 0.758094300171244
22.9969804144206 0.737129187511782
23.0062789846874 0.715429288447371
23.0155775549543 0.693016233909336
23.0248761252211 0.669912365717855
23.0341746954879 0.646140714311206
23.0434732657548 0.621724975788497
23.0527718360216 0.596689488288853
23.0620704062884 0.571059207730697
23.0713689765553 0.544859682935068
23.0806675468221 0.518117030158081
23.0899661170889 0.490857907057592
23.0992646873558 0.463109486120352
23.1085632576226 0.434899427575792
23.1178618278894 0.406255851823783
23.1271603981563 0.377207311403577
23.1364589684231 0.347782762531977
23.1457575386899 0.31801153623924
23.1550561089568 0.287923309131163
23.1643546792236 0.257548073806899
23.1736532494905 0.226916108961588
23.1829518197573 0.196057949203982
23.1922503900241 0.165004354618797
23.201548960291 0.133786280104485
23.2108475305578 0.102434844516613
23.2201461008246 0.0709812996480216
23.2294446710915 0.0394569990762536
23.2387432413583 0.00789336690970845
23.2480418116251 -0.0236781335366212
23.257340381892 -0.0552260311045119
23.2666389521588 -0.0867188781635478
23.2759375224256 -0.11812528195891
23.2852360926925 -0.149413935904257
23.2945346629593 -0.180553650788903
23.3038332332261 -0.211513385867813
23.313131803493 -0.242262279803784
23.3224303737598 -0.272769681430608
23.3317289440266 -0.303005180306871
23.3410275142935 -0.332938637029764
23.3503260845603 -0.362540213278622
23.3596246548271 -0.391780401558496
23.368923225094 -0.420630054613781
23.3782217953608 -0.449060414482922
23.3875203656276 -0.477043141164886
23.3968189358945 -0.504550340869178
23.4061175061613 -0.531554593820907
23.4154160764281 -0.55802898159344
23.424714646695 -0.58394711394131
23.4340132169618 -0.609283155106515
23.4433117872286 -0.634011849572242
23.4526103574955 -0.658108547238035
23.4619089277623 -0.681549227991636
23.4712074980291 -0.704310525652669
23.480506068296 -0.726369751264641
23.4898046385628 -0.747704915711706
23.4991032088296 -0.768294751637971
23.5084017790965 -0.788118734647189
23.5177003493633 -0.807157103761985
23.5269989196302 -0.825390881121979
23.536297489897 -0.84280189090135
23.5455960601638 -0.859372777426914
23.5548946304307 -0.875087022478592
23.5641932006975 -0.889928961755181
23.5734917709643 -0.903883800488822
23.5827903412312 -0.916937628192789
23.592088911498 -0.929077432527729
23.6013874817648 -0.940291112272676
23.6106860520317 -0.950567489387784
23.6199846222985 -0.959896320156857
23.6292831925653 -0.968268305398508
23.6385817628322 -0.975675099735773
23.647880333099 -0.982109319914981
23.6571789033658 -0.987564552165523
23.6664774736327 -0.992035358593258
23.6757760438995 -0.995517282601106
23.6850746141663 -0.998006853331493
23.6943731844332 -0.999501589126174
23.7036717547 -1
23.7202362182442 -0.999501589126174
23.7368006817884 -0.998006853331494
23.7533651453327 -0.995517282601106
23.7699296088769 -0.992035358593257
23.7864940724211 -0.987564552165523
23.8030585359653 -0.98210931991498
23.8196229995095 -0.975675099735774
23.8361874630538 -0.968268305398508
23.852751926598 -0.959896320156858
23.8693163901422 -0.950567489387784
23.8858808536864 -0.940291112272675
23.9024453172307 -0.92907743252773
23.9190097807749 -0.916937628192788
23.9355742443191 -0.903883800488824
23.9521387078633 -0.889928961755181
23.9687031714075 -0.875087022478595
23.9852676349518 -0.859372777426914
24.001832098496 -0.842801890901349
24.0183965620402 -0.825390881121975
24.0349610255844 -0.807157103761985
24.0515254891286 -0.788118734647193
24.0680899526729 -0.768294751637972
24.0846544162171 -0.747704915711711
24.1012188797613 -0.726369751264642
24.1177833433055 -0.70431052565267
24.1343478068497 -0.681549227991633
24.150912270394 -0.658108547238037
24.1674767339382 -0.634011849572239
24.1840411974824 -0.609283155106518
24.2006056610266 -0.583947113941308
24.2171701245709 -0.558028981593438
24.2337345881151 -0.5315545938209
24.2502990516593 -0.504550340869176
24.2668635152035 -0.477043141164889
24.2834279787477 -0.449060414482921
24.299992442292 -0.420630054613786
24.3165569058362 -0.391780401558496
24.3331213693804 -0.362540213278622
24.3496858329246 -0.332938637029759
24.3662502964688 -0.303005180306872
24.3828147600131 -0.272769681430603
24.3993792235573 -0.242262279803784
24.4159436871015 -0.211513385867821
24.4325081506457 -0.180553650788905
24.44907261419 -0.149413935904258
24.4656370777342 -0.118125281958906
24.4822015412784 -0.0867188781635498
24.4987660048226 -0.0552260311045082
24.5153304683668 -0.023678133536625
24.5318949319111 0.00789336690971109
24.5484593954553 0.0394569990762496
24.5650238589995 0.0709812996480189
24.5815883225437 0.102434844516615
24.5981527860879 0.13378628010448
24.6147172496322 0.165004354618799
24.6312817131764 0.196057949203977
24.6478461767206 0.226916108961588
24.6644106402648 0.257548073806893
24.680975103809 0.287923309131169
24.6975395673533 0.31801153623924
24.7141040308975 0.347782762531983
24.7306684944417 0.377207311403576
24.7472329579859 0.406255851823788
24.7637974215301 0.434899427575791
24.7803618850744 0.463109486120345
24.7969263486186 0.490857907057596
24.8134908121628 0.518117030158079
24.830055275707 0.544859682935071
24.8466197392513 0.571059207730694
24.8631842027955 0.596689488288855
24.8797486663397 0.621724975788493
24.8963131298839 0.646140714311212
24.9128775934281 0.669912365717857
24.9294420569724 0.693016233909333
24.9460065205166 0.715429288447372
24.9625709840608 0.737129187511779
24.979135447605 0.758094300171244
24.9956999111492 0.778303727945528
25.0122643746935 0.797737325637517
25.0288288382377 0.8163757214144
25.0453933017819 0.834200336117918
25.0619577653261 0.851193401784495
25.0785222288704 0.867337979356715
25.0950866924146 0.882617975568546
25.1116511559588 0.897018158987462
25.128215619503 0.910524175197463
25.1447800830472 0.923122561107862
25.1613445465915 0.934800758373599
25.1779090101357 0.945547125913667
25.1944734736799 0.955350951515194
25.2110379372241 0.964202462511611
25.2276024007683 0.972092835524256
25.2441668643126 0.979014205257715
25.2607313278568 0.984959672340111
25.277295791401 0.989923310200557
25.2938602549452 0.993900170976888
25.3104247184894 0.996886290447793
25.3269891820337 0.998878691984443
25.3435536455779 0.999875389517657
25.3601181091221 0.999875389517657
25.3766825726663 0.998878691984444
25.3932470362106 0.996886290447793
25.4098114997548 0.993900170976888
25.426375963299 0.989923310200557
25.4429404268432 0.984959672340111
25.4595048903874 0.979014205257715
25.4760693539317 0.972092835524256
25.4926338174759 0.964202462511611
25.5091982810201 0.955350951515195
25.5257627445643 0.945547125913667
25.5423272081085 0.934800758373599
25.5588916716528 0.923122561107862
25.575456135197 0.910524175197461
25.5920205987412 0.897018158987462
25.6085850622854 0.882617975568546
25.6251495258296 0.867337979356714
25.6417139893739 0.851193401784495
25.6582784529181 0.834200336117918
25.6748429164623 0.816375721414401
25.6914073800065 0.797737325637521
25.7079718435508 0.778303727945528
25.724536307095 0.758094300171245
25.7411007706392 0.737129187511779
25.7576652341834 0.715429288447372
25.7742296977276 0.693016233909333
25.7907941612719 0.669912365717857
25.8073586248161 0.646140714311207
25.8239230883603 0.621724975788494
25.8404875519045 0.596689488288855
25.8570520154487 0.571059207730694
25.873616478993 0.544859682935071
25.8901809425372 0.518117030158079
25.9067454060814 0.490857907057596
25.9233098696256 0.463109486120351
25.9398743331699 0.434899427575792
25.9564387967141 0.406255851823788
25.9730032602583 0.377207311403576
25.9895677238025 0.347782762531983
26.0061321873467 0.31801153623924
26.022696650891 0.287923309131169
26.0392611144352 0.257548073806894
26.0558255779794 0.226916108961589
26.0723900415236 0.196057949203977
26.0889545050678 0.1650043546188
26.1055189686121 0.13378628010448
26.1220834321563 0.102434844516616
26.1386478957005 0.0709812996480189
26.1552123592447 0.0394569990762501
26.1717768227889 0.007893366909712
26.1883412863332 -0.0236781335366247
26.2049057498774 -0.0552260311045075
26.2214702134216 -0.0867188781635496
26.2380346769658 -0.118125281958905
26.25459914051 -0.149413935904258
26.2711636040543 -0.180553650788905
26.2877280675985 -0.211513385867821
26.3042925311427 -0.242262279803784
26.3208569946869 -0.272769681430602
26.3374214582312 -0.303005180306871
26.3539859217754 -0.332938637029759
26.3705503853196 -0.362540213278621
26.3871148488638 -0.391780401558495
26.403679312408 -0.420630054613785
26.4202437759523 -0.44906041448292
26.4368082394965 -0.477043141164889
26.4533727030407 -0.504550340869177
26.4699371665849 -0.5315545938209
26.4865016301291 -0.558028981593443
26.5030660936734 -0.583947113941308
26.5196305572176 -0.609283155106518
26.5361950207618 -0.634011849572239
26.552759484306 -0.658108547238037
26.5693239478503 -0.681549227991633
26.5858884113945 -0.70431052565267
26.6024528749387 -0.726369751264637
26.6190173384829 -0.74770491571171
26.6355818020271 -0.768294751637971
26.6521462655714 -0.788118734647193
26.6687107291156 -0.807157103761985
26.6852751926598 -0.825390881121975
26.701839656204 -0.842801890901349
26.7184041197482 -0.859372777426914
26.7349685832925 -0.875087022478595
26.7515330468367 -0.889928961755181
26.7680975103809 -0.903883800488824
26.7846619739251 -0.916937628192789
26.8012264374693 -0.92907743252773
26.8177909010136 -0.940291112272675
26.8343553645578 -0.950567489387784
26.850919828102 -0.959896320156858
26.8674842916462 -0.968268305398507
26.8840487551905 -0.975675099735774
26.9006132187347 -0.98210931991498
26.9171776822789 -0.987564552165523
26.9337421458231 -0.992035358593257
26.9503066093673 -0.995517282601106
26.9668710729116 -0.998006853331493
26.9834355364558 -0.999501589126174
27 -1
