0 -1
0.00717650157839196 -0.999501589126174
0.0143530031567839 -0.998006853331493
0.0215295047351759 -0.995517282601106
0.0287060063135678 -0.992035358593258
0.0358825078919598 -0.987564552165524
0.0430590094703518 -0.98210931991498
0.0502355110487437 -0.975675099735774
0.0574120126271357 -0.968268305398507
0.0645885142055277 -0.959896320156857
0.0717650157839196 -0.950567489387783
0.0789415173623116 -0.940291112272676
0.0861180189407035 -0.929077432527731
0.0932945205190955 -0.916937628192789
0.100471022097487 -0.903883800488824
0.107647523675879 -0.88992896175518
0.114824025254271 -0.875087022478594
0.122000526832663 -0.859372777426912
0.129177028411055 -0.842801890901351
0.136353529989447 -0.825390881121976
0.143530031567839 -0.807157103761985
0.150706533146231 -0.788118734647192
0.157883034724623 -0.768294751637971
0.165059536303015 -0.747704915711709
0.172236037881407 -0.726369751264639
0.179412539459799 -0.704310525652672
0.186589041038191 -0.681549227991634
0.193765542616583 -0.658108547238038
0.200942044194975 -0.634011849572239
0.208118545773367 -0.609283155106517
0.215295047351759 -0.583947113941306
0.222471548930151 -0.55802898159344
0.229648050508543 -0.531554593820901
0.236824552086935 -0.504550340869177
0.244001053665327 -0.47704314116489
0.251177555243719 -0.44906041448292
0.258354056822111 -0.420630054613784
0.265530558400503 -0.391780401558493
0.272707059978894 -0.362540213278625
0.279883561557286 -0.332938637029761
0.287060063135678 -0.303005180306873
0.29423656471407 -0.272769681430603
0.301413066292462 -0.242262279803783
0.308589567870854 -0.211513385867819
0.315766069449246 -0.180553650788902
0.322942571027638 -0.149413935904261
0.33011907260603 -0.118125281958908
0.337295574184422 -0.0867188781635507
0.344472075762814 -0.0552260311045082
0.351648577341206 -0.0236781335366241
0.358825078919598 0.00789336690971309
0.36600158049799 0.0394569990762525
0.373178082076382 0.070981299648016
0.380354583654774 0.102434844516613
0.387531085233166 0.133786280104479
0.394707586811558 0.165004354618799
0.40188408838995 0.196057949203978
0.409060589968342 0.22691610896159
0.416237091546734 0.257548073806897
0.423413593125126 0.287923309131166
0.430590094703518 0.318011536239238
0.43776659628191 0.347782762531982
0.444943097860302 0.377207311403576
0.452119599438693 0.406255851823789
0.459296101017085 0.434899427575793
0.466472602595477 0.463109486120348
0.473649104173869 0.490857907057594
0.480825605752261 0.518117030158078
0.488002107330653 0.54485968293507
0.495178608909045 0.571059207730695
0.502355110487437 0.596689488288856
0.509531612065829 0.621724975788495
0.516708113644221 0.64614071431121
0.523884615222613 0.669912365717855
0.531061116801005 0.693016233909332
0.538237618379397 0.715429288447372
0.545414119957789 0.737129187511779
0.552590621536181 0.758094300171246
0.559767123114573 0.77830372794553
0.566943624692965 0.797737325637519
0.574120126271357 0.816375721414399
0.581296627849749 0.834200336117917
0.588473129428141 0.851193401784494
0.595649631006533 0.867337979356715
0.602826132584925 0.882617975568547
0.610002634163317 0.897018158987463
0.617179135741709 0.910524175197462
0.624355637320101 0.923122561107861
0.631532138898492 0.934800758373598
0.638708640476884 0.945547125913667
0.645885142055276 0.955350951515195
0.653061643633668 0.964202462511612
0.66023814521206 0.972092835524257
0.667414646790452 0.979014205257715
0.674591148368844 0.984959672340111
0.681767649947236 0.989923310200557
0.688944151525628 0.993900170976888
0.69612065310402 0.996886290447793
0.703297154682412 0.998878691984444
0.710473656260804 0.999875389517657
0.717650157839196 0.999875389517657
0.724826659417588 0.998878691984444
0.73200316099598 0.996886290447793
0.739179662574372 0.993900170976888
0.746356164152764 0.989923310200557
0.753532665731156 0.984959672340111
0.760709167309548 0.979014205257715
0.76788566888794 0.972092835524257
0.775062170466332 0.964202462511612
0.782238672044724 0.955350951515195
0.789415173623116 0.945547125913667
0.796591675201508 0.934800758373598
0.8037681767799 0.923122561107861
0.810944678358292 0.910524175197462
0.818121179936683 0.897018158987464
0.825297681515076 0.882617975568547
0.832474183093467 0.867337979356715
0.839650684671859 0.851193401784495
0.846827186250251 0.834200336117918
0.854003687828643 0.816375721414399
0.861180189407035 0.79773732563752
0.868356690985427 0.77830372794553
0.875533192563819 0.758094300171246
0.882709694142211 0.737129187511779
0.889886195720603 0.715429288447371
0.897062697298995 0.693016233909332
0.904239198877387 0.669912365717856
0.911415700455779 0.64614071431121
0.918592202034171 0.621724975788495
0.925768703612563 0.596689488288856
0.932945205190955 0.571059207730694
0.940121706769347 0.54485968293507
0.947298208347739 0.518117030158078
0.954474709926131 0.490857907057594
0.961651211504523 0.463109486120348
0.968827713082915 0.434899427575793
0.976004214661307 0.406255851823789
0.983180716239699 0.377207311403576
0.99035721781809 0.347782762531982
0.997533719396482 0.318011536239239
1.00471022097487 0.287923309131167
1.01188672255327 0.257548073806896
1.01906322413166 0.22691610896159
1.02623972571005 0.196057949203978
1.03341622728844 0.165004354618799
1.04059272886683 0.133786280104479
1.04776923044523 0.102434844516614
1.05494573202362 0.0709812996480162
1.06212223360201 0.0394569990762527
1.0692987351804 0.00789336690971378
1.07647523675879 -0.0236781335366247
1.08365173833719 -0.0552260311045075
1.09082823991558 -0.0867188781635505
1.09800474149397 -0.118125281958908
1.10518124307236 -0.149413935904261
1.11235774465075 -0.180553650788902
1.11953424622915 -0.211513385867818
1.12671074780754 -0.242262279803783
1.13388724938593 -0.272769681430603
1.14106375096432 -0.303005180306872
1.14824025254271 -0.33293863702976
1.15541675412111 -0.362540213278624
1.1625932556995 -0.391780401558493
1.16976975727789 -0.420630054613784
1.17694625885628 -0.449060414482919
1.18412276043467 -0.47704314116489
1.19129926201307 -0.504550340869177
1.19847576359146 -0.531554593820901
1.20565226516985 -0.55802898159344
1.21282876674824 -0.583947113941306
1.22000526832663 -0.609283155106516
1.22718176990503 -0.634011849572238
1.23435827148342 -0.658108547238037
1.24153477306181 -0.681549227991634
1.2487112746402 -0.704310525652672
1.25588777621859 -0.726369751264639
1.26306427779698 -0.747704915711709
1.27024077937538 -0.768294751637971
1.27741728095377 -0.788118734647192
1.28459378253216 -0.807157103761985
1.29177028411055 -0.825390881121977
1.29894678568894 -0.84280189090135
1.30612328726734 -0.859372777426911
1.31329978884573 -0.875087022478593
1.32047629042412 -0.889928961755181
1.32765279200251 -0.903883800488824
1.3348292935809 -0.916937628192789
1.3420057951593 -0.92907743252773
1.34918229673769 -0.940291112272676
1.35635879831608 -0.950567489387782
1.36353529989447 -0.959896320156857
1.37071180147286 -0.968268305398507
1.37788830305126 -0.975675099735774
1.38506480462965 -0.98210931991498
1.39224130620804 -0.987564552165524
1.39941780778643 -0.992035358593258
1.40659430936482 -0.995517282601106
1.41377081094322 -0.998006853331493
1.42094731252161 -0.999501589126174
1.4281238141 -1
1.44449054379799 -0.999501589126174
1.46085727349598 -0.998006853331493
1.47722400319397 -0.995517282601106
1.49359073289196 -0.992035358593258
1.50995746258995 -0.987564552165524
1.52632419228794 -0.98210931991498
1.54269092198593 -0.975675099735774
1.55905765168392 -0.968268305398507
1.57542438138191 -0.959896320156857
1.5917911110799 -0.950567489387783
1.60815784077789 -0.940291112272676
1.62452457047588 -0.929077432527731
1.64089130017387 -0.916937628192789
1.65725802987186 -0.903883800488824
1.67362475956985 -0.88992896175518
1.68999148926784 -0.875087022478594
1.70635821896583 -0.859372777426912
1.72272494866382 -0.842801890901351
1.73909167836181 -0.825390881121976
1.7554584080598 -0.807157103761985
1.77182513775779 -0.788118734647193
1.78819186745578 -0.768294751637971
1.80455859715377 -0.747704915711709
1.82092532685176 -0.726369751264639
1.83729205654975 -0.704310525652672
1.85365878624774 -0.681549227991634
1.87002551594573 -0.658108547238038
1.88639224564372 -0.634011849572239
1.90275897534171 -0.609283155106517
1.9191257050397 -0.583947113941306
1.93549243473769 -0.55802898159344
1.95185916443568 -0.531554593820901
1.96822589413367 -0.504550340869178
1.98459262383166 -0.47704314116489
2.00095935352965 -0.449060414482921
2.01732608322764 -0.420630054613784
2.03369281292563 -0.391780401558493
2.05005954262362 -0.362540213278625
2.06642627232161 -0.332938637029761
2.0827930020196 -0.303005180306873
2.09915973171759 -0.272769681430603
2.11552646141558 -0.242262279803784
2.13189319111357 -0.211513385867819
2.14825992081156 -0.180553650788902
2.16462665050955 -0.149413935904261
2.18099338020754 -0.118125281958908
2.19736010990553 -0.0867188781635503
2.21372683960352 -0.0552260311045084
2.23009356930151 -0.0236781335366245
2.2464602989995 0.00789336690971309
2.26282702869749 0.0394569990762529
2.27919375839548 0.0709812996480156
2.29556048809347 0.102434844516613
2.31192721779146 0.133786280104479
2.32829394748945 0.165004354618799
2.34466067718744 0.196057949203978
2.36102740688543 0.22691610896159
2.37739413658342 0.257548073806897
2.39376086628141 0.287923309131166
2.4101275959794 0.318011536239238
2.42649432567739 0.347782762531983
2.44286105537538 0.377207311403576
2.45922778507337 0.406255851823788
2.47559451477136 0.434899427575793
2.49196124446935 0.463109486120348
2.50832797416734 0.490857907057593
2.52469470386533 0.518117030158077
2.54106143356332 0.54485968293507
2.55742816326131 0.571059207730695
2.5737948929593 0.596689488288856
2.59016162265729 0.621724975788495
2.60652835235528 0.64614071431121
2.62289508205327 0.669912365717855
2.63926181175126 0.693016233909332
2.65562854144925 0.715429288447371
2.67199527114724 0.737129187511779
2.68836200084523 0.758094300171246
2.70472873054322 0.77830372794553
2.72109546024121 0.797737325637519
2.7374621899392 0.816375721414399
2.75382891963719 0.834200336117917
2.77019564933518 0.851193401784495
2.78656237903317 0.867337979356715
2.80292910873116 0.882617975568547
2.81929583842915 0.897018158987464
2.83566256812714 0.910524175197462
2.85202929782513 0.92312256110786
2.86839602752312 0.934800758373598
2.88476275722111 0.945547125913667
2.9011294869191 0.955350951515195
2.91749621661709 0.964202462511612
2.93386294631508 0.972092835524257
2.95022967601307 0.979014205257714
2.96659640571106 0.984959672340111
2.98296313540905 0.989923310200557
2.99932986510704 0.993900170976888
3.01569659480502 0.996886290447793
3.03206332450302 0.998878691984444
3.04843005420101 0.999875389517657
3.06479678389899 0.999875389517657
3.08116351359699 0.998878691984444
3.09753024329497 0.996886290447793
3.11389697299296 0.993900170976888
3.13026370269095 0.989923310200557
3.14663043238894 0.984959672340111
3.16299716208693 0.979014205257715
3.17936389178492 0.972092835524257
3.19573062148291 0.964202462511612
3.2120973511809 0.955350951515195
3.22846408087889 0.945547125913667
3.24483081057688 0.934800758373598
3.26119754027487 0.92312256110786
3.27756426997286 0.910524175197462
3.29393099967085 0.897018158987464
3.31029772936884 0.882617975568547
3.32666445906683 0.867337979356715
3.34303118876482 0.851193401784495
3.35939791846281 0.834200336117918
3.3757646481608 0.816375721414399
3.39213137785879 0.797737325637519
3.40849810755678 0.77830372794553
3.42486483725477 0.758094300171246
3.44123156695276 0.737129187511779
3.45759829665075 0.715429288447372
3.47396502634874 0.693016233909332
3.49033175604673 0.669912365717855
3.50669848574472 0.64614071431121
3.52306521544271 0.621724975788495
3.5394319451407 0.596689488288856
3.55579867483869 0.571059207730694
3.57216540453668 0.544859682935071
3.58853213423467 0.518117030158078
3.60489886393266 0.490857907057594
3.62126559363065 0.463109486120348
3.63763232332864 0.434899427575792
3.65399905302663 0.406255851823789
3.67036578272462 0.377207311403576
3.68673251242261 0.347782762531982
3.7030992421206 0.318011536239239
3.71946597181859 0.287923309131166
3.73583270151658 0.257548073806897
3.75219943121457 0.22691610896159
3.76856616091256 0.196057949203978
3.78493289061055 0.1650043546188
3.80129962030854 0.133786280104479
3.81766635000653 0.102434844516614
3.83403307970452 0.0709812996480153
3.85039980940251 0.0394569990762527
3.8667665391005 0.00789336690971378
3.88313326879849 -0.0236781335366239
3.89949999849648 -0.0552260311045075
3.91586672819447 -0.0867188781635514
3.93223345789246 -0.118125281958908
3.94860018759045 -0.149413935904261
3.96496691728844 -0.180553650788902
3.98133364698643 -0.211513385867819
3.99770037668442 -0.242262279803783
4.01406710638241 -0.272769681430602
4.0304338360804 -0.303005180306871
4.04680056577839 -0.332938637029762
4.06316729547638 -0.362540213278625
4.07953402517437 -0.391780401558493
4.09590075487236 -0.420630054613785
4.11226748457035 -0.449060414482921
4.12863421426834 -0.47704314116489
4.14500094396633 -0.504550340869178
4.16136767366432 -0.531554593820901
4.17773440336231 -0.558028981593439
4.1941011330603 -0.583947113941306
4.21046786275829 -0.609283155106516
4.22683459245628 -0.634011849572239
4.24320132215427 -0.658108547238037
4.25956805185226 -0.681549227991633
4.27593478155025 -0.704310525652672
4.29230151124824 -0.726369751264639
4.30866824094623 -0.747704915711709
4.32503497064422 -0.768294751637971
4.34140170034221 -0.788118734647193
4.3577684300402 -0.807157103761985
4.37413515973819 -0.825390881121977
4.39050188943618 -0.84280189090135
4.40686861913417 -0.859372777426911
4.42323534883216 -0.875087022478593
4.43960207853015 -0.88992896175518
4.45596880822814 -0.903883800488824
4.47233553792613 -0.916937628192789
4.48870226762412 -0.92907743252773
4.50506899732211 -0.940291112272676
4.5214357270201 -0.950567489387783
4.53780245671809 -0.959896320156857
4.55416918641608 -0.968268305398507
4.57053591611407 -0.975675099735774
4.58690264581206 -0.98210931991498
4.60326937551005 -0.987564552165524
4.61963610520804 -0.992035358593258
4.63600283490603 -0.995517282601106
4.65236956460402 -0.998006853331493
4.66873629430201 -0.999501589126174
4.685103024 -1
4.70345272992412 -0.999501589126174
4.72180243584824 -0.998006853331493
4.74015214177236 -0.995517282601106
4.75850184769648 -0.992035358593258
4.7768515536206 -0.987564552165524
4.79520125954472 -0.98210931991498
4.81355096546884 -0.975675099735773
4.83190067139296 -0.968268305398507
4.85025037731709 -0.959896320156857
4.86860008324121 -0.950567489387783
4.88694978916533 -0.940291112272676
4.90529949508945 -0.929077432527731
4.92364920101357 -0.916937628192789
4.94199890693769 -0.903883800488824
4.96034861286181 -0.88992896175518
4.97869831878593 -0.875087022478594
4.99704802471005 -0.859372777426912
5.01539773063417 -0.842801890901351
5.03374743655829 -0.825390881121976
5.05209714248241 -0.807157103761985
5.07044684840653 -0.788118734647192
5.08879655433065 -0.76829475163797
5.10714626025477 -0.747704915711708
5.12549596617889 -0.72636975126464
5.14384567210301 -0.704310525652673
5.16219537802714 -0.681549227991634
5.18054508395126 -0.658108547238038
5.19889478987538 -0.634011849572239
5.2172444957995 -0.609283155106517
5.23559420172362 -0.583947113941306
5.25394390764774 -0.55802898159344
5.27229361357186 -0.531554593820901
5.29064331949598 -0.504550340869177
5.3089930254201 -0.477043141164889
5.32734273134422 -0.44906041448292
5.34569243726834 -0.420630054613784
5.36404214319246 -0.391780401558493
5.38239184911658 -0.362540213278624
5.4007415550407 -0.332938637029762
5.41909126096482 -0.303005180306872
5.43744096688894 -0.272769681430604
5.45579067281307 -0.242262279803784
5.47414037873719 -0.21151338586782
5.49249008466131 -0.180553650788902
5.51083979058543 -0.149413935904261
5.52918949650955 -0.118125281958908
5.54753920243367 -0.0867188781635507
5.56588890835779 -0.0552260311045079
5.58423861428191 -0.0236781335366239
5.60258832020603 0.00789336690971353
5.62093802613015 0.0394569990762534
5.63928773205427 0.0709812996480164
5.65763743797839 0.102434844516614
5.67598714390251 0.133786280104478
5.69433684982663 0.1650043546188
5.71268655575075 0.196057949203977
5.73103626167487 0.22691610896159
5.74938596759899 0.257548073806896
5.76773567352312 0.287923309131166
5.78608537944724 0.318011536239238
5.80443508537136 0.347782762531982
5.82278479129548 0.377207311403576
5.8411344972196 0.406255851823789
5.85948420314372 0.434899427575793
5.87783390906784 0.463109486120348
5.89618361499196 0.490857907057594
5.91453332091608 0.518117030158078
5.9328830268402 0.544859682935071
5.95123273276432 0.571059207730694
5.96958243868844 0.596689488288857
5.98793214461256 0.621724975788495
6.00628185053668 0.64614071431121
6.0246315564608 0.669912365717855
6.04298126238492 0.693016233909332
6.06133096830905 0.715429288447371
6.07968067423317 0.737129187511779
6.09803038015729 0.758094300171245
6.11638008608141 0.77830372794553
6.13472979200553 0.797737325637519
6.15307949792965 0.816375721414399
6.17142920385377 0.834200336117918
6.18977890977789 0.851193401784494
6.20812861570201 0.867337979356715
6.22647832162613 0.882617975568546
6.24482802755025 0.897018158987463
6.26317773347437 0.910524175197462
6.28152743939849 0.923122561107861
6.29987714532261 0.934800758373598
6.31822685124673 0.945547125913667
6.33657655717085 0.955350951515195
6.35492626309497 0.964202462511612
6.3732759690191 0.972092835524257
6.39162567494322 0.979014205257714
6.40997538086734 0.984959672340111
6.42832508679146 0.989923310200557
6.44667479271558 0.993900170976888
6.4650244986397 0.996886290447793
6.48337420456382 0.998878691984444
6.50172391048794 0.999875389517657
6.52007361641206 0.999875389517657
6.53842332233618 0.998878691984444
6.5567730282603 0.996886290447793
6.57512273418442 0.993900170976888
6.59347244010854 0.989923310200557
6.61182214603266 0.984959672340111
6.63017185195678 0.979014205257715
6.6485215578809 0.972092835524257
6.66687126380503 0.964202462511612
6.68522096972915 0.955350951515195
6.70357067565327 0.945547125913667
6.72192038157739 0.934800758373598
6.74027008750151 0.923122561107861
6.75861979342563 0.910524175197462
6.77696949934975 0.897018158987464
6.79531920527387 0.882617975568546
6.81366891119799 0.867337979356715
6.83201861712211 0.851193401784495
6.85036832304623 0.834200336117918
6.86871802897035 0.816375721414399
6.88706773489447 0.79773732563752
6.90541744081859 0.77830372794553
6.92376714674271 0.758094300171246
6.94211685266683 0.737129187511779
6.96046655859096 0.715429288447371
6.97881626451508 0.693016233909332
6.9971659704392 0.669912365717855
7.01551567636332 0.646140714311211
7.03386538228744 0.621724975788495
7.05221508821156 0.596689488288857
7.07056479413568 0.571059207730694
7.0889145000598 0.544859682935071
7.10726420598392 0.518117030158077
7.12561391190804 0.490857907057595
7.14396361783216 0.463109486120347
7.16231332375628 0.434899427575793
7.1806630296804 0.406255851823789
7.19901273560452 0.377207311403576
7.21736244152864 0.347782762531982
7.23571214745276 0.318011536239238
7.25406185337688 0.287923309131166
7.27241155930101 0.257548073806896
7.29076126522513 0.22691610896159
7.30911097114925 0.196057949203978
7.32746067707337 0.165004354618799
7.34581038299749 0.133786280104479
7.36416008892161 0.102434844516615
7.38250979484573 0.0709812996480145
7.40085950076985 0.0394569990762527
7.41920920669397 0.00789336690971378
7.43755891261809 -0.0236781335366239
7.45590861854221 -0.0552260311045075
7.47425832446633 -0.0867188781635505
7.49260803039045 -0.118125281958907
7.51095773631457 -0.14941393590426
7.52930744223869 -0.180553650788903
7.54765714816281 -0.211513385867819
7.56600685408693 -0.242262279803782
7.58435656001106 -0.272769681430603
7.60270626593518 -0.303005180306871
7.6210559718593 -0.332938637029762
7.63940567778342 -0.362540213278624
7.65775538370754 -0.391780401558492
7.67610508963166 -0.420630054613784
7.69445479555578 -0.449060414482919
7.7128045014799 -0.47704314116489
7.73115420740402 -0.504550340869177
7.74950391332814 -0.531554593820901
7.76785361925226 -0.55802898159344
7.78620332517638 -0.583947113941306
7.8045530311005 -0.609283155106515
7.82290273702462 -0.634011849572238
7.84125244294874 -0.658108547238036
7.85960214887286 -0.681549227991634
7.87795185479698 -0.704310525652671
7.89630156072111 -0.72636975126464
7.91465126664523 -0.747704915711709
7.93300097256935 -0.768294751637971
7.95135067849347 -0.788118734647192
7.96970038441759 -0.807157103761986
7.98805009034171 -0.825390881121976
8.00639979626583 -0.842801890901351
8.02474950218995 -0.859372777426912
8.04309920811407 -0.875087022478594
8.06144891403819 -0.88992896175518
8.07979861996231 -0.903883800488823
8.09814832588643 -0.916937628192789
8.11649803181055 -0.929077432527731
8.13484773773467 -0.940291112272676
8.15319744365879 -0.950567489387782
8.17154714958292 -0.959896320156857
8.18989685550704 -0.968268305398508
8.20824656143116 -0.975675099735774
8.22659626735528 -0.98210931991498
8.2449459732794 -0.987564552165524
8.26329567920352 -0.992035358593258
8.28164538512764 -0.995517282601106
8.29999509105176 -0.998006853331493
8.31834479697588 -0.999501589126174
8.3366945029 -1
8.34648228418593 -0.999501589126174
8.35627006547186 -0.998006853331493
8.36605784675779 -0.995517282601106
8.37584562804372 -0.992035358593258
8.38563340932965 -0.987564552165524
8.39542119061558 -0.98210931991498
8.40520897190151 -0.975675099735773
8.41499675318744 -0.968268305398507
8.42478453447337 -0.959896320156857
8.4345723157593 -0.950567489387783
8.44436009704523 -0.940291112272675
8.45414787833116 -0.929077432527731
8.46393565961709 -0.916937628192789
8.47372344090302 -0.903883800488824
8.48351122218894 -0.889928961755181
8.49329900347487 -0.875087022478595
8.5030867847608 -0.859372777426913
8.51287456604673 -0.842801890901349
8.52266234733266 -0.825390881121975
8.53245012861859 -0.807157103761984
8.54223790990452 -0.788118734647192
8.55202569119045 -0.76829475163797
8.56181347247638 -0.747704915711709
8.57160125376231 -0.72636975126464
8.58138903504824 -0.704310525652673
8.59117681633417 -0.681549227991635
8.6009645976201 -0.658108547238039
8.61075237890603 -0.63401184957224
8.62054016019196 -0.609283155106519
8.63032794147789 -0.583947113941304
8.64011572276382 -0.558028981593439
8.64990350404975 -0.5315545938209
8.65969128533568 -0.504550340869177
8.66947906662161 -0.477043141164889
8.67926684790754 -0.44906041448292
8.68905462919347 -0.420630054613785
8.6988424104794 -0.391780401558494
8.70863019176533 -0.362540213278626
8.71841797305126 -0.332938637029763
8.72820575433719 -0.303005180306875
8.73799353562312 -0.2727696814306
8.74778131690905 -0.242262279803781
8.75756909819498 -0.211513385867817
8.76735687948091 -0.180553650788901
8.77714466076683 -0.14941393590426
8.78693244205276 -0.118125281958908
8.79672022333869 -0.0867188781635509
8.80650800462462 -0.0552260311045088
8.81629578591055 -0.0236781335366252
8.82608356719648 0.00789336690971176
8.83587134848241 0.0394569990762507
8.84565912976834 0.0709812996480133
8.85544691105427 0.102434844516616
8.8652346923402 0.133786280104481
8.87502247362613 0.165004354618801
8.88481025491206 0.196057949203979
8.89459803619799 0.226916108961591
8.90438581748392 0.257548073806897
8.91417359876985 0.287923309131166
8.92396138005578 0.318011536239238
8.93374916134171 0.347782762531981
8.94353694262764 0.377207311403574
8.95332472391357 0.406255851823787
8.9631125051995 0.434899427575791
8.97290028648543 0.46310948612035
8.98268806777136 0.490857907057595
8.99247584905729 0.518117030158079
9.00226363034322 0.544859682935071
9.01205141162915 0.571059207730695
9.02183919291508 0.596689488288856
9.03162697420101 0.621724975788495
9.04141475548693 0.646140714311209
9.05120253677286 0.669912365717854
9.06099031805879 0.69301623390933
9.07077809934472 0.71542928844737
9.08056588063065 0.737129187511781
9.09035366191658 0.758094300171247
9.10014144320251 0.778303727945531
9.10992922448844 0.79773732563752
9.11971700577437 0.8163757214144
9.1295047870603 0.834200336117918
9.13929256834623 0.851193401784495
9.14908034963216 0.867337979356715
9.15886813091809 0.882617975568546
9.16865591220402 0.897018158987463
9.17844369348995 0.910524175197461
9.18823147477588 0.92312256110786
9.19801925606181 0.934800758373599
9.20780703734774 0.945547125913668
9.21759481863367 0.955350951515195
9.2273825999196 0.964202462511612
9.23717038120553 0.972092835524257
9.24695816249146 0.979014205257715
9.25674594377739 0.98495967234011
9.26653372506332 0.989923310200557
9.27632150634925 0.993900170976888
9.28610928763518 0.996886290447793
9.29589706892111 0.998878691984443
9.30568485020703 0.999875389517657
9.31547263149297 0.999875389517657
9.3252604127789 0.998878691984444
9.33504819406483 0.996886290447793
9.34483597535075 0.993900170976888
9.35462375663668 0.989923310200557
9.36441153792261 0.984959672340111
9.37419931920854 0.979014205257715
9.38398710049447 0.972092835524257
9.3937748817804 0.964202462511612
9.40356266306633 0.955350951515195
9.41335044435226 0.945547125913668
9.42313822563819 0.934800758373599
9.43292600692412 0.92312256110786
9.44271378821005 0.910524175197462
9.45250156949598 0.897018158987463
9.46228935078191 0.882617975568546
9.47207713206784 0.867337979356714
9.48186491335377 0.851193401784495
9.4916526946397 0.834200336117918
9.50144047592563 0.8163757214144
9.51122825721156 0.79773732563752
9.52101603849749 0.778303727945531
9.53080381978342 0.758094300171247
9.54059160106935 0.737129187511777
9.55037938235528 0.71542928844737
9.56016716364121 0.69301623390933
9.56995494492714 0.669912365717854
9.57974272621307 0.646140714311209
9.589530507499 0.621724975788495
9.59931828878493 0.596689488288856
9.60910607007085 0.571059207730696
9.61889385135678 0.544859682935072
9.62868163264271 0.518117030158079
9.63846941392864 0.490857907057596
9.64825719521457 0.46310948612035
9.6580449765005 0.434899427575796
9.66783275778643 0.406255851823787
9.67762053907236 0.377207311403575
9.68740832035829 0.347782762531982
9.69719610164422 0.318011536239238
9.70698388293015 0.287923309131167
9.71677166421608 0.257548073806897
9.72655944550201 0.226916108961591
9.73634722678794 0.19605794920398
9.74613500807387 0.165004354618801
9.7559227893598 0.133786280104481
9.76571057064573 0.102434844516616
9.77549835193166 0.0709812996480136
9.78528613321759 0.0394569990762509
9.79507391450352 0.007893366909712
9.80486169578945 -0.0236781335366247
9.81464947707538 -0.0552260311045084
9.82443725836131 -0.0867188781635505
9.83422503964724 -0.118125281958907
9.84401282093317 -0.14941393590426
9.8538006022191 -0.180553650788901
9.86358838350503 -0.211513385867818
9.87337616479095 -0.242262279803781
9.88316394607688 -0.272769681430601
9.89295172736282 -0.303005180306875
9.90273950864874 -0.332938637029763
9.91252728993467 -0.362540213278626
9.9223150712206 -0.391780401558494
9.93210285250653 -0.420630054613784
9.94189063379246 -0.44906041448292
9.95167841507839 -0.47704314116489
9.96146619636432 -0.504550340869177
9.97125397765025 -0.531554593820901
9.98104175893618 -0.558028981593439
9.99082954022211 -0.583947113941309
10.000617321508 -0.609283155106519
10.010405102794 -0.63401184957224
10.0201928840799 -0.658108547238039
10.0299806653658 -0.681549227991635
10.0397684466518 -0.704310525652672
10.0495562279377 -0.72636975126464
10.0593440092236 -0.747704915711709
10.0691317905095 -0.76829475163797
10.0789195717955 -0.788118734647191
10.0887073530814 -0.807157103761984
10.0984951343673 -0.825390881121975
10.1082829156533 -0.842801890901349
10.1180706969392 -0.85937277742691
10.1278584782251 -0.875087022478595
10.1376462595111 -0.889928961755181
10.147434040797 -0.903883800488824
10.1572218220829 -0.916937628192789
10.1670096033688 -0.92907743252773
10.1767973846548 -0.940291112272675
10.1865851659407 -0.950567489387782
10.1963729472266 -0.959896320156857
10.2061607285126 -0.968268305398507
10.2159485097985 -0.975675099735773
10.2257362910844 -0.98210931991498
10.2355240723704 -0.987564552165524
10.2453118536563 -0.992035358593258
10.2550996349422 -0.995517282601106
10.2648874162281 -0.998006853331493
10.2746751975141 -0.999501589126174
10.2844629788 -1
10.3045176724975 -0.999501589126174
10.324572366195 -0.998006853331493
10.3446270598925 -0.995517282601106
10.36468175359 -0.992035358593258
10.3847364472874 -0.987564552165524
10.4047911409849 -0.982109319914981
10.4248458346824 -0.975675099735773
10.4449005283799 -0.968268305398507
10.4649552220774 -0.959896320156857
10.4850099157749 -0.950567489387783
10.5050646094724 -0.940291112272675
10.5251193031699 -0.92907743252773
10.5451739968673 -0.916937628192789
10.5652286905648 -0.903883800488824
10.5852833842623 -0.889928961755181
10.6053380779598 -0.875087022478593
10.6253927716573 -0.859372777426912
10.6454474653548 -0.842801890901351
10.6655021590523 -0.825390881121977
10.6855568527497 -0.807157103761985
10.7056115464472 -0.788118734647192
10.7256662401447 -0.768294751637971
10.7457209338422 -0.74770491571171
10.7657756275397 -0.726369751264639
10.7858303212372 -0.704310525652672
10.8058850149347 -0.681549227991634
10.8259397086322 -0.658108547238038
10.8459944023296 -0.63401184957224
10.8660490960271 -0.609283155106516
10.8861037897246 -0.583947113941306
10.9061584834221 -0.558028981593441
10.9262131771196 -0.531554593820902
10.9462678708171 -0.504550340869177
10.9663225645146 -0.477043141164889
10.9863772582121 -0.44906041448292
11.0064319519095 -0.420630054613785
11.026486645607 -0.391780401558492
11.0465413393045 -0.362540213278624
11.066596033002 -0.332938637029761
11.0866507266995 -0.303005180306874
11.106705420397 -0.272769681430604
11.1267601140945 -0.242262279803783
11.146814807792 -0.211513385867819
11.1668695014894 -0.180553650788903
11.1869241951869 -0.149413935904262
11.2069788888844 -0.118125281958907
11.2270335825819 -0.0867188781635505
11.2470882762794 -0.0552260311045084
11.2671429699769 -0.023678133536625
11.2871976636744 0.00789336690971464
11.3072523573719 0.0394569990762534
11.3273070510693 0.0709812996480158
11.3473617447668 0.102434844516612
11.3674164384643 0.133786280104478
11.3874711321618 0.1650043546188
11.4075258258593 0.196057949203978
11.4275805195568 0.22691610896159
11.4476352132543 0.257548073806895
11.4676899069518 0.287923309131167
11.4877446006492 0.318011536239239
11.5077992943467 0.347782762531982
11.5278539880442 0.377207311403575
11.5479086817417 0.40625585182379
11.5679633754392 0.434899427575793
11.5880180691367 0.463109486120348
11.6080727628342 0.490857907057593
11.6281274565317 0.518117030158076
11.6481821502291 0.544859682935071
11.6682368439266 0.571059207730695
11.6882915376241 0.596689488288855
11.7083462313216 0.621724975788496
11.7284009250191 0.646140714311211
11.7484556187166 0.669912365717856
11.7685103124141 0.693016233909332
11.7885650061116 0.71542928844737
11.808619699809 0.737129187511779
11.8286743935065 0.758094300171246
11.848729087204 0.77830372794553
11.8687837809015 0.797737325637519
11.888838474599 0.8163757214144
11.9088931682965 0.834200336117918
11.928947861994 0.851193401784495
11.9490025556915 0.867337979356714
11.9690572493889 0.882617975568546
11.9891119430864 0.897018158987464
12.0091666367839 0.910524175197462
12.0292213304814 0.923122561107861
12.0492760241789 0.934800758373598
12.0693307178764 0.945547125913667
12.0893854115739 0.955350951515195
12.1094401052714 0.964202462511612
12.1294947989688 0.972092835524257
12.1495494926663 0.979014205257714
12.1696041863638 0.984959672340111
12.1896588800613 0.989923310200557
12.2097135737588 0.993900170976888
12.2297682674563 0.996886290447793
12.2498229611538 0.998878691984444
12.2698776548513 0.999875389517657
12.2899323485487 0.999875389517657
12.3099870422462 0.998878691984444
12.3300417359437 0.996886290447793
12.3500964296412 0.993900170976888
12.3701511233387 0.989923310200557
12.3902058170362 0.984959672340111
12.4102605107337 0.979014205257715
12.4303152044312 0.972092835524257
12.4503698981286 0.964202462511612
12.4704245918261 0.955350951515195
12.4904792855236 0.945547125913667
12.5105339792211 0.934800758373599
12.5305886729186 0.923122561107861
12.5506433666161 0.910524175197462
12.5706980603136 0.897018158987464
12.5907527540111 0.882617975568546
12.6108074477085 0.867337979356714
12.630862141406 0.851193401784495
12.6509168351035 0.834200336117918
12.670971528801 0.8163757214144
12.6910262224985 0.797737325637519
12.711080916196 0.77830372794553
12.7311356098935 0.758094300171246
12.751190303591 0.737129187511778
12.7712449972884 0.715429288447371
12.7912996909859 0.693016233909332
12.8113543846834 0.669912365717855
12.8314090783809 0.646140714311211
12.8514637720784 0.621724975788495
12.8715184657759 0.596689488288856
12.8915731594734 0.571059207730695
12.9116278531709 0.544859682935071
12.9316825468683 0.518117030158079
12.9517372405658 0.490857907057594
12.9717919342633 0.463109486120348
12.9918466279608 0.434899427575794
13.0119013216583 0.406255851823787
13.0319560153558 0.377207311403578
13.0520107090533 0.347782762531982
13.0720654027508 0.318011536239239
13.0921200964482 0.287923309131167
13.1121747901457 0.257548073806896
13.1322294838432 0.22691610896159
13.1522841775407 0.196057949203978
13.1723388712382 0.1650043546188
13.1923935649357 0.133786280104481
13.2124482586332 0.102434844516612
13.2325029523307 0.0709812996480162
13.2525576460281 0.0394569990762527
13.2726123397256 0.007893366909712
13.2926670334231 -0.0236781335366212
13.3127217271206 -0.0552260311045084
13.3327764208181 -0.0867188781635496
13.3528311145156 -0.118125281958907
13.3728858082131 -0.149413935904261
13.3929405019106 -0.180553650788903
13.412995195608 -0.211513385867818
13.4330498893055 -0.242262279803785
13.453104583003 -0.272769681430601
13.4731592767005 -0.303005180306873
13.493213970398 -0.332938637029761
13.5132686640955 -0.362540213278624
13.533323357793 -0.391780401558495
13.5533780514905 -0.420630054613783
13.5734327451879 -0.44906041448292
13.5934874388854 -0.47704314116489
13.6135421325829 -0.504550340869176
13.6335968262804 -0.531554593820903
13.6536515199779 -0.55802898159344
13.6737062136754 -0.583947113941306
13.6937609073729 -0.609283155106518
13.7138156010704 -0.634011849572238
13.7338702947678 -0.658108547238038
13.7539249884653 -0.681549227991634
13.7739796821628 -0.704310525652671
13.7940343758603 -0.726369751264641
13.8140890695578 -0.747704915711707
13.8341437632553 -0.768294751637971
13.8541984569528 -0.788118734647192
13.8742531506503 -0.807157103761984
13.8943078443477 -0.825390881121977
13.9143625380452 -0.84280189090135
13.9344172317427 -0.859372777426912
13.9544719254402 -0.875087022478594
13.9745266191377 -0.88992896175518
13.9945813128352 -0.903883800488824
14.0146360065327 -0.916937628192789
14.0346907002302 -0.92907743252773
14.0547453939276 -0.940291112272676
14.0748000876251 -0.950567489387783
14.0948547813226 -0.959896320156857
14.1149094750201 -0.968268305398507
14.1349641687176 -0.975675099735773
14.1550188624151 -0.98210931991498
14.1750735561126 -0.987564552165524
14.1951282498101 -0.992035358593258
14.2151829435075 -0.995517282601106
14.235237637205 -0.998006853331493
14.2552923309025 -0.999501589126174
14.2753470246 -1
14.2820304383523 -0.999501589126174
14.2887138521045 -0.998006853331493
14.2953972658568 -0.995517282601106
14.302080679609 -0.992035358593258
14.3087640933613 -0.987564552165524
14.3154475071136 -0.982109319914981
14.3221309208658 -0.975675099735774
14.3288143346181 -0.968268305398507
14.3354977483704 -0.959896320156856
14.3421811621226 -0.950567489387782
14.3488645758749 -0.940291112272677
14.3555479896271 -0.929077432527732
14.3622314033794 -0.916937628192789
14.3689148171317 -0.903883800488824
14.3755982308839 -0.88992896175518
14.3822816446362 -0.875087022478593
14.3889650583884 -0.85937277742691
14.3956484721407 -0.842801890901353
14.402331885893 -0.825390881121978
14.4090152996452 -0.807157103761986
14.4156987133975 -0.788118734647193
14.4223821271497 -0.76829475163797
14.429065540902 -0.747704915711708
14.4357489546543 -0.726369751264637
14.4424323684065 -0.704310525652675
14.4491157821588 -0.681549227991636
14.4557991959111 -0.658108547238039
14.4624826096633 -0.634011849572239
14.4691660234156 -0.609283155106516
14.4758494371678 -0.583947113941305
14.4825328509201 -0.558028981593438
14.4892162646724 -0.531554593820905
14.4958996784246 -0.50455034086918
14.5025830921769 -0.477043141164891
14.5092665059291 -0.449060414482921
14.5159499196814 -0.420630054613784
14.5226333334337 -0.391780401558491
14.5293167471859 -0.362540213278622
14.5360001609382 -0.332938637029757
14.5426835746905 -0.303005180306876
14.5493669884427 -0.272769681430605
14.556050402195 -0.242262279803784
14.5627338159472 -0.211513385867819
14.5694172296995 -0.180553650788901
14.5761006434518 -0.149413935904258
14.582784057204 -0.118125281958904
14.5894674709563 -0.086718878163554
14.5961508847085 -0.0552260311045104
14.6028342984608 -0.023678133536625
14.6095177122131 0.00789336690971331
14.6162011259653 0.0394569990762543
14.6228845397176 0.0709812996480184
14.6295679534699 0.102434844516617
14.6362513672221 0.133786280104476
14.6429347809744 0.165004354618797
14.6496181947266 0.196057949203977
14.6563016084789 0.22691610896159
14.6629850222312 0.257548073806898
14.6696684359834 0.287923309131169
14.6763518497357 0.318011536239242
14.6830352634879 0.347782762531979
14.6897186772402 0.377207311403574
14.6964020909925 0.406255851823788
14.7030855047447 0.434899427575793
14.709768918497 0.463109486120349
14.7164523322492 0.490857907057596
14.7231357460015 0.51811703015808
14.7298191597538 0.544859682935067
14.736502573506 0.571059207730693
14.7431859872583 0.596689488288855
14.7498694010106 0.621724975788495
14.7565528147628 0.646140714311211
14.7632362285151 0.669912365717857
14.7699196422673 0.693016233909334
14.7766030560196 0.715429288447369
14.7832864697719 0.737129187511777
14.7899698835241 0.758094300171244
14.7966532972764 0.77830372794553
14.8033367110286 0.79773732563752
14.8100201247809 0.8163757214144
14.8167035385332 0.834200336117919
14.8233869522854 0.851193401784493
14.8300703660377 0.867337979356713
14.8367537797899 0.882617975568546
14.8434371935422 0.897018158987463
14.8501206072945 0.910524175197463
14.8568040210467 0.923122561107862
14.863487434799 0.934800758373599
14.8701708485513 0.945547125913668
14.8768542623035 0.955350951515194
14.8835376760558 0.964202462511611
14.890221089808 0.972092835524257
14.8969045035603 0.979014205257715
14.9035879173126 0.984959672340111
14.9102713310648 0.989923310200558
14.9169547448171 0.993900170976888
14.9236381585693 0.996886290447793
14.9303215723216 0.998878691984443
14.9370049860739 0.999875389517657
14.9436883998261 0.999875389517657
14.9503718135784 0.998878691984444
14.9570552273307 0.996886290447793
14.9637386410829 0.993900170976887
14.9704220548352 0.989923310200558
14.9771054685874 0.984959672340111
14.9837888823397 0.979014205257715
14.990472296092 0.972092835524257
14.9971557098442 0.964202462511611
15.0038391235965 0.955350951515194
15.0105225373487 0.945547125913666
15.017205951101 0.934800758373599
15.0238893648533 0.923122561107862
15.0305727786055 0.910524175197463
15.0372561923578 0.897018158987463
15.0439396061101 0.882617975568546
15.0506230198623 0.867337979356713
15.0573064336146 0.851193401784493
15.0639898473668 0.83420033611792
15.0706732611191 0.816375721414401
15.0773566748714 0.79773732563752
15.0840400886236 0.77830372794553
15.0907235023759 0.758094300171244
15.0974069161281 0.737129187511777
15.1040903298804 0.715429288447369
15.1107737436327 0.693016233909335
15.1174571573849 0.669912365717857
15.1241405711372 0.646140714311211
15.1308239848894 0.621724975788495
15.1375073986417 0.596689488288855
15.144190812394 0.571059207730693
15.1508742261462 0.544859682935067
15.1575576398985 0.518117030158081
15.1642410536508 0.490857907057596
15.170924467403 0.463109486120349
15.1776078811553 0.434899427575793
15.1842912949075 0.406255851823788
15.1909747086598 0.377207311403574
15.1976581224121 0.347782762531979
15.2043415361643 0.318011536239242
15.2110249499166 0.287923309131169
15.2177083636688 0.257548073806898
15.2243917774211 0.22691610896159
15.2310751911734 0.196057949203977
15.2377586049256 0.165004354618797
15.2444420186779 0.133786280104477
15.2511254324302 0.102434844516617
15.2578088461824 0.0709812996480189
15.2644922599347 0.0394569990762545
15.2711756736869 0.00789336690971378
15.2778590874392 -0.0236781335366247
15.2845425011915 -0.0552260311045101
15.2912259149437 -0.086718878163554
15.297909328696 -0.118125281958904
15.3045927424482 -0.149413935904258
15.3112761562005 -0.1805536507889
15.3179595699528 -0.211513385867818
15.324642983705 -0.242262279803784
15.3313263974573 -0.272769681430605
15.3380098112095 -0.303005180306876
15.3446932249618 -0.332938637029757
15.3513766387141 -0.362540213278621
15.3580600524663 -0.391780401558491
15.3647434662186 -0.420630054613784
15.3714268799709 -0.449060414482921
15.3781102937231 -0.477043141164891
15.3847937074754 -0.50455034086918
15.3914771212276 -0.531554593820898
15.3981605349799 -0.558028981593437
15.4048439487322 -0.583947113941304
15.4115273624844 -0.609283155106516
15.4182107762367 -0.634011849572239
15.4248941899889 -0.658108547238039
15.4315776037412 -0.681549227991636
15.4382610174935 -0.704310525652669
15.4449444312457 -0.726369751264637
15.451627844998 -0.747704915711707
15.4583112587503 -0.76829475163797
15.4649946725025 -0.788118734647193
15.4716780862548 -0.807157103761986
15.478361500007 -0.825390881121978
15.4850449137593 -0.842801890901348
15.4917283275116 -0.85937277742691
15.4984117412638 -0.875087022478592
15.5050951550161 -0.88992896175518
15.5117785687683 -0.903883800488824
15.5184619825206 -0.916937628192789
15.5251453962729 -0.929077432527731
15.5318288100251 -0.940291112272677
15.5385122237774 -0.950567489387782
15.5451956375296 -0.959896320156856
15.5518790512819 -0.968268305398507
15.5585624650342 -0.975675099735774
15.5652458787864 -0.982109319914981
15.5719292925387 -0.987564552165524
15.578612706291 -0.992035358593258
15.5852961200432 -0.995517282601106
15.5919795337955 -0.998006853331493
15.5986629475477 -0.999501589126174
15.6053463613 -1
15.6224052810221 -0.999501589126174
15.6394642007442 -0.998006853331493
15.6565231204663 -0.995517282601106
15.6735820401884 -0.992035358593258
15.6906409599106 -0.987564552165524
15.7076998796327 -0.982109319914981
15.7247587993548 -0.975675099735774
15.7418177190769 -0.968268305398507
15.758876638799 -0.959896320156857
15.7759355585211 -0.950567489387783
15.7929944782432 -0.940291112272676
15.8100533979653 -0.929077432527731
15.8271123176874 -0.916937628192789
15.8441712374095 -0.903883800488824
15.8612301571317 -0.889928961755181
15.8782890768538 -0.875087022478594
15.8953479965759 -0.859372777426913
15.912406916298 -0.84280189090135
15.9294658360201 -0.825390881121975
15.9465247557422 -0.807157103761985
15.9635836754643 -0.788118734647192
15.9806425951864 -0.76829475163797
15.9977015149085 -0.747704915711708
16.0147604346307 -0.726369751264641
16.0318193543528 -0.704310525652674
16.0488782740749 -0.681549227991636
16.065937193797 -0.65810854723804
16.0829961135191 -0.634011849572241
16.1000550332412 -0.609283155106519
16.1171139529633 -0.583947113941309
16.1341728726854 -0.558028981593443
16.1512317924075 -0.531554593820904
16.1682907121296 -0.50455034086918
16.1853496318518 -0.477043141164893
16.2024085515739 -0.449060414482917
16.219467471296 -0.420630054613782
16.2365263910181 -0.39178040155849
16.2535853107402 -0.362540213278622
16.2706442304623 -0.332938637029759
16.2877031501844 -0.30300518030687
16.3047620699065 -0.272769681430601
16.3218209896286 -0.242262279803781
16.3388799093508 -0.211513385867817
16.3559388290729 -0.1805536507889
16.372997748795 -0.149413935904259
16.3900566685171 -0.118125281958906
16.4071155882392 -0.0867188781635487
16.4241745079613 -0.0552260311045064
16.4412334276834 -0.0236781335366223
16.4582923474055 0.00789336690971486
16.4753512671276 0.0394569990762543
16.4924101868497 0.0709812996480171
16.5094691065719 0.102434844516615
16.526528026294 0.13378628010448
16.5435869460161 0.1650043546188
16.5606458657382 0.196057949203979
16.5777047854603 0.226916108961591
16.5947637051824 0.257548073806897
16.6118226249045 0.287923309131167
16.6288815446266 0.318011536239239
16.6459404643487 0.347782762531983
16.6629993840709 0.377207311403576
16.680058303793 0.406255851823789
16.6971172235151 0.434899427575793
16.7141761432372 0.463109486120348
16.7312350629593 0.490857907057594
16.7482939826814 0.518117030158077
16.7653529024035 0.54485968293507
16.7824118221256 0.571059207730694
16.7994707418477 0.596689488288855
16.8165296615698 0.621724975788495
16.833588581292 0.646140714311209
16.8506475010141 0.669912365717855
16.8677064207362 0.693016233909331
16.8847653404583 0.715429288447371
16.9018242601804 0.737129187511778
16.9188831799025 0.758094300171245
16.9359420996246 0.778303727945529
16.9530010193467 0.797737325637519
16.9700599390688 0.816375721414398
16.987118858791 0.834200336117917
17.0041777785131 0.851193401784494
17.0212366982352 0.867337979356714
17.0382956179573 0.882617975568546
17.0553545376794 0.897018158987463
17.0724134574015 0.910524175197461
17.0894723771236 0.92312256110786
17.1065312968457 0.934800758373597
17.1235902165678 0.945547125913666
17.1406491362899 0.955350951515194
17.1577080560121 0.964202462511611
17.1747669757342 0.972092835524256
17.1918258954563 0.979014205257714
17.2088848151784 0.98495967234011
17.2259437349005 0.989923310200557
17.2430026546226 0.993900170976888
17.2600615743447 0.996886290447793
17.2771204940668 0.998878691984443
17.2941794137889 0.999875389517657
17.3112383335111 0.999875389517657
17.3282972532332 0.998878691984443
17.3453561729553 0.996886290447793
17.3624150926774 0.993900170976887
17.3794740123995 0.989923310200557
17.3965329321216 0.98495967234011
17.4135918518437 0.979014205257714
17.4306507715658 0.972092835524256
17.4477096912879 0.964202462511611
17.4647686110101 0.955350951515194
17.4818275307322 0.945547125913666
17.4988864504543 0.934800758373598
17.5159453701764 0.92312256110786
17.5330042898985 0.910524175197461
17.5500632096206 0.897018158987463
17.5671221293427 0.882617975568546
17.5841810490648 0.867337979356714
17.6012399687869 0.851193401784494
17.618298888509 0.834200336117917
17.6353578082312 0.816375721414398
17.6524167279533 0.797737325637519
17.6694756476754 0.778303727945529
17.6865345673975 0.758094300171245
17.7035934871196 0.737129187511778
17.7206524068417 0.715429288447371
17.7377113265638 0.693016233909331
17.7547702462859 0.669912365717855
17.771829166008 0.646140714311209
17.7888880857302 0.621724975788495
17.8059470054523 0.596689488288856
17.8230059251744 0.571059207730695
17.8400648448965 0.54485968293507
17.8571237646186 0.518117030158078
17.8741826843407 0.490857907057594
17.8912416040628 0.463109486120348
17.9083005237849 0.434899427575793
17.925359443507 0.406255851823789
17.9424183632291 0.377207311403576
17.9594772829513 0.347782762531983
17.9765362026734 0.318011536239239
17.9935951223955 0.287923309131167
18.0106540421176 0.257548073806897
18.0277129618397 0.226916108961591
18.0447718815618 0.19605794920398
18.0618308012839 0.165004354618801
18.078889721006 0.13378628010448
18.0959486407281 0.102434844516615
18.1130075604502 0.070981299648018
18.1300664801724 0.0394569990762545
18.1471253998945 0.00789336690971467
18.1641843196166 -0.0236781335366221
18.1812432393387 -0.0552260311045057
18.1983021590608 -0.0867188781635487
18.2153610787829 -0.118125281958905
18.232419998505 -0.149413935904259
18.2494789182271 -0.1805536507889
18.2665378379492 -0.211513385867817
18.2835967576714 -0.24226227980378
18.3006556773935 -0.272769681430601
18.3177145971156 -0.30300518030687
18.3347735168377 -0.332938637029758
18.3518324365598 -0.362540213278622
18.3688913562819 -0.39178040155849
18.385950276004 -0.420630054613782
18.4030091957261 -0.449060414482917
18.4200681154482 -0.477043141164886
18.4371270351703 -0.504550340869175
18.4541859548925 -0.531554593820904
18.4712448746146 -0.558028981593437
18.4883037943367 -0.583947113941309
18.5053627140588 -0.609283155106514
18.5224216337809 -0.63401184957224
18.539480553503 -0.658108547238035
18.5565394732251 -0.681549227991635
18.5735983929472 -0.704310525652669
18.5906573126693 -0.726369751264641
18.6077162323915 -0.74770491571171
18.6247751521136 -0.768294751637972
18.6418340718357 -0.788118734647194
18.6588929915578 -0.807157103761986
18.6759519112799 -0.825390881121977
18.693010831002 -0.842801890901351
18.7100697507241 -0.859372777426913
18.7271286704462 -0.875087022478595
18.7441875901683 -0.889928961755181
18.7612465098905 -0.903883800488824
18.7783054296126 -0.916937628192789
18.7953643493347 -0.929077432527731
18.8124232690568 -0.940291112272676
18.8294821887789 -0.950567489387783
18.846541108501 -0.959896320156857
18.8636000282231 -0.968268305398507
18.8806589479452 -0.975675099735774
18.8977178676673 -0.98210931991498
18.9147767873894 -0.987564552165524
18.9318357071116 -0.992035358593258
18.9488946268337 -0.995517282601106
18.9659535465558 -0.998006853331493
18.9830124662779 -0.999501589126174
19.000071386 -1
19.0068332131322 -0.999501589126174
19.0135950402643 -0.998006853331493
19.0203568673965 -0.995517282601107
19.0271186945286 -0.992035358593257
19.0338805216608 -0.987564552165524
19.040642348793 -0.982109319914979
19.0474041759251 -0.975675099735774
19.0541660030573 -0.968268305398506
19.0609278301894 -0.959896320156857
19.0676896573216 -0.950567489387785
19.0744514844538 -0.940291112272675
19.0812133115859 -0.929077432527733
19.0879751387181 -0.916937628192788
19.0947369658502 -0.903883800488825
19.1014987929824 -0.889928961755178
19.1082606201146 -0.875087022478595
19.1150224472467 -0.859372777426909
19.1217842743789 -0.842801890901351
19.1285461015111 -0.825390881121972
19.1353079286432 -0.807157103761985
19.1420697557754 -0.788118734647196
19.1488315829075 -0.768294751637969
19.1555934100397 -0.747704915711712
19.1623552371719 -0.726369751264636
19.169117064304 -0.704310525652674
19.1758788914362 -0.681549227991629
19.1826407185683 -0.658108547238039
19.1894025457005 -0.634011849572232
19.1961643728327 -0.609283155106516
19.2029261999648 -0.583947113941312
19.209688027097 -0.558028981593438
19.2164498542291 -0.531554593820906
19.2232116813613 -0.504550340869174
19.2299735084935 -0.477043141164893
19.2367353356256 -0.449060414482915
19.2434971627578 -0.420630054613786
19.25025898989 -0.391780401558486
19.2570208170221 -0.362540213278625
19.2637826441543 -0.332938637029768
19.2705444712864 -0.303005180306871
19.2773062984186 -0.272769681430609
19.2840681255508 -0.24226227980378
19.2908299526829 -0.211513385867823
19.2975917798151 -0.180553650788897
19.3043536069472 -0.149413935904263
19.3111154340794 -0.118125281958901
19.3178772612116 -0.0867188781635512
19.3246390883437 -0.0552260311045159
19.3314009154759 -0.0236781335366228
19.338162742608 0.00789336690970709
19.3449245697402 0.039456999076256
19.3516863968724 0.0709812996480118
19.3584482240045 0.102434844516618
19.3652100511367 0.133786280104477
19.3719718782688 0.165004354618806
19.378733705401 0.196057949203977
19.3854955325332 0.226916108961582
19.3922573596653 0.257548073806897
19.3990191867975 0.28792330913116
19.4057810139296 0.318011536239241
19.4125428410618 0.347782762531978
19.419304668194 0.37720731140358
19.4260664953261 0.406255851823786
19.4328283224583 0.434899427575799
19.4395901495905 0.463109486120347
19.4463519767226 0.490857907057601
19.4531138038548 0.518117030158078
19.4598756309869 0.544859682935065
19.4666374581191 0.571059207730697
19.4733992852513 0.596689488288852
19.4801611123834 0.621724975788498
19.4869229395156 0.646140714311207
19.4936847666477 0.66991236571786
19.5004465937799 0.69301623390933
19.5072084209121 0.715429288447377
19.5139702480442 0.737129187511779
19.5207320751764 0.758094300171241
19.5274939023085 0.778303727945531
19.5342557294407 0.797737325637516
19.5410175565729 0.816375721414401
19.547779383705 0.834200336117915
19.5545412108372 0.851193401784497
19.5613030379693 0.867337979356714
19.5680648651015 0.88261797556855
19.5748266922337 0.897018158987463
19.5815885193658 0.910524175197459
19.588350346498 0.923122561107861
19.5951121736301 0.934800758373596
19.6018740007623 0.945547125913668
19.6086358278945 0.955350951515193
19.6153976550266 0.964202462511613
19.6221594821588 0.972092835524256
19.628921309291 0.979014205257716
19.6356831364231 0.98495967234011
19.6424449635553 0.989923310200556
19.6492067906874 0.993900170976888
19.6559686178196 0.996886290447793
19.6627304449518 0.998878691984444
19.6694922720839 0.999875389517657
19.6762540992161 0.999875389517657
19.6830159263482 0.998878691984444
19.6897777534804 0.996886290447793
19.6965395806126 0.993900170976888
19.7033014077447 0.989923310200556
19.7100632348769 0.98495967234011
19.716825062009 0.979014205257716
19.7235868891412 0.972092835524257
19.7303487162734 0.964202462511613
19.7371105434055 0.955350951515194
19.7438723705377 0.945547125913668
19.7506341976699 0.934800758373596
19.757396024802 0.923122561107861
19.7641578519342 0.910524175197459
19.7709196790663 0.897018158987464
19.7776815061985 0.88261797556855
19.7844433333307 0.867337979356714
19.7912051604628 0.851193401784498
19.797966987595 0.834200336117915
19.8047288147271 0.816375721414401
19.8114906418593 0.797737325637516
19.8182524689915 0.778303727945531
19.8250142961236 0.758094300171241
19.8317761232558 0.737129187511779
19.8385379503879 0.715429288447377
19.8452997775201 0.693016233909331
19.8520616046523 0.66991236571786
19.8588234317844 0.646140714311207
19.8655852589166 0.621724975788499
19.8723470860487 0.596689488288852
19.8791089131809 0.571059207730697
19.8858707403131 0.544859682935065
19.8926325674452 0.518117030158079
19.8993943945774 0.490857907057601
19.9061562217095 0.463109486120348
19.9129180488417 0.434899427575799
19.9196798759739 0.406255851823786
19.926441703106 0.37720731140358
19.9332035302382 0.347782762531978
19.9399653573704 0.31801153623924
19.9467271845025 0.287923309131161
19.9534890116347 0.257548073806897
19.9602508387668 0.226916108961598
19.967012665899 0.196057949203977
19.9737744930312 0.165004354618806
19.9805363201633 0.133786280104477
19.9872981472955 0.102434844516618
19.9940599744276 0.0709812996480118
20.0008218015598 0.0394569990762563
20.007583628692 0.00789336690970756
20.0143454558241 -0.0236781335366221
20.0211072829563 -0.0552260311044986
20.0278691100884 -0.0867188781635505
20.0346309372206 -0.1181252819589
20.0413927643528 -0.149413935904263
20.0481545914849 -0.180553650788897
20.0549164186171 -0.211513385867823
20.0616782457492 -0.242262279803779
20.0684400728814 -0.272769681430608
20.0752019000136 -0.303005180306871
20.0819637271457 -0.332938637029768
20.0887255542779 -0.362540213278624
20.09548738141 -0.391780401558486
20.1022492085422 -0.420630054613785
20.1090110356744 -0.449060414482915
20.1157728628065 -0.477043141164893
20.1225346899387 -0.504550340869174
20.1292965170709 -0.531554593820906
20.136058344203 -0.558028981593438
20.1428201713352 -0.583947113941312
20.1495819984673 -0.609283155106516
20.1563438255995 -0.634011849572245
20.1631056527317 -0.658108547238039
20.1698674798638 -0.681549227991629
20.176629306996 -0.704310525652674
20.1833911341281 -0.726369751264636
20.1901529612603 -0.747704915711712
20.1969147883925 -0.768294751637969
20.2036766155246 -0.788118734647196
20.2104384426568 -0.807157103761985
20.2172002697889 -0.825390881121981
20.2239620969211 -0.842801890901351
20.2307239240533 -0.859372777426908
20.2374857511854 -0.875087022478595
20.2442475783176 -0.889928961755178
20.2510094054498 -0.903883800488825
20.2577712325819 -0.916937628192787
20.2645330597141 -0.929077432527732
20.2712948868462 -0.940291112272675
20.2780567139784 -0.950567489387785
20.2848185411106 -0.959896320156857
20.2915803682427 -0.968268305398505
20.2983421953749 -0.975675099735774
20.305104022507 -0.982109319914979
20.3118658496392 -0.987564552165524
20.3186276767714 -0.992035358593257
20.3253895039035 -0.995517282601106
20.3321513310357 -0.998006853331493
20.3389131581678 -0.999501589126174
20.3456749853 -1
20.3633004031397 -0.999501589126174
20.3809258209794 -0.998006853331494
20.3985512388191 -0.995517282601106
20.4161766566588 -0.992035358593258
20.4338020744985 -0.987564552165523
20.4514274923382 -0.982109319914981
20.4690529101779 -0.975675099735774
20.4866783280176 -0.968268305398507
20.5043037458573 -0.959896320156858
20.521929163697 -0.950567489387783
20.5395545815367 -0.940291112272675
20.5571799993764 -0.92907743252773
20.5748054172161 -0.916937628192789
20.5924308350558 -0.903883800488824
20.6100562528955 -0.889928961755179
20.6276816707352 -0.875087022478595
20.6453070885749 -0.859372777426912
20.6629325064146 -0.84280189090135
20.6805579242543 -0.825390881121975
20.698183342094 -0.807157103761986
20.7158087599337 -0.788118734647192
20.7334341777734 -0.76829475163797
20.7510595956131 -0.747704915711711
20.7686850134528 -0.72636975126464
20.7863104312925 -0.704310525652671
20.8039358491322 -0.681549227991632
20.8215612669719 -0.658108547238039
20.8391866848116 -0.634011849572239
20.8568121026513 -0.609283155106515
20.874437520491 -0.583947113941308
20.8920629383307 -0.558028981593441
20.9096883561704 -0.531554593820901
20.9273137740101 -0.504550340869175
20.9449391918497 -0.477043141164891
20.9625646096894 -0.44906041448292
20.9801900275291 -0.420630054613783
20.9978154453688 -0.391780401558495
21.0154408632085 -0.362540213278625
21.0330662810482 -0.33293863702976
21.0506916988879 -0.30300518030687
21.0683171167276 -0.272769681430605
21.0859425345673 -0.242262279803783
21.103567952407 -0.211513385867817
21.1211933702467 -0.180553650788905
21.1388187880864 -0.149413935904262
21.1564442059261 -0.118125281958907
21.1740696237658 -0.0867188781635478
21.1916950416055 -0.0552260311045099
21.2093204594452 -0.0236781335366239
21.2269458772849 0.00789336690971531
21.2445712951246 0.0394569990762503
21.2621967129643 0.0709812996480151
21.279822130804 0.102434844516614
21.2974475486437 0.133786280104476
21.3150729664834 0.165004354618798
21.3326983843231 0.196057949203978
21.3503238021628 0.226916108961592
21.3679492200025 0.257548073806894
21.3855746378422 0.287923309131166
21.4032000556819 0.318011536239239
21.4208254735216 0.347782762531985
21.4384508913613 0.377207311403574
21.456076309201 0.406255851823789
21.4737017270407 0.434899427575795
21.4913271448804 0.463109486120345
21.5089525627201 0.490857907057593
21.5265779805598 0.518117030158078
21.5442033983995 0.544859682935067
21.5618288162392 0.571059207730694
21.5794542340789 0.596689488288856
21.5970796519186 0.621724975788497
21.6147050697583 0.646140714311208
21.632330487598 0.669912365717855
21.6499559054377 0.693016233909332
21.6675813232774 0.715429288447373
21.6852067411171 0.737129187511778
21.7028321589568 0.758094300171246
21.7204575767965 0.778303727945531
21.7380829946362 0.797737325637518
21.7557084124759 0.816375721414399
21.7733338303156 0.834200336117918
21.7909592481553 0.851193401784496
21.808584665995 0.867337979356714
21.8262100838347 0.882617975568547
21.8438355016744 0.897018158987465
21.8614609195141 0.910524175197461
21.8790863373538 0.923122561107861
21.8967117551935 0.934800758373599
21.9143371730332 0.945547125913668
21.9319625908729 0.955350951515194
21.9495880087126 0.964202462511612
21.9672134265523 0.972092835524258
21.984838844392 0.979014205257714
22.0024642622317 0.98495967234011
22.0200896800714 0.989923310200557
22.0377150979111 0.993900170976887
22.0553405157508 0.996886290447793
22.0729659335905 0.998878691984444
22.0905913514302 0.999875389517657
22.1082167692698 0.999875389517657
22.1258421871095 0.998878691984444
22.1434676049492 0.996886290447793
22.1610930227889 0.993900170976887
22.1787184406286 0.989923310200557
22.1963438584683 0.984959672340111
22.213969276308 0.979014205257714
22.2315946941477 0.972092835524258
22.2492201119874 0.964202462511612
22.2668455298271 0.955350951515194
22.2844709476668 0.945547125913668
22.3020963655065 0.934800758373599
22.3197217833462 0.923122561107861
22.3373472011859 0.910524175197461
22.3549726190256 0.897018158987465
22.3725980368653 0.882617975568547
22.390223454705 0.867337979356714
22.4078488725447 0.851193401784493
22.4254742903844 0.834200336117918
22.4430997082241 0.816375721414399
22.4607251260638 0.797737325637518
22.4783505439035 0.778303727945531
22.4959759617432 0.758094300171246
22.5136013795829 0.737129187511778
22.5312267974226 0.715429288447374
22.5488522152623 0.693016233909333
22.566477633102 0.669912365717855
22.5841030509417 0.646140714311208
22.6017284687814 0.621724975788497
22.6193538866211 0.596689488288856
22.6369793044608 0.571059207730694
22.6546047223005 0.544859682935068
22.6722301401402 0.518117030158079
22.6898555579799 0.490857907057594
22.7074809758196 0.463109486120346
22.7251063936593 0.434899427575796
22.742731811499 0.40625585182379
22.7603572293387 0.377207311403575
22.7779826471784 0.347782762531985
22.7956080650181 0.31801153623924
22.8132334828578 0.287923309131167
22.8308589006975 0.257548073806895
22.8484843185372 0.226916108961592
22.8661097363769 0.196057949203978
22.8837351542166 0.165004354618798
22.9013605720563 0.133786280104482
22.918985989896 0.102434844516615
22.9366114077357 0.0709812996480153
22.9542368255754 0.0394569990762509
22.9718622434151 0.00789336690971555
22.9894876612548 -0.0236781335366239
23.0071130790945 -0.0552260311045093
23.0247384969342 -0.0867188781635478
23.0423639147739 -0.118125281958906
23.0599893326136 -0.149413935904261
23.0776147504533 -0.180553650788905
23.095240168293 -0.211513385867817
23.1128655861327 -0.242262279803783
23.1304910039724 -0.272769681430605
23.1481164218121 -0.303005180306876
23.1657418396518 -0.33293863702976
23.1833672574915 -0.362540213278625
23.2009926753312 -0.391780401558496
23.2186180931709 -0.420630054613783
23.2362435110106 -0.44906041448292
23.2538689288503 -0.477043141164891
23.2714943466899 -0.504550340869175
23.2891197645296 -0.531554593820901
23.3067451823693 -0.558028981593441
23.324370600209 -0.583947113941308
23.3419960180487 -0.609283155106515
23.3596214358884 -0.634011849572239
23.3772468537281 -0.658108547238039
23.3948722715678 -0.681549227991631
23.4124976894075 -0.704310525652671
23.4301231072472 -0.726369751264639
23.4477485250869 -0.747704915711711
23.4653739429266 -0.768294751637969
23.4829993607663 -0.788118734647192
23.500624778606 -0.807157103761986
23.5182501964457 -0.825390881121975
23.5358756142854 -0.84280189090135
23.5535010321251 -0.859372777426912
23.5711264499648 -0.875087022478592
23.5887518678045 -0.88992896175518
23.6063772856442 -0.903883800488824
23.6240027034839 -0.916937628192789
23.6416281213236 -0.929077432527729
23.6592535391633 -0.940291112272675
23.676878957003 -0.950567489387783
23.6945043748427 -0.959896320156858
23.7121297926824 -0.968268305398507
23.7297552105221 -0.975675099735774
23.7473806283618 -0.982109319914981
23.7650060462015 -0.987564552165523
23.7826314640412 -0.992035358593258
23.8002568818809 -0.995517282601106
23.8178822997206 -0.998006853331494
23.8355077175603 -0.999501589126174
23.8531331354 -1
23.8689465367296 -0.999501589126174
23.8847599380593 -0.998006853331493
23.9005733393889 -0.995517282601106
23.9163867407186 -0.992035358593258
23.9322001420482 -0.987564552165524
23.9480135433779 -0.98210931991498
23.9638269447075 -0.975675099735774
23.9796403460372 -0.968268305398507
23.9954537473668 -0.959896320156857
24.0112671486965 -0.950567489387783
24.0270805500261 -0.940291112272675
24.0428939513558 -0.92907743252773
24.0587073526854 -0.916937628192789
24.0745207540151 -0.903883800488823
24.0903341553447 -0.88992896175518
24.1061475566744 -0.875087022478593
24.121960958004 -0.859372777426912
24.1377743593337 -0.84280189090135
24.1535877606633 -0.825390881121976
24.169401161993 -0.807157103761985
24.1852145633226 -0.788118734647192
24.2010279646523 -0.76829475163797
24.2168413659819 -0.747704915711709
24.2326547673116 -0.726369751264639
24.2484681686412 -0.704310525652671
24.2642815699709 -0.681549227991633
24.2800949713005 -0.658108547238037
24.2959083726302 -0.634011849572238
24.3117217739598 -0.609283155106516
24.3275351752894 -0.583947113941305
24.3433485766191 -0.558028981593439
24.3591619779487 -0.531554593820901
24.3749753792784 -0.504550340869176
24.390788780608 -0.477043141164889
24.4066021819377 -0.449060414482919
24.4224155832673 -0.420630054613783
24.438228984597 -0.391780401558492
24.4540423859266 -0.362540213278623
24.4698557872563 -0.33293863702976
24.4856691885859 -0.303005180306871
24.5014825899156 -0.272769681430602
24.5172959912452 -0.242262279803782
24.5331093925749 -0.211513385867818
24.5489227939045 -0.180553650788901
24.5647361952342 -0.149413935904259
24.5805495965638 -0.118125281958907
24.5963629978935 -0.0867188781635494
24.6121763992231 -0.0552260311045064
24.6279898005528 -0.0236781335366223
24.6438032018824 0.00789336690971509
24.6596166032121 0.0394569990762545
24.6754300045417 0.0709812996480178
24.6912434058714 0.102434844516615
24.707056807201 0.133786280104481
24.7228702085307 0.165004354618801
24.7386836098603 0.19605794920398
24.75449701119 0.226916108961592
24.7703104125196 0.257548073806899
24.7861238138492 0.287923309131169
24.8019372151789 0.31801153623924
24.8177506165085 0.347782762531984
24.8335640178382 0.377207311403578
24.8493774191678 0.406255851823791
24.8651908204975 0.434899427575795
24.8810042218271 0.46310948612035
24.8968176231568 0.490857907057596
24.9126310244864 0.518117030158079
24.9284444258161 0.544859682935072
24.9442578271457 0.571059207730697
24.9600712284754 0.596689488288858
24.975884629805 0.621724975788497
24.9916980311347 0.646140714311212
25.0075114324643 0.669912365717857
25.023324833794 0.693016233909334
25.0391382351236 0.715429288447373
25.0549516364533 0.737129187511781
25.0707650377829 0.758094300171247
25.0865784391126 0.778303727945532
25.1023918404422 0.797737325637521
25.1182052417719 0.816375721414401
25.1340186431015 0.834200336117919
25.1498320444312 0.851193401784496
25.1656454457608 0.867337979356716
25.1814588470905 0.882617975568548
25.1972722484201 0.897018158987465
25.2130856497498 0.910524175197463
25.2288990510794 0.923122561107862
25.244712452409 0.934800758373599
25.2605258537387 0.945547125913668
25.2763392550683 0.955350951515196
25.292152656398 0.964202462511613
25.3079660577276 0.972092835524258
25.3237794590573 0.979014205257714
25.3395928603869 0.984959672340111
25.3554062617166 0.989923310200558
25.3712196630462 0.993900170976888
25.3870330643759 0.996886290447793
25.4028464657055 0.998878691984443
25.4186598670352 0.999875389517657
25.4344732683648 0.999875389517657
25.4502866696945 0.998878691984444
25.4661000710241 0.996886290447793
25.4819134723538 0.993900170976888
25.4977268736834 0.989923310200557
25.5135402750131 0.984959672340111
25.5293536763427 0.979014205257715
25.5451670776724 0.972092835524258
25.560980479002 0.964202462511613
25.5767938803317 0.955350951515196
25.5926072816613 0.945547125913666
25.608420682991 0.934800758373599
25.6242340843206 0.923122561107862
25.6400474856502 0.910524175197464
25.6558608869799 0.897018158987465
25.6716742883095 0.882617975568548
25.6874876896392 0.867337979356716
25.7033010909688 0.851193401784496
25.7191144922985 0.834200336117919
25.7349278936281 0.816375721414401
25.7507412949578 0.797737325637521
25.7665546962874 0.778303727945532
25.7823680976171 0.758094300171247
25.7981814989467 0.737129187511781
25.8139949002764 0.715429288447374
25.829808301606 0.693016233909334
25.8456217029357 0.669912365717857
25.8614351042653 0.646140714311212
25.877248505595 0.621724975788497
25.8930619069246 0.596689488288858
25.9088753082543 0.571059207730697
25.9246887095839 0.544859682935073
25.9405021109136 0.51811703015808
25.9563155122432 0.490857907057596
25.9721289135729 0.46310948612035
25.9879423149025 0.434899427575795
26.0037557162322 0.406255851823791
26.0195691175618 0.377207311403578
26.0353825188915 0.347782762531985
26.0511959202211 0.31801153623924
26.0670093215508 0.287923309131168
26.0828227228804 0.257548073806899
26.09863612421 0.226916108961592
26.1144495255397 0.19605794920398
26.1302629268693 0.165004354618802
26.146076328199 0.133786280104481
26.1618897295286 0.102434844516616
26.1777031308583 0.070981299648018
26.1935165321879 0.0394569990762545
26.2093299335176 0.00789336690971555
26.2251433348472 -0.0236781335366221
26.2409567361769 -0.0552260311045057
26.2567701375065 -0.0867188781635496
26.2725835388362 -0.118125281958906
26.2883969401658 -0.14941393590426
26.3042103414955 -0.1805536507889
26.3200237428251 -0.211513385867818
26.3358371441548 -0.242262279803782
26.3516505454844 -0.272769681430601
26.3674639468141 -0.303005180306871
26.3832773481437 -0.332938637029759
26.3990907494734 -0.362540213278623
26.414904150803 -0.391780401558491
26.4307175521327 -0.420630054613783
26.4465309534623 -0.449060414482919
26.462344354792 -0.477043141164888
26.4781577561216 -0.504550340869176
26.4939711574513 -0.5315545938209
26.5097845587809 -0.558028981593439
26.5255979601106 -0.583947113941305
26.5414113614402 -0.609283155106515
26.5572247627698 -0.634011849572238
26.5730381640995 -0.658108547238036
26.5888515654291 -0.681549227991633
26.6046649667588 -0.704310525652672
26.6204783680884 -0.726369751264638
26.6362917694181 -0.747704915711709
26.6521051707477 -0.768294751637969
26.6679185720774 -0.788118734647192
26.683731973407 -0.807157103761985
26.6995453747367 -0.825390881121976
26.7153587760663 -0.84280189090135
26.731172177396 -0.859372777426912
26.7469855787256 -0.875087022478593
26.7627989800553 -0.88992896175518
26.7786123813849 -0.903883800488823
26.7944257827146 -0.916937628192789
26.8102391840442 -0.92907743252773
26.8260525853739 -0.940291112272675
26.8418659867035 -0.950567489387783
26.8576793880332 -0.959896320156857
26.8734927893628 -0.968268305398507
26.8893061906925 -0.975675099735774
26.9051195920221 -0.98210931991498
26.9209329933518 -0.987564552165524
26.9367463946814 -0.992035358593258
26.9525597960111 -0.995517282601106
26.9683731973407 -0.998006853331493
26.9841865986704 -0.999501589126174
27 -1
